"","year","sim_id","time","N_1_1_1_1","N_1_1_1_2","N_1_1_2_1","N_1_1_2_2","N_1_1_3_1","N_1_1_3_2","N_1_1_4_1","N_1_1_4_2","N_1_2_1_1","N_1_2_1_2","N_1_2_2_1","N_1_2_2_2","N_1_2_3_1","N_1_2_3_2","N_1_2_4_1","N_1_2_4_2","N_2_1_1_1","N_2_1_1_2","N_2_1_2_1","N_2_1_2_2","N_2_1_3_1","N_2_1_3_2","N_2_1_4_1","N_2_1_4_2","N_2_2_1_1","N_2_2_1_2","N_2_2_2_1","N_2_2_2_2","N_2_2_3_1","N_2_2_3_2","N_2_2_4_1","N_2_2_4_2","N_3_1_1_1","N_3_1_1_2","N_3_1_2_1","N_3_1_2_2","N_3_1_3_1","N_3_1_3_2","N_3_1_4_1","N_3_1_4_2","N_3_2_1_1","N_3_2_1_2","N_3_2_2_1","N_3_2_2_2","N_3_2_3_1","N_3_2_3_2","N_3_2_4_1","N_3_2_4_2","N_4_1_1_1","N_4_1_1_2","N_4_1_2_1","N_4_1_2_2","N_4_1_3_1","N_4_1_3_2","N_4_1_4_1","N_4_1_4_2","N_4_2_1_1","N_4_2_1_2","N_4_2_2_1","N_4_2_2_2","N_4_2_3_1","N_4_2_3_2","N_4_2_4_1","N_4_2_4_2","N_5_1_1_1","N_5_1_1_2","N_5_1_2_1","N_5_1_2_2","N_5_1_3_1","N_5_1_3_2","N_5_1_4_1","N_5_1_4_2","N_5_2_1_1","N_5_2_1_2","N_5_2_2_1","N_5_2_2_2","N_5_2_3_1","N_5_2_3_2","N_5_2_4_1","N_5_2_4_2","N_6_1_1_1","N_6_1_1_2","N_6_1_2_1","N_6_1_2_2","N_6_1_3_1","N_6_1_3_2","N_6_1_4_1","N_6_1_4_2","N_6_2_1_1","N_6_2_1_2","N_6_2_2_1","N_6_2_2_2","N_6_2_3_1","N_6_2_3_2","N_6_2_4_1","N_6_2_4_2","N_7_1_1_1","N_7_1_1_2","N_7_1_2_1","N_7_1_2_2","N_7_1_3_1","N_7_1_3_2","N_7_1_4_1","N_7_1_4_2","N_7_2_1_1","N_7_2_1_2","N_7_2_2_1","N_7_2_2_2","N_7_2_3_1","N_7_2_3_2","N_7_2_4_1","N_7_2_4_2","N_8_1_1_1","N_8_1_1_2","N_8_1_2_1","N_8_1_2_2","N_8_1_3_1","N_8_1_3_2","N_8_1_4_1","N_8_1_4_2","N_8_2_1_1","N_8_2_1_2","N_8_2_2_1","N_8_2_2_2","N_8_2_3_1","N_8_2_3_2","N_8_2_4_1","N_8_2_4_2","HIV_neg_male","HIV_neg_female","HIV_pos_male","HIV_pos_female"
"1",1990,2344,0,6811.06931529892,6837.36205710999,328.240369596047,621.564137847175,136.512142181134,194.120407407649,0,0,0,0,0,0,0,0,0,0,0,0,0.506197931874196,0.97287862943409,0.247309561639106,0.352237588997288,0,0,0,0,0,0,0,0,0,0,2905.94942991892,2944.93133296411,89.4023449285218,168.622960645985,28.8192158242899,40.971785617969,0,0,111.651224202492,113.14897125615,3.44428430877099,6.49675179974379,1.11052801902517,1.57884111618813,0,0,34069.8227104187,34602.5743945356,1219.15005283739,2293.88329713753,431.616662896841,611.037004760623,0,0,1308.98744409406,1329.48749498017,47.1882535825305,88.8287099860336,16.8174757173344,23.8157249962192,0,0,0,0,1.89730322845012,3.61975220448814,0.773272416825962,1.09674439007804,0,0,0,0,0,0,0,0,0,0,275.106411906796,278.875047825864,35.4214295439429,67.8904206949445,24.2734975040681,34.5294028331565,0,0,10.5699793369824,10.7148273734009,1.35664766199375,2.59972587708283,0.926330040703449,1.31757755482492,0,0,712.875845833826,724.017925776479,66.2242203839494,129.841745511345,51.1725645874744,73.3030675896671,0,0,27.3896616624797,27.817933648803,2.53875744852191,4.97680532740641,1.95621243723177,2.80202903788851,0,0,0,0,7.18483007318179,14.4734943018915,4.97230649427555,7.20027979398402,0,0,0,0,0,0,0,0,0,0,0,0,0,0
"2",1990,2344,0.0833333333333333,6804.76179332114,6824.11249321287,337.369084828542,638.530038359893,138.395097931371,197.267140652353,0,0,0,0,0,0,0,0,0,0,0,0,0.513253334594577,0.98724324542797,0.250709504601147,0.357944308397044,0,0,0,0,0,0,0,0,0,0,2908.3074156621,2944.17498201185,93.1582296722984,175.5787266756,29.5367920820212,42.0917343403128,0,0,111.741821785563,113.119911043031,3.58880761597588,6.76443965518614,1.13817688966839,1.62199488849785,0,0,33998.491376971,34493.5716301038,1264.28193877792,2377.72365488041,441.111918096243,625.942740130183,0,0,1306.24699165144,1325.29942423603,48.9303145882389,92.0670846309309,17.1885341577218,24.3983346163874,0,0,0,0,1.93857388309908,3.70163537209611,0.790266831628432,1.12352186225952,0,0,0,0,0,0,0,0,0,0,272.4144116462,277.048393600185,35.9224087864574,69.2655369797753,24.4820502176207,35.1447317232411,0,0,10.4665492169184,10.6446443683614,1.37584970900473,2.65240299286522,0.934268732439139,1.34102696452685,0,0,710.083225828968,720.437321104845,68.0437857847579,133.49343583446,52.4561090524099,75.3385172042716,0,0,27.2823662795394,27.680361018991,2.60851750510141,5.11676951256712,2.00522455998152,2.87975145203561,0,0,0,0,7.3533418361545,14.8351294287388,5.10575203997287,7.41234480902224,0,0,0,0,0,0,0,0,0,0,3.07173072588331,1.78781723477253,1.19116797731139,1.15206872410112
"3",1990,2344,0.166666666666667,6798.69885711296,6811.18628462903,346.310499056337,655.192205561689,140.353586245931,200.520970934695,0,0,0,0,0,0,0,0,0,0,0,0,0.521611371144338,1.00388136397348,0.254172427646054,0.363749830031807,0,0,0,0,0,0,0,0,0,0,2909.89181366977,2942.64127996153,96.775089209628,182.298880888827,30.2686891462298,43.2334109787614,0,0,111.802696890739,113.060983757608,3.72801144244196,7.02311457346883,1.16637801780713,1.66598670134547,0,0,33928.0941023381,34385.7587425307,1308.59419293638,2460.26207145764,451.009629447218,641.433838081429,0,0,1303.5424255086,1321.15707055656,50.6412568514465,95.256156781886,17.5751890607955,25.0036686022886,0,0,0,0,1.98604370833991,3.79448039967054,0.807712152142693,1.15100137874706,0,0,0,0,0,0,0,0,0,0,269.906996796399,275.32578742646,36.5118433341201,70.7741503957303,24.731049005947,35.8018980922361,0,0,10.3702111248589,10.5784590568472,1.39844376320782,2.71020009329677,0.943751233691159,1.36607299241558,0,0,707.256237018142,716.891452430183,69.84161695238,137.142738065699,53.7446240159924,77.4073494770922,0,0,27.1737503892826,27.5441230024522,2.67744350650124,5.25663892185987,2.05442748403976,2.95874906708097,0,0,0,0,7.52578530437142,15.205277768432,5.24193042014496,7.6292572975779,0,0,0,0,0,0,0,0,0,0,6.11430547334994,3.56422549901526,2.3972204238538,2.32709846624498
"4",1990,2344,0.25,6792.85412347425,6798.55578582156,355.06810144063,671.555171477135,142.384201515102,203.877708005263,0,0,0,0,0,0,0,0,0,0,0,0,0.531004196663184,1.02233878613055,0.257720105408346,0.369682707865593,0,0,0,0,0,0,0,0,0,0,2910.84851813375,2940.48128504618,100.264172021541,188.803392543432,31.0154074987896,44.398132654113,0,0,111.839455006177,112.977993298763,3.86232463526927,7.27353810185265,1.19515079228598,1.71086736456368,0,0,33858.5244572359,34279.0247752343,1352.09647446516,2541.50874498166,461.296163200396,657.494142952053,0,0,1300.86965655873,1317.05617080896,52.3214354130092,98.3962929187763,17.9769231889469,25.631115989693,0,0,0,0,2.03839517927944,3.89603394205101,0.825699573292435,1.17930396392639,0,0,0,0,0,0,0,0,0,0,267.568918774037,273.697825408558,37.17594024956,72.3956264035127,25.0185712507068,36.5000292659045,0,0,10.2803791883291,10.5159101260749,1.42390004750311,2.77232422686395,0.954704280209625,1.39268240804577,0,0,704.394672424187,713.373886620473,71.6242427971572,140.79824927092,55.0403533095677,79.5111912916597,0,0,27.0638060399387,27.4089724278898,2.74578580870976,5.3967433571205,2.10390674702332,3.0390838534755,0,0,0,0,7.702977244672,15.5853902487517,5.38092131834032,7.85114537801953,0,0,0,0,0,0,0,0,0,0,9.12970834450715,5.32986314603248,3.6205000886199,3.52687412361017
"5",1990,2344,0.333333333333333,6787.20409285557,6786.19635271067,363.645253644492,687.623303698889,144.483657327735,207.333292107203,0,0,0,0,0,0,0,0,0,0,0,0,0.541209765632467,1.04223712969025,0.261367439628589,0.375762685025837,0,0,0,0,0,0,0,0,0,0,2911.30413913512,2937.8257883462,103.636062211986,195.111015440643,31.777386758657,45.5870594985914,0,0,111.856960693665,112.875964868961,3.99215091772937,7.51642576380409,1.2245122196535,1.75668160727079,0,0,33789.690357444,34173.2737800845,1394.79854330955,2621.47423212528,471.958212350272,674.107840575307,0,0,1298.22514684693,1312.99303850951,53.9712095006606,101.487873632644,18.3932314839554,26.2800784919021,0,0,0,0,2.094542607291,4.0044303672588,0.844289374829235,1.20851095837196,0,0,0,0,0,0,0,0,0,0,265.386503823752,272.156267662983,37.9027050104162,74.1119461533963,25.3427717047,37.2382409734478,0,0,10.1965280421019,10.4566809864916,1.4517579088056,2.83808302757763,0.967057494455008,1.42082146894766,0,0,701.498775561478,709.879164107076,73.3969317422632,144.46674449168,56.345417792836,81.651656769542,0,0,26.9525425881303,27.2746995298821,2.81374636729287,5.53734261751965,2.15374321788347,3.12081731839995,0,0,0,0,7.88551916747278,15.9765527743393,5.52282392754122,8.07816328049707,0,0,0,0,0,0,0,0,0,0,12.1197610136633,7.08531170051694,4.86307980534222,4.75297471201386
"6",1990,2344,0.416666666666667,6781.72779899185,6774.08597611048,372.045204850325,703.400828480573,146.648778319425,210.883784417698,0,0,0,0,0,0,0,0,0,0,0,0,0.552043926566842,1.06326101754859,0.265124069988297,0.382002719790165,0,0,0,0,0,0,0,0,0,0,2911.36845609937,2934.78791749311,106.900669077243,201.239282215714,32.5550201166678,46.8012244529365,0,0,111.859431854285,112.759245012716,4.11786844729487,7.7524467718303,1.25447748683598,1.80346923125934,0,0,33721.5122240197,34068.4228728162,1436.71026285291,2700.16944967118,482.982787846591,691.259446617237,0,0,1295.60583888375,1308.96448910942,55.5909426407762,104.531293707968,18.8236207344075,26.949970053784,0,0,0,0,2.15359110354528,4.11812448638217,0.863518589814163,1.23867368827303,0,0,0,0,0,0,0,0,0,0,263.347473495584,270.693885998557,38.6817282183952,75.9074117647706,25.7018898027414,38.0156499186996,0,0,10.1181859306628,10.400493919384,1.48161761140857,2.90687336834812,0.98074367954482,1.45045641592445,0,0,698.569161037186,706.402672967166,75.1638798369562,148.153442976797,57.661808997616,83.830327319567,0,0,26.8399836482855,27.1411271109262,2.88148596605691,5.67863673582052,2.2040128450244,3.20400973412638,0,0,0,0,8.07383798982115,16.3795530616214,5.66774965761682,8.31048200597986,0,0,0,0,0,0,0,0,0,0,15.08613935786,8.83110291649676,6.126794339309,6.00679834591382
"7",1990,2344,0.5,6776.40647967172,6762.204937599,380.271105835964,718.891851709309,148.876491309055,214.525356751058,0,0,0,0,0,0,0,0,0,0,0,0,0.563353752321712,1.08514719717715,0.268995624823956,0.388410568583177,0,0,0,0,0,0,0,0,0,0,2911.1366945916,2931.46554746229,110.067239520424,207.204535303647,33.3486649188379,48.0415569997389,0,0,111.850527206531,112.6315942431,4.23983025145946,7.98222514917691,1.28506037484107,1.85126603051268,0,0,33653.9212793737,33964.4004355992,1477.84159901831,2777.60566669071,494.357204334268,708.933789518955,0,0,1293.00909017865,1304.9677709346,57.1810026242699,107.526961830863,19.2676090390118,27.6402162066443,0,0,0,0,2.21480221738521,4.23583486657904,0.883406843926208,1.26982087390699,0,0,0,0,0,0,0,0,0,0,261.440774673285,269.304324138138,39.503982535912,77.7683613702291,26.0942531151711,38.8313839313038,0,0,10.0449281776367,10.3471047063733,1.51313252744767,2.97817039611539,0.995698963065945,1.48155387299838,0,0,695.606744308302,702.940531932597,76.9283800786808,151.862249846787,58.9913878996165,86.0487373430521,0,0,26.7261643938226,27.0081060464501,2.94913072227331,5.82077526809873,2.25478660236235,3.28871958466208,0,0,0,0,8.2682197004315,16.7949364014322,5.81581680741978,8.54828243425364,0,0,0,0,0,0,0,0,0,0,18.0303896335931,10.5677253308089,7.41327077125465,7.28958600258501
"8",1990,2344,0.583333333333333,6771.22333963484,6750.5355618998,388.326018050734,734.1003726166,151.163819699788,218.254284942381,0,0,0,0,0,0,0,0,0,0,0,0,0.575012802154359,1.1076767985257,0.272984591024642,0.394989889944625,0,0,0,0,0,0,0,0,0,0,2910.691172205,2927.9430429113,113.144367328198,213.021949234942,34.1586497643202,49.3088996499513,0,0,111.833409523972,112.49625398517,4.3583645540187,8.20634053670201,1.31627353674488,1.90010443038455,0,0,33586.8583148679,33861.1448168636,1518.20261627438,2853.79449525637,506.069073581422,727.116002060284,0,0,1290.43262588981,1301.00051523089,58.7417613588191,110.475300246029,19.7247255582771,28.3502537460855,0,0,0,0,2.27756957201571,4.35650356479247,0.903960379139135,1.30196374891121,0,0,0,0,0,0,0,0,0,0,259.656458446808,267.981997071593,40.3616746419059,79.6829611610139,26.5182806011247,39.6845902415289,0,0,9.97637253188312,10.2962987623956,1.54600344409636,3.05151953122556,1.01186292989699,1.51408117229489,0,0,692.612689074867,699.489505649243,78.6929463469197,155.595933736646,60.3358831285558,88.3083626190659,0,0,26.6111295359394,26.8755120289392,3.01677684815224,5.96386412248856,2.30613041592475,3.37500311676545,0,0,0,0,8.46883335406347,17.2230454452642,5.96714681388403,8.79175044235849,0,0,0,0,0,0,0,0,0,0,20.9539398609958,12.2956289359729,8.7239506218665,8.60243891736469
"9",1990,2344,0.666666666666667,6766.1633040128,6739.06195992754,396.212922421011,749.030296539887,153.507877084538,222.066941415533,0,0,0,0,0,0,0,0,0,0,0,0,0.586916483045614,1.13066772680009,0.27709112348322,0.40174127491389,0,0,0,0,0,0,0,0,0,0,2910.10299788716,2924.29305257854,116.140017110703,218.705578049916,34.9852812690414,50.6040241654381,0,0,111.81081092609,112.356015519633,4.47377566227286,8.42532996054797,1.34812876267668,1.95001411651232,0,0,33520.2724200281,33758.6029939451,1557.80346880845,2928.74787073947,518.106294799155,745.791509974714,0,0,1287.87448999922,1297.06068478068,60.2735945311009,113.37674400852,20.1945101512212,29.0795303018793,0,0,0,0,2.3413951078257,4.4792567326408,0.925175761788649,1.33510079081913,0,0,0,0,0,0,0,0,0,0,257.985552704516,266.721987716178,41.2480897260021,81.640984667144,26.9724837222454,40.5744425127512,0,0,9.91217427229352,10.2478871652277,1.5799725849109,3.12652797744773,1.02917867292708,1.54800663107841,0,0,689.588355535213,696.046917772404,80.4594380575138,159.356306299411,61.6968916346024,90.6106106320069,0,0,26.4949313355196,26.7432422289222,3.08449543953267,6.10797245885797,2.3581051848135,3.46291396580633,0,0,0,0,8.6757542704743,17.6640588603927,6.12186093616256,9.04107255692736,0,0,0,0,0,0,0,0,0,0,23.8581120214043,14.0152300100179,10.0601130805413,9.94633677311605
"10",1990,2344,0.75,6761.21280101198,6727.7698024523,403.934726571475,763.685445265937,155.905861718994,225.95978879779,0,0,0,0,0,0,0,0,0,0,0,0,0.598978235516562,1.15396837502596,0.281313661880217,0.408663037394053,0,0,0,0,0,0,0,0,0,0,2909.43356500453,2920.57808458144,119.061552099298,224.268407838145,35.8288487057017,51.9276440128692,0,0,111.785090244203,112.213280508321,4.58634500531182,8.63968980137392,1.38063716246622,2.00102251819088,0,0,33454.1198668162,33656.7293998812,1596.65438937684,3002.47802868621,530.457046545068,764.946022714653,0,0,1285.33300244525,1293.14652882654,61.7768811797505,116.23174010378,20.6765130726339,29.8275039900837,0,0,0,0,2.40586966975013,4.60337225968849,0.947042645595605,1.36922127038915,0,0,0,0,0,0,0,0,0,0,256.419949856687,265.519956971914,42.1574529180198,83.6336144640954,27.4554664184451,41.5001467330277,0,0,9.85202189395781,10.2017031996713,1.61481828361118,3.20285709677597,1.04759279875721,1.58329978364253,0,0,686.535255271625,692.61057411632,82.2291685861174,163.144379550421,63.0758808170204,92.956813287225,0,0,26.377627869789,26.6112123422507,3.15233664063404,6.25313873616818,2.41076685913829,3.55250287402896,0,0,0,0,8.88898292420271,18.1180229968572,6.28007785794107,9.29643275797639,0,0,0,0,0,0,0,0,0,0,26.7441328692272,15.7269153095897,11.422895731145,11.3221539329847
"11",1990,2344,0.833333333333333,6756.35960137282,6716.64615316543,411.494269566694,778.06956358032,158.355052400233,229.929375204274,0,0,0,0,0,0,0,0,0,0,0,0,0.611126949598419,1.17745333743605,0.285649307313253,0.41575170080862,0,0,0,0,0,0,0,0,0,0,2908.73564847098,2916.85166189574,121.915762807281,229.72240901417,36.6896265091299,53.2804222638199,0,0,111.758275174897,112.070105389556,4.69633221225451,8.84987776461956,1.41380926492794,2.05315511534097,0,0,33388.3632906646,33555.4850638101,1634.76567732364,3074.99748090377,543.109780511264,784.56552670637,0,0,1282.80672765711,1289.25655004393,63.2520032352829,119.040746534689,21.170294741919,30.5936431603045,0,0,0,0,2.47065995531032,4.72825788302635,0.969545410304823,1.40430737477498,0,0,0,0,0,0,0,0,0,0,254.952323540247,264.372078338995,43.0848255368102,85.6532920647223,27.9659237715644,42.4609448537871,0,0,9.79563390783346,10.1575998454485,1.65035099718316,3.28021663873975,1.06705538107606,1.61993152490078,0,0,683.455018979017,689.178706009331,84.0029834019133,166.960480297145,64.4741917560817,95.3482229489991,0,0,26.2592817924131,26.4793544137135,3.22033264500984,6.39937511008325,2.46416656153798,3.64381753726402,0,0,0,0,9.10845755618265,18.5848731985645,6.44191235440724,9.5580106530642,0,0,0,0,0,0,0,0,0,0,29.6131420455393,17.4310451168427,12.8133100976441,12.7306716044493
"12",1990,2344,0.916666666666667,6751.59264087975,6705.67928433647,418.894326927772,792.186326053064,160.85280382038,233.972328907074,0,0,0,0,0,0,0,0,0,0,0,0,0.623304036393982,1.20101856300887,0.290094266050751,0.423002568707909,0,0,0,0,0,0,0,0,0,0,2908.05461786113,2913.15959894321,124.708900103705,235.078596880814,37.5678777036544,54.6629812593217,0,0,111.732108889783,111.928250426686,4.80397635771469,9.05631516527368,1.44765515284038,2.10643581355377,0,0,33322.9707847921,33454.8366610576,1672.1476845478,3146.31898740315,556.053214293271,804.636277441127,0,0,1280.29443975761,1285.38946804405,64.6993449808508,121.804231249531,21.6754254737468,31.3774260990687,0,0,0,0,2.53549367973132,4.85342636874408,0.992665124750664,1.44033673671246,0,0,0,0,0,0,0,0,0,0,253.576036113888,263.274965355468,44.0259904868673,87.6935522011921,28.5026403194605,43.4561184464075,0,0,9.74275528656754,10.1154469892417,1.68640890148115,3.35835836887568,1.08751990132353,1.65787425533527,0,0,680.349361283678,685.749908190896,85.7813461592901,170.804375927288,65.8930426325868,97.7860079242485,0,0,26.1399589817928,26.34761445094,3.28850100233656,6.54667226740957,2.51835071561246,3.73690243023194,0,0,0,0,9.33406851517987,19.0644579720797,6.60747367235506,9.82597928181484,0,0,0,0,0,0,0,0,0,0,32.4662011022285,19.127956627945,14.2322588155354,14.172591265951
"13",1991,2344,1,6746.87689158153,6694.81775014662,426.160956590165,806.08021030737,163.396430738599,238.0856187689,0,0,0,0,0,0,0,0,0,0,0,0,0.63546129014402,1.22457883630916,0.29464390320511,0.430410537022028,0,0,0,0,0,0,0,0,0,0,2907.42198616788,2909.52908085266,127.453785563672,240.359374970121,38.463830474202,56.0759733846462,0,0,111.707802168444,111.788760115835,4.90976912930977,9.25986116074778,1.48218356215756,2.16088967324649,0,0,33257.8273633177,33354.6137202844,1708.89455541815,3216.60174196767,569.275950557251,825.145736536722,0,0,1277.79172089994,1281.53873303964,66.1225102821861,124.528289420653,22.1914706384327,32.1783775795714,0,0,0,0,2.60014891898831,4.97848181824952,1.01637996053786,1.47728554149469,0,0,0,0,0,0,0,0,0,0,252.28394124089,262.224843153385,44.9780041940526,89.7504890366831,29.0644033430384,44.4851814120664,0,0,9.69311145797528,10.0750995945527,1.72287910871708,3.43713236474135,1.10893994350103,1.69710923653187,0,0,677.218421851238,682.320458171466,87.565949397318,174.678169997354,67.3334857621656,100.271362619741,0,0,26.0196648041514,26.2158494298944,3.35690650507874,6.69511067032248,2.57335940264726,3.83180301492233,0,0,0,0,9.5656651587341,19.5565674387082,6.77686015024423,10.1005154356152,0,0,0,0,0,0,0,0,0,0,35.3046866916889,20.8174042482528,15.6807539958703,15.6480530618074
"14",1991,2344,1.08333333333333,6739.24963200919,6679.23236183238,436.043411665649,824.569075586029,165.984116046329,242.315998970941,0,0,0,0,0,0,0,0,0,0,0,0,0.647936108516812,1.24884024136253,0.299269731199579,0.438027509712126,0,0,0,0,0,0,0,0,0,0,2905.99550422974,2904.58052426989,130.982579940704,247.011071753322,39.379004303431,57.5332334010289,0,0,111.652994451194,111.598628658345,5.04568694665902,9.51609449379176,1.5174524844955,2.21704908627486,0,0,33182.491624454,33237.9587035217,1754.88868369184,3303.11048573341,582.771192569464,846.25713846009,0,0,1274.89740347979,1277.05665094653,67.9012143099529,127.876400913911,22.7181435829343,33.0028361675668,0,0,0,0,2.66590570257918,5.10612254228576,1.04058666791948,1.51532888331559,0,0,0,0,0,0,0,0,0,0,250.938338481186,261.126004207848,46.0260821935381,92.0288363260297,29.6406687573321,45.5701193640823,0,0,9.64141177044697,10.0328804247902,1.76303723597934,3.52440088016198,1.13091322432651,1.73847526064882,0,0,673.868867458403,678.578320137476,89.5398166071137,178.914895134499,68.7910547835921,102.820039726403,0,0,25.8909711303102,26.0720704327706,3.43258134784853,6.85748446668267,2.62902202711081,3.92912129996595,0,0,0,0,9.80272277465082,20.062331105867,6.94955063868859,10.3830674547742,0,0,0,0,0,0,0,0,0,0,38.1747701191961,22.4327702423356,17.1842965469931,17.099016377462
"15",1991,2344,1.16666666666667,6731.71760482377,6663.83722979904,445.711549330836,842.702373565631,168.642033104147,246.649019456572,0,0,0,0,0,0,0,0,0,0,0,0,0.661013201444243,1.27417089175833,0.304005524658151,0.44580989386457,0,0,0,0,0,0,0,0,0,0,2904.70309144801,2899.78372120159,134.436716208783,253.545625690705,40.3212744264881,59.0339446288125,0,0,111.603337885334,111.414327813561,5.17874608774764,9.76784548416207,1.55376500724088,2.2748820743397,0,0,33107.5073718023,33121.9560074233,1799.98799536607,3388.15409423404,596.629890755234,867.921804002707,0,0,1272.01658942689,1272.59963213249,69.6458518576616,131.168858172819,23.258971415857,33.8488806383567,0,0,0,0,2.73385209262219,5.23771089617518,1.06540070709191,1.55431901552721,0,0,0,0,0,0,0,0,0,0,249.67292007822,260.069050600993,47.1008611518809,94.3498117251724,30.2422511298474,46.6891673333399,0,0,9.59279287572723,9.99227055720223,1.80421681876741,3.61329906416362,1.15385252535067,1.78114221115835,0,0,670.496035941361,674.839525913997,91.5178588847469,183.181243916102,70.273195084053,105.422350854326,0,0,25.761383108732,25.928419910605,3.50841368739999,7.02098806119541,2.68562323395196,4.02848708930983,0,0,0,0,10.0458487646744,20.5808963781214,7.12623161547352,10.6725439964518,0,0,0,0,0,0,0,0,0,0,41.0299797147304,24.0414891254623,18.7206265278923,18.5861903286379
"16",1991,2344,1.25,6724.27035891981,6648.62117286037,455.168971156431,860.48484329421,171.366752400719,251.080388956016,0,0,0,0,0,0,0,0,0,0,0,0,0.674534441551642,1.30030000654734,0.308857800674187,0.453766366521948,0,0,0,0,0,0,0,0,0,0,2903.57937301261,2895.17310321409,137.823409146634,259.975557591787,41.2904406933575,60.578224989256,0,0,111.56016282603,111.237180497323,5.30922215585962,10.01559250369,1.59111356892308,2.33439336304803,0,0,33032.8516417594,33006.5812790243,1844.2043558575,3471.74708569714,610.838931805999,890.124019227132,0,0,1269.14839647139,1268.16674091627,71.3568628098495,134.406192834531,23.8134553361264,34.7159154211417,0,0,0,0,2.80335341632301,5.37215907708583,1.09084426655372,1.59428671826776,0,0,0,0,0,0,0,0,0,0,248.482918747783,259.05204979523,48.1969023782885,96.705078520289,30.868897677499,47.8428047070235,0,0,9.54707160826763,9.95319574057961,1.84620893183754,3.7035065084379,1.17774823320863,1.82512841695057,0,0,667.101034088343,671.102520226968,93.5010627063327,187.477851423783,71.7807586983306,108.079092498179,0,0,25.6309432638209,25.7848381072661,3.584441232807,7.18564559391678,2.74319545828778,4.12993065336852,0,0,0,0,10.2952181793244,21.1125941700401,7.30700640568573,10.9691156237001,0,0,0,0,0,0,0,0,0,0,43.8711891855417,25.6438074677935,20.2907937391702,20.1104153261567
"17",1991,2344,1.33333333333333,6716.89831294357,6633.57383878479,464.419367521423,877.921413573992,174.154872283798,255.605817118812,0,0,0,0,0,0,0,0,0,0,0,0,0.688368604802519,1.32700154937428,0.313829550247625,0.461901037308381,0,0,0,0,0,0,0,0,0,0,2902.65324418033,2890.7771515883,141.149366551549,266.312499582976,42.2863250893247,62.1661871524623,0,0,111.524579475256,111.068281005989,5.43737147753415,10.2597801130571,1.62949142552264,2.39558743455029,0,0,32958.505218172,32891.8137721991,1887.55046659627,3553.90552142252,625.385157432955,912.847849645209,0,0,1266.29208632494,1263.7571801972,73.0347192678612,137.588995708777,24.3810942774933,35.6033357268974,0,0,0,0,2.87388709828518,5.50856609012103,1.11692587364297,1.63524509464456,0,0,0,0,0,0,0,0,0,0,247.363948475195,258.073281673789,49.309539657283,99.0874554487606,31.5202825497001,49.0313673528445,0,0,9.50407945144553,9.91558988526196,1.88883436593586,3.79474727798466,1.20258791220672,1.87044669085482,0,0,663.685124899024,667.366103771972,95.4899756535956,191.804679096357,73.3145436231827,110.791030434737,0,0,25.4997001218386,25.6412789435488,3.66068484335009,7.35145533286638,2.8017690772397,4.23348109445859,0,0,0,0,10.5509014654515,21.6575739023305,7.49197734249774,11.2729504834358,0,0,0,0,0,0,0,0,0,0,46.699233525985,27.2399664946158,21.8957233682404,21.6724313148862
"18",1991,2344,1.41666666666667,6709.59274095395,6618.68576912484,473.466332689634,895.016896567864,177.003080799801,260.221104971911,0,0,0,0,0,0,0,0,0,0,0,0,0.702407684562468,1.35408833290532,0.318921142668494,0.470214608659872,0,0,0,0,0,0,0,0,0,0,2901.94866654881,2886.61924506872,144.420743666216,272.567127253191,43.3087935946547,63.7979777585336,0,0,111.497508475915,110.90852758831,5.56342934080565,10.5008164397043,1.66889349788254,2.45847004429391,0,0,32884.4524326039,32777.6363864774,1930.0390558035,3634.64568468247,640.255696351206,936.077640811431,0,0,1263.44705700576,1259.3702929466,74.6798947557121,140.717866618243,24.9613978258522,36.5105470573268,0,0,0,0,2.94502649288594,5.646191777624,1.1436442117787,1.677194514311,0,0,0,0,0,0,0,0,0,0,246.312033660101,257.131242230011,50.4348159912391,101.490831375528,32.1960448055688,50.2550972703455,0,0,9.46366365734048,9.87939520488635,1.93194118587177,3.88678661244191,1.22835776148183,1.91710623270641,0,0,660.249676238112,663.629393276936,97.4847794608675,196.161142876277,74.8753032651892,113.558927075314,0,0,25.3677062380998,25.4977084827187,3.73715133544614,7.51839459697215,2.86137276741671,4.33916738673846,0,0,0,0,10.8128881103093,22.2158446416257,7.68124602534083,11.5842161453856,0,0,0,0,0,0,0,0,0,0,49.5148992723201,28.8301973253594,23.5362544757451,23.2729170497183
"19",1991,2344,1.5,6702.3456324278,6603.94825353269,482.313374271725,911.776000456655,179.90814846276,264.922137158481,0,0,0,0,0,0,0,0,0,0,0,0,0.716562024624171,1.38140402745729,0.324131107350175,0.478705368264172,0,0,0,0,0,0,0,0,0,0,2901.48555260474,2882.71858382159,147.643199676415,278.749257634544,44.3577515082804,65.4737761432931,0,0,111.479714897586,110.758657945378,5.68761213686062,10.7390768948467,1.7093161980722,2.52304817931304,0,0,32810.6805156209,32664.0349921614,1971.68285967739,3713.98403923979,655.437950873389,959.798005952352,0,0,1260.6128179144,1255.00553627775,76.292863483114,143.793412793322,25.5538857254441,37.4369647522265,0,0,0,0,3.01642030222551,5.78442293002908,1.17099122104477,1.72012653533894,0,0,0,0,0,0,0,0,0,0,245.323547612643,256.224602364218,51.5693645665752,103.909991801061,32.8958033665694,51.5141652375905,0,0,9.42568488366588,9.84456063329704,1.97540014993905,3.97942424665101,1.25504319364474,1.96511350275433,0,0,656.796129315259,659.891765644482,99.4853703902381,200.546231962548,76.4637400045963,116.383526057936,0,0,25.2350169859299,25.3541027843718,3.81383657211762,7.68642432344108,2.92203325623539,4.44701778460405,0,0,0,0,11.0811062472736,22.7873077081708,7.87491096176796,11.9030765035465,0,0,0,0,0,0,0,0,0,0,52.3189306896442,30.4147225975789,25.2131544059504,24.9125010442418
"20",1991,2344,1.58333333333333,6695.14962833654,6589.35326332337,490.963915778737,928.203333315433,182.866926941297,269.704880395519,0,0,0,0,0,0,0,0,0,0,0,0,0.730758089539796,1.40881949358575,0.329456484234571,0.487369636291898,0,0,0,0,0,0,0,0,0,0,2901.28018588649,2879.09063046675,150.821918106318,284.867884039511,45.4331406582151,67.1937930284844,0,0,111.471824379855,110.619266175774,5.81011813026779,10.9749054901989,1.7507573252859,2.58933001162354,0,0,32737.1792864236,32550.9981057433,2012.49460852927,3791.93720631726,670.919599672277,983.993829594019,0,0,1257.78897790905,1250.66246897482,77.8740998190454,146.816247999834,26.1580879855146,38.3820141261016,0,0,0,0,3.08778317144069,5.92275776583222,1.19895346133458,1.76402563989738,0,0,0,0,0,0,0,0,0,0,244.395186040159,255.352188556125,52.7103529645147,106.340537910926,33.6191653172427,52.8086827478494,0,0,9.39001617508827,9.81104108194863,2.0191025634655,4.0724912947816,1.28262915566005,2.01447268198821,0,0,653.325980833422,656.152830748953,101.491400160786,204.958570112535,78.0805003091156,119.265542454324,0,0,25.1016898707822,25.2104468592519,3.89072703659804,7.85549142618406,2.98377513396327,4.55705944712432,0,0,0,0,11.3554319637597,23.371772114313,8.0730663195527,12.2296900936845,0,0,0,0,0,0,0,0,0,0,55.1120321865273,31.9937571454978,26.9271256518475,26.5917669564944
"21",1991,2344,1.66666666666667,6687.99793546304,6574.89336264351,499.421301289361,944.303409237665,185.876345244826,274.56537935333,0,0,0,0,0,0,0,0,0,0,0,0,0.744935594472343,1.43622805228929,0.334893259810872,0.496202321322733,0,0,0,0,0,0,0,0,0,0,2901.34576478442,2875.74767723127,153.961644586212,290.931241393888,46.5349361697288,68.958269399085,0,0,111.474344025985,110.490824566518,5.93112889168668,11.2086173180444,1.79321594533696,2.65732485953114,0,0,32663.9407536848,32438.5164753837,2052.48701082248,3868.52193288987,686.68859234107,1008.65026304343,0,0,1254.97522996934,1246.34073556634,79.4240776736405,149.786991319528,26.7735446821133,39.345130304612,0,0,0,0,3.15888360495416,6.06078596242289,1.22751381798628,1.80887140123767,0,0,0,0,0,0,0,0,0,0,243.523929761239,254.512958023795,53.8554089493668,108.778777707666,34.3657347955478,54.1387159351918,0,0,9.35654153064601,9.77879648547328,2.06295742361372,4.16584605986847,1.31110047295836,2.06518620920974,0,0,649.840763224776,652.412396779798,103.502325684557,209.396489828062,79.7261709975998,122.205653026827,0,0,24.9677837708753,25.0667333376881,3.96780174405648,8.02553164918496,3.04662070962037,4.66931806441375,0,0,0,0,11.6357008757698,23.9689738860103,8.27580062532451,12.5642083421273,0,0,0,0,0,0,0,0,0,0,57.8948720242198,33.5675089452917,28.6788149298569,28.3112605333863
"22",1991,2344,1.75,6680.88424824523,6560.56162746859,507.68879943536,960.080653523149,188.933406404724,279.499753101949,0,0,0,0,0,0,0,0,0,0,0,0,0.759045015986816,1.46354136451796,0.340436718036395,0.505197370513478,0,0,0,0,0,0,0,0,0,0,2901.69289748916,2872.69936200373,157.066723515036,296.946869401449,47.6631429169166,70.7674746652029,0,0,111.487681419625,110.373703420704,6.05081068928762,11.4405009498591,1.83669225757109,2.72704312098715,0,0,32590.9587525054,32326.5827041618,2091.67273691785,3943.75506006863,702.733145119471,1033.75272122435,0,0,1252.17133724784,1242.04005184985,80.9432698699072,152.706265935635,27.3998058038444,40.3257581117602,0,0,0,0,3.22953354556943,6.19817135726429,1.25665284997422,1.85464020746246,0,0,0,0,0,0,0,0,0,0,242.707010772806,253.705976595143,55.0025521870887,111.221625152619,35.135120568352,55.5042980628978,0,0,9.32515459999649,9.74779095146848,2.10688879286772,4.25937015249946,1.34044214272614,2.11725526260371,0,0,646.342026679102,648.670438225598,105.517454028259,213.858100028,81.4012766315994,125.204487933076,0,0,24.8333582467008,24.9229612394896,4.04503396962725,8.19647216913769,3.11058991044403,4.78381753985947,0,0,0,0,11.9217180889439,24.5785927876394,8.48319579115745,12.9067742160872,0,0,0,0,0,0,0,0,0,0,60.6680857096257,35.136179942403,30.4688216037448,30.071496062772
"23",1991,2344,1.83333333333333,6673.80269465808,6546.35158952913,515.769606128406,975.539406106432,192.035185034483,284.504192561706,0,0,0,0,0,0,0,0,0,0,0,0,0.773046032278506,1.49068682518675,0.346081624570214,0.514348009650571,0,0,0,0,0,0,0,0,0,0,2902.32994077531,2869.95302110164,160.141126901343,302.921662014411,48.8177923763061,72.6217044101557,0,0,111.512157641419,110.268184611382,6.16931558444568,11.6708203165631,1.88118747606614,2.79849618967589,0,0,32518.2286965898,32215.190993448,2130.0644067108,4017.65349874754,719.041737303411,1059.28688014105,0,0,1249.37712354834,1237.76019503183,82.4321476647967,155.574698196145,28.0364311225231,41.3233519802167,0,0,0,0,3.29958192233107,6.33464113674318,1.28634946544863,1.90130614031553,0,0,0,0,0,0,0,0,0,0,241.94188855832,252.930404106903,56.1501465538455,113.666528841248,35.9269404161386,56.9054377179706,0,0,9.29575777314284,9.71799219950191,2.15083396513579,4.3529657469607,1.37063950378396,2.17068007560926,0,0,642.831327364502,644.927073478191,107.535972328928,218.341331715013,83.1062790355619,128.262626182011,0,0,24.6984730884473,24.7791351134597,4.12239239785726,8.36823335135561,3.17570026340112,4.90057981648241,0,0,0,0,12.2132642790611,25.2002626719862,8.69532674456467,13.2575216526737,0,0,0,0,0,0,0,0,0,0,63.4322784280148,36.6999665919562,32.2977036486358,31.8729609192362
"24",1991,2344,1.91666666666667,6666.74778283297,6532.25718111864,523.666847156513,990.683924704786,195.178824819917,289.574957882275,0,0,0,0,0,0,0,0,0,0,0,0,0.786905967083668,1.51760496734019,0.351822416103202,0.523646988442673,0,0,0,0,0,0,0,0,0,0,2903.26333314881,2867.5140355121,163.188484393561,308.861919132549,49.9989397626538,74.5212785329588,0,0,111.548020069061,110.174474884681,6.28678257320771,11.8998166744974,1.92670372159077,2.87169638615112,0,0,32445.7473346393,32104.3368911875,2167.67457677473,4090.23420414019,735.603107287304,1085.23867396669,0,0,1246.59246396626,1233.50099405636,83.8911802507742,158.392916633762,28.6829900501441,42.3373758476561,0,0,0,0,3.36890819950167,6.46997504635955,1.31658162800845,1.94884188725901,0,0,0,0,0,0,0,0,0,0,241.22622651929,252.185480068551,57.2968529341725,116.11140127138,36.7408251955805,58.3421266131453,0,0,9.2682612748982,9.68937101029637,2.19474165052973,4.4465528599694,1.40167839416162,2.22546023780372,0,0,639.310216205952,641.18254292017,109.556976944076,222.843982443224,84.8415770036416,131.380591310776,0,0,24.563187884857,24.6352641954824,4.19984224277416,8.54073045965923,3.2419668838979,5.01962471184844,0,0,0,0,12.5101017582887,25.833581792309,8.91226103900443,13.6165749666077,0,0,0,0,0,0,0,0,0,0,66.1880274833136,38.2590603923777,34.1659835569909,33.7161200597223
"25",1992,2344,2,6659.23835496087,6517.29093301785,532.094763535721,1006.71245756719,198.352277365813,294.687840434097,0,0,0,0,0,0,0,0,0,0,0,0,0.800604814343158,1.54423598405,0.357634887329009,0.533047350325345,0,0,0,0,0,0,0,0,0,0,2904.28816370165,2865.03339576745,166.411975523209,315.102653410299,51.2042096996606,76.4611106321887,0,0,111.587395697779,110.079164738729,6.4110176060674,12.1403603315301,1.9731494255483,2.94644766646018,0,0,32371.2034690871,31990.0299213004,2206.85133794107,4165.3731649831,752.370700170787,1111.51630639958,0,0,1243.72856037978,1229.10912832894,85.4105580794173,161.309779714894,29.3376735117095,43.3642581924238,0,0,0,0,3.43742450930721,6.60391333438676,1.34725752531225,1.99707206648591,0,0,0,0,0,0,0,0,0,0,240.517113608502,251.401389399235,58.4547632649508,118.567494996008,37.568730578557,59.7967959867364,0,0,9.241016400877,9.65924497638029,2.23907765431998,4.54056736610497,1.43325185192067,2.28092551144241,0,0,635.734951022869,637.361399729848,111.618658949436,227.426321985518,86.6030592829082,134.548884041293,0,0,24.4258220004765,24.4884496973683,4.27885106308857,8.71627989007995,3.30923256363771,5.14058912722715,0,0,0,0,12.8116529645984,26.4771507509122,9.13358842081955,13.9830172720213,0,0,0,0,0,0,0,0,0,0,68.9614648556474,39.8518989532889,36.0921733227652,35.6483612821232
"26",1992,2344,2.08333333333333,6650.34222272685,6499.51327335772,542.458795688498,1025.98823360725,201.553088179956,299.821491627648,0,0,0,0,0,0,0,0,0,0,0,0,0.814625712507082,1.57135263941531,0.363479943563313,0.542465658271579,0,0,0,0,0,0,0,0,0,0,2904.93507433031,2861.7511334908,170.198218964599,322.28070818859,52.4320215460494,78.433992653678,0,0,111.612251038651,109.953054973167,6.55688005042551,12.416926857122,2.02046325633758,3.02247178677304,0,0,32289.9980850341,31864.3212554272,2252.22331338049,4250.72167754199,769.322505200779,1138.02183261996,0,0,1240.60871479069,1224.27919091236,87.1681453605661,164.619266216323,29.9995903755463,44.400135637711,0,0,0,0,3.50682611839309,6.73908671493863,1.37822554875926,2.04567763920127,0,0,0,0,0,0,0,0,0,0,239.734668284444,250.44492744458,59.6648753071143,121.086581009769,38.3962541882008,61.2361962757524,0,0,9.21095398654574,9.62249616113327,2.28541924755063,4.63700478409254,1.46481055986131,2.33580778481212,0,0,632.018072362428,633.31223910329,113.79867555126,232.210356103715,88.3821025718082,137.746257986714,0,0,24.2830151209424,24.3328744031627,4.36240318409429,8.89957142763017,3.37716803301853,5.26266171252852,0,0,0,0,13.1171013101095,27.1286714530193,9.35835102738514,14.3547288179067,0,0,0,0,0,0,0,0,0,0,71.8035884379948,41.5547134381887,38.1142598187333,37.7674595230752
"27",1992,2344,2.16666666666667,6641.51366406625,6481.91856974623,552.587512258608,1044.86690675347,204.817604980795,305.048446868009,0,0,0,0,0,0,0,0,0,0,0,0,0.829119638844901,1.59927987856584,0.369421587496844,0.55203087406842,0,0,0,0,0,0,0,0,0,0,2905.82868410667,2858.7234364868,173.935104739121,329.387901159269,53.6920718850313,80.4592170210027,0,0,111.646584955293,109.836726012473,6.70085438231311,12.6907863418302,2.06901879963021,3.10051209744189,0,0,32209.1529666544,31739.3383997025,2296.66566975808,4334.50777821821,786.591811443851,1165.02258863356,0,0,1237.50270998125,1219.47714035624,88.8902634723938,167.869244657046,30.6739318216276,45.4554306924393,0,0,0,0,3.57768945905254,6.87675082901545,1.40972151105277,2.09513450651683,0,0,0,0,0,0,0,0,0,0,239.002841176612,249.528484572361,60.8931248327442,123.640351880307,39.247703229264,62.7153297207927,0,0,9.18283639506315,9.58728494337469,2.33245436814737,4.73476727023826,1.49728198086412,2.39220528617221,0,0,628.298659917614,629.265038313402,115.978404852563,237.00534254885,90.1926640731109,141.00275768374,0,0,24.1401108815456,24.1773744094521,4.44594024847322,9.08327413506256,3.44630664023582,5.38699039294901,0,0,0,0,13.4275778667199,27.7912870877733,9.58801853143195,14.7349004247374,0,0,0,0,0,0,0,0,0,0,74.6367531042483,43.2511738652533,40.1794580202105,39.9339326655729
"28",1992,2344,2.25,6632.74432053235,6464.49766532586,562.484916392863,1063.35394760446,208.142082711777,310.363895969987,0,0,0,0,0,0,0,0,0,0,0,0,0.843943671310812,1.62777672094416,0.375465329480147,0.561749961489856,0,0,0,0,0,0,0,0,0,0,2906.98839218595,2855.96854577553,177.628515898327,336.434286364453,54.9844570312188,82.5372872002588,0,0,111.691142794268,109.73087870581,6.84316543002322,12.9623230959685,2.11881986976589,3.18058810974701,0,0,32128.6554997389,31615.066687387,2340.19249773666,4416.75054411972,804.165182713899,1192.50183649913,0,0,1234.41006131496,1214.70241313985,90.5774380054284,171.060421137113,31.3601845950961,46.5295055354869,0,0,0,0,3.64949942150305,7.01604407638416,1.44176259020692,2.14546475354441,0,0,0,0,0,0,0,0,0,0,238.319211468731,248.650555647159,62.1356533551903,126.222531319231,40.1231140479743,64.2345084555769,0,0,9.15657061538207,9.55355349337833,2.38003483190774,4.83361379503095,1.53066756118261,2.45013000872483,0,0,624.577039970249,625.219503880519,118.15817744195,241.81139780453,92.0349815122172,144.318819480738,0,0,23.9971218185851,24.0219384402704,4.5294749269688,9.26739240763545,3.51665734932239,5.51359164773569,0,0,0,0,13.7431575128298,28.4651099103821,9.82264613593867,15.1236357139556,0,0,0,0,0,0,0,0,0,0,77.4615434223749,44.9415466014177,42.2886544778968,42.1486755312238
"29",1992,2344,2.33333333333333,6624.02650203315,6447.24210207706,572.154912583308,1081.45470801121,211.522870495751,315.763126169981,0,0,0,0,0,0,0,0,0,0,0,0,0.858980122284283,1.65664357969704,0.381613431499307,0.571625754529057,0,0,0,0,0,0,0,0,0,0,2908.42993937658,2853.50099244785,181.283827093243,343.429048904442,56.3092804865728,84.6686975072164,0,0,111.74652934261,109.636071360925,6.98401865268016,13.2318883105409,2.16987053461026,3.2627189571093,0,0,32048.4956556167,31491.4940754798,2382.81788466146,4497.46921276869,822.029490771577,1220.44315645179,0,0,1231.33038349412,1209.95454655077,92.2301948292089,174.193508450001,32.0578469109446,47.6217341008196,0,0,0,0,3.72183554693488,7.1562591466959,1.47435464336848,2.19667629832328,0,0,0,0,0,0,0,0,0,0,237.681596302356,247.809800189897,63.3892010436519,128.827775579926,41.0224727857729,65.7939804316525,0,0,9.13207277913685,9.5212503077789,2.42803548595768,4.93333921181747,1.56496680933931,2.50959147227013,0,0,620.853683981893,621.175556929314,120.338027035486,246.628162515965,93.9092848261839,147.694874976203,0,0,23.854066046362,23.8665634650959,4.61300849235321,9.45191237488822,3.58822883544682,5.64248178608373,0,0,0,0,14.063835074809,29.1501182982949,10.062290413948,15.5210395941086,0,0,0,0,0,0,0,0,0,0,80.2785165886262,46.6260883233286,44.4426698617116,44.4125250178189
"30",1992,2344,2.41666666666667,6615.35309678299,6430.14402785171,581.601311726724,1099.1744276235,214.956407941536,321.24151815943,0,0,0,0,0,0,0,0,0,0,0,0,0.874131931577477,1.68571487334229,0.38786576381557,0.58165802108293,0,0,0,0,0,0,0,0,0,0,2910.16598289061,2851.33219049656,184.905946466081,350.380577057844,57.6666552912386,86.8539393039855,0,0,111.813230910646,109.552742521675,7.12360172953323,13.4998027958762,2.22217521018071,3.34692363800641,0,0,31968.6655711671,31368.6107128448,2424.55589057559,4576.68313811842,840.171911651047,1248.8304440696,0,0,1228.26337442335,1205.23316209161,93.8490591707344,177.269224398953,32.7664283224225,48.7315019766739,0,0,0,0,3.79435424903722,7.29681465638728,1.50749535786196,2.2487667543078,0,0,0,0,0,0,0,0,0,0,237.088019095938,247.005016332845,64.6510219202406,131.451547906192,41.9457279466733,67.3939429413644,0,0,9.10926694341389,9.49032920888173,2.47635094252606,5.03376942016336,1.60017778217661,2.57059724653697,0,0,617.12917981049,617.133297706606,122.517749248201,251.45489120259,95.8157860297036,151.131337375257,0,0,23.7109661512844,23.7112533355678,4.6965330799624,9.63680535200267,3.66102909534851,5.7736764232702,0,0,0,0,14.3895427063182,29.8461846504007,10.307006548225,15.9272147820551,0,0,0,0,0,0,0,0,0,0,83.0882051596098,48.3050470826397,46.6422687069683,46.7262689751935
"31",1992,2344,2.5,6606.71748935654,6413.19611142838,590.827837339202,1116.51824183162,218.439220095515,326.794540635567,0,0,0,0,0,0,0,0,0,0,0,0,0.889318911200644,1.71485295331387,0.394220426630809,0.59184424152905,0,0,0,0,0,0,0,0,0,0,2912.20660036501,2849.47095524312,188.499359777633,357.296537600503,59.0567046108769,89.0935045005758,0,0,111.891634697306,109.481230886807,7.26208623627618,13.7663598448251,2.275738686877,3.4332211546935,0,0,31889.1591828263,31246.4085642861,2465.42053148964,4654.41175588933,858.57991535043,1277.64790012652,0,0,1225.20880114783,1200.53795103634,95.4345549616502,180.288290456263,33.4854493397169,49.858206031268,0,0,0,0,3.86677447369778,7.43723208544218,1.54117648751584,2.30172619452233,0,0,0,0,0,0,0,0,0,0,236.53668108305,246.235118401902,65.9188073190392,134.090003411455,42.8928005790406,69.0345541986837,0,0,9.08808399720745,9.46074848333804,2.52489263248762,5.13475693346444,1.63629747829763,2.63315339872557,0,0,613.404207110971,613.092974259511,124.696951167378,256.290529170647,97.754672536892,154.628591957087,0,0,23.567848246726,23.5560175820503,4.78003359363457,9.82203079736196,3.73506519065188,5.90719011477016,0,0,0,0,14.7201635692744,30.5530975862703,10.5568466004426,16.3422595931039,0,0,0,0,0,0,0,0,0,0,85.8911197120899,49.9786633035773,48.8881683028091,49.0906543037598
"32",1992,2344,2.58333333333333,6598.11351071588,6396.39149093066,599.838127947971,1133.49118488849,221.967915679095,332.417748340627,0,0,0,0,0,0,0,0,0,0,0,0,0.904475451596893,1.74394438891882,0.400674122044651,0.602180076177576,0,0,0,0,0,0,0,0,0,0,2914.55960677217,2847.92383001633,192.068156221175,364.183919673093,60.4795618879563,91.3878875355638,0,0,111.982040966324,109.421787861479,7.39962862496152,14.0318268991751,2.33056613766828,3.52163059203441,0,0,31809.9719950774,31124.8811725467,2505.42576435169,4730.6745568899,877.24126507435,1306.88003044453,0,0,1222.16649095842,1195.86866528595,96.9872042623631,183.251430744124,34.2144414047578,51.0012544087944,0,0,0,0,3.93886895926616,7.57712169565455,1.57538517550444,2.35553879334618,0,0,0,0,0,0,0,0,0,0,236.025944218542,245.499123176074,67.1906379731644,136.739917166868,43.8635910284346,70.7159411111213,0,0,9.06846100464865,9.43247035421206,2.57358696116633,5.23617811052281,1.67332209894093,2.69726479382742,0,0,609.679521071482,609.054962206141,126.875083743564,261.133762972209,99.7261021636044,158.186988707116,0,0,23.4247413481497,23.4008706363907,4.86348895116783,10.0075382532751,3.81034305619802,6.043036074054,0,0,0,0,15.0555403767474,31.270575809397,10.8118583777898,16.7662664531227,0,0,0,0,0,0,0,0,0,0,88.6877503299294,51.6471703325435,51.1810443708027,51.5063921925053
"33",1992,2344,2.66666666666667,6589.53537813716,6379.72371186234,608.635740977281,1150.09819462847,225.539183549227,338.106778257482,0,0,0,0,0,0,0,0,0,0,0,0,0.919547853223148,1.77289563771996,0.407222573640603,0.612659892480493,0,0,0,0,0,0,0,0,0,0,2917.23092344773,2846.69546433393,195.616064747679,371.049096889682,61.9353712435714,93.7375880836678,0,0,112.084677224887,109.374592087597,7.53637160510553,14.2964479125301,2.38666313616808,3.61217122456328,0,0,31731.1008125541,31004.0233843744,2544.58547167041,4805.49105640661,896.144010358696,1336.51163935658,0,0,1219.13632109882,1191.2251068434,98.5075266646856,186.159370853691,34.9529466379326,52.1600662889222,0,0,0,0,4.01045408908737,7.71616615684769,1.61010544975214,2.41018468024197,0,0,0,0,0,0,0,0,0,0,235.554310387519,244.796133781831,68.4649268076823,139.398597481899,44.8579860749867,72.4382076079869,0,0,9.05034040618316,9.40546036217643,2.62237310654307,5.33792981732512,1.71124732380762,2.76293541647368,0,0,605.955934551088,605.019741734236,129.051477902864,265.983076921202,101.730198590516,161.806835382426,0,0,23.2816766868148,23.2458309481694,4.94687347257857,10.1932695190583,3.88686732590825,6.18122590685114,0,0,0,0,15.395485064666,31.9982838712508,11.0720843154074,17.1993204421883,0,0,0,0,0,0,0,0,0,0,91.4785685511267,53.3107951443773,53.5215377468807,53.9741642334264
"34",1992,2344,2.75,6580.97764465509,6363.18667493404,617.224155911926,1166.34411626626,229.149789783855,343.857346532913,0,0,0,0,0,0,0,0,0,0,0,0,0.934492207489257,1.80162958693543,0.413860829058829,0.623277148381889,0,0,0,0,0,0,0,0,0,0,2920.22488751821,2845.78893081066,199.146486545686,377.897882608748,63.4242871838075,96.1431124784229,0,0,112.19971011233,109.339761619932,7.67244537893953,14.5604454534788,2.44403564752868,3.70486257368043,0,0,31652.5435157485,30883.8311214755,2582.91344744466,4878.88076646264,915.276481507823,1366.52782471049,0,0,1216.11821014798,1186.60711901332,99.9960387456472,189.012836775592,35.7005176342387,53.3340717042271,0,0,0,0,4.08138189525883,7.85410756765354,1.64531927661458,2.46564125715483,0,0,0,0,0,0,0,0,0,0,235.120404039209,244.125326523572,69.7403702729156,142.063811507342,45.8758646717063,74.2014416136262,0,0,9.03366935133895,9.37968685951763,2.67120114669639,5.43992656397783,1.75006853271515,2.8301686402439,0,0,602.234303023083,600.987877977378,131.225374506961,270.836800618805,103.767048194899,165.488392217342,0,0,23.1386871312777,23.0909202307229,5.03015803158253,10.3791604780336,3.9646412113948,6.32176940861661,0,0,0,0,15.7397863720063,32.735844627254,11.337560763739,17.6414983293491,0,0,0,0,0,0,0,0,0,0,94.2640290090637,54.9697589148927,55.9102601025908,56.494627673165
"35",1992,2344,2.83333333333333,6572.43516188022,6346.77459768984,625.60677667544,1182.23370516819,232.796575373943,349.665246096449,0,0,0,0,0,0,0,0,0,0,0,0,0.949272946383125,1.83008316851574,0.420583440157884,0.634024623319423,0,0,0,0,0,0,0,0,0,0,2923.54447691263,2845.20595507298,202.662521327983,384.735574534012,64.9464739222661,98.6049741317657,0,0,112.327254045449,109.317362759813,7.80796864168626,14.8240224035492,2.50269000394482,3.79972442558621,0,0,31574.2988984237,30764.3012149895,2620.42338622773,4950.86317389435,934.627284800162,1396.91397367725,0,0,1213.11211177339,1182.01458004228,101.453253641891,191.812554053511,36.456717287899,54.5227113876624,0,0,0,0,4.15153463956384,7.99073859346236,1.68100716732755,2.52188396640893,0,0,0,0,0,0,0,0,0,0,234.722959456285,243.485941552489,71.0159121852425,144.733729333696,46.9171018043716,76.0057200039109,0,0,9.01839920959473,9.35512065161866,2.72003066890409,5.54209835403449,1.78978095463525,2.89896741896877,0,0,598.515513755656,596.960006571887,133.395945605684,275.693143238386,105.83669847191,169.23186875569,0,0,22.9958067716991,22.9361629062159,5.11331087215341,10.5651424151272,4.04366644167675,6.46467444367839,0,0,0,0,16.0882149052104,33.4828476546815,11.6083176756272,18.0928681107732,0,0,0,0,0,0,0,0,0,0,97.044570668667,56.6242774316813,58.3477982154509,59.0684193396933
"36",1992,2344,2.91666666666667,6563.90304306242,6330.48197646468,633.786933973163,1197.77162950387,236.476453826602,355.526344191469,0,0,0,0,0,0,0,0,0,0,0,0,0.963861377926855,1.85820495546958,0.427384651474304,0.644894658440847,0,0,0,0,0,0,0,0,0,0,2927.19153324034,2844.94714297832,206.166994507744,391.567000988768,66.50210494888,101.123694323755,0,0,112.46737978182,109.307418785252,7.94304961601404,15.0873637194438,2.56263288957255,3.89677686337418,0,0,31496.3665066464,30645.4312420289,2657.12887190688,5021.45771769137,954.185297298171,1427.65575814473,0,0,1210.11800854655,1177.44739683833,102.879680612587,194.559246908819,37.2211186022393,55.7254366045901,0,0,0,0,4.22081932656681,8.12589351268591,1.71714882353041,2.57888710213871,0,0,0,0,0,0,0,0,0,0,234.360808019717,242.877273598724,72.2907076765815,147.40686816117,47.9815721625772,77.8511133140487,0,0,9.00448508107701,9.33173464087378,2.76882938278626,5.64438853638203,1.83037980954991,2.96933446856497,0,0,594.800475283392,592.93681947211,135.562315314276,280.550227204512,107.939156557848,173.037420794747,0,0,22.853070515324,22.7815855606426,5.19629841068624,10.7511433112135,4.12394320681623,6.60994682870819,0,0,0,0,16.4405282558749,34.2388577434673,11.8843782668394,18.5534885182653,0,0,0,0,0,0,0,0,0,0,99.8206180751494,58.2745615071329,60.8347182229713,61.6961595549998
"37",1993,2344,3,6553.56039941654,6311.78638734434,642.894922639856,1214.90203462317,240.214083378972,361.514351292879,0,0,0,0,0,0,0,0,0,0,0,0,0.978355056085424,1.88626330030096,0.434304399825648,0.656015303845731,0,0,0,0,0,0,0,0,0,0,2930.8433932664,2844.50842714609,210.000865123688,398.970751289113,68.099843833787,103.723057611325,0,0,112.607690083964,109.290562621397,8.09079019794495,15.3727051114765,2.62419800274717,3.99693621369359,0,0,31414.6788700061,30521.0866020833,2696.85707834257,5097.2092558959,974.050367678567,1459.05109752499,0,0,1206.97962391597,1172.66986809675,104.422402536226,197.504544256911,37.9976183255127,56.9538806332432,0,0,0,0,4.28964129036591,8.26070904378703,1.75390886249968,2.63717109664621,0,0,0,0,0,0,0,0,0,0,234.034038414831,242.325817597578,73.6214409489738,150.233252896327,49.0895321687518,79.8027949108331,0,0,8.99193037029943,9.31054680537816,2.81977261416992,5.75254968170353,1.87263786228203,3.04375564737294,0,0,591.033037839174,588.827148052987,137.793539779108,285.540662711409,110.086210106942,176.94256604848,0,0,22.7083210091254,22.6236853489052,5.28177328740323,10.9422553045188,4.20592179479307,6.75901955211629,0,0,0,0,16.797364314492,35.0070586264195,12.167039464291,19.0273499945153,0,0,0,0,0,0,0,0,0,0,102.542193223333,59.8180911358696,63.3255443892716,64.2104475530789
"38",1993,2344,3.08333333333333,6540.80607139706,6289.87290189364,653.2620570035,1234.20092327669,244.034777507422,367.676379902663,0,0,0,0,0,0,0,0,0,0,0,0,0.993260643868806,1.91513972234179,0.441359737956572,0.66743667025662,0,0,0,0,0,0,0,0,0,0,2934.46867799766,2843.79282730128,214.271320009798,407.133977651566,69.7527697566051,106.425855807831,0,0,112.746979320782,109.263068130994,8.25531510222507,15.6872488117081,2.68788830021798,4.10107931495717,0,0,31327.8621742656,30389.251395547,2740.764957076,5180.11624816521,994.31596318404,1491.28155488665,0,0,1203.6441744606,1167.60453968539,106.125945951433,200.725392106422,38.7898306569105,58.215093816923,0,0,0,0,4.35987938999911,8.39843842483406,1.79136063909603,2.69694934811346,0,0,0,0,0,0,0,0,0,0,233.739098297812,241.832534995469,75.0390198015298,153.278103794361,50.2472829577967,81.8804185302765,0,0,8.9805985904824,9.29159408547815,2.87404737688558,5.86908500177226,1.91679582453273,3.12298109597741,0,0,587.190126427313,584.600748399222,140.113186550415,290.715822516305,112.283876413911,180.967426353641,0,0,22.5606716789802,22.4613002511852,5.3706407136109,11.1404502618845,4.28983213279696,6.9126609653803,0,0,0,0,17.1589742590978,35.7886883626399,12.4567880764851,19.5160334194553,0,0,0,0,0,0,0,0,0,0,105.19299550448,61.2214125024931,65.8063616468007,66.5535334974898
"39",1993,2344,3.16666666666667,6528.06204295798,6268.10656593704,663.368913559267,1253.05481600565,247.905598304906,373.914004132561,0,0,0,0,0,0,0,0,0,0,0,0,1.00849070370593,1.94454498142617,0.448496314906595,0.678986663926722,0,0,0,0,0,0,0,0,0,0,2938.52760494652,2843.49790029528,218.527252349628,415.293258220524,71.4533732145202,109.207117633976,0,0,112.902929785069,109.251736563786,8.41929101832071,16.0016578732203,2.75341442403178,4.20824389452638,0,0,31241.3403447933,30258.1229763821,2783.72529728421,5261.4103403054,1014.8496660131,1523.95318239426,0,0,1200.32005319598,1162.5663672426,107.793263901055,203.884670875624,39.5925906196172,59.4937016205844,0,0,0,0,4.43117847810669,8.53786395683902,1.82928692153354,2.75753684971953,0,0,0,0,0,0,0,0,0,0,233.472984125786,241.358587450407,76.4696724348734,156.343196611473,51.4284013139524,83.9979929985815,0,0,8.97037434551748,9.27338424951048,2.92882301914404,5.98639475959283,1.96184602252431,3.20373146656256,0,0,583.346704371677,580.380397032752,142.42828088411,295.898333152283,114.517071806609,185.064841804749,0,0,22.4130027212106,22.2991475387766,5.45932944265253,11.338917244706,4.37509792366776,7.06906952334988,0,0,0,0,17.5243039987512,36.5791355296915,12.7519669684086,20.0144506438346,0,0,0,0,0,0,0,0,0,0,107.840618589334,62.6219301136705,68.3398381903522,68.9494481198545
"40",1993,2344,3.25,6515.32375393567,6246.48207808635,673.219721064909,1271.46955295019,251.822597126228,380.222038278748,0,0,0,0,0,0,0,0,0,0,0,0,1.02392033612195,1.97427119786337,0.455716956349368,0.690668266243879,0,0,0,0,0,0,0,0,0,0,2943.01550693158,2843.61769100549,222.772291437565,423.454596335889,73.2012270040326,112.066798269277,0,0,113.07536215625,109.256339114437,8.58285649151046,16.3161615741783,2.82076015261753,4.31842852488505,0,0,31155.1178694267,30127.7032525135,2825.7534899789,5341.11339044308,1035.63869974705,1557.04990352341,0,0,1197.00743256285,1157.55542407323,109.424932747555,206.983194202096,40.4054085247563,60.7890891961399,0,0,0,0,4.50309669079969,8.67826213010947,1.86770105834401,2.81894994222952,0,0,0,0,0,0,0,0,0,0,233.235477917467,240.904458719825,77.9110953912976,159.425642677433,52.6338040466537,86.1572745096991,0,0,8.96124926040472,9.25593588420714,2.98401107134224,6.10436798205586,2.00782365803826,3.28607408635256,0,0,579.50361433333,576.166372056069,144.738749658136,301.086846235445,116.785511601905,189.234247182738,0,0,22.2653465121135,22.1372378968202,5.54783682117612,11.5376048460462,4.46170828218245,7.22822363867175,0,0,0,0,17.8933882770602,37.3784158511225,13.0525936893109,20.5226539558881,0,0,0,0,0,0,0,0,0,0,110.485387921986,64.0197574588998,70.9267449084345,71.3988523448117
"41",1993,2344,3.33333333333333,6502.58683004162,6224.99434066649,682.818603607559,1289.45084416467,255.781912701041,386.595381695826,0,0,0,0,0,0,0,0,0,0,0,0,1.03944696483879,2.00414660104425,0.46302177667315,0.702481081898769,0,0,0,0,0,0,0,0,0,0,2947.92731046953,2844.14586101128,227.009764564143,431.623489193923,74.9959965739888,115.004951357002,0,0,113.264081502983,109.276632250693,8.74613857779613,16.6309699204357,2.88991279085389,4.4316355209753,0,0,31069.1994105168,29997.9942966447,2866.86481428488,5419.24721404205,1056.67055610053,1590.5559105692,0,0,1193.70649170656,1152.57178981319,111.021524957495,210.021774621497,41.2278046408078,62.1006515574582,0,0,0,0,4.5752741389559,8.81904028348124,1.90660641883461,2.88119273184438,0,0,0,0,0,0,0,0,0,0,233.026357668153,240.47057571043,79.3613524803867,162.523033494456,53.8642530363057,88.3598155907758,0,0,8.95321480554566,9.23926539200446,3.03953720912543,6.22291221170849,2.05475798891507,3.37006847853633,0,0,575.661744857538,571.959051201744,147.044337955455,306.279807436724,119.088956505145,193.475155590059,0,0,22.117737190924,21.9755858384046,5.63615321242719,11.7364537453965,4.54965407386499,7.39010473882262,0,0,0,0,18.2661931760267,38.1864327098104,13.3586863476353,21.0406952902083,0,0,0,0,0,0,0,0,0,0,113.127626467994,65.4150107178536,73.5678348500143,73.9024030788406
"42",1993,2344,3.41666666666667,6489.84705553186,6203.63843139334,692.169587299257,1307.00427848951,259.779767188568,393.029015066785,0,0,0,0,0,0,0,0,0,0,0,0,1.05498588013982,2.0340284760613,0.470408960304099,0.714422289509133,0,0,0,0,0,0,0,0,0,0,2953.25766789795,2845.0758218178,231.242728178502,439.804981710854,76.837429899261,118.021720291431,0,0,113.468882359527,109.312362832044,8.90925402612139,16.9462756922277,2.96086278749516,4.54787061298999,0,0,30983.589715975,29868.9982580177,2907.0744244745,5495.83355675373,1077.93299062,1624.4556618687,0,0,1190.41741305934,1147.61554703916,112.583608594026,213.001222516571,42.0593090427453,63.4277934886727,0,0,0,0,4.6474161295772,8.95971037594063,1.9459993696342,2.94426066380218,0,0,0,0,0,0,0,0,0,0,232.845396161271,240.057311818686,80.8188171919369,165.633366750166,55.1203844272804,90.606998404287,0,0,8.94626225108214,9.22338711938968,3.09533903140458,6.34195064814782,2.10267345096331,3.45576764128763,0,0,571.822017769392,567.758893874838,149.344648904491,311.475505990022,121.42719400366,197.787133570906,0,0,21.9702101755367,21.8142090146065,5.72426352979396,11.9353986165689,4.6389272008932,7.55469631237777,0,0,0,0,18.6426323467217,39.0030027099214,13.6702611716251,21.5686232420777,0,0,0,0,0,0,0,0,0,0,115.767654665487,66.8078083654477,76.2638462986526,76.4607551004995
"43",1993,2344,3.5,6477.10035565647,6182.40958512483,701.276604319689,1324.13532902701,263.812464002155,399.517998349582,0,0,0,0,0,0,0,0,0,0,0,0,1.07046750153686,2.06379880261648,0.477875199468393,0.726487178708696,0,0,0,0,0,0,0,0,0,0,2959.00104288888,2846.40082129186,235.473988908313,448.003702371932,78.7253499404786,121.117331484075,0,0,113.689552011307,109.363271430736,9.07231007570788,17.2622558059989,3.03360344973948,4.6671426926831,0,0,30898.2935615773,29740.7173050831,2946.39734014654,5570.8940751701,1099.41402142418,1658.73388171702,0,0,1187.14038012365,1142.68677906584,114.111746935351,215.922345375442,42.899461571641,64.7699295478845,0,0,0,0,4.7192829439788,9.09987290013256,1.98587091221894,3.00814250660502,0,0,0,0,0,0,0,0,0,0,232.692360592054,239.664989598183,82.2821343911336,168.75499682546,56.4027278072934,92.9000571535226,0,0,8.9403826524381,9.20831345938559,3.15136458335159,6.46142023723614,2.15159039478717,3.54321890801429,0,0,567.985379539891,563.566428881754,151.639170076198,316.672107946333,123.800026423424,202.169784460207,0,0,21.822801830778,21.6531277430139,5.81214825245234,12.1343694086205,4.72952014408264,7.72198327127879,0,0,0,0,19.0225769109606,39.8278713891958,13.9873311955721,22.1064814085279,0,0,0,0,0,0,0,0,0,0,118.40579035406,68.198270882117,79.0155050262966,79.0745624991927
"44",1993,2344,3.58333333333333,6464.34278186022,6161.30317852975,710.143496159995,1340.84935751688,267.876386095444,406.057469195912,0,0,0,0,0,0,0,0,0,0,0,0,1.08583505343882,2.09336054627242,0.48541605756438,0.738669596588872,0,0,0,0,0,0,0,0,0,0,2965.151782996,2848.11401675338,239.706122393471,456.223895347171,80.6596480341763,124.292088467381,0,0,113.925873282297,109.429095140057,9.23540517067027,17.5790725347129,3.10813069294114,4.78946359116608,0,0,30813.3157020377,29613.1535772043,2984.84843667728,5644.45031859805,1121.10192870195,1693.37556102187,0,0,1183.87557559232,1137.7855680904,115.606498104908,218.78594709066,43.7478118220675,66.1264840975811,0,0,0,0,4.79068117395014,9.23920322732528,2.02620803786935,3.07282199632191,0,0,0,0,0,0,0,0,0,0,232.567012393636,239.293883263484,83.7501870535035,171.88659169253,57.7117226907028,95.2400975089478,0,0,8.93556684363824,9.19405494775241,3.20757107390603,6.58127000730619,2.20152571902942,3.63246469322131,0,0,564.152793824563,559.382243761214,153.927296284933,321.867684976008,126.207260727908,206.622733901088,0,0,21.6755491817292,21.4923645978045,5.89978430255187,12.3332924551735,4.82142557178496,7.89195139633076,0,0,0,0,19.4058638649862,40.6607265813914,14.3099051824441,22.6543070123679,0,0,0,0,0,0,0,0,0,0,121.042348695336,69.5865204891542,81.8235263028691,81.7444799662271
"45",1993,2344,3.66666666666667,6451.57049624832,6140.31471389521,718.774017676136,1357.15161966661,271.967993494806,412.642640664636,0,0,0,0,0,0,0,0,0,0,0,0,1.1010421750237,2.1226338366004,0.493026330043475,0.750962391492622,0,0,0,0,0,0,0,0,0,0,2971.70419032562,2850.20854567924,243.941494844966,464.469457144971,82.6402766296156,127.546365244655,0,0,114.17762725031,109.509570290895,9.39862977855992,17.8968749013031,3.18444276530591,4.91484782787191,0,0,30728.6608245438,29486.309139164,3022.44243678635,5716.52371130729,1142.98525157781,1728.36595536375,0,0,1180.62317956337,1132.91199344449,117.06841474041,221.592827271247,44.6039190317962,67.4968912398601,0,0,0,0,4.86145483291123,9.37743757085356,2.06699507241153,3.13827946926451,0,0,0,0,0,0,0,0,0,0,232.469107256588,238.94422186188,85.2220610162147,175.02708707387,59.0477354632101,97.6281169728044,0,0,8.93180543805962,9.1806203848516,3.26392351705664,6.70145930001421,2.25249352128667,3.72354327426187,0,0,560.325234008699,555.206973663691,156.208352805716,327.060243492976,128.648698671964,211.1456154645,0,0,21.5284896273028,21.3319439824763,5.98714593824337,12.5320915958468,4.91463596235437,8.06458678657385,0,0,0,0,19.7923045843581,41.5012119906153,14.6379866467552,23.2121296560844,0,0,0,0,0,0,0,0,0,0,123.677642114239,70.9726808594922,84.6886170255129,84.4711640840108
"46",1993,2344,3.75,6438.77975998212,6119.43980694319,727.171840287557,1373.04726934259,276.083821368454,419.268799511495,0,0,0,0,0,0,0,0,0,0,0,0,1.11605119618438,2.15155318916732,0.500700273271465,0.763357697600052,0,0,0,0,0,0,0,0,0,0,2978.65257242971,2852.67757649707,248.182280982905,472.743966789916,84.6672429485882,130.880600219498,0,0,114.444595202388,109.604434403314,9.56206707161409,18.2157998260642,3.26254000714663,5.04331238076072,0,0,30644.3335159814,29360.1859493764,3059.19390360816,5787.13553789136,1165.05278546982,1763.69058354274,0,0,1177.38336828077,1128.06613037296,118.498043721605,224.34378067521,45.4673519893236,68.8805947691628,0,0,0,0,4.93147900414233,9.51436287780732,2.10821450919171,3.20449288575591,0,0,0,0,0,0,0,0,0,0,232.398395491939,238.616192312378,86.6970172639434,178.175650164371,60.411072291254,100.065020901311,0,0,8.92908884237995,9.16801695240854,3.32039366417458,6.82195637115469,2.30450559384753,3.81648940618335,0,0,556.503677432843,551.041292489118,158.481613057052,332.247746993742,131.124129882197,215.738059892849,0,0,21.381660718378,21.1718917893436,6.07420543347879,12.7306890359043,5.00914333899844,8.23987544770469,0,0,0,0,20.1816908464108,42.3489369089476,14.9715733406394,23.7799706306182,0,0,0,0,0,0,0,0,0,0,126.311980234571,72.3568768643579,87.6114774762277,87.2552743642259
"47",1993,2344,3.83333333333333,6425.9669241198,6098.67417715232,735.340554730663,1388.54136214538,280.220478327134,425.931304726796,0,0,0,0,0,0,0,0,0,0,0,0,1.1308317936063,2.18006532964608,0.508431767274304,0.775847138657911,0,0,0,0,0,0,0,0,0,0,2985.99128055813,2855.51434654679,252.43047968845,481.050712018105,86.7406034382981,134.295290743616,0,0,114.726560104518,109.7134276451,9.72579352139533,18.5359731228735,3.34242464002371,5.17487647960831,0,0,30560.3382389311,29234.7858369233,3095.11723503079,5856.30693094682,1187.29357935551,1799.33522596662,0,0,1174.1563132122,1123.24804915148,119.89592594678,227.03959673092,46.3376889374302,70.2770481186027,0,0,0,0,5.00065491790601,9.64980895740008,2.14984759331838,3.27143855341795,0,0,0,0,0,0,0,0,0,0,232.35462254154,238.309942289359,88.1744690909809,181.331649584481,61.8019894272059,102.551635637192,0,0,8.92740727618724,9.15625032430748,3.37695912447547,6.94273723219988,2.3575718193732,3.91133482560336,0,0,552.689100779838,546.885905563723,160.746312693527,337.428133891225,133.633326756385,220.399686696001,0,0,21.2350999805636,21.0122351181696,6.16093361959461,12.9290060322407,5.10493907442045,8.4178029706641,0,0,0,0,20.5737994485965,43.2034837267733,15.3106569632617,24.3578425003312,0,0,0,0,0,0,0,0,0,0,128.94566982213,73.7392343492191,90.5928028171695,90.0974741073606
"48",1993,2344,3.91666666666667,6413.12842077425,6078.01363839154,743.283673862227,1403.63885903441,284.374644678418,432.625586048146,0,0,0,0,0,0,0,0,0,0,0,0,1.14535966106581,2.20812704355646,0.516214480374448,0.788422033169291,0,0,0,0,0,0,0,0,0,0,2993.71474592698,2858.71219792383,256.687929743195,489.392715644392,88.8604583424744,137.79098777733,0,0,115.023307995118,109.836294208912,9.88987949686717,18.8575105021216,3.42410056035118,5.30956140353431,0,0,30476.6793091472,29110.1104801932,3130.22665819475,5924.05885885739,1209.6969327248,1835.28592274668,0,0,1170.94218018376,1118.45781426588,121.262596114968,229.681059061992,47.2145174651398,71.685714295549,0,0,0,0,5.06890507225197,9.78364069035229,2.19187491880157,3.33909186241667,0,0,0,0,0,0,0,0,0,0,232.337529514911,238.025583162962,89.6539596513519,184.494625810167,63.2207032003404,105.088721309973,0,0,8.92675079260669,9.14532477956575,3.43360250034662,7.06378451011733,2.41170055455973,4.00810874188455,0,0,548.882475632475,542.741542469044,163.001663281753,342.599334776088,136.176039620005,225.130096046842,0,0,21.0888447435166,20.8530020006454,6.24730041087921,13.1269635573241,5.20201370531424,8.59835422171292,0,0,0,0,20.9683967727997,44.0644153496339,15.6552228676394,24.9457486882033,0,0,0,0,0,0,0,0,0,0,131.579014733606,75.1198799107112,93.6332845697216,92.9984312469874
"49",1994,2344,4,6398.96407019001,6055.13388151612,752.600674990678,1420.96449258265,288.527792092906,439.323465021717,0,0,0,0,0,0,0,0,0,0,0,0,1.15971727645035,2.23586198271049,0.524004960683492,0.801018784974453,0,0,0,0,0,0,0,0,0,0,3001.35845858361,2861.54471023127,261.388273518089,498.457216088,91.0214232386082,141.359553016098,0,0,115.316991658976,109.94512386143,10.0709865182519,19.2068169184937,3.50736020740373,5.44705348607699,0,0,30388.6430312384,28978.5806277192,3169.24496604022,5997.92143609242,1232.18010704507,1871.41894968378,0,0,1167.55986442785,1113.40421856489,122.779477799695,232.557419693164,48.0946033313587,73.1017560213156,0,0,0,0,5.13644936674593,9.91615119185604,2.23411850927607,3.40719436558361,0,0,0,0,0,0,0,0,0,0,232.275042206233,237.659584203958,91.1662470712025,187.711451126944,64.6494315895255,107.648007243038,0,0,8.9243501934088,9.13126250155852,3.4915080719206,7.18690451718116,2.46621360771023,4.105733177162,0,0,545.006146496183,538.483011402854,165.315843969841,347.869735996692,138.742110061962,229.912988674676,0,0,20.9399113726826,20.6893823666102,6.33592615875731,13.3287278314062,5.29997933376954,8.78090694429436,0,0,0,0,21.3644928173238,44.9297550472132,16.0041055357986,25.5419226639844,0,0,0,0,0,0,0,0,0,0,134.24636580908,76.5326321120691,96.7742465741714,96.0319413691267
"50",1994,2344,4.08333333333333,6383.97099915591,6030.91803395361,762.677499286368,1439.51487431143,292.704743532235,446.0568472029,0,0,0,0,0,0,0,0,0,0,0,0,1.17440860123417,2.26410236327657,0.531818157494558,0.813657804792181,0,0,0,0,0,0,0,0,0,0,3009.04659789714,2864.22614069037,266.360589236304,507.973548400632,93.2295978127911,145.008689971136,0,0,115.612382266038,110.04814870773,10.26255325174,19.5735022699999,3.59243827386966,5.58764921478808,0,0,30297.9872746759,28843.0266260242,3210.38033435582,6075.04300914926,1254.82413893909,1907.83803682645,0,0,1164.07690498103,1108.1960085605,124.377793760929,235.55922167238,48.9810760654712,74.5291838949765,0,0,0,0,5.20493720721137,10.049994547876,2.27663822829247,3.47582925675339,0,0,0,0,0,0,0,0,0,0,232.196106638653,237.253354573378,92.7167892673976,190.992355727375,66.0966749751242,110.242863893049,0,0,8.92131762787999,9.11565449665285,3.55088456507319,7.31248825735133,2.5214355679057,4.20471857347241,0,0,541.090351538642,534.157645932137,167.663455244529,353.198078243883,141.334625402896,234.752836169654,0,0,20.7894616611002,20.5231948477742,6.42583514392611,13.5327139811691,5.39895429680231,8.96563251674847,0,0,0,0,21.7623163892106,45.7999021384367,16.3576343691552,26.1468874526526,0,0,0,0,0,0,0,0,0,0,136.934808190995,77.9647500989417,100.003156900891,99.174699579277
"51",1994,2344,4.16666666666667,6368.98691234946,6006.8672737965,772.478942388901,1457.59093169033,296.91678775275,452.842371124134,0,0,0,0,0,0,0,0,0,0,0,0,1.18937741161922,2.2927638141144,0.539684186048576,0.826381266009914,0,0,0,0,0,0,0,0,0,0,3017.07328474467,2867.21664481832,271.326530082593,517.501094913935,95.490030091891,148.74637866335,0,0,115.920780410751,110.163048658648,10.4538854198012,19.9406379842639,3.67952933678192,5.73165613109958,0,0,30207.7617656693,28708.3514343445,3250.5849062647,6150.56238236662,1277.67954552104,1944.6178022906,0,0,1160.61047530096,1103.02156390947,125.94045830986,238.4997225864,49.8759107559911,75.970918108251,0,0,0,0,5.27421803990068,10.1849658793277,2.31955649530839,3.54516999834772,0,0,0,0,0,0,0,0,0,0,232.147208194579,236.874268731509,94.2869339825752,194.309712040808,67.5749595513563,112.893572960058,0,0,8.91943913365547,9.10108939964469,3.61101383260076,7.43947099789673,2.57784452838651,4.305838880537,0,0,537.186277472152,529.847084261774,170.000400195165,358.512995757085,143.959650810437,239.659265503801,0,0,20.6394622750649,20.3575761151206,6.5153329679723,13.7361797428609,5.49917041888806,9.15289884608134,0,0,0,0,22.1624394312309,46.6759148174164,16.7165184864212,26.7617577883371,0,0,0,0,0,0,0,0,0,0,139.622511327805,79.3945001611867,103.295363087542,102.381292513807
"52",1994,2344,4.25,6354.00575197406,5982.97478798964,782.009222035193,1475.19852097134,301.159748861537,459.6744471523,0,0,0,0,0,0,0,0,0,0,0,0,1.20450241235917,2.3216478601911,0.547605787767448,0.839191809230356,0,0,0,0,0,0,0,0,0,0,3025.44489791229,2870.52128826859,276.290246996596,527.046806995788,97.8031635256453,152.573867826608,0,0,116.242431176277,110.290018344691,10.6451415863368,20.3084897315232,3.76865057045999,5.87912242903941,0,0,30117.9619244364,28574.5472196116,3289.87379076534,6224.50151997164,1300.7338483791,1981.74221009042,0,0,1157.16039943766,1097.88058365201,127.468037982984,241.379741324333,50.7786272727496,77.4263422572407,0,0,0,0,5.34390237684259,10.32044366946,2.36288285153747,3.61522699989933,0,0,0,0,0,0,0,0,0,0,232.127690641662,236.521876844788,95.8739510944678,197.659569388469,69.0846995008528,115.601065054471,0,0,8.9186894973584,9.08754992720644,3.67179107687611,7.56770115548126,2.63545650488068,4.4091299553305,0,0,533.294193376609,525.551515855453,172.326935154885,363.814135259846,146.616875081837,244.63174675863,0,0,20.4899235530971,20.1925334481435,6.60442969527059,13.93911206115,5.60061593025269,9.34268590633018,0,0,0,0,22.5648743128054,47.5577462282843,17.0807348249911,27.3865186139474,0,0,0,0,0,0,0,0,0,0,142.309819126983,80.8220446428641,106.651944850293,105.652749058423
"53",1994,2344,4.33333333333333,6339.02184357952,5959.23416040171,791.272464162442,1492.34339514414,305.429550157058,466.547587394558,0,0,0,0,0,0,0,0,0,0,0,0,1.21968421596318,2.35059089755072,0.555582957085939,0.852088682249135,0,0,0,0,0,0,0,0,0,0,3034.16610871993,2874.14346374003,281.255499820033,536.616964502968,100.169426761431,156.492354344276,0,0,116.577514042199,110.429188118776,10.8364654111644,20.6772975698703,3.85981856172686,6.03009429109414,0,0,30028.5843245513,28441.6073027145,3328.26202420403,6296.88240990053,1323.97488112879,2019.19556389989,0,0,1153.72654575405,1092.77281116528,128.961096924535,244.200098240299,51.6887571589279,78.8948525454757,0,0,0,0,5.41367432310987,10.4559211955035,2.40661824707551,3.68600043372987,0,0,0,0,0,0,0,0,0,0,232.136966386334,236.195776077817,97.4755430465755,201.038593356776,70.6262505557152,118.366208800114,0,0,8.91904614281641,9.0750206017553,3.7331281403132,7.69705086014822,2.69428526673759,4.51462527838611,0,0,529.414467581997,521.271245047118,174.643099673757,369.100849258002,149.306000333122,249.669770743546,0,0,20.340859647039,20.0280785398371,6.69312706293111,14.1414865817992,5.70327958553509,9.53497448879441,0,0,0,0,22.9695729510476,48.4452535526581,17.4502607056411,28.0211538708439,0,0,0,0,0,0,0,0,0,0,144.997068129354,82.2475432567385,110.073944925771,108.990074541366
"54",1994,2344,4.41666666666667,6324.02983119055,5935.63930580446,800.272710156552,1509.03121194349,309.722206872744,473.456398095096,0,0,0,0,0,0,0,0,0,0,0,0,1.23484050909179,2.37945665295658,0.563613789103565,0.865068762886792,0,0,0,0,0,0,0,0,0,0,3043.24024314521,2878.08525223469,286.225710691382,546.217270409343,102.589240511658,160.502998969319,0,0,116.926156797895,110.580637936328,11.0279876820399,21.0472795510327,3.9530495776176,6.18461649584796,0,0,29939.6264348773,28309.5259007731,3365.76455291943,6367.72702444973,1347.39077040218,2056.96248541701,0,0,1150.30881701075,1087.69802426108,130.420196200456,246.961613617994,52.6058429204086,80.3758569759863,0,0,0,0,5.4832749254686,10.5909810400663,2.45075782314382,3.75748348883826,0,0,0,0,0,0,0,0,0,0,232.174502138526,235.895598928386,99.089766962482,204.443957692176,72.1999224595623,121.189821135066,0,0,8.92048858027751,9.06348730326621,3.79495050593163,7.82741179072423,2.75434281753062,4.62235635131208,0,0,525.54754539607,517.006666224997,176.948766684888,374.372263732501,152.026730569222,254.772834585918,0,0,20.1922876663227,19.8642265432261,6.78142040994667,14.3432702554419,5.80715022432281,9.72974564852003,0,0,0,0,23.3764425899558,49.3382223061379,17.8250716619527,28.6656439530729,0,0,0,0,0,0,0,0,0,0,147.684588570304,83.6711534614244,113.562376864519,112.394256652318
"55",1994,2344,4.5,6309.02464938098,5912.18444144089,809.013918303442,1525.26753550425,314.033825302127,480.395578794551,0,0,0,0,0,0,0,0,0,0,0,0,1.24990392538862,2.40813285209144,0.571694834719266,0.878126991082154,0,0,0,0,0,0,0,0,0,0,3052.66945325585,2882.34759564089,291.20398567553,555.852888896633,105.063019782554,164.606932394253,0,0,117.288442129249,110.744403986203,11.2198271368523,21.4186331703054,4.04835965293148,6.34273265306882,0,0,29851.0864955451,28178.2980032642,3402.39621859536,6437.0572944693,1370.96993536923,2095.02791367984,0,0,1146.90714560104,1082.65603042642,131.845893237654,249.665106684765,53.5294380099166,81.8687753248101,0,0,0,0,5.55249488456406,10.7252838849825,2.49529205087425,3.82966371605598,0,0,0,0,0,0,0,0,0,0,232.239812553572,235.621007925426,100.714998827285,207.873294724875,73.8059852893451,124.072672777608,0,0,8.92299816212245,9.05293706555868,3.85719591833532,7.95869326542894,2.81563963867555,4.73235290762249,0,0,521.693937759385,512.758251265314,179.243667264046,379.627312240789,154.778765353333,259.940433298531,0,0,20.0442272420802,19.7009955885489,6.86929962908621,14.5444226490236,5.91221652834223,9.92698038141583,0,0,0,0,23.7853529745429,50.2363774392954,18.2051404373275,29.3199644451228,0,0,0,0,0,0,0,0,0,0,150.372704759326,85.0930305783517,117.11822887259,115.866268519198
"56",1994,2344,4.58333333333333,6294.00148861859,5888.86405180006,817.499966840611,1541.05783964298,318.360599871124,487.359919369021,0,0,0,0,0,0,0,0,0,0,0,0,1.26481950808872,2.43652723826537,0.579821512047433,0.891256869253384,0,0,0,0,0,0,0,0,0,0,3062.45491701673,2886.93049606185,296.193145045146,565.528498563747,107.591176935279,168.805263136039,0,0,117.664415295555,110.920486349209,11.4120916159481,21.7915373938279,4.14576471005495,6.50448550882124,0,0,29762.9633749874,28047.9192298744,3438.17174466291,6504.89508221655,1394.70108065218,2133.37709712704,0,0,1143.52148805797,1077.64666136202,133.238741295171,252.311394562482,54.4591065637428,83.3730388446727,0,0,0,0,5.62116587803459,10.8585551517042,2.54020805424307,3.90252458800693,0,0,0,0,0,0,0,0,0,0,232.332452663246,235.371689550047,102.349889722131,211.324634350635,75.4446766345657,127.015494599993,0,0,8.92655779205328,9.04335784273328,3.91981269889993,8.0908198921045,2.87818496606671,4.84464315841223,0,0,517.854208463495,508.526535265756,181.527418972418,384.864774715707,157.561793285745,265.172050933133,0,0,19.8967000360495,19.5384062351141,6.95675025646194,14.7448974376713,6.01846677106317,10.1266592850535,0,0,0,0,24.196144647127,51.1393962085128,18.5904359638512,29.9840848710966,0,0,0,0,0,0,0,0,0,0,153.061735600559,86.5133279587354,120.742468315224,119.407072194657
"57",1994,2344,4.66666666666667,6278.95576268056,5865.6728554812,825.734656883873,1556.40751096932,322.6988103109,494.344297236676,0,0,0,0,0,0,0,0,0,0,0,0,1.27954236073989,2.4645638766666,0.587988472691791,0.904450908889442,0,0,0,0,0,0,0,0,0,0,3072.59702556683,2891.83320223056,301.195753344624,575.248345018646,110.174124362328,173.099084783945,0,0,118.054091324998,111.108856160468,11.6048792064082,22.1661546626019,4.24528066387051,6.66991722599791,0,0,29675.2564361722,27918.3856978918,3473.10572295831,6571.26215460686,1418.5731892081,2171.99558577336,0,0,1140.15181991488,1072.66976788726,134.59928894482,254.90129123332,55.3944231377067,84.8880899735042,0,0,0,0,5.68915255224762,10.9905726406028,2.5854907802606,3.97604688190599,0,0,0,0,0,0,0,0,0,0,232.452010884455,235.147348727869,103.993323920419,214.796345349077,77.1162083111585,130.018983780911,0,0,8.93115165647654,9.0347382975583,3.98275813287021,8.22372930878265,2.94198704873517,4.95925402940434,0,0,514.028962051148,504.312102996115,183.799552522996,390.083314162218,160.375486119008,270.467152292268,0,0,19.7497292756829,19.3764809507128,7.04375449649666,14.9446438154615,6.12588859175685,10.3287622409276,0,0,0,0,24.6086365682965,52.0469200433319,18.9809225042248,30.6579676317116,0,0,0,0,0,0,0,0,0,0,155.751995076629,87.932197131711,124.436046033575,123.017621990902
"58",1994,2344,4.75,6263.88308594387,5842.6057819674,833.721714688675,1571.32185133044,327.044819576637,501.343675413639,0,0,0,0,0,0,0,0,0,0,0,0,1.29403611208196,2.49218071641645,0.596189806557573,0.917700884084447,0,0,0,0,0,0,0,0,0,0,3083.0955125095,2897.05433806974,306.214142036258,585.016279929306,112.812275505895,177.489479949681,0,0,118.457459982193,111.309460548889,11.7982791040794,22.5426323805011,4.34692346237342,6.83906953762743,0,0,29587.9654446995,27789.6939313081,3507.21260419061,6636.18016379517,1442.57551675072,2210.8692253851,0,0,1136.79813217443,1067.72521644777,135.928079698971,257.435606787931,56.3349725010949,86.4133821187485,0,0,0,0,5.75634735320352,11.1211584768342,2.63112362822953,4.05020943510621,0,0,0,0,0,0,0,0,0,0,232.598104384805,234.947705343199,105.644388761867,218.287092860956,78.8207711753006,133.083808656795,0,0,8.93676504644129,9.0270676675388,4.0459973103425,8.35737054719283,3.00705333408226,5.07621134753941,0,0,510.218835189167,500.115579164991,186.059530296544,395.28150253947,163.21949516308,275.825177385962,0,0,19.6033394226821,19.2152437376493,7.13029193327424,15.1436074898654,6.23446885752989,10.5332682020376,0,0,0,0,25.0226309652041,52.9585621976158,19.3765592876642,31.341567523828,0,0,0,0,0,0,0,0,0,0,158.443792573418,89.3497878922688,128.19989944528,126.698866858733
"59",1994,2344,4.83333333333333,6248.77925294189,5819.65795071057,841.464793785976,1585.80608009297,331.395071852974,508.353100689101,0,0,0,0,0,0,0,0,0,0,0,0,1.30827154064648,2.51932740280798,0.604419219874047,0.930998052110228,0,0,0,0,0,0,0,0,0,0,3093.94956975227,2902.59201752613,311.25043103256,594.835798072437,115.506045715392,181.977523795473,0,0,118.874490218935,111.522227049291,11.9923724333923,22.9211043262377,4.45070912094743,7.01198388381233,0,0,29501.090486634,27661.8407798513,3540.50668914965,6699.67062902276,1466.69758615938,2249.98415171217,0,0,1133.46042815158,1062.81288600446,137.22565166653,259.915146721839,57.2803494302013,87.9483794440049,0,0,0,0,5.82266590394282,11.2501718975782,2.67708899549337,4.12498980049043,0,0,0,0,0,0,0,0,0,0,232.770374964619,234.772491215666,107.302347065392,221.795799293215,80.5585393920786,136.210613136788,0,0,8.94338419941993,9.02033564875407,4.10950206498475,8.49170252829079,3.07339063214417,5.19554001077122,0,0,506.424488900022,495.937619621928,188.306762948842,400.457844066509,166.093448255648,281.24553653632,0,0,19.4575558745232,19.0547197947132,7.21634016848254,15.341731577054,6.344193547034,10.7401550052919,0,0,0,0,25.4379176370747,53.8739145646539,19.7773002279109,32.0348313607148,0,0,0,0,0,0,0,0,0,0,161.137433174037,90.7662483771248,132.034955384615,130.451752560519
"60",1994,2344,4.91666666666667,6233.64021884584,5796.82465114339,848.967477134525,1599.86533643999,335.746090552286,515.367701825396,0,0,0,0,0,0,0,0,0,0,0,0,1.32222525087436,2.54596317176955,0.612670206754861,0.94433336556921,0,0,0,0,0,0,0,0,0,0,3105.15795785432,2908.4439537246,316.306549998839,604.710073968777,118.255853099187,186.564287482613,0,0,119.305134413925,111.747067796272,12.1872330585571,23.3016920497468,4.55665375633955,7.18870154553022,0,0,29414.6318903397,27534.8233421669,3573.00212024223,6761.75491889961,1490.9291816533,2289.3267845129,0,0,1130.13872047045,1057.93266508212,138.49253722111,262.340711248042,58.2301584932023,89.4925566481367,0,0,0,0,5.8880425536055,11.3775023091627,2.72336880622876,4.20036487971655,0,0,0,0,0,0,0,0,0,0,232.968485132569,234.621447264852,108.966610482382,225.321606463448,82.3296744281614,139.400020866387,0,0,8.95099614852808,9.01453228691823,4.17324994891059,8.62669260545841,3.14100526926609,5.31726414822055,0,0,502.646601152295,491.77890294377,190.540625218011,405.610797441218,168.996947009093,286.727605795358,0,0,19.3124046797733,18.8949351939137,7.30187542859578,15.5389574553675,6.4550476447652,10.9493991958873,0,0,0,0,25.8542780816616,54.7925542134152,20.1830936658579,32.7376976243549,0,0,0,0,0,0,0,0,0,0,163.833217944509,92.1817251369903,135.94213284415,134.277223764516
"61",1995,2344,5,6216.2959401322,5771.24532884697,857.659181723762,1616.19217015149,340.036600541543,522.542670614331,0,0,0,0,0,0,0,0,0,0,0,0,1.33592308624877,2.5727107356199,0.620820110243017,0.957978557273203,0,0,0,0,0,0,0,0,0,0,3116.28557104017,2914.11222597502,321.719029090211,615.300332339348,121.042373755956,191.310932352836,0,0,119.732675107462,111.96485188066,12.3957891138405,23.7098131827603,4.66401246678092,7.37157875167386,0,0,29323.7076396236,27402.9134573864,3608.19042224534,6829.43710211374,1514.99071911576,2329.5824080046,0,0,1126.64543653352,1052.86446847817,139.862774130614,264.981792834201,59.1734721115041,91.07269764848,0,0,0,0,5.95233688019894,11.5054932582562,2.76942591589104,4.27756440579404,0,0,0,0,0,0,0,0,0,0,233.055544846931,234.549851802182,110.621367851026,229.132811451558,84.0731127223405,142.815124501647,0,0,8.95434137154612,9.01178146358616,4.23664103690763,8.77262323006637,3.20756776292459,5.44760531001195,0,0,498.820403241551,487.571396098377,192.792681914311,410.887545525123,171.89529974016,292.359667903754,0,0,19.1653973314965,18.7332759969037,7.38811282062942,15.7409334149286,6.56570640427913,11.1643722998799,0,0,0,0,26.2690117815597,55.7222316416041,20.589990682164,33.4598796101449,0,0,0,0,0,0,0,0,0,0,166.621045954989,93.4557419845685,140.055067072171,137.789167779687
"62",1995,2344,5.08333333333333,6198.34326305943,5745.03652864449,866.454803397483,1632.75257820461,344.321936812245,529.779593286761,0,0,0,0,0,0,0,0,0,0,0,0,1.34974841952073,2.5997794152464,0.628953314461601,0.97173404132068,0,0,0,0,0,0,0,0,0,0,3127.68738325175,2919.98878379399,327.245013300043,626.135352354749,123.887843747797,196.188677529913,0,0,120.170750966059,112.190638629676,12.608715055507,24.1273604616664,4.77364149927853,7.55950568568788,0,0,29231.8939640095,27270.3263739074,3643.44568659528,6897.48343258448,1539.10743064774,2370.29533413011,0,0,1123.1179791262,1047.77025285195,141.235577995343,267.637072628094,60.1190666513614,92.6709719196972,0,0,0,0,6.01676668720643,11.6342307686892,2.81563189298845,4.35571082380804,0,0,0,0,0,0,0,0,0,0,233.139382198699,234.509774308645,112.292479253991,233.035411093667,85.8378171106633,146.332882756668,0,0,8.95756278656968,9.0102416112034,4.30066298032425,8.92206178497606,3.27494644293557,5.58187105591638,0,0,494.984581865464,483.36818825669,195.033596257101,416.191969151255,174.807051442728,298.087961209018,0,0,19.018020227746,18.5717819748884,7.47392468244406,15.9439706438134,6.67687865839206,11.3830214379014,0,0,0,0,26.6837621649595,56.6570385276595,21.0005992062415,34.1944928179124,0,0,0,0,0,0,0,0,0,0,169.433929087872,94.6917288878686,144.278379605161,141.267755064172
"63",1995,2344,5.16666666666667,6180.36115324721,5718.96363390708,874.970300834024,1648.82217195604,348.615527379661,537.032707895318,0,0,0,0,0,0,0,0,0,0,0,0,1.36364169086976,2.6269154394247,0.637102649488845,0.985526129800531,0,0,0,0,0,0,0,0,0,0,3139.48198313633,2926.20728272672,332.796571454285,637.042872725922,126.798493847009,201.184302243653,0,0,120.623918355186,112.429563303103,12.8226328684441,24.5477120779033,4.88578109692541,7.75197308147261,0,0,29140.50308472,27138.6004992974,3677.83767088688,6964.02371707289,1563.34542000485,2411.27233266197,0,0,1119.60676528249,1042.70912630922,142.575227866157,270.23457401287,61.0695275151881,94.2798316973709,0,0,0,0,6.08123183955627,11.7628685510068,2.86213144128487,4.43447944196703,0,0,0,0,0,0,0,0,0,0,233.256916710289,234.485893958235,113.98391480643,236.957149174198,87.641053687251,149.911338701381,0,0,8.96207889748005,9.00932407901438,4.36546642605976,9.07223937924147,3.34380039644528,5.71846157303373,0,0,491.156937796587,479.188164303085,197.254693568667,421.483596606854,177.74063587448,303.88850738829,0,0,18.8709572998326,18.4111787154506,7.55897743773054,16.1465167849417,6.78888676517732,11.6044314650196,0,0,0,0,27.0991543120882,57.5946878066832,21.4158858080758,34.938893630979,0,0,0,0,0,0,0,0,0,0,172.248028034882,95.9275470682202,148.5779942789,144.817276292156
"64",1995,2344,5.25,6162.34570949785,5693.02200663279,883.209911155839,1664.40683635053,352.91335133347,544.296384154997,0,0,0,0,0,0,0,0,0,0,0,0,1.37751527840204,2.65397364374925,0.645267440147726,0.999352647567161,0,0,0,0,0,0,0,0,0,0,3151.66617712652,2932.76395097533,338.3754004219,648.026017699427,129.774325385962,206.298887835768,0,0,121.092054572878,112.681480982437,13.0376072545232,24.9709873708238,5.00043146274235,7.94902277042182,0,0,29049.5364418636,27007.7336757833,3711.3815642906,7029.08051378351,1587.69394119915,2452.49922951124,0,0,1116.11185034102,1037.68100594436,143.882295586725,272.775141494001,62.0244388782518,95.8987287718075,0,0,0,0,6.14549933739205,11.8910336246941,2.90892397689428,4.51386829564297,0,0,0,0,0,0,0,0,0,0,233.407414106262,234.478607124773,115.693865904859,240.897662449044,89.4830832885756,153.552572682897,0,0,8.96786149235929,9.00904409633699,4.43098206971001,9.22314213092046,3.41413989978593,5.85745677477057,0,0,487.338891321071,475.031507616121,199.456488107549,426.76013760246,180.69599330432,309.759677126248,0,0,18.7242631172596,18.251473264287,7.64329103105076,16.3484847138952,6.90172867425445,11.828540721656,0,0,0,0,27.5151144133194,58.5349798265904,21.8357868701008,35.6930055933153,0,0,0,0,0,0,0,0,0,0,175.063745021295,97.1632829373218,152.955244849573,148.438562664943
"65",1995,2344,5.33333333333333,6144.29315013533,5667.20713849244,891.177776334116,1679.51234579089,357.211480897032,551.565082217554,0,0,0,0,0,0,0,0,0,0,0,0,1.39129771041255,2.68083476899285,0.653445188719038,1.01320917419388,0,0,0,0,0,0,0,0,0,0,3164.23666505311,2939.65488681637,343.983080654069,659.087640709684,132.815404837219,211.533533617179,0,0,121.575032821355,112.946241757223,13.2536985021093,25.397295362934,5.11759528167905,8.15069725152714,0,0,28958.9954790181,26877.7237846827,3744.09235120752,7092.67617999589,1612.14250485889,2493.96212572551,0,0,1112.63328977346,1032.68581035368,145.157345497602,275.259612371085,62.9833945128534,97.5271250961471,0,0,0,0,6.20938168012437,12.0184240996082,2.95600390500394,4.59386952291862,0,0,0,0,0,0,0,0,0,0,233.590179838995,234.488267665226,117.420782354373,244.856733151205,91.3641103626198,157.258516878259,0,0,8.9748838856879,9.0094152589235,4.49715054038771,9.37476178998356,3.48597305534351,5.99893091219812,0,0,483.531821445732,470.89845668421,201.639324190314,432.019318740009,183.673037353365,315.699917413103,0,0,18.5779906635145,18.0926747845032,7.72687888637534,16.5497879364207,7.0154013362879,12.0552904848115,0,0,0,0,27.9315339761013,59.4776594357163,22.2602371022943,36.4567481987804,0,0,0,0,0,0,0,0,0,0,177.881473462393,98.3990249299413,157.411438733412,152.132465371402
"66",1995,2344,5.41666666666667,6126.19979901794,5641.51463577208,898.877951843309,1694.14437512727,361.506075467547,558.833347375423,0,0,0,0,0,0,0,0,0,0,0,0,1.40493002471221,2.70739974495085,0.661632169023958,1.0270897571142,0,0,0,0,0,0,0,0,0,0,3177.19009065628,2946.87611321597,349.621088848904,670.230361495313,135.921854471094,216.889357803142,0,0,122.072724147749,113.223692823459,13.4709629639551,25.8267361723519,5.2372773661865,8.35703973157211,0,0,28868.8816116418,26748.5687124703,3775.98481666189,7154.83286849648,1636.68086489514,2535.6473820549,0,0,1109.17113797077,1027.72345833165,146.400934622091,277.688816574156,63.9459972952262,99.164492218052,0,0,0,0,6.27272636972154,12.1447930885598,3.00336233042684,4.67447133276589,0,0,0,0,0,0,0,0,0,0,233.804554132863,234.515191103811,119.163328260844,248.834258965418,93.2842985256868,161.030978241016,0,0,8.98312072793486,9.01044968972036,4.56392070213228,9.52709457366178,3.55930639094703,6.14295345277907,0,0,479.737066252335,466.789294419185,203.803411259253,437.258894996028,186.671649066013,321.707731678207,0,0,18.4321913496814,17.9347941460241,7.80974925391123,16.7503410339796,7.1299004727372,12.2846242065928,0,0,0,0,28.3482796043763,60.4224311056194,22.68916841114,37.2300356288541,0,0,0,0,0,0,0,0,0,0,180.701598805475,99.6348631928059,161.947861581307,155.899854349057
"67",1995,2344,5.5,6108.06208294664,5615.94021636507,906.31440780882,1708.30850168483,365.793382398666,566.095811347069,0,0,0,0,0,0,0,0,0,0,0,0,1.41836437570766,2.73358749744828,0.669823647769551,1.04098717960005,0,0,0,0,0,0,0,0,0,0,3190.52306629773,2954.42360453673,355.290801117216,681.456577423215,139.093848238481,222.367497658622,0,0,122.584998393579,113.513679509718,13.6894531756038,26.2594014427771,5.35948449994832,8.56809413250315,0,0,28779.1962090165,26620.2663328107,3807.07353974685,7215.57251523691,1661.29902217648,2577.54162247362,0,0,1105.7254475495,1022.79386818057,147.613612417668,280.063576196956,64.9118593478287,100.81031141228,0,0,0,0,6.33541190759792,12.2699425499164,3.05098768127551,4.75565873017496,0,0,0,0,0,0,0,0,0,0,234.049910670971,234.559655786563,120.920364997078,252.830240448009,95.2437775393977,164.871647249831,0,0,8.99254795510039,9.01215808322871,4.63124899795466,9.68014067886899,3.63414512852447,6.28958941566987,0,0,475.955921258109,462.704343451227,205.94883877751,442.476657675649,189.691672830247,327.781670303896,0,0,18.2869149514495,17.7778437448174,7.8919057819351,16.9500599705211,7.24522041861789,12.5164871512327,0,0,0,0,28.7651970265761,61.3689651870242,23.1225093673844,38.0127760400324,0,0,0,0,0,0,0,0,0,0,183.524498677078,100.870889452467,166.565779262189,159.741618380246
"68",1995,2344,5.58333333333333,6089.87652519737,5590.4797025928,913.491033258521,1722.01021088151,370.069734754418,573.347190638577,0,0,0,0,0,0,0,0,0,0,0,0,1.43156203472328,2.75933179344544,0.678014190378134,1.0548933303209,0,0,0,0,0,0,0,0,0,0,3204.23220154603,2962.2933177843,360.993500116211,692.76848449396,142.331605738427,227.969109471171,0,0,123.111725293046,113.816046477694,13.9092181242916,26.6953751424932,5.48422520872488,8.783905092914,0,0,28689.9405756942,26492.8144871023,3837.37289336861,7274.91683278942,1685.9872198636,2619.63172873486,0,0,1102.29626863892,1017.89695696302,148.795920757599,282.384705236387,65.8806018697825,102.464073481939,0,0,0,0,6.39734205869295,12.3937144541807,3.09886657618748,4.83741452095622,0,0,0,0,0,0,0,0,0,0,234.325653941143,234.621905412305,122.690925401849,256.844763344263,97.2426522319883,168.782111483831,0,0,9.00314268674486,9.01454980274834,4.69909845662864,9.83390359684354,3.7104935277994,6.43889989157692,0,0,472.189639175294,458.643959581826,208.075597030286,447.67044189363,192.732912994187,333.920318409707,0,0,18.1422095998753,17.621837251346,7.97334831534888,17.1488623818644,7.36135399115463,12.7508259270688,0,0,0,0,29.1821165100354,62.316906344303,23.5601846498005,38.8048708944994,0,0,0,0,0,0,0,0,0,0,186.350543320903,102.107196815945,171.266440733971,163.658664554989
"69",1995,2344,5.66666666666667,6071.63974037745,5565.12901531258,920.411639870378,1735.25490126626,374.331549616158,580.582285544586,0,0,0,0,0,0,0,0,0,0,0,0,1.44449164567919,2.78457847938112,0.686197914447183,1.06879951093478,0,0,0,0,0,0,0,0,0,0,3218.31412774268,2970.48121978301,366.730381658236,704.168096459995,145.635386330056,233.695368070481,0,0,123.652775416905,114.130638766325,14.1303034980174,27.1347342914295,5.61150953646377,9.0045179518888,0,0,28601.1159354893,26366.2109677703,3866.89704314085,7332.88730316143,1710.73593980043,2661.90483627102,0,0,1098.88364826598,1013.03263985997,149.948393881377,284.653009309613,66.8518550072085,104.125278609966,0,0,0,0,6.45844086613026,12.5159830806278,3.14698453583212,4.91972013967873,0,0,0,0,0,0,0,0,0,0,234.631216865284,234.702151504659,124.474190134821,260.877982479585,99.2810103231585,172.763868160843,0,0,9.0148831349056,9.01763297535615,4.76743778272897,9.98838948907768,3.78835518777038,6.59094252285324,0,0,468.439429655681,454.608525640106,210.183596134377,452.838133380762,195.795131191953,340.122284601113,0,0,17.9981217715669,17.4667893745177,8.05407362524323,17.3466678386374,7.47829238575833,12.9875880554792,0,0,0,0,29.598857566768,63.2658809269096,24.0021146244725,39.6062144325764,0,0,0,0,0,0,0,0,0,0,189.180095993266,103.343879577117,176.05108078151,167.651917811615
"70",1995,2344,5.75,6053.34843139415,5539.8841702139,927.079964787372,1748.04788829943,378.575326846229,587.795979545266,0,0,0,0,0,0,0,0,0,0,0,0,1.45712815503944,2.80928376783811,0.694368618356033,1.08269659521798,0,0,0,0,0,0,0,0,0,0,3232.76551188999,2978.98330312774,372.502559724652,715.65725834734,149.005484427951,239.547465645402,0,0,124.208020706054,114.4573024047,14.3527518745949,27.5775494752449,5.74134886608141,9.22997870515074,0,0,28512.7234228204,26240.4535090535,3895.65994704893,7389.50517328939,1735.53589934026,2704.34833090177,0,0,1095.48763002273,1008.20082981681,151.071558375799,286.869285475012,67.8252577389322,105.793436240413,0,0,0,0,6.51864963021738,12.6366502977389,3.19532632836034,5.00255606011735,0,0,0,0,0,0,0,0,0,0,234.966059121049,234.80057546115,126.26947110163,264.93011086344,101.358927281371,176.818333219441,0,0,9.02774853961323,9.02141457063617,4.83624071924377,10.1436067656715,3.86773323385084,6.74577185108003,0,0,464.706459386198,450.598447072114,212.272678996601,457.977672509357,198.878045463666,346.386193369684,0,0,17.8546962923576,17.312715692219,8.13407590589945,17.5433980014434,7.5960251412022,13.2267216796478,0,0,0,0,30.0152317409315,64.2155014127762,24.4482152369169,40.4166935126714,0,0,0,0,0,0,0,0,0,0,192.013513264451,104.58103306681,180.920922050682,171.722320546517
"71",1995,2344,5.83333333333333,6034.99938663604,5514.74127429005,933.499673507946,1760.39440822776,382.797647827286,594.98323872957,0,0,0,0,0,0,0,0,0,0,0,0,1.4694517569057,2.83341255011881,0.702519910203542,1.0965751878828,0,0,0,0,0,0,0,0,0,0,3247.58306951063,2987.79560111596,378.311071549927,727.237660049132,152.442224824141,245.526610497623,0,0,124.777334965621,114.795884985764,14.5766029134198,28.0238853622013,5.87375574120636,9.46033395872596,0,0,28424.7640747918,26115.539778565,3923.67535526035,7444.79145067331,1760.3780478916,2746.94984531399,0,0,1092.10825376198,1003.40143721904,152.165933161303,289.034322058121,68.8004577518289,107.468064951455,0,0,0,0,6.5779239259198,12.7556409093433,3.24387631909975,5.08590220841389,0,0,0,0,0,0,0,0,0,0,235.329665450312,234.917330646954,128.076195064821,269.00140897485,103.476470917026,180.946850253002,0,0,9.04171910390048,9.02590048112461,4.90548541731203,10.2995656706665,3.94863049489693,6.90343965899778,0,0,460.991852286095,446.614147555406,214.342634044681,463.087058046366,201.981329632789,352.710677694079,0,0,17.7119763448814,17.1596324828204,8.2133472630416,17.7389767655005,7.71454011461879,13.4681752809369,0,0,0,0,30.431045348904,65.1653707758269,24.8983979092151,41.2361874602726,0,0,0,0,0,0,0,0,0,0,194.85114532667,105.81875350183,185.877177080159,175.87083221333
"72",1995,2344,5.91666666666667,6016.58947750787,5489.69652262162,939.67436279206,1772.29962198073,386.995174217156,602.139111281183,0,0,0,0,0,0,0,0,0,0,0,0,1.48144690546978,2.85693681470222,0.710645325800547,1.11042577004674,0,0,0,0,0,0,0,0,0,0,3262.7635758066,2996.91420097123,384.156882610657,738.910849436523,155.94595809183,251.634025631995,0,0,125.360594293711,115.146236174388,14.8018935436917,28.4738012016735,6.0087436909543,9.69563087623634,0,0,28337.2388244739,25991.46737007,3950.95681017863,7498.7668994304,1785.25356323465,2789.69725539137,0,0,1088.74555533923,998.634369614838,153.232029487394,291.148898493377,69.7771113076615,109.148692323019,0,0,0,0,6.63623081371837,12.8728982981128,3.29261878971839,5.16973834036593,0,0,0,0,0,0,0,0,0,0,235.721544003411,235.052544495041,129.893887956184,273.092174620752,105.633705536247,185.150699062672,0,0,9.05677593018596,9.03109560300079,4.97515383298231,10.456277889573,4.03104966334178,7.06399529782837,0,0,457.296689811153,442.656064763089,216.393207287408,468.164350465197,205.104613042458,359.094372113042,0,0,17.5700034802615,17.007556562424,8.29187817629396,17.9333303881798,7.83382347025437,13.7118974132606,0,0,0,0,30.8461020200125,66.1150865493572,25.3525694728888,42.0645679609677,0,0,0,0,0,0,0,0,0,0,197.69333630143,107.057137836406,190.921050273221,180.098428914959
"73",1996,2344,6,5996.65832676167,5462.73018203623,946.511657967909,1785.49064602716,391.150544614237,609.364354421339,0,0,0,0,0,0,0,0,0,0,0,0,1.49319342085413,2.88028909004526,0.718705000795037,1.1244243832352,0,0,0,0,0,0,0,0,0,0,3278.27105362115,3006.35349855443,390.046483034343,750.768839087593,159.511390053377,257.916443823336,0,0,125.956416390428,115.508909082569,15.0288720464648,28.9308392590872,6.14610854878081,9.93766981304552,0,0,28248.9937986513,25867.1995412055,3977.9830326588,7553.04631417527,1810.06986776991,2833.04632165459,0,0,1085.35520099466,993.859793727351,154.288199732645,293.275297431222,70.751598561328,110.853151401218,0,0,0,0,6.693464755829,12.9895887911792,3.34137983326798,5.25490827710928,0,0,0,0,0,0,0,0,0,0,236.094068774093,235.244626136267,131.720292515312,277.36124165583,107.81108797333,189.551549149923,0,0,9.07108915303532,9.03847567681923,5.04516155446566,10.6198289011595,4.1142452150638,7.23208149103364,0,0,453.622486357908,438.740498597614,218.412878348205,473.241463271288,208.236263666622,365.598503794462,0,0,17.42883588369,16.8571141994476,8.3692269457841,18.1276808746175,7.95343127998566,13.9602265882621,0,0,0,0,31.259445218458,67.0697520200217,25.8093929470225,42.9087451509877,0,0,0,0,0,0,0,0,0,0,200.563241957547,108.217027269444,196.095212398625,184.131450288439
"74",1996,2344,6.08333333333333,5976.61763754802,5435.80286259473,953.115606920801,1798.26595529255,395.283305925771,616.564853210229,0,0,0,0,0,0,0,0,0,0,0,0,1.50482645258336,2.90341479290978,0.726729389051897,1.1383908938309,0,0,0,0,0,0,0,0,0,0,3294.15788862572,3016.10711200124,395.989152703351,762.751855124266,163.147735416556,264.338803708636,0,0,126.566813997042,115.883658508874,15.25789597954,29.3926965349697,6.28620521076596,10.1850995610384,0,0,28161.1257558683,25743.7120962659,4004.30364929376,7606.08478030641,1834.90286657083,2876.54755531901,0,0,1081.97933007614,989.115201494104,155.317166628936,295.353909199384,71.7268838909796,112.563855407989,0,0,0,0,6.7498346881723,13.1047914454426,3.39029766217958,5.34058022715653,0,0,0,0,0,0,0,0,0,0,236.495420942115,235.454020591877,133.557441783811,281.64682816967,110.028889584947,194.030529603353,0,0,9.0865099685677,9.04652093670554,5.11558458707732,10.7840209965744,4.19899099141693,7.40316372854837,0,0,449.964199206162,434.850943993335,220.411148449816,478.292644794548,211.383843089414,372.167583096174,0,0,17.2882798064183,16.7076712427755,8.44575848843697,18.3210434501094,8.07365269290328,14.2110445342893,0,0,0,0,31.6715895696599,68.0237737387882,26.2699005144932,43.7619467107728,0,0,0,0,0,0,0,0,0,0,203.438594235298,109.375323738597,201.360864169933,188.233689237488
"75",1996,2344,6.16666666666667,5956.51262797493,5408.97756223287,959.460047090326,1810.5739732294,399.39054608531,623.732147752176,0,0,0,0,0,0,0,0,0,0,0,0,1.5162942081539,2.92621525021259,0.734717091651264,1.15231471091988,0,0,0,0,0,0,0,0,0,0,3310.41940831195,3026.16838069994,401.984335933819,774.856485431663,166.855414539152,270.900944283797,0,0,127.19160758831,116.27022854195,15.4889440660994,29.8592418300152,6.42904994795,10.4379140282069,0,0,28073.6754499387,25621.0387064803,4029.91629497872,7657.84993600105,1859.74718908691,2920.17468860342,0,0,1078.61950841714,984.401886616484,156.318831954103,297.383464670529,72.7027577582391,114.279777616272,0,0,0,0,6.80531076556039,13.2184064980818,3.43936542989956,5.42671131023175,0,0,0,0,0,0,0,0,0,0,236.926657334488,235.679744383991,135.405525656376,285.945657594773,112.287943332461,198.58565449322,0,0,9.10307898177222,9.05519359585796,5.18643031919228,10.9487290026204,4.28531907603806,7.5771668707782,0,0,446.323231320619,430.987428239412,222.38814845363,483.3141659783,214.547417030032,378.797913077218,0,0,17.1483891524133,16.5592287409002,8.52147803136087,18.513275864371,8.19449056055947,14.4642108835514,0,0,0,0,32.0823860372009,68.9766098206605,26.7340304145313,44.6238087991639,0,0,0,0,0,0,0,0,0,0,206.319012817159,110.534690837109,206.717996872217,192.41498724997
"76",1996,2344,6.25,5936.34102130459,5382.25127905231,965.548850356478,1822.42024925771,403.468843180165,630.861108325511,0,0,0,0,0,0,0,0,0,0,0,0,1.5275535854689,2.94861576982279,0.742664594283836,1.16618991161542,0,0,0,0,0,0,0,0,0,0,3327.04974482294,3036.53126414651,408.031494096175,787.081862443545,170.634598461167,277.603980444723,0,0,127.830571711785,116.668387095972,15.7219956339296,30.3304418973137,6.57464941114846,10.6961562677852,0,0,27986.6454115369,25499.1784033943,4054.83444992252,7708.36268421017,1884.59484477108,2963.9164898842,0,0,1075.27583325398,979.719811884561,157.293705550067,299.364749907139,73.6789077691358,116.000478835935,0,0,0,0,6.85986815127114,13.3303863036817,3.48857054628781,5.51328526652178,0,0,0,0,0,0,0,0,0,0,237.387232198913,235.922044555573,137.264632865651,290.259552629347,114.588366820639,203.218739653666,0,0,9.12077522403769,9.06450314606411,5.25770232275751,11.1140230993472,4.3732342396408,7.75416081055037,0,0,442.700984223207,427.150472824926,224.343680371101,488.30346890421,217.726662567359,385.487683609308,0,0,17.0092177702141,16.4118067302677,8.59637818282074,18.7042806905837,8.31593289236864,14.7196573183298,0,0,0,0,32.4916605136931,69.9278912628096,27.2016738044298,45.4941778094831,0,0,0,0,0,0,0,0,0,0,209.204858053856,111.695209553474,212.167862672083,196.676240503571
"77",1996,2344,6.33333333333333,5916.10052354033,5355.62100176739,971.38580356434,1833.81023163898,407.514857090678,637.946687039281,0,0,0,0,0,0,0,0,0,0,0,0,1.53856988562712,2.97055562388052,0.750567614757023,1.18000957535838,0,0,0,0,0,0,0,0,0,0,3344.04364617086,3047.19028107701,414.13020147876,799.427270374335,174.485515114595,284.449082051354,0,0,128.483504577697,117.077923572014,15.9570343403133,30.8062693027366,6.72301243091614,10.9598714354247,0,0,27900.0376744562,25378.1297894944,4079.07129596627,7757.64352497052,1909.43804107679,3007.7619335531,0,0,1071.94838273204,975.068923603274,158.242286085214,301.298535925906,74.6550289613665,117.725527461732,0,0,0,0,6.91348992570941,13.440696913752,3.5379002188151,5.6002854678976,0,0,0,0,0,0,0,0,0,0,237.876616816947,236.181128306596,139.134833294035,294.590144367749,116.930267779499,207.931500995438,0,0,9.13957838121657,9.07445754828005,5.32940344345421,11.2799661252431,4.46274087087606,7.93421162901316,0,0,439.098767596831,423.340578688865,226.277543219384,493.258179368457,220.921203614692,392.23510425931,0,0,16.870815979769,16.2654244577568,8.67045143894118,18.893967540611,8.43796567248361,14.9773162824394,0,0,0,0,32.8992384317331,70.8772466253476,27.6727180336029,46.3728931518774,0,0,0,0,0,0,0,0,0,0,212.096483631442,112.856962017033,217.711718168168,201.018377075859
"78",1996,2344,6.41666666666667,5895.78884053925,5329.0837248761,976.97461711323,1844.74927976092,411.525325998719,644.983915611806,0,0,0,0,0,0,0,0,0,0,0,0,1.54931497007103,2.99198505656132,0.758421373179484,1.19376612063766,0,0,0,0,0,0,0,0,0,0,3361.3963600749,3058.14040304767,420.280122248009,811.892113223424,178.408436440418,291.437461249685,0,0,129.150223595816,117.498644769225,16.1940472894791,31.2867012000692,6.87414952396439,11.2291063038458,0,0,27813.8538620325,25257.8911174996,4102.63974116965,7805.71258926878,1934.26917511106,3051.70019255705,0,0,1068.63721922619,970.449154638936,159.165061981318,303.185579976011,75.6308234989104,119.45449920879,0,0,0,0,6.96616528129722,13.5493150314879,3.58734165125202,5.68769517797648,0,0,0,0,0,0,0,0,0,0,238.394300014883,236.45716939217,141.016184316598,298.93890330665,119.313748895467,212.725569731204,0,0,9.15946881325412,9.0850634784565,5.4015360431813,11.4466147630934,4.55384316249433,8.11738217754337,0,0,435.517810160044,419.558229392097,228.189533736967,498.176082869765,224.130615267264,399.038398106461,0,0,16.733230990256,16.1201005025511,8.74369021018242,19.0822521439663,8.56057302443471,15.2371207435997,0,0,0,0,33.3049461403751,71.8243045215885,28.1470468436124,47.2597875540787,0,0,0,0,0,0,0,0,0,0,214.994237034636,114.020031259656,223.350823663872,205.44235328132
"79",1996,2344,6.5,5875.40368908964,5302.63645860214,982.318926968382,1855.24266799036,415.497067946707,651.967908014489,0,0,0,0,0,0,0,0,0,0,0,0,1.55976649773847,3.01286404407358,0.766220704046141,1.20745144571162,0,0,0,0,0,0,0,0,0,0,3379.10358494809,3069.37700969954,426.481000133551,824.475900122241,182.403672323319,298.570366569537,0,0,129.830563492294,117.930373166026,16.4330246374641,31.7717187698987,7.02807266071105,11.5039090367686,0,0,27728.0952216301,25138.4603231389,4125.5524226718,7852.58964316756,1959.08083668585,3095.7206425017,0,0,1065.34239066583,965.8604256786,160.062511524443,305.026625702116,76.6060007925413,121.186977270833,0,0,0,0,7.01788876692385,13.6562267372251,3.63688212941119,5.77549766411687,0,0,0,0,0,0,0,0,0,0,238.939788941031,236.750310600638,142.90873357132,303.307151445185,121.738909990433,217.602498016192,0,0,9.18042758405304,9.09632642275137,5.4741021058349,11.6140200023927,4.64654519531478,8.30373229351914,0,0,431.959262866998,415.80389202685,230.079447210491,503.055116757209,227.354424860916,405.895798348373,0,0,16.5965070230294,15.9758528110826,8.81608685227774,19.2690560457948,8.68373725080186,15.499004063017,0,0,0,0,33.7086116959787,72.7686950211042,28.6245403925983,48.1546870141486,0,0,0,0,0,0,0,0,0,0,217.898459600863,115.184501102898,229.086443083237,209.949152646263
"80",1996,2344,6.58333333333333,5854.94280906685,5276.27623954228,987.422299551881,1865.29559307386,419.426979928047,658.89386075038,0,0,0,0,0,0,0,0,0,0,0,0,1.56990683894521,3.03316052426145,0.77396020722805,1.22105711812651,0,0,0,0,0,0,0,0,0,0,3397.16139917457,3080.89582460078,432.732643748812,837.178224770447,186.471562177602,305.849074492083,0,0,130.524373592377,118.372944455066,16.6739590296592,32.2613064321207,7.18479494280893,11.7843288659587,0,0,27642.7626763917,25019.8350728247,4147.82171923078,7898.29410504893,1983.86580536427,3139.81285966033,0,0,1062.06393252317,961.302647061749,160.935103338639,306.822403798028,77.5802773954987,122.922552254952,0,0,0,0,7.06865922291788,13.7614256855678,3.68650912793746,5.86367633879001,0,0,0,0,0,0,0,0,0,0,239.512609356919,237.060667612965,144.812522530808,307.696081016074,124.20585066925,222.563768050681,0,0,9.20243647266219,9.10825082581368,5.54710337385967,11.7822278557113,4.74085104029134,8.49331914820559,0,0,428.424205141065,412.078018741646,231.947078424953,507.893356190123,230.592114867055,412.805544339529,0,0,16.4606855511252,15.832698755622,8.88763370180256,19.4543060677412,8.8074389427877,15.7628998429121,0,0,0,0,34.1100657308497,73.7100512374991,29.1050753947789,49.0574109652071,0,0,0,0,0,0,0,0,0,0,220.809486783917,116.3504560029,234.919843716785,214.539783827354
"81",1996,2344,6.66666666666667,5834.40397353206,5250.00013939944,992.288235632793,1874.91318012126,423.312037487107,665.757053605185,0,0,0,0,0,0,0,0,0,0,0,0,1.57972226140703,3.05284906310836,0.781634352538904,1.23457450720775,0,0,0,0,0,0,0,0,0,0,3415.56620583053,3092.69286545913,439.03491488349,849.998748934223,190.612468164459,313.274882600178,0,0,131.2315156965,118.826205630309,16.916845152101,32.7554512138269,7.34433034313453,12.07041582883,0,0,27557.8568654044,24902.0128006311,4169.45976067924,7942.84505851759,2008.61704831641,3183.9666197314,0,0,1058.80186935644,956.775720201063,161.78329674316,308.573632496384,78.5533769288797,124.660822142883,0,0,0,0,7.11847898433303,13.8649117503108,3.73621037860259,5.95221485191155,0,0,0,0,0,0,0,0,0,0,240.11230570086,237.388332033474,146.727588986409,312.106769178798,126.714672060865,227.610799178606,0,0,9.22547797571912,9.12084020722922,5.62054144326384,11.9512799207133,4.83676482568434,8.68619751798434,0,0,424.913649743134,408.381047714978,233.792222706873,512.68900316378,233.843125509333,419.765878453234,0,0,16.3258054863076,15.6906551716895,8.95832311533747,19.6379338862123,8.93165707929582,16.0287418055467,0,0,0,0,34.5091420980555,74.6480105301781,29.5885252610881,49.967772432423,0,0,0,0,0,0,0,0,0,0,223.727648379536,117.517980924004,240.852296135136,219.215278989271
"82",1996,2344,6.75,5813.78499744226,5223.80527238842,996.920173872827,1884.1004880167,427.149294335737,672.552850401772,0,0,0,0,0,0,0,0,0,0,0,0,1.58920227683587,3.07190977677188,0.78923755378633,1.24799487940162,0,0,0,0,0,0,0,0,0,0,3434.31468582835,3104.76440223224,445.387718473327,862.937188260103,194.826769355934,320.849103646025,0,0,131.951862280009,119.290013377563,17.1616793469247,33.2541422057336,7.50669348201479,12.3622205411419,0,0,27473.3781776866,24784.990739454,4190.47843644141,7986.26126389617,2033.32771787164,3228.1718962186,0,0,1055.55621611577,952.27953877964,162.607542073776,310.281018004356,79.5250299951919,126.401392237657,0,0,0,0,7.16735324417218,13.9666899339803,3.78597391113431,6.04109714874786,0,0,0,0,0,0,0,0,0,0,240.738440907558,237.733373999036,148.653968812478,316.540190616644,129.265477926071,232.744953945555,0,0,9.24953530051925,9.13409726176983,5.69441783116833,12.1212138621261,4.93429077985408,8.88242001571933,0,0,421.428547068195,404.713403819831,235.614677044259,517.440376926504,237.106857430513,426.775043474055,0,0,16.1919033441504,15.5497383835858,9.0281475115839,19.8198756638942,9.056369127995,16.2964636924948,0,0,0,0,34.905678354947,75.5822154362429,30.0747602592191,50.8855782173068,0,0,0,0,0,0,0,0,0,0,226.653268753038,118.687161227833,246.885074203959,223.976692374069
"83",1996,2344,6.83333333333333,5793.08374543444,5197.68880174939,1001.32149415709,1892.86251447646,430.935881991136,679.276699772771,0,0,0,0,0,0,0,0,0,0,0,0,1.59833907958979,3.09032740327656,0.79676422947228,1.26130947681324,0,0,0,0,0,0,0,0,0,0,3453.40375665819,3117.10692050314,451.790993655204,875.993299557183,199.114856474886,328.573060083717,0,0,132.685294907947,119.764232667307,17.4084592693535,33.757370074771,7.67189942549943,12.6597939874591,0,0,27389.3267820656,24668.7659482892,4210.88940342744,8028.56116880484,2057.99114892255,3272.41885863078,0,0,1052.32697929104,947.81398979906,163.408280980318,311.945254904331,80.4949740860645,128.143875103265,0,0,0,0,7.21528950694006,14.0667694298455,3.83578808383059,6.13030751437966,0,0,0,0,0,0,0,0,0,0,241.390596098905,238.095844499757,150.591697330161,320.99722868672,131.858375413098,237.967543453954,0,0,9.2745923531361,9.14802394855794,5.76873402805077,12.2920638383971,5.03343326049422,9.0820372952212,0,0,417.969789026319,401.075499087689,237.414241192362,522.145905391728,240.38267434944,433.831280422497,0,0,16.0590133931502,15.409964222221,9.09709941297079,20.0000717193976,9.18155114603479,16.565999180387,0,0,0,0,35.2995161575978,76.5123144493526,30.5636476775127,51.8106290903798,0,0,0,0,0,0,0,0,0,0,229.586667062275,119.858082573163,253.019455133872,228.825099003125
"84",1996,2344,6.91666666666667,5772.29813867462,5171.64794536936,1005.49552068922,1901.20420071828,434.669009433212,685.924135945725,0,0,0,0,0,0,0,0,0,0,0,0,1.60712708397987,3.10809053337362,0.804208847599492,1.27450957607516,0,0,0,0,0,0,0,0,0,0,3472.83053679945,3129.7170901406,458.244705983225,889.166869661972,203.477127271043,336.448079169454,0,0,133.431702867684,120.248735550574,17.6571835891222,34.2651266372098,7.839963507985,12.9631873333198,0,0,27305.70265289,24553.3353356058,4230.70409326453,8069.76291775773,2082.60085615867,3316.69787046096,0,0,1049.11415789987,943.378954477442,164.185946698899,313.567026516937,81.4629534832602,129.887890495746,0,0,0,0,7.26229713957691,14.165162847089,3.88564160104899,6.2198306013024,0,0,0,0,0,0,0,0,0,0,242.068370140205,238.475777406075,152.540810244482,325.478685092935,134.49347543671,243.279831981028,0,0,9.30063372137078,9.16262156895084,5.84349153369091,12.4638608719019,5.13419676936732,9.28509822748332,0,0,414.538212509201,397.467732981681,239.190718767871,526.804117552817,243.669905698277,440.932826793055,0,0,15.9271677879162,15.2713480356088,9.16517148684919,20.1784662353219,9.30717788004154,16.8372818124139,0,0,0,0,35.6905015586744,77.4379626339515,31.0550519951814,52.7427199950214,0,0,0,0,0,0,0,0,0,0,232.528157476367,121.030830826809,259.256719570403,233.761593513713
"85",1997,2344,7,5751.73502956809,5145.88411824871,1009.59322679964,1909.4095469216,438.304964634015,692.442149552055,0,0,0,0,0,0,0,0,0,0,0,0,1.6154909347573,3.12508826858692,0.811489635973499,1.28749553262533,0,0,0,0,0,0,0,0,0,0,3492.59889073034,3142.61588934938,464.710560585554,902.403559953361,207.894143915307,344.450696491704,0,0,134.191234638653,120.744328043538,17.9063785198124,34.7753204546725,8.01013683990193,13.2714965978621,0,0,27222.7497912171,24438.998179603,4249.73708787285,8109.65206635592,2106.95268535321,3360.76256733313,0,0,1045.92712687712,938.98593156475,164.933331843108,315.137954664199,82.4209797790895,131.623786540912,0,0,0,0,7.30804221833828,14.2613810000105,3.93515379613394,6.30920633192603,0,0,0,0,0,0,0,0,0,0,242.734005800698,238.84606403761,154.460807515854,329.920691529268,137.119724126457,248.613330178165,0,0,9.32620871565005,9.17684856399214,5.91713929314775,12.6341600883111,5.23463257105644,9.48898937709824,0,0,411.134043195368,393.892946446606,240.929284043632,531.389672283294,246.944525927712,448.046213389222,0,0,15.7963751993337,15.1339989774062,9.23179551452928,20.3540884940727,9.43233201970699,17.1090344098004,0,0,0,0,36.0767887869752,78.356055552156,31.5458747606192,53.6778606353306,0,0,0,0,0,0,0,0,0,0,235.524693381703,122.239987421511,265.699003827327,238.935929691355
"86",1997,2344,7.08333333333333,5732.88125629678,5121.38466680398,1014.31718269955,1918.80701449823,441.657661974315,698.610656200948,0,0,0,0,0,0,0,0,0,0,0,0,1.62329602536558,3.14119762426553,0.818240898234671,1.2998286150693,0,0,0,0,0,0,0,0,0,0,3512.60495420396,3155.79198102771,470.989793420961,915.40847229956,212.252462953803,352.432146733213,0,0,134.959899590391,121.25057455662,18.1483945884471,35.2766019815042,8.17805040411811,13.5789931549625,0,0,27141.7146514662,24327.2556967516,4267.10167619094,8147.19902570005,2130.10284789276,3403.48076444911,0,0,1042.81377704873,934.692600215038,165.615996480345,316.617881252942,83.3321238986141,133.307207673643,0,0,0,0,7.35088299753197,14.3530750316979,3.98254116848852,6.39627656478765,0,0,0,0,0,0,0,0,0,0,243.219806949529,239.085186843415,156.169084476575,334.030415811884,139.504280149065,253.648089619242,0,0,9.34487419832634,9.18603603457954,5.98268303283739,12.7917499188273,5.32585148295475,9.68149885577418,0,0,407.758187521603,390.366997812397,242.557054983998,535.785886542757,250.088049503711,455.011523512564,0,0,15.6666704537948,14.998526350099,9.29417772542644,20.5224672764294,9.55248843024435,17.3751514886818,0,0,0,0,36.4502153893094,79.2532407248168,32.0217796205253,54.5976739561517,0,0,0,0,0,0,0,0,0,0,238.796062109488,123.64861174689,272.822319715,245.057255589143
"87",1997,2344,7.16666666666667,5713.979001245,5096.99171681202,1018.82048429521,1927.79653348674,444.966834862795,704.714045836789,0,0,0,0,0,0,0,0,0,0,0,0,1.63106147777402,3.15720162233866,0.824900793789355,1.31202949248095,0,0,0,0,0,0,0,0,0,0,3532.73137682872,3169.03232570464,477.292095163275,928.470325566244,216.654564821231,360.517020302513,0,0,135.733188933191,121.75928977266,18.3913014959958,35.7800838373165,8.34765336202562,13.8904784208068,0,0,27061.2554161281,24216.4199263635,4283.95319985929,8183.77747037763,2153.17809393294,3446.20029234681,0,0,1039.72255348105,930.434106261597,166.278769841824,318.060294017397,84.2404561064324,134.990932316329,0,0,0,0,7.39279369707212,14.4431570676722,4.02989495262435,6.4835523876792,0,0,0,0,0,0,0,0,0,0,243.74592472167,239.353061919655,157.90351758459,338.185813351519,141.945739806871,258.789622222027,0,0,9.36508870681382,9.19632821349012,6.04923334878845,12.9511000072384,5.41925218299343,9.8781036375353,0,0,404.416636746715,386.878855971419,244.155818433861,540.127792115376,253.229164067903,462.004229227659,0,0,15.5382837441794,14.8645063208347,9.35545417214188,20.6887789206527,9.67256286350629,17.6423344786112,0,0,0,0,36.8203383385069,80.1450565674912,32.4994907236657,55.5234883328323,0,0,0,0,0,0,0,0,0,0,242.074245842331,125.058731205338,280.049209304939,251.278810010735
"88",1997,2344,7.25,5695.02239157677,5072.69896332724,1023.10600802648,1936.38219873904,448.229591249854,710.747730148508,0,0,0,0,0,0,0,0,0,0,0,0,1.6387337378284,3.17300579808915,0.831470938311106,1.32409922278076,0,0,0,0,0,0,0,0,0,0,3553.00055958947,3182.3575881574,483.620978444571,941.596508252069,221.104027266577,368.711771101601,0,0,136.511963348713,122.271267665445,18.6352341050983,36.2860495654591,8.51908296255123,14.2062000920791,0,0,26981.3531660986,24106.4701604982,4300.29983591022,8219.39986135654,2176.17182234201,3488.91060314818,0,0,1036.65272928122,926.209654071674,166.921961305858,319.465659542375,85.1457158541074,136.67454421581,0,0,0,0,7.43380104084708,14.5316497098867,4.07720281408069,6.57101606387015,0,0,0,0,0,0,0,0,0,0,244.310101105561,239.648195758416,159.661787759395,342.383846803037,144.440963901032,264.034825034577,0,0,9.3867654848523,9.20766771775859,6.11670146981284,13.1120941429121,5.51471477007215,10.0786852980873,0,0,401.109559177284,383.4280899331,245.726523537368,544.41529711711,256.368474996375,469.023806847281,0,0,15.4112215371391,14.7319223302612,9.41566128861525,20.8530202056108,9.79257864208797,17.9105640174898,0,0,0,0,37.1870147918028,81.0311824626561,32.9788586962467,56.4550686046004,0,0,0,0,0,0,0,0,0,0,245.359771947205,126.470510800264,287.38174246165,257.602285452966
"89",1997,2344,7.33333333333333,5676.0061876884,5048.50069083519,1027.17664447236,1944.56818244189,451.443152883702,716.707263456537,0,0,0,0,0,0,0,0,0,0,0,0,1.64626907894984,3.18853239487008,0.837951404984976,1.33603678079847,0,0,0,0,0,0,0,0,0,0,3573.43152289067,3195.78523652823,489.979392673493,954.793213427997,225.603939232926,377.022050794878,0,0,137.296953631313,122.787179388935,18.8803056801037,36.7947368773785,8.69245773253717,14.5263751347042,0,0,26901.9914373622,23997.3880351245,4316.14988735915,8254.07904068882,2199.07780521525,3531.60166536039,0,0,1033.60367188373,922.018538069301,167.545885346231,320.834459503675,86.0476569032205,138.357646821454,0,0,0,0,7.47393031395642,14.6185771407495,4.12445392461966,6.65865182152433,0,0,0,0,0,0,0,0,0,0,244.910320441243,239.969268424983,161.441933308534,346.621993046916,146.987315523198,269.381211216268,0,0,9.40982708770744,9.2200038333798,6.18501232231048,13.2746358333695,5.6121385803475,10.2831490357946,0,0,397.837166143041,380.014370925898,247.269973619563,548.64823174613,259.506357257397,476.069511710534,0,0,15.2854919523262,14.6007617464454,9.47482991957905,21.0151849097968,9.91255027136891,18.1798122675772,0,0,0,0,37.5501106889064,81.9113097101987,33.4597333791716,57.3921768284699,0,0,0,0,0,0,0,0,0,0,248.6531389642,127.884107226658,294.821862854919,264.029314517377
"90",1997,2344,7.41666666666667,5656.9257037255,5024.39169810961,1031.03529057748,1952.35871859876,454.604851024116,722.588337583584,0,0,0,0,0,0,0,0,0,0,0,0,1.65363192872681,3.20371760622035,0.844341111319577,1.34783956382815,0,0,0,0,0,0,0,0,0,0,3594.04039874761,3209.33001126816,496.369807820651,968.065612731832,230.156965272328,385.45281465389,0,0,138.088779598818,123.307591294831,19.1266110969806,37.3063443175241,8.86787994050666,14.8511938330266,0,0,26823.1558605916,23889.1571891374,4331.51173535686,8287.82813449208,2221.89015667774,3574.26391701347,0,0,1030.57482920343,917.860129634189,168.150859685825,322.167186929623,86.9460461314351,140.039861489864,0,0,0,0,7.51320548449822,14.7039646112051,4.17163865716523,6.74644545525018,0,0,0,0,0,0,0,0,0,0,245.544780456725,240.315110696088,163.242294485614,350.898157810961,149.582583002116,274.826811361118,0,0,9.43420426934217,9.23329163692346,6.25410240459054,13.4386450294713,5.71143923567719,10.4914198894404,0,0,394.599695753981,376.637451665384,248.786850305694,552.82637173011,262.642992927915,483.140418711013,0,0,15.1611041383211,14.4710150683205,9.53298624478956,21.1752647108897,10.0324848765163,18.4500444704021,0,0,0,0,37.9095002270449,82.785141339326,33.9419640679724,58.3345725272694,0,0,0,0,0,0,0,0,0,0,251.954819511854,129.299669783797,302.371407742843,270.561481096728
"91",1997,2344,7.5,5637.77672431423,5000.36721947945,1034.68484388388,1959.75808953083,457.71211896353,728.386772685031,0,0,0,0,0,0,0,0,0,0,0,0,1.66079326970301,3.21850890842644,0.850638144983919,1.35950382272376,0,0,0,0,0,0,0,0,0,0,3614.84092877389,3223.00439896206,502.794298369676,981.41803196717,234.765412861309,394.008432112538,0,0,138.887969225996,123.832983137691,19.3742300605087,37.821037991479,9.04543817251089,15.1808240209544,0,0,26744.8337962238,23781.7629177946,4346.39379982749,8320.66046775401,2244.60329459745,3616.88820968047,0,0,1027.56571561471,913.733863786165,168.73720376829,323.464342901894,87.8406620655456,141.720825341413,0,0,0,0,7.55164935921404,14.7878380321322,4.2187483158542,6.83438397040408,0,0,0,0,0,0,0,0,0,0,246.211860763089,240.68468003039,165.06145838983,355.210592449766,152.224902478852,280.370075516648,0,0,9.45983477194904,9.24749107228169,6.32391767440284,13.6040549334112,5.81254567783344,10.7034389821179,0,0,391.397399418216,373.297146996481,250.277737085426,556.949458381625,265.77840808413,490.235460782689,0,0,15.0380677546297,14.3426751819295,9.59015268193748,21.333249955427,10.152383615069,18.7212204231578,0,0,0,0,38.2650651180467,83.6523914649563,34.4253996952876,59.2820129285005,0,0,0,0,0,0,0,0,0,0,255.26526368908,130.717341407056,310.032127844718,277.200331262248
"92",1997,2344,7.58333333333333,5618.55546443968,4976.42288642536,1038.12819882509,1966.77061864254,460.762490514801,734.098515734045,0,0,0,0,0,0,0,0,0,0,0,0,1.6677298090029,3.23286367384406,0.856839932655572,1.37102488690475,0,0,0,0,0,0,0,0,0,0,3635.84472113189,3236.81887783373,509.254586418448,994.85404102053,239.431266329041,402.69274230801,0,0,139.694968517009,124.36375750763,19.6232287557125,38.3389550104919,9.22520862996624,15.5154132068937,0,0,26667.014144986,23675.1919931624,4360.80451455517,8352.58951372861,2267.21192436912,3659.4657840045,0,0,1024.57590467166,909.639232286445,169.305237797195,324.726434607179,88.7312942614268,143.400190321943,0,0,0,0,7.58928365792079,14.8702237545331,4.26577500254803,6.9224554043938,0,0,0,0,0,0,0,0,0,0,246.910107007143,241.077048261694,166.89823015891,359.557849926385,154.912716901274,286.009820773001,0,0,9.48666271707032,9.26256647782261,6.39441244432033,13.7708103099826,5.91539859750865,10.9191615118443,0,0,388.230533724515,369.993323091921,251.743131824842,561.01721030178,268.912492563413,497.353449983233,0,0,14.9163926598009,14.2157369454119,9.64634836589152,21.4891301074254,10.2722424336044,18.9932952872653,0,0,0,0,38.6166943169419,84.5127851797529,34.9098889457987,60.2342530570662,0,0,0,0,0,0,0,0,0,0,258.584900716525,132.137259169744,317.805697798264,283.947379218453
"93",1997,2344,7.66666666666667,5599.25851574089,4952.55467675883,1041.36824264048,1973.40066122106,463.753595711345,739.719635507273,0,0,0,0,0,0,0,0,0,0,0,0,1.67442293075031,3.24674741648859,0.862943444879909,1.38239743728261,0,0,0,0,0,0,0,0,0,0,3657.06157938738,3250.78223024426,515.752098006521,1008.37657220077,244.156232638913,411.509129472101,0,0,140.510154140533,124.900251837007,19.8736620065894,38.8602080259342,9.40725688165123,15.8550914593518,0,0,26589.687105927,23569.4324351147,4374.75229953755,8383.62883461014,2289.71101357603,3701.98823248396,0,0,1021.60501981138,905.575774839022,169.85528166377,325.953973042341,89.6177423340374,145.077621777898,0,0,0,0,7.62612911915137,14.9511483125576,4.31271144824458,7.01064860284079,0,0,0,0,0,0,0,0,0,0,247.638209580763,241.4913854556,168.751596252227,363.938729444054,157.644723930685,291.745165181522,0,0,9.51463778757728,9.27848596613729,6.46554797397843,13.9388653626387,6.01994843865973,11.1385542179754,0,0,385.099352007345,366.725884930083,253.183462307544,565.029336043148,272.045024443755,504.493102576149,0,0,14.7960885873443,14.090196707883,9.70158974403665,21.6428942340831,10.3920530048726,19.2662205503316,0,0,0,0,38.9642835377787,85.3660581484424,35.3952803865699,61.1910458878859,0,0,0,0,0,0,0,0,0,0,261.914141236071,133.559554972668,325.693729337728,290.804114510811
"94",1997,2344,7.75,5579.88280580822,4928.75887595067,1044.40785235263,1979.65259759243,466.683157732684,745.246319237342,0,0,0,0,0,0,0,0,0,0,0,0,1.68085791135029,3.26013246912531,0.868945338353033,1.39361569804457,0,0,0,0,0,0,0,0,0,0,3678.49975522456,3264.90178311459,522.288006079637,1021.9880108229,248.941776835823,420.460581183861,0,0,141.333843139469,125.44274763784,20.1255749228486,39.3848887004641,9.59163922035573,16.1999736367337,0,0,26512.8439900056,23464.4733349272,4388.24553980738,8413.79203582526,2312.09577226962,3744.44747066903,0,0,1018.65272719178,901.543072312892,170.387654125248,327.14747124653,90.4998152033129,146.752797354449,0,0,0,0,7.66220558621766,15.0306382477883,4.35955089539103,7.09895306182628,0,0,0,0,0,0,0,0,0,0,248.394986790624,241.926947278223,170.620696327181,368.35223431183,160.41983564892,297.575476726919,0,0,9.54371458102509,9.29522093872542,6.5372913917454,14.1081821170645,6.12615385479655,11.361593424499,0,0,382.004098259357,363.494766810277,254.599098108333,568.985543373286,275.17568890007,511.653058164065,0,0,14.6771649118398,13.9660519450153,9.75589103101166,21.794531360886,10.5118034494393,19.5399447596472,0,0,0,0,39.307734871096,86.2119562767005,35.8814225750654,62.1521424729268,0,0,0,0,0,0,0,0,0,0,265.253379143685,134.98435608519,333.69778134847,297.772007459894
"95",1997,2344,7.83333333333333,5560.42556418923,4905.03204475995,1047.24989240342,1985.53082757827,469.548990255244,750.674869885655,0,0,0,0,0,0,0,0,0,0,0,0,1.68702327594157,3.27299689145975,0.874842063605736,1.40467358356276,0,0,0,0,0,0,0,0,0,0,3700.16616085012,3279.18361008077,528.863266398178,1035.69027123465,253.789152195215,429.549737838544,0,0,142.166301091853,125.991478268939,20.3790042763605,39.9130706216386,9.77840381692099,16.5501612811582,0,0,26436.4770630934,23360.3047067213,4401.29256816835,8443.09272817993,2334.36163575253,3786.83571224056,0,0,1015.71872965958,897.540741034273,170.902672134123,328.307442836025,91.3773304363443,148.4254060431,0,0,0,0,7.69753208416782,15.1087199797837,4.40628700776242,7.18735880628528,0,0,0,0,0,0,0,0,0,0,249.179370244954,242.383064159868,172.504799698694,372.797536980567,163.237144597203,303.500330463208,0,0,9.57385204818869,9.31274566964669,6.60961479210948,14.2787290797511,6.23398040778418,11.5882633961665,0,0,378.945002517902,360.299924616417,255.990360480508,572.885546484423,278.304093998208,518.831895462226,0,0,14.5596304716823,13.8433009617964,9.8092645872922,21.9440307478395,10.6314789399239,19.8144141266093,0,0,0,0,39.6469564401493,87.0502353913908,36.3681641558641,63.1172920614413,0,0,0,0,0,0,0,0,0,0,268.602993199754,136.411785613106,341.819368228839,304.852513596371
"96",1997,2344,7.91666666666667,5540.8842931995,4881.37099140777,1049.89721272766,1991.03976581914,472.348995091771,756.001703829534,0,0,0,0,0,0,0,0,0,0,0,0,1.69291024882342,3.28532353485893,0.880629953158083,1.41556481933312,0,0,0,0,0,0,0,0,0,0,3722.06655245527,3293.63270601534,535.478648620227,1049.48486287685,258.699426692266,438.778936101123,0,0,143.007749159756,126.546635641295,20.6339796927471,40.4448118337921,9.96759173354863,16.9057442821787,0,0,26360.5794100915,23256.9173590146,4413.90165058969,8471.54449537302,2356.5042491158,3829.14544676284,0,0,1012.80276152949,893.568427851367,171.400650269965,329.434400745924,92.2501136569696,150.095147332166,0,0,0,0,7.73212688844976,15.1854197020676,4.45291379615543,7.27585628969715,0,0,0,0,0,0,0,0,0,0,249.990391888358,242.85913177376,174.403284987368,377.273949006534,166.095894322306,309.519471398344,0,0,9.60501299492086,9.33103693969808,6.68249445533258,14.4504800855865,6.34339943930052,11.818554914957,0,0,375.922277282444,357.141329342688,257.357530845859,576.72907178853,281.429784278496,526.028145631057,0,0,14.4434934314341,13.721942643775,9.86172124421014,22.0913821113806,10.751062220498,20.0895730373671,0,0,0,0,39.981862086384,87.8806609351649,36.8553539513689,64.086242217264,0,0,0,0,0,0,0,0,0,0,271.963348469475,137.841962912081,350.059967050564,312.047077396898
"97",1998,2344,8,5521.47192228788,4857.8630704988,1052.50500987394,1996.55410042853,475.029094875888,761.197728272779,0,0,0,0,0,0,0,0,0,0,0,0,1.6984283494244,3.29706168536949,0.88620724285247,1.42623369922219,0,0,0,0,0,0,0,0,0,0,3744.27037385691,3308.38558300954,542.016570175544,1063.22948851478,263.643535501293,448.13349993353,0,0,143.860855485676,127.11346476776,20.8859799833443,40.9746427398307,10.1580831466262,17.2661572365234,0,0,26285.7059131118,23155.1982390472,4425.42630805213,8498.5032398922,2378.25600615223,3871.23561043697,0,0,1009.92614204298,889.660210715409,171.856645534775,330.50351952493,93.1076846557357,151.756485659782,0,0,0,0,7.76555246946205,15.2604670583397,4.49892796505406,7.36418221391347,0,0,0,0,0,0,0,0,0,0,250.781679476554,243.347028974825,176.257551745828,381.742048280701,168.921776075215,315.589838765096,0,0,9.63541572885242,9.34978272148151,6.75368502166888,14.6219253717942,6.45157315507181,12.0508242663542,0,0,372.942442325162,354.034472670827,258.67568926136,580.489535622105,284.52026804479,533.221972417463,0,0,14.3290042904464,13.6025722062064,9.91230507282717,22.2355654575952,10.8693121959284,20.3646644117229,0,0,0,0,40.3101400878091,88.7014788827661,37.3387158022925,65.0565055682841,0,0,0,0,0,0,0,0,0,0,275.391475366369,139.292191224406,358.561897492578,319.44520909809
"98",1998,2344,8.08333333333333,5502.41938523719,4834.60687104929,1055.23429461041,2002.4611355378,477.539233949019,766.241829888842,0,0,0,0,0,0,0,0,0,0,0,0,1.70360006991711,3.30838471694691,0.891469426522642,1.4366247110362,0,0,0,0,0,0,0,0,0,0,3766.79043438402,3323.52792377403,548.354043210862,1076.77022085399,268.578937208692,457.58005766506,0,0,144.726112224516,127.695257715098,21.1302739662212,41.4966438073262,10.3482400308585,17.6301160718134,0,0,26212.4677496684,23056.0877149545,4435.22646528432,8523.34293461268,2399.32896363153,3912.95422927735,0,0,1007.11235338199,885.852220094355,172.245948168509,331.490659282815,93.9387687435214,153.40346120649,0,0,0,0,7.79707847311969,15.3332348587928,4.54378980115342,7.45204968681872,0,0,0,0,0,0,0,0,0,0,251.511625155188,243.84040243943,178.009550376087,386.157202568739,171.644903601503,321.669281041659,0,0,9.66346161264982,9.36873891013059,6.82096144631221,14.7913544278267,6.55583218200664,12.2834620459088,0,0,370.010988965404,350.997059072139,259.915282796009,584.142685104086,287.534937406913,540.392708155587,0,0,14.2163740332559,13.4858698832691,9.95988265971029,22.37565014701,10.9846776497175,20.6388992704516,0,0,0,0,40.629367673136,89.5109598384748,37.813686957334,66.0254833442602,0,0,0,0,0,0,0,0,0,0,278.946009084361,140.780510094312,367.470662120283,327.140962870564
"99",1998,2344,8.16666666666667,5483.28785731006,4811.41824471123,1057.77498108395,2008.00457403336,479.986753211875,771.187029825268,0,0,0,0,0,0,0,0,0,0,0,0,1.70862841898506,3.31942961604784,0.896616544089131,1.44683704676835,0,0,0,0,0,0,0,0,0,0,3789.47526999587,3338.77012256786,554.733317994677,1090.40001692415,273.562871608342,467.148246051212,0,0,145.597699885615,128.280887367613,21.3761757094641,42.0220745888666,10.5402678523156,17.9987627027593,0,0,26139.7255599547,22957.7532249662,4444.66404297408,8547.44057708904,2420.25290299582,3954.56466639399,0,0,1004.31761996666,882.074045992783,172.621085456485,332.448856328743,94.7641024987559,155.04639267043,0,0,0,0,7.82757588331798,15.4042537604909,4.58849683037266,7.5399559196469,0,0,0,0,0,0,0,0,0,0,252.275222288672,244.355011419672,179.778879712758,390.597011847938,174.417763166759,327.845953715914,0,0,9.69280043628691,9.38851100134564,6.88890628456031,14.961739241791,6.66200025712132,12.519834611582,0,0,367.114868909994,347.99809319267,261.126553183834,587.743041362208,290.536203060896,547.576607741795,0,0,14.1051013249929,13.3706447837542,10.0063814376986,22.5137286854179,11.0995428791679,20.9136626755508,0,0,0,0,40.9439590103906,90.3119628424893,38.2884979149591,66.9974922778719,0,0,0,0,0,0,0,0,0,0,282.51111432968,142.271908808464,376.499014604156,334.95660224674
"100",1998,2344,8.25,5464.0747032998,4788.29389404449,1060.12982533532,2013.18874425673,482.369714696081,776.029907644398,0,0,0,0,0,0,0,0,0,0,0,0,1.71348598467104,3.3301423870389,0.901648040791566,1.45686881914141,0,0,0,0,0,0,0,0,0,0,3812.33497784239,3354.12163173056,561.154667889634,1104.12047018847,278.59722376875,476.842005900567,0,0,146.47600641762,128.870716899305,21.623696041837,42.5509966778301,10.734238936287,18.3722484610971,0,0,26067.4689212059,22860.1824652708,4453.74593985576,8570.80782565219,2441.02437158451,3996.06004732895,0,0,1001.54154134193,878.325215678242,172.982320931757,333.378551689542,95.5835460916818,156.685003457762,0,0,0,0,7.85713414637549,15.4736394059716,4.63303774363561,7.62788520884852,0,0,0,0,0,0,0,0,0,0,253.07081098761,244.889963463022,181.564777323303,395.061492247075,177.237955559995,334.118300045484,0,0,9.72336842428634,9.40906470567116,6.95749048788479,15.1330807046398,6.7699858481835,12.7598827971199,0,0,364.254486951988,345.037305390218,262.310273531993,591.289727329217,293.524623359122,554.772339693048,0,0,13.9952017184637,13.2568865475734,10.0518309772151,22.6497674917328,11.213929274054,21.1889041692435,0,0,0,0,41.2537998118018,91.1042221592303,38.7629967559039,67.9722703882602,0,0,0,0,0,0,0,0,0,0,286.087255487159,143.766514343292,385.648754295784,342.893585308533
"101",1998,2344,8.33333333333333,5444.77761010315,4765.23081008803,1062.30157781488,2018.01800521551,484.68627328843,780.767167594269,0,0,0,0,0,0,0,0,0,0,0,0,1.7181507814098,3.34047920836409,0.906562670652127,1.46671712481304,0,0,0,0,0,0,0,0,0,0,3835.37811565147,3369.59044661304,567.618206192288,1117.9326798858,283.683596756362,486.664756571889,0,0,147.361360622123,129.465053504343,21.8728396138495,43.083452659448,10.9302148064742,18.7507046953683,0,0,25995.6885283729,22763.3642110607,4462.47900464146,8593.45636580505,2461.64014711677,4037.43383707988,0,0,998.783759996703,874.605297875358,173.329916380048,334.280187789889,96.3969685912756,158.319029975309,0,0,0,0,7.88582910304747,15.541491397544,4.67740356534126,7.71582447127246,0,0,0,0,0,0,0,0,0,0,253.896888148578,245.444459705703,183.366572851587,399.550705065605,180.103434006369,340.485122347447,0,0,9.7551078251298,9.43036932948141,7.02668852167882,15.3053814273196,6.87971091274629,13.0035612068058,0,0,361.430201444054,342.114447023414,263.467166516303,594.782003140382,296.500563796225,561.978464952694,0,0,13.8866889821627,13.1445856215243,10.0962589238961,22.7837382406762,11.3278508484086,21.4645691570863,0,0,0,0,41.5587932845976,91.8874967607109,39.2370313672419,68.9495539076925,0,0,0,0,0,0,0,0,0,0,289.674874363915,145.264448465339,394.921598575444,350.953352996467
"102",1998,2344,8.41666666666667,5425.39454906318,4742.22623739478,1064.29298013154,2022.49673920893,486.934672974912,785.395634514605,0,0,0,0,0,0,0,0,0,0,0,0,1.72260520877594,3.35040453886458,0.911358709450869,1.47637834715772,0,0,0,0,0,0,0,0,0,0,3858.61193764006,3385.18332966491,574.123920465374,1131.8373419952,288.823350675664,496.619469505931,0,0,148.254041217739,130.064157006855,22.1236062181722,43.6194696025435,11.1282476773068,19.1342455837719,0,0,25924.3760195097,22667.2881522672,4470.87001969522,8615.39786724898,2482.09721495634,4078.67980438718,0,0,996.043954654995,870.913896454494,173.66413120145,335.154206784658,97.2042470956188,159.948220266713,0,0,0,0,7.91372559358527,15.6078962294605,4.72158704431897,7.80376256772195,0,0,0,0,0,0,0,0,0,0,254.752088156146,246.017781755655,185.183671530247,404.064735968541,183.012444612287,346.945511683766,0,0,9.78796616979922,9.45239727100266,7.09647773483883,15.4786449433204,6.99110861725274,13.2508355187999,0,0,358.64232378789,339.229283912028,264.597909461685,598.219252406897,299.464231910891,569.193467029647,0,0,13.7795750806562,13.0337330080247,10.1396911914471,22.9156173356365,11.4413155761118,21.7406000641931,0,0,0,0,41.8588572211127,92.6615668298047,39.7104499994532,69.9290779194648,0,0,0,0,0,0,0,0,0,0,293.274392562895,146.765828333004,404.319195698938,359.137333908985
"103",1998,2344,8.5,5405.92374827605,4719.27764799167,1066.10676340671,2026.62934754909,489.113243794959,789.912250574505,0,0,0,0,0,0,0,0,0,0,0,0,1.72683531085964,3.35988975878295,0.916034091643527,1.48584835337513,0,0,0,0,0,0,0,0,0,0,3882.0425693642,3400.90597727038,580.671695888294,1145.83481361194,294.017631994582,506.708723157927,0,0,149.154283558126,130.668246271032,22.3759916883319,44.1590615314667,11.3283815751552,19.5229702359189,0,0,25853.5238454209,22571.9447700784,4478.92569152482,8636.64395617314,2502.39275029784,4119.7919938539,0,0,993.321835267619,867.250645687386,173.985222036097,336.001049480239,98.0052660500129,161.572332946963,0,0,0,0,7.9408793018618,15.6729293936256,4.76558226491754,7.89168986525572,0,0,0,0,0,0,0,0,0,0,255.635167612083,246.609281546718,187.015542442295,408.603681862938,185.963481608993,353.498796025652,0,0,9.82189568504936,9.47512363049491,7.16683791096949,15.6528752055949,7.10412162290447,13.5016804968976,0,0,355.891118910205,336.381591749762,265.703138422188,601.600970692008,302.415703293691,576.41577348153,0,0,13.6738701928709,12.9243200888647,10.1821521165283,23.0453854659986,11.5543263858236,22.0169371591157,0,0,0,0,42.1539219209584,93.4262312100326,40.1831016059503,70.9105767558943,0,0,0,0,0,0,0,0,0,0,296.886213430907,148.27076697971,413.843134490713,367.446947739641
"104",1998,2344,8.58333333333333,5386.36367459902,4696.38272419989,1067.74564689009,2030.42024752991,491.220400718212,794.314074609665,0,0,0,0,0,0,0,0,0,0,0,0,1.73083024682951,3.36891219704429,0.920586507669056,1.49512263539133,0,0,0,0,0,0,0,0,0,0,3905.67513077609,3416.76313750877,587.261331761609,1159.92515898862,299.267394372011,516.934742106598,0,0,150.062284360037,131.277503725674,22.6299885339281,44.7022311938991,11.5306531344835,19.9169641889187,0,0,25783.1251770546,22477.3252495375,4486.65264247769,8657.20619286887,2522.52410628294,4160.76470714972,0,0,990.617139454139,863.615206889022,174.293442439834,336.821154467639,98.7999167937031,163.191136485222,0,0,0,0,7.96733806734649,15.7366568809646,4.80938437830241,7.97959793287732,0,0,0,0,0,0,0,0,0,0,256.544994459219,247.218374041832,188.861710201375,413.167641440159,188.955254738582,360.144502060196,0,0,9.85685287552927,9.49852592989709,7.23775095020883,15.8280762237824,7.2187008364047,13.7560785253379,0,0,353.176805509561,333.571152819213,266.783450959991,604.926757072306,305.354940619556,583.643771870364,0,0,13.5695827215789,12.8163384989902,10.2236645640656,23.1730272827016,11.6668818889236,22.2935191653794,0,0,0,0,42.4439287355259,94.1813056551595,40.6548361111928,71.8937842982866,0,0,0,0,0,0,0,0,0,0,300.510723414025,149.779373649978,423.494951212076,375.883607732728
"105",1998,2344,8.66666666666667,5366.71301269831,4673.53933890221,1069.21233678784,2033.87386919953,493.254641277743,798.598279806965,0,0,0,0,0,0,0,0,0,0,0,0,1.73458172629653,3.3774540906129,0.925013503062689,1.50419645362173,0,0,0,0,0,0,0,0,0,0,3929.51387128604,3432.75873908853,593.892558932017,1174.10819938044,304.573422294741,527.299441463786,0,0,150.97820689261,131.892080318043,22.8855866116058,45.2489719752981,11.7350925018009,20.3163011069127,0,0,25713.1738041497,22383.4213836879,4494.05740390039,8677.0960506898,2542.48879943588,4201.59248034248,0,0,987.929628608749,860.007264734742,174.589042613799,337.614957302476,99.5880970028912,164.804408339437,0,0,0,0,7.99314328653181,15.7991367923681,4.85298932244984,8.06747922528716,0,0,0,0,0,0,0,0,0,0,257.480535520372,247.844529084559,190.721745914961,417.756705981634,191.986653977856,366.882314701092,0,0,9.89279804500878,9.52258379974939,7.30920052375371,16.0042517117219,7.33480405884482,14.0140180555037,0,0,350.499557275396,330.797752832585,267.839409510255,608.196303980793,308.281813948015,590.875825634852,0,0,13.4667193402348,12.7097800051183,10.2642500549538,23.2985310079907,11.7789771558298,22.5702838698965,0,0,0,0,42.7288284729127,94.9266208565869,41.1255046629171,72.8784342837218,0,0,0,0,0,0,0,0,0,0,304.148293655972,151.291754187283,433.276137043114,384.44872311659
"106",1998,2344,8.75,5346.97064919937,4650.7455404719,1070.5095255092,2036.99465310108,495.214543851441,802.762152292929,0,0,0,0,0,0,0,0,0,0,0,0,1.73808358310347,3.38550179295485,0.929312546247845,1.51306493693515,0,0,0,0,0,0,0,0,0,0,3953.5622748581,3448.89599213725,600.565052292834,1188.38355051151,309.936349766381,537.804461813499,0,0,151.902185015316,132.512099386374,23.1427736067804,45.7992693383504,11.9417240505054,20.7210441183596,0,0,25643.6640558954,22290.2254983721,4501.14641142095,8696.32490045944,2562.28449799299,4242.27006592461,0,0,985.259084851915,856.426524370889,174.872269216942,338.382889896688,100.369710245133,166.411934271403,0,0,0,0,8.0183309641526,15.860420561858,4.89639363380651,8.15532686754359,0,0,0,0,0,0,0,0,0,0,258.440846256752,248.487264802494,192.595260346822,422.370953348033,195.056721637387,373.712045498805,0,0,9.92969490288028,9.54727872574192,7.38117181247762,16.181404856947,7.45239491701641,14.2754923937932,0,0,347.859504373987,328.061178656453,268.871544181461,611.409388483326,311.196116723897,598.110286118713,0,0,13.3652850500694,12.6046364183186,10.3039288723133,23.4218881001295,11.8906043276507,22.8471685836913,0,0,0,0,43.0085801923194,95.6620209392365,41.5949598134716,73.8642605396348,0,0,0,0,0,0,0,0,0,0,307.799281318087,152.808011347152,443.188143863747,393.143700782878
"107",1998,2344,8.83333333333333,5327.13565928524,4627.99953997354,1071.63989116102,2039.78704849879,497.098766127877,806.803089986008,0,0,0,0,0,0,0,0,0,0,0,0,1.74133141923618,3.39304510942466,0.93348108126171,1.52172316131585,0,0,0,0,0,0,0,0,0,0,3977.8231498501,3465.17747457506,607.278440811794,1202.75065384048,315.356676572952,548.45119953792,0,0,152.834326629755,133.137659978481,23.4015354203386,46.3531020245277,12.1505670031618,21.1312469769564,0,0,25574.5907328204,22197.7303875876,4507.92600152461,8714.90399798317,2581.90901151281,4282.79241696386,0,0,982.605308413485,852.872708931083,175.143365228703,339.125380030232,101.144665582929,168.01350774352,0,0,0,0,8.04293258864864,15.9205539832589,4.93959430157693,8.24313448754357,0,0,0,0,0,0,0,0,0,0,259.425061619391,249.146141797026,194.481898145768,427.010443578901,198.164628342806,380.633605794479,0,0,9.96751021265642,9.57259382547595,7.45365128634122,16.3595381519364,7.57144194340792,14.5404986713698,0,0,345.256735176192,325.361216539422,269.880355322432,614.56586425317,314.097579474102,605.345502399469,0,0,13.265283246472,12.5008995259174,10.3427201589139,23.5430929449063,12.0017531395874,23.1241105181335,0,0,0,0,43.2831501888569,96.3873621829234,42.0630556659487,74.850997185338,0,0,0,0,0,0,0,0,0,0,311.464030764714,154.328245073045,453.232389147898,401.969946551589
"108",1998,2344,8.91666666666667,5307.20729526221,4605.29970019468,1072.60609723443,2042.25551198262,498.906043719859,810.718601656195,0,0,0,0,0,0,0,0,0,0,0,0,1.74432230396788,3.40007673355392,0.937516569725152,1.53016621310464,0,0,0,0,0,0,0,0,0,0,4002.29870645196,3481.6052067326,614.032315656883,1217.20880290158,320.834782533472,559.2408333201,0,0,153.774716654956,133.768839718698,23.6618564822112,46.9104430666606,12.3616359767969,21.5469550763652,0,0,25505.9490478388,22105.9292574728,4514.40240911568,8732.84447400075,2601.36028155973,4323.15467301919,0,0,979.96811536759,849.345557384053,175.402569849988,339.842850957178,101.912877218533,169.608929383447,0,0,0,0,8.06697587028748,15.9795780810225,4.9825886518351,8.33089608256852,0,0,0,0,0,0,0,0,0,0,260.432387838395,249.820757996826,196.381332896812,431.675215653978,201.309652242589,387.646983762794,0,0,10.0062134765005,9.59851365072663,7.52662651526898,16.5386532699293,7.69191777977695,14.8090369630365,0,0,342.691298132556,322.697650727579,270.866315899452,617.665654226288,316.985881594536,612.579829344314,0,0,13.1667157910355,12.398561038301,10.380642007415,23.6621425732759,12.1124113711928,23.4010470930659,0,0,0,0,43.5525111276372,97.1025119232405,42.5296479962732,75.8383788112079,0,0,0,0,0,0,0,0,0,0,315.14287463063,155.852552740316,463.410260127071,410.928866110335
"109",1999,2344,9,5287.1941144739,4582.45987609872,1073.48714264452,2044.4928420298,500.680822710766,814.460181876262,0,0,0,0,0,0,0,0,0,0,0,0,1.74713610770567,3.40650500556727,0.941502169959851,1.53830144823455,0,0,0,0,0,0,0,0,0,0,4027.24369072077,3498.46693138651,620.638227651105,1231.4164041046,326.399891206885,570.140919687201,0,0,154.733142841816,134.416694144653,23.9164989896486,47.4581630174224,12.576057027026,21.9669185214977,0,0,25439.1404741301,22016.2751004312,4519.60918359418,8748.31815376883,2620.87187571887,4363.10034324608,0,0,977.401351805318,845.900896057575,175.612836899671,340.464928249374,102.683493635746,171.188129489239,0,0,0,0,8.09075023918598,16.0369295931649,5.02583170623872,8.41812592188163,0,0,0,0,0,0,0,0,0,0,261.517624882169,250.495347075343,198.335688734673,436.277060699609,204.56418255551,394.664016730905,0,0,10.0479101932848,9.62443243400372,7.6017110922531,16.715369147977,7.81658870260784,15.0777396658599,0,0,340.186851628494,320.098909045632,271.823496312302,620.659124656339,319.891041530258,619.775025972485,0,0,13.0704916746487,12.2987131980626,10.4174652211386,23.7771320786079,12.2237261159962,23.6765177049391,0,0,0,0,43.8186363515957,97.8045464608954,42.9985165591155,76.821765224028,0,0,0,0,0,0,0,0,0,0,318.787544718718,157.410233185286,473.587448585407,420.19585988705
"110",1999,2344,9.08333333333333,5267.09483699846,4559.48690254886,1074.28377624632,2046.50295691576,502.421011200711,818.029622068514,0,0,0,0,0,0,0,0,0,0,0,0,1.749781103326,3.41238865711341,0.945432848740594,1.54612803126519,0,0,0,0,0,0,0,0,0,0,4052.6376172472,3515.73682313536,627.115690703137,1245.40200045314,332.047514114433,581.145137402567,0,0,155.708818108148,135.080231003124,24.1662094068254,47.9973538306781,12.7936576563324,22.3908944059895,0,0,25374.1043177289,21928.6936571753,4523.62117221681,8761.45447967682,2640.41861854899,4402.61226961539,0,0,974.902685817598,842.535871788266,175.777021775803,340.996559060335,103.45553966045,172.750437785403,0,0,0,0,8.11373212420553,16.0919242349796,5.06930397165861,8.50481685125129,0,0,0,0,0,0,0,0,0,0,262.674363563942,251.17339095996,200.327630457036,440.812754353701,207.918760412414,401.692713026149,0,0,10.0923541123421,9.65048395652998,7.6782398860827,16.8895608266902,7.94509366163479,15.3469127794126,0,0,337.745633850743,317.560760681221,272.758632152819,623.54302414898,322.818883485536,626.922991956636,0,0,12.9766968920595,12.2011934506071,10.4534480270007,23.8879369805429,12.3359199304413,23.9502128992412,0,0,0,0,44.0814377478808,98.4933503840685,43.4694994791269,77.8009278190465,0,0,0,0,0,0,0,0,0,0,322.400763444479,159.000383916774,483.771093929811,429.767108163515
"111",1999,2344,9.16666666666667,5246.90055959007,4536.55940396826,1074.92469465446,2048.20509412201,504.081469757914,821.469966860114,0,0,0,0,0,0,0,0,0,0,0,0,1.75217973980037,3.41781843974022,0.949223431442434,1.55372702923934,0,0,0,0,0,0,0,0,0,0,4078.23117615501,3533.13220328023,633.648881004434,1259.49683320065,337.749130959479,592.283751041134,0,0,156.692163569819,135.748589326447,24.4180610585671,48.5407463367014,13.0133389339674,22.8200488443041,0,0,25309.4766935775,21841.7644892275,4527.3958503052,8774.05982827537,2659.76627616864,4441.92301837956,0,0,972.419715491273,839.195909022739,175.931822995091,341.50725967591,104.219835042265,174.304970965767,0,0,0,0,8.13562486863006,16.1450881353164,5.11254916270574,8.59141031548902,0,0,0,0,0,0,0,0,0,0,263.847330294664,251.870259162672,202.313150688708,445.366887140324,211.300634853014,408.819152338012,0,0,10.137421537628,9.6772587395445,7.75452709279701,17.0644706990652,8.07465297443102,15.6198451970758,0,0,335.345575814163,315.05486498795,273.678692412783,626.363857830775,325.741189081231,634.056211401347,0,0,12.8844835196725,12.1049129028668,10.4888592823272,23.9963420485761,12.4479146049248,24.2233737975884,0,0,0,0,44.3388732706784,99.171357220681,43.9386965253178,78.7798016684633,0,0,0,0,0,0,0,0,0,0,326.030041121055,160.59489314343,494.093865557584,439.476408128304
"112",1999,2344,9.25,5226.61181057262,4513.67685624123,1075.41259119682,2049.60393732585,505.661273581683,824.779295361599,0,0,0,0,0,0,0,0,0,0,0,0,1.75433083328148,3.42278445501182,0.952871919972166,1.56109503696338,0,0,0,0,0,0,0,0,0,0,4104.02326561047,3550.6522414431,640.235422191333,1273.69622664552,343.505241196137,603.556964537285,0,0,157.683136892614,136.421737210171,24.6719632301359,49.0881616784163,13.2351199940479,23.2543896477655,0,0,25245.2550500619,21755.4827718729,4530.93907197554,8786.14510835711,2678.91407696186,4481.029361153,0,0,969.952342789096,835.88082238758,176.077466629256,341.997447605349,104.976343291357,175.851592309782,0,0,0,0,8.15656581064776,16.1966132116261,5.15555574200007,8.67789081675107,0,0,0,0,0,0,0,0,0,0,265.036226072898,252.585282091062,204.294535543894,449.940717428066,214.709814116928,416.042149693769,0,0,10.1831009810534,9.70473105623415,7.83066051783504,17.2401473284751,8.20526706287861,15.8964920591376,0,0,332.986279353066,312.581511423409,274.582464415585,629.122091303597,328.656620656976,641.174416145145,0,0,12.7938362594135,12.0098826762626,10.5236523981671,24.102364923185,12.5596590616206,24.4959903209809,0,0,0,0,44.590852284921,99.8383641870949,44.4059663964805,79.7581264640806,0,0,0,0,0,0,0,0,0,0,329.675599401872,162.193878078383,504.556432170008,449.32522734524
"113",1999,2344,9.33333333333333,5206.22916157932,4490.83876402289,1075.75012710432,2050.70413825916,507.159562805468,827.95578244981,0,0,0,0,0,0,0,0,0,0,0,0,1.75623415428662,3.42727977118056,0.956376385519587,1.5682286043025,0,0,0,0,0,0,0,0,0,0,4130.01289022186,3568.29621523446,646.873107820612,1287.99589988154,349.316219875422,614.964974021659,0,0,158.681699831993,137.099646898936,24.9278316570829,49.6394360490378,13.4590152073765,23.6939243379855,0,0,25181.4367380682,21669.8436358606,4534.25646808773,8797.72084857207,2697.86133592386,4519.92816005461,0,0,967.500465927722,832.590424798219,176.214170258997,342.467525972037,105.725031335186,177.390168604338,0,0,0,0,8.1766691999071,16.2466602576328,5.19831536212393,8.76424599705497,0,0,0,0,0,0,0,0,0,0,266.240768794112,253.317831707055,206.273744390431,454.535238272746,218.146351938306,423.360647973019,0,0,10.2293816037335,9.73287677637013,7.90671541847722,17.4166290704061,8.33693810265203,16.1768133912478,0,0,330.66731392653,310.140914872482,275.468985032962,631.81828672229,331.563867468907,648.277179068945,0,0,12.7047385693063,11.9161110270127,10.5577903613143,24.2060269579738,12.6711032362742,24.768046296836,0,0,0,0,44.8373079837083,100.49420286545,44.871167402431,80.7356403146094,0,0,0,0,0,0,0,0,0,0,333.337655875237,163.797451753729,515.159509900556,459.315029798408
"114",1999,2344,9.41666666666667,5185.75323960782,4468.04467135525,1075.9399357782,2051.51032348742,508.575541307761,830.997698148308,0,0,0,0,0,0,0,0,0,0,0,0,1.75789021667835,3.43129980117813,0.959734984558166,1.57512429858129,0,0,0,0,0,0,0,0,0,0,4156.19909512336,3586.06345060934,653.559877522568,1302.39189981391,355.182327435811,626.507948500402,0,0,159.687815700482,137.782292494855,25.1855876203312,50.1944181366794,13.6850345529756,24.1386594020196,0,0,25118.0190564514,21584.8422061175,4537.35347003424,8808.79724249807,2716.60744766913,4558.61636817665,0,0,965.063981124666,829.324528946404,176.342143881036,342.917885234069,106.465869253792,178.920570172757,0,0,0,0,8.19603116202659,16.2953655221502,5.24082192726977,8.8504657544607,0,0,0,0,0,0,0,0,0,0,267.460691912272,254.067317908572,208.25246270746,459.151225241599,221.610329924233,430.773699081543,0,0,10.2762531645641,9.76167322728537,7.98275653340573,17.5939459106033,8.46966934543342,16.4607733841495,0,0,328.38822377734,307.733226445433,276.337495786312,634.453078842112,334.461655579653,655.363945157829,0,0,12.61717293853,11.8236037610119,10.5912440103678,24.3073522970353,12.7821984586715,25.0395206465094,0,0,0,0,45.0781923748935,101.138732572512,45.3341583816313,81.7120808049254,0,0,0,0,0,0,0,0,0,0,337.016424399377,165.405723395761,525.903855170325,469.447274964947
"115",1999,2344,9.5,5165.18473609022,4445.294169267,1075.98462497456,2052.02709831244,509.908477587181,833.903409882834,0,0,0,0,0,0,0,0,0,0,0,0,1.75930016883161,3.43484198018231,0.962945968341011,1.58177873863928,0,0,0,0,0,0,0,0,0,0,4182.58092768242,3603.95328770493,660.293803916968,1316.88056454991,361.10371519853,638.186018585756,0,0,160.701447896417,138.469648644945,25.4451574495912,50.7529677275029,13.9131838265055,24.5885998576416,0,0,25054.9992770958,21500.4736236987,4540.2353210669,8819.38417038878,2735.151883064,4597.09103099948,0,0,962.642783561147,826.082948143544,176.46159034041,343.348904017582,107.198830155767,180.442670938523,0,0,0,0,8.21473225002311,16.3428441061343,5.28307114745194,8.9365418176359,0,0,0,0,0,0,0,0,0,0,268.695743511828,254.833186544086,210.232130850439,463.789262215768,225.101847004548,438.280451997565,0,0,10.3237059845667,9.79109911759056,8.05883918693909,17.7721204564499,8.60346471300871,16.7483399359424,0,0,326.148531990182,305.358539166246,277.187418230887,637.027161757446,337.348753774698,662.434049522979,0,0,12.5311210433412,11.7323644523872,10.6239910904422,24.4063673637851,12.8928976797915,25.3103880736688,0,0,0,0,45.3134737202196,101.771837014198,45.7947992048243,82.6871855929358,0,0,0,0,0,0,0,0,0,0,340.712115261778,167.018798606383,536.790260523526,479.723417206883
"116",1999,2344,9.58333333333333,5144.52441498141,4422.58690255589,1075.8867791711,2052.25905076018,511.157705045844,836.671383882007,0,0,0,0,0,0,0,0,0,0,0,0,1.76046568334371,3.4379054373569,0.966007691244982,1.58818862726165,0,0,0,0,0,0,0,0,0,0,4209.15740131362,3621.96504855196,667.073078711626,1331.45848503394,367.080431901906,649.999265885437,0,0,161.722558513607,139.161689300542,25.706471995771,51.314954241961,14.1434648886403,25.0437488439164,0,0,24992.3746687024,21416.7330661509,4542.90708909371,8829.49122319319,2753.49418522332,4635.34928687141,0,0,960.236768296044,822.865497103117,176.572705818583,343.760950035631,107.923890028985,181.956348452949,0,0,0,0,8.23284003743144,16.3891934193103,5.32506009544252,9.0224673218847,0,0,0,0,0,0,0,0,0,0,269.945685207417,255.614917071886,212.2139741757,468.449768021296,228.621009241332,445.880140055525,0,0,10.3717309046124,9.82113444723942,8.13501044551099,17.9511689603281,8.73832840510091,17.0394841651673,0,0,323.947744587253,303.016894075699,278.018328306233,639.541275672774,340.223978582201,669.486736145914,0,0,12.4465639044326,11.642394677987,10.6560152682443,24.5031003510611,13.0031556647133,25.5806197804242,0,0,0,0,45.5431339242223,102.393420847919,46.2529512531974,83.6606929937651,0,0,0,0,0,0,0,0,0,0,344.424935364602,168.636779574426,547.819550146842,490.144905202055
"117",1999,2344,9.66666666666667,5123.77311946261,4399.92257537696,1075.64896181323,2052.2107552214,512.322621933435,839.300186059444,0,0,0,0,0,0,0,0,0,0,0,0,1.76138885810973,3.44049069979966,0.968918617279658,1.59435077866815,0,0,0,0,0,0,0,0,0,0,4235.92746478984,3640.09800976327,673.895999417909,1346.12246912746,373.112430496718,661.94771409583,0,0,162.751107162227,139.858386667955,25.9694661267682,51.8802553643572,14.3758759237742,25.5041072773538,0,0,24930.1425168614,21333.6157643418,4545.37367922855,8839.12772566778,2771.63396540228,4673.38836671984,0,0,957.845831037102,819.671992587289,176.675680311977,344.154380971591,108.641027586631,183.461483892873,0,0,0,0,8.25041144942518,16.4344962935451,5.36678682303813,9.10823644005924,0,0,0,0,0,0,0,0,0,0,271.210290960981,256.41202012097,214.199031219511,473.133020942261,232.167920975899,453.572068603924,0,0,10.4203192399745,9.8517604138142,8.21131019947935,18.1311022616849,8.87426455854903,17.3341799381689,0,0,321.78535425303,300.708286032805,278.829932529711,641.996195122354,343.086197975076,676.521175403686,0,0,12.363482030045,11.5536942402827,10.6873052179518,24.5975807670231,13.1129291349972,25.8501841369082,0,0,0,0,45.7671661822877,103.003406569113,46.708477823977,84.6323424958804,0,0,0,0,0,0,0,0,0,0,348.155088410109,170.259765289132,558.992575506107,500.713181443733
"118",1999,2344,9.75,5102.93177709945,4377.30095545911,1075.27371715805,2051.88677537105,513.402691276129,841.788482839724,0,0,0,0,0,0,0,0,0,0,0,0,1.76207214124266,3.44259946498826,0.971677323872322,1.60026213742473,0,0,0,0,0,0,0,0,0,0,4262.8899798462,3658.35138274459,680.760957912815,1360.86951182029,379.199574780306,674.031322940294,0,0,163.787050108317,140.559710448131,26.2340782932694,52.4487559063513,14.6104116930265,25.9696736175537,0,0,24868.3001382904,21251.1170141477,4547.6398444669,8848.30275553907,2789.57089921821,4711.20559314209,0,0,955.469868687969,816.50225385595,176.770698038879,344.52954521143,109.350224125546,184.957962034002,0,0,0,0,8.26749453565471,16.478823364919,5.40825010284684,9.19384412893389,0,0,0,0,0,0,0,0,0,0,272.489345871728,257.224035172819,216.188177120568,477.839178544296,235.742677983148,461.355603730764,0,0,10.4694627338368,9.88295932345568,8.2877720622667,18.3119265488731,9.01127698361161,17.6324034372162,0,0,319.66084335426,298.43266860007,279.622048457772,644.392719824692,345.934333381659,683.536478787858,0,0,12.2818555319993,11.4662613550673,10.7178538709849,24.6898390825097,13.2221768460832,26.1190472435334,0,0,0,0,45.9855731906927,103.601732127519,47.1612444096517,85.601875150418,0,0,0,0,0,0,0,0,0,0,351.902775062584,171.887851730025,570.310211458053,511.429681836752
"119",1999,2344,9.83333333333333,5082.00140403137,4354.72187747424,1074.76357191163,2051.29166669147,514.397440725752,844.135041843489,0,0,0,0,0,0,0,0,0,0,0,0,1.76251826759085,3.44423440719262,0.974282504572633,1.60591979367065,0,0,0,0,0,0,0,0,0,0,4290.04370329782,3676.72429799663,687.666430073952,1375.69676880017,385.341645710696,686.249983441832,0,0,164.830339586728,141.265627233515,26.5002501352283,53.0203467985815,14.8470637752554,26.4404436842717,0,0,24806.8448919905,21169.2321853748,4549.71019540557,8857.02516066024,2807.30472311844,4748.79837920533,0,0,953.10877977685,813.356103009514,176.857937809844,344.886782499097,110.051463393743,186.445671212747,0,0,0,0,8.28412997257659,16.5222350968313,5.44944922106886,9.27928592370351,0,0,0,0,0,0,0,0,0,0,273.782644985694,258.050528335187,218.182144325147,482.568294901204,239.345361864019,469.230161876851,0,0,10.5191535115547,9.9147145053288,8.36442416519734,18.4936440212421,9.14936894784262,17.9341327625631,0,0,317.573686555118,296.189958430042,280.394587541557,646.73166700981,348.767360786402,690.531711966092,0,0,12.2016642261749,11.3800928199942,10.7476577577239,24.7799064351288,13.3308596297409,26.387173429885,0,0,0,0,46.1983656272928,104.188348896974,47.6111189239999,86.5690339057549,0,0,0,0,0,0,0,0,0,0,355.668193093682,173.521132042739,581.773352640559,522.295835323044
"120",1999,2344,9.91666666666667,5060.98310826109,4332.18524562503,1074.12103666766,2050.42997861601,515.30646233207,846.3387324342,0,0,0,0,0,0,0,0,0,0,0,0,1.76273020608185,3.44539901562058,0.976732970745883,1.6113209949065,0,0,0,0,0,0,0,0,0,0,4317.38727330473,3695.21579316336,694.610966421116,1390.60153322059,391.538347395229,698.603514472283,0,0,165.88092327339,141.976100048852,26.7679261265015,53.5949242043078,15.0858207958471,26.9164105236762,0,0,24745.7741875836,21087.9567281661,4551.58920904769,8865.30357425677,2824.83523108915,4786.16422697859,0,0,950.762464776831,810.233365235046,176.937573363133,345.22642451869,110.744731466885,187.924503277465,0,0,0,0,8.30035231313017,16.5647834677619,5.49038381769086,9.36455777723384,0,0,0,0,0,0,0,0,0,0,275.08999213175,258.891090212874,220.18154072156,487.320335378072,242.976035589211,477.195200315753,0,0,10.5693840359337,9.94701022981419,8.4412898536606,18.6762534573705,9.2885430042106,18.2393475676445,0,0,315.523353054274,293.980039177032,281.147540267377,649.013865122247,351.584311002402,697.505906236164,0,0,12.1228877184613,11.2951841648713,10.7767164369755,24.867814386354,13.4389404047121,26.6545256921552,0,0,0,0,46.4055608852554,104.763219975691,48.0579718784601,87.5335638906578,0,0,0,0,0,0,0,0,0,0,359.451537511404,175.159696700993,593.382910134056,533.313063531994
"121",2000,2344,10,5041.0964313797,4310.4678956287,1073.84208932708,2050.11725258408,516.053654314911,848.181704960946,0,0,0,0,0,0,0,0,0,0,0,0,1.76263253824091,3.44575231614333,0.97887763887854,1.61604046094247,0,0,0,0,0,0,0,0,0,0,4344.95894266537,3713.85249690368,701.466221169347,1405.30545197902,397.719002285216,710.889006399809,0,0,166.940270901992,142.692152009799,27.0321686405628,54.1617710871649,15.3239605761852,27.3897580114982,0,0,24686.3489000286,21008.1648361087,4553.00348450395,8872.35801918997,2841.73007909393,4822.04573390034,0,0,948.479368436438,807.167628451708,176.998946231062,345.517903743392,111.413071506768,189.345072581773,0,0,0,0,8.31555029726696,16.6043613821824,5.53020387158462,9.4471810395334,0,0,0,0,0,0,0,0,0,0,276.356613966656,259.635147128697,222.093867281984,491.733101613266,246.487405253134,484.754843420561,0,0,10.6180498312384,9.97559807915493,8.51482337955539,18.8458749136487,9.42316829760928,18.5290941920262,0,0,313.513754089351,291.806394494441,281.853120851621,651.142757957687,354.330283992725,704.270115664931,0,0,12.0456762846395,11.2116692372421,10.8039641380041,24.9498619256733,13.5443205692277,26.9138833661858,0,0,0,0,46.6036564453161,105.312639222499,48.4942895917706,88.4721506646557,0,0,0,0,0,0,0,0,0,0,363.33966957156,176.942675930886,605.406875837215,545.427080981106
"122",2000,2344,10.0833333333333,5021.69613906222,4289.16530871342,1073.65759310004,2049.91663645843,516.69323064718,849.801648908688,0,0,0,0,0,0,0,0,0,0,0,0,1.76245524739646,3.4458340675762,0.980803214987066,1.62031544983282,0,0,0,0,0,0,0,0,0,0,4372.58594743979,3732.48508377685,708.274602473773,1419.89754990857,403.889819527617,723.156227353385,0,0,168.001744605682,143.408045794126,27.2946094156127,54.7243180058521,15.5617247885253,27.8624080347141,0,0,24627.9797267272,20929.4595275963,4554.14060775451,8878.68689970745,2858.23869223109,4857.14281175995,0,0,946.236848807829,804.143639990693,177.049361385322,345.780721375415,112.066253605081,190.73484080281,0,0,0,0,8.33009851371797,16.6422659041093,5.56936493697933,9.52846989410921,0,0,0,0,0,0,0,0,0,0,277.616612572769,260.351147327702,223.976276552295,496.031230959556,249.96901869419,492.20521936427,0,0,10.6664611516146,10.0031079445483,8.58721511335156,19.0111157922945,9.55666758117444,18.8146899375684,0,0,311.549056684874,289.669685824373,282.529868214774,653.167642261042,357.035248407342,710.912426302993,0,0,11.9701900282471,11.1295734507714,10.8301117521224,25.0279381582344,13.6481454084938,27.1686118170751,0,0,0,0,46.794814428464,105.844461882127,48.9241265433821,89.3971588575146,0,0,0,0,0,0,0,0,0,0,367.28489174426,178.79365678005,617.69622513068,558.124473970889
"123",2000,2344,10.1666666666667,5002.23266117848,4267.92707617002,1073.34574453204,2049.46470360768,517.261027862288,851.2986993866,0,0,0,0,0,0,0,0,0,0,0,0,1.762237964449,3.44580974728874,0.982582119840275,1.62434308516987,0,0,0,0,0,0,0,0,0,0,4400.24114980862,3751.0930234711,715.092075186108,1434.4983095649,410.08101822628,735.492808211086,0,0,169.064301706042,144.122992594424,27.5574013611422,55.287203443918,15.8002770987781,28.337735806119,0,0,24570.0980187988,20851.4432695938,4555.1332512491,8884.65993246557,2874.55698221242,4892.02065331718,0,0,944.013057523352,801.146125995456,177.093989828315,346.029357064843,112.711953787894,192.115991975634,0,0,0,0,8.34430987160041,16.6795044705114,5.60824609406065,9.60952803454223,0,0,0,0,0,0,0,0,0,0,278.894434369628,261.089077788,225.870822347604,500.378733536084,253.486411971873,499.76881134417,0,0,10.7155572658876,10.0314604057475,8.66007697168197,19.1782608980128,9.69154595606786,19.1046382828918,0,0,309.627188172811,287.56824569012,283.190902582184,655.133917988064,359.723247655476,717.516393246547,0,0,11.8963493143317,11.0488327383268,10.8556623774196,25.1037828982764,13.7513338751844,27.4219039006738,0,0,0,0,46.9806758333159,106.364906157532,49.3507146698327,90.3187573468427,0,0,0,0,0,0,0,0,0,0,371.248188981436,180.649814129904,630.130996318203,570.980807131369
"124",2000,2344,10.25,4982.70426827305,4246.75054966779,1072.90855478864,2048.76501707758,517.756372462226,852.67151469359,0,0,0,0,0,0,0,0,0,0,0,0,1.76195269912752,3.44562806639011,0.984217572744084,1.62812739765878,0,0,0,0,0,0,0,0,0,0,4427.94208008283,3769.69218891799,721.921677422708,1449.11401521941,416.296585732706,747.90541678443,0,0,170.128615745654,144.837602274108,27.8206611709395,55.8506685261942,16.0397704353612,28.8159970210244,0,0,24512.6872005197,20774.0991307834,4555.98289501449,8890.27995160528,2890.68340749231,4926.67439346696,0,0,941.807357720754,798.174435937412,177.132890013172,346.263919746997,113.350107167316,193.488327429131,0,0,0,0,8.35820567705224,16.716094814247,5.6468451792088,9.690347989296,0,0,0,0,0,0,0,0,0,0,280.189019718505,261.847486319582,227.776430144988,504.770917638477,257.036950747326,507.439324009397,0,0,10.7652974610805,10.0605996672873,8.73336770747842,19.3471302940478,9.82770253994028,19.3986983865265,0,0,307.746709380067,285.501479109502,283.83619587019,657.043873329862,362.393650268962,724.083053475787,0,0,11.8240988477878,10.9694242397339,10.8806148144738,25.1774835397445,13.8538617042737,27.6737990360953,0,0,0,0,47.1612625506847,106.873957812998,49.7739273760254,91.2366914202762,0,0,0,0,0,0,0,0,0,0,375.229807511554,182.511298907368,642.712465177776,583.998228495685
"125",2000,2344,10.3333333333333,4963.10980735516,4225.63357597359,1072.34810501923,2047.82129824737,518.17870022163,853.918926022107,0,0,0,0,0,0,0,0,0,0,0,0,1.76157683806221,3.44524736485142,0.985711827366792,1.63167105051787,0,0,0,0,0,0,0,0,0,0,4455.7031860106,3788.29574563965,728.765735951426,1463.74957974465,422.539722462403,760.399513040108,0,0,171.195241830106,145.55238067359,28.084478238506,56.4149017723624,16.2803275607038,29.2974010846685,0,0,24455.7329214387,20697.4121825998,4556.6913160149,8895.55041604659,2906.61677775392,4961.09974575919,0,0,939.619198035659,795.227996236932,177.166131922607,346.484542689523,113.980662552398,194.851670985761,0,0,0,0,8.37180470578936,16.7520540859773,5.68516123791334,9.77092411727378,0,0,0,0,0,0,0,0,0,0,281.499449349624,262.625077281885,229.692232281309,509.203744475898,260.618494823855,515.211400073582,0,0,10.8156464174136,10.0904759485829,8.80705401153164,19.517569084905,9.96505540135291,19.6966653573376,0,0,305.90629978268,283.468845716973,284.465754440835,658.899580068531,365.045779533831,730.613133839917,0,0,11.7533878921871,10.8913271932769,10.9049691774807,25.2491191629705,13.9557028719761,27.9243247319126,0,0,0,0,47.3366023746935,107.371612539873,50.1936430192558,92.1507130347608,0,0,0,0,0,0,0,0,0,0,379.229979124828,184.378252026841,655.441812877234,597.178748200745
"126",2000,2344,10.4166666666667,4943.44859447424,4204.57440248053,1071.66652942285,2046.63739267071,518.52754339818,855.039917893984,0,0,0,0,0,0,0,0,0,0,0,0,1.76109196459214,3.44463355042327,0.987066471433962,1.63497576076786,0,0,0,0,0,0,0,0,0,0,4483.53645703091,3806.914704196,735.626025808787,1478.40884405975,428.81299949085,772.979587085877,0,0,172.264640612818,146.267750836191,28.3489207779908,56.9800505761679,16.5220471069174,29.7821202251363,0,0,24399.2226009592,20621.3690939699,4557.26050883485,8900.47525357885,2922.35618423272,4995.29289364386,0,0,937.448095103817,792.306294692629,177.19379400287,346.691377460443,114.603579755967,196.205864760991,0,0,0,0,8.38512365616145,16.7873987599475,5.723194093842,9.85125200733083,0,0,0,0,0,0,0,0,0,0,282.824915846002,263.420683532446,231.617512303862,513.673689291192,264.22927553918,523.080419269752,0,0,10.8665731126683,10.1210444061519,8.88110837693465,19.6894420890269,10.1035368574283,19.998362548196,0,0,304.104733742889,281.469842842397,285.079617386419,660.702932116945,367.678943621296,737.107123782914,0,0,11.6841693567718,10.8145222855581,10.9287268303058,25.3187620163725,14.0568307560577,28.173499380002,0,0,0,0,47.5067278500246,107.857874515874,50.6097445972898,93.0605803375307,0,0,0,0,0,0,0,0,0,0,383.248923751853,186.250805906315,668.320148949737,610.524265130015
"127",2000,2344,10.5,4923.72037376363,4183.57164048359,1070.86600803925,2045.21725617843,518.802527692407,856.033623966737,0,0,0,0,0,0,0,0,0,0,0,0,1.76048338255561,3.4437592643592,0.988282546151386,1.63804246991888,0,0,0,0,0,0,0,0,0,0,4511.45167299772,3825.55814190233,742.503834998076,1493.0946968472,435.118421330312,785.649250909613,0,0,173.337187851418,146.984061526881,28.6140383049791,57.5462257941495,16.7650059795108,30.2702930049889,0,0,24343.1452456925,20545.9579690605,4557.69265157421,8905.05879482061,2937.9009724713,5029.25044960042,0,0,935.293626543578,789.408874247332,177.215961846861,346.88459137936,115.21882854749,197.550767593165,0,0,0,0,8.39817733648437,16.8221446060753,5.76094418517113,9.93132824685366,0,0,0,0,0,0,0,0,0,0,284.164711992741,264.233255434794,233.551682537168,518.177685577814,267.86784448059,531.042415360388,0,0,10.9180503745483,10.1522647112805,8.95550823795669,19.862631698571,10.2430915063433,20.3036383739724,0,0,302.340871322703,279.503998222424,285.677855209417,662.455660473776,370.292449433112,743.565307544014,0,0,11.6163994434988,10.7389913714577,10.9518903366879,25.3864780916839,14.1572186687,28.4213334923592,0,0,0,0,47.6716758091601,108.332755914583,51.0221197399547,93.9660576541161,0,0,0,0,0,0,0,0,0,0,387.286850431872,188.129085007289,681.348519998954,624.036577100866
"128",2000,2344,10.5833333333333,4903.92525885666,4162.62421351569,1069.9487571326,2043.56493565115,519.00336585552,856.899317542536,0,0,0,0,0,0,0,0,0,0,0,0,1.75973946357462,3.44260273455133,0.989360702759232,1.64087156652123,0,0,0,0,0,0,0,0,0,0,4539.45674968655,3844.23350841937,749.40005289237,1507.80923992842,441.457515161861,798.411371544862,0,0,174.413187682661,147.701598973537,28.8798650268739,58.1135080855877,17.0092627751589,30.7620294205425,0,0,24287.4911965308,20471.1681227221,4557.99006149486,8909.30568577615,2953.25070328414,5062.96939471428,0,0,933.155421238113,786.535324360299,177.232726479526,347.064364135853,115.826387146697,198.886252713745,0,0,0,0,8.41097892837399,16.8563066658598,5.7984123503113,10.0111501172019,0,0,0,0,0,0,0,0,0,0,285.518214645243,265.061844978036,235.494254385301,522.713047981243,271.533005636064,539.093962572668,0,0,10.9700542608706,10.184100439872,9.03023483019658,20.037034921684,10.3836736246203,20.6123619577479,0,0,300.613645570194,277.570861190962,286.260567571475,664.159354807246,372.885617986756,749.987805357604,0,0,11.5500371585598,10.6647171356568,10.9744633749469,25.452327953808,14.2568404491505,28.6678312836423,0,0,0,0,47.8314867171972,108.796276102548,51.4306605564365,94.8669152726989,0,0,0,0,0,0,0,0,0,0,391.343958729055,190.013206679532,694.527921562174,637.717395392611
"129",2000,2344,10.6666666666667,4884.06368618936,4141.73131618705,1068.91702146318,2041.68455353285,519.129852602793,857.636404123701,0,0,0,0,0,0,0,0,0,0,0,0,1.7588511280372,3.44114685998311,0.990301321880632,1.64346305676889,0,0,0,0,0,0,0,0,0,0,4567.55801479976,3862.94686957961,756.315240453054,1522.55391974358,447.831403100181,811.268178605179,0,0,175.49288322699,148.420596235146,29.1464225361454,58.6819529533221,17.2548605499047,31.2574150199675,0,0,24232.25192636,20396.9899010512,4558.15515992674,8913.2208182414,2968.40512130042,5096.447029943,0,0,931.033151563297,783.685274112916,177.244183000839,347.230885097851,116.426241010038,200.212205869347,0,0,0,0,8.42354020263796,16.8898992474765,5.83559966984742,10.0907153656532,0,0,0,0,0,0,0,0,0,0,286.884871698665,265.905592831534,237.444815407119,527.277410730379,275.223761876642,547.232084136277,0,0,11.0225635589114,10.216518575067,9.10527231062622,20.2125610204687,10.5252451139708,20.9244196241268,0,0,298.922052552156,275.669996082612,286.827880854683,665.81548098623,375.457795493947,756.374606359266,0,0,11.4850439294223,10.5916828391873,10.9964506452731,25.5163674148242,14.3556708906451,28.9129919350007,0,0,0,0,47.9862041406515,109.248460981835,51.835263505541,95.7629292738764,0,0,0,0,0,0,0,0,0,0,395.420439865386,191.903281852449,707.85930709379,651.568356267581
"130",2000,2344,10.75,4864.1363774333,4120.8923810818,1067.77306813845,2039.58029540094,519.181860399581,858.244415343548,0,0,0,0,0,0,0,0,0,0,0,0,1.75781143500509,3.43937848098965,0.991104598509943,1.64581668763849,0,0,0,0,0,0,0,0,0,0,4595.7604294097,3881.70310294914,763.249685432279,1537.32963088247,454.240860799087,824.221350750037,0,0,176.576465096738,149.141240715595,29.4137219280577,59.2515947135412,17.5018290645823,31.7565142150237,0,0,24177.4198776442,20323.4145371413,4558.19044507049,8916.80927525203,2983.36412964266,5129.68093685019,0,0,928.926527147457,780.858386666422,177.250429533522,347.384351200863,117.018381853873,201.528523809422,0,0,0,0,8.43587170180783,16.9229359479574,5.87250736305511,10.1700220504634,0,0,0,0,0,0,0,0,0,0,288.264191468359,266.763717572286,239.403012312974,531.868678629896,278.939273536657,555.454178742455,0,0,11.0755593773859,10.2494890933423,9.18060710482873,20.389129630749,10.667773912006,21.2397120793926,0,0,297.265143516561,273.800977505031,287.379945301157,667.425395639269,378.008360428588,762.725595005783,0,0,11.4213833036988,10.5198721377888,11.0178577606734,25.5786480936733,14.4536860130754,29.1568106085844,0,0,0,0,48.1358743123701,109.689342433405,52.2358292679245,96.6538813804207,0,0,0,0,0,0,0,0,0,0,399.516477637584,193.799415619297,721.343594465727,665.591030111993
"131",2000,2344,10.8333333333333,4844.14430683725,4100.10705005392,1066.5191812696,2037.25639908761,519.159335662379,858.723003537294,0,0,0,0,0,0,0,0,0,0,0,0,1.75661522831605,3.43728774778205,0.991770612732197,1.64793204969199,0,0,0,0,0,0,0,0,0,0,4624.06778007669,3900.50606716081,770.203449860618,1552.13680543564,460.686368856077,837.27209166342,0,0,177.664078777609,149.86368066973,29.6817656226282,59.8224499221206,17.7501867545916,32.2593731914302,0,0,24122.9883214496,20250.4340259649,4558.09846882675,8920.07628420573,2998.12776778498,5162.66894308367,0,0,926.835289454931,778.054354454677,177.251566326162,347.524965133498,117.602806800211,202.83511295692,0,0,0,0,8.4479829006473,16.9554296788681,5.90913670479828,10.2490684143979,0,0,0,0,0,0,0,0,0,0,289.655733401377,267.635506143642,241.368536722897,536.48498457086,282.67882322939,563.757956599506,0,0,11.1290247895689,10.2829845979194,9.25622736023769,20.566669131908,10.8112326421296,21.5581519595403,0,0,295.642018194596,271.963386592956,287.916932217511,668.990359042447,380.536728669343,769.040573643838,0,0,11.3590206918016,10.4492689379812,11.0386911403015,25.6392179115499,14.5508632615533,29.39927931405,0,0,0,0,48.2805457497424,110.11895781943,52.6322626245738,97.5395588206514,0,0,0,0,0,0,0,0,0,0,403.632249213307,195.701707758677,734.98167128443,679.786929299507
"132",2000,2344,10.9166666666667,4824.08867361562,4079.37515000578,1065.15765748857,2034.71714546124,519.062295410756,859.071937012975,0,0,0,0,0,0,0,0,0,0,0,0,1.75525884204259,3.4348675920696,0.992299384365596,1.64980865720527,0,0,0,0,0,0,0,0,0,0,4652.48284059704,3919.35874429934,777.176409341037,1566.97548722039,467.168156464217,850.421194483371,0,0,178.755830843292,150.588030674014,29.950548872472,60.3945202212791,17.9999424028912,32.7660223771849,0,0,24068.9512387208,20178.0410189539,4557.88181790197,8923.02717816038,3012.69619284559,5195.40909306138,0,0,924.75920722452,775.272895133756,177.247695021423,347.652933838696,118.179517654869,204.131888279947,0,0,0,0,8.45988234482126,16.9873926987618,5.94548896616303,10.3278527910262,0,0,0,0,0,0,0,0,0,0,291.059100170684,268.520305586119,243.341113908961,541.124653928424,286.441787252021,572.141385612471,0,0,11.1829445295429,10.3169800010491,9.3321225139118,20.745115280937,10.9555975161679,21.8796617664067,0,0,294.051819253661,270.156808238081,288.439031203192,670.511546295023,383.042356663592,775.319281262764,0,0,11.2979231538185,10.3798572906331,11.0589579036028,25.6981215214296,14.6471816288267,29.6403876284009,0,0,0,0,48.4202689288412,110.537349547448,53.0244723414625,98.4197542074083,0,0,0,0,0,0,0,0,0,0,407.767925802038,197.610253191286,748.774398944787,694.15751471929
"133",2001,2344,11,4803.11970654626,4057.50553834405,1064.10854463792,2032.64627772369,518.942992558747,859.322136423079,0,0,0,0,0,0,0,0,0,0,0,0,1.75387182702546,3.43225282487421,0.992788609073232,1.65150306946657,0,0,0,0,0,0,0,0,0,0,4680.88677125518,3938.0205336455,784.363284198687,1582.11766151696,473.736803743828,863.705748352544,0,0,179.847155281871,151.305046464053,30.2275584348218,60.9782601913168,18.2530444280923,33.2778900123411,0,0,24014.1212816837,20104.298098077,4558.69311144946,8927.30342069439,3027.37016303732,5228.08268476253,0,0,922.652660831171,772.439569989517,177.283211707947,347.831415442842,118.760305311508,205.425960812708,0,0,0,0,8.47212996999637,17.0193453230884,5.98215462327069,10.4067339858632,0,0,0,0,0,0,0,0,0,0,292.506772769935,269.402221940138,245.405061795698,545.866627438938,290.338050652958,580.680612672234,0,0,11.2385665671991,10.3508646313912,9.41152725787788,20.9274966313503,11.1050715738403,22.2071538670325,0,0,292.487618379836,268.366000009534,288.970954568307,672.016252832172,385.564379292516,781.587841725423,0,0,11.2378244933893,10.3110515571324,11.0796061659597,25.7564061642165,14.7441374600498,29.8811339066934,0,0,0,0,48.5574706029903,110.946431235552,53.4176022747569,99.2976437412123,0,0,0,0,0,0,0,0,0,0,411.864964451027,199.506041121931,762.527108146202,708.560376089969
"134",2001,2344,11.0833333333333,4781.97055205402,4035.52850517749,1063.00232059787,2030.4442341175,518.759727303219,859.450723475068,0,0,0,0,0,0,0,0,0,0,0,0,1.75243829172678,3.42949556141024,0.993156331214965,1.65296845231334,0,0,0,0,0,0,0,0,0,0,4709.40715453591,3956.71200396974,791.606803869791,1597.35114891219,480.359400733256,877.110970895143,0,0,180.942954016437,152.023202644735,30.5067492174401,61.5655167124791,18.5082242774067,33.7944056127644,0,0,23959.4817865351,20030.8369220504,4559.52835045568,8931.47733479181,3041.90289492238,5260.54113005248,0,0,920.55343148186,769.617069971741,177.319460885926,348.005497087784,119.335480759059,206.711477805985,0,0,0,0,8.48455692807307,17.0513369309383,6.01864491344692,10.4854171771633,0,0,0,0,0,0,0,0,0,0,293.967720854475,270.293583854546,247.48665353272,550.643944831933,294.26712046817,589.304829619953,0,0,11.2946986688442,10.3851121753419,9.49161358306169,21.1112448292026,11.2558115513397,22.5379209038513,0,0,290.953613921435,266.601061544792,289.495116970218,673.482827650333,388.072714977979,787.822378959502,0,0,11.1788860176529,10.2432397817239,11.0999610024741,25.8132405432332,14.8405803337703,30.120604956808,0,0,0,0,48.6901993542353,111.344643273458,53.8071259562878,100.170100373699,0,0,0,0,0,0,0,0,0,0,415.973486640358,201.405174025968,776.409278065453,723.118989974784
"135",2001,2344,11.1666666666667,4760.7727643292,4013.62632037762,1061.77715037628,2028.0109907749,518.504649254526,859.452909073106,0,0,0,0,0,0,0,0,0,0,0,0,1.75092297676654,3.42654887036233,0.993389070494407,1.6541974150546,0,0,0,0,0,0,0,0,0,0,4738.06200098913,3975.46988258729,798.876668495957,1612.63311027082,487.028021927321,890.630878704362,0,0,182.043919041119,152.743910338245,30.7869563332318,62.1546432879111,18.7651767798355,34.3153389670119,0,0,23905.2087279895,19957.9460958896,4560.21462274649,8935.30468621841,3056.24953316399,5292.75572465746,0,0,918.468280379059,766.816483748819,177.34978489898,348.165783840131,119.903280455658,207.987303338279,0,0,0,0,8.49704910966718,17.0832460247929,6.05487788972374,10.5638544180876,0,0,0,0,0,0,0,0,0,0,295.436776463464,271.196257332412,249.573181932304,555.443678486677,298.212666896339,598.001874611767,0,0,11.351142273455,10.419794327721,9.57189398836738,21.2958639439473,11.4071930423816,22.8714982077243,0,0,289.449942379608,264.863924945603,290.007903836034,674.908506613793,390.560484098621,794.018264550662,0,0,11.1211129713071,10.1764961988461,11.1198835902717,25.8685181623246,14.9362469807646,30.358623409108,0,0,0,0,48.8181895707891,111.73181651596,54.1921672048787,101.036412455731,0,0,0,0,0,0,0,0,0,0,420.102534884264,203.310620241593,790.451493987261,737.856679852102
"136",2001,2344,11.25,4739.52847329961,3991.79944452146,1060.43584138548,2025.35166042574,518.177777896373,859.328601280027,0,0,0,0,0,0,0,0,0,0,0,0,1.74930731221699,3.42338087626479,0.993487877303672,1.65519092085435,0,0,0,0,0,0,0,0,0,0,4766.84895163268,3994.29294503591,806.171485419738,1627.96057150769,493.741556135171,904.263697277627,0,0,183.149959720051,153.467122498784,31.0681261964385,62.7455255300605,19.0238593113026,34.8406220093586,0,0,23851.2997786812,19885.6212701084,4560.75549771626,8938.79253341885,3070.41042982493,5324.72524445387,0,0,916.397118101255,764.037644206395,177.374322812955,348.312548973852,120.463714466951,209.253381542696,0,0,0,0,8.5095620910001,17.1150052552878,6.09085889441193,10.6420497573578,0,0,0,0,0,0,0,0,0,0,296.913939455936,272.109811513783,251.664818884704,560.26488359438,302.175419228651,606.771481576112,0,0,11.4078973756196,10.4548945341989,9.65237502196448,21.4813177063086,11.5592440766921,23.2078759697463,0,0,287.975813795439,263.154369117834,290.509241605587,676.294497911831,393.026668793895,800.17503447048,0,0,11.0644750030386,10.1108123137025,11.1393709743139,25.9222849700878,15.0310982732921,30.5951710808807,0,0,0,0,48.9415333928786,112.108071405567,54.5726521351265,101.89639744215,0,0,0,0,0,0,0,0,0,0,424.252222789454,205.222457865808,804.654356293093,752.774749325865
"137",2001,2344,11.3333333333333,4718.23987793652,3970.04838755713,1058.98117485364,2022.47132906559,517.77919516321,859.077807512671,0,0,0,0,0,0,0,0,0,0,0,0,1.7475766914872,3.41996647511558,0.993453474691811,1.6559495467208,0,0,0,0,0,0,0,0,0,0,4795.76554402949,4013.17988156064,813.489915280325,1643.33071134212,500.498863902735,918.007667655307,0,0,184.260981442462,154.192788803472,31.3502072589935,63.3380548968774,19.2842281405646,35.3701872379986,0,0,23797.752653099,19813.8581806596,4561.15444421077,8941.94775826743,3084.38595742955,5356.44850268627,0,0,914.339856835061,761.280387512807,177.393209867919,348.446059120134,121.016793774283,210.509658168138,0,0,0,0,8.52205984178461,17.1465599751732,6.12659172581258,10.720005255135,0,0,0,0,0,0,0,0,0,0,298.399199155345,273.033839163506,253.761675204885,565.106619966622,306.155960365292,615.613292580176,0,0,11.4649635651322,10.4903971481486,9.73306088943163,21.6675700186968,11.7119870684135,23.5470408378453,0,0,286.530465983423,261.472147663201,290.999093804315,677.641918667471,395.470393455154,806.292266032603,0,0,11.0089428286327,10.0461786592709,11.158421619521,25.9745834229217,15.1251005263198,30.8302313769,0,0,0,0,49.0603147869099,112.473517765021,54.9485109169353,102.749878271244,0,0,0,0,0,0,0,0,0,0,428.422663888998,207.140761982269,819.01848811327,767.874486833136
"138",2001,2344,11.4166666666667,4696.90924531495,3948.37370843465,1057.41590865008,2019.37505948367,517.309042063508,858.700629965236,0,0,0,0,0,0,0,0,0,0,0,0,1.74571958099144,3.41628584733301,0.993286389221048,1.65647364887094,0,0,0,0,0,0,0,0,0,0,4824.80920346646,4032.12928871556,820.830660787438,1658.74082634481,507.298783220348,931.861035952357,0,0,185.376885283758,154.920855329674,31.6331495813823,63.9321273542807,19.5462386513176,35.9039673177548,0,0,23744.5651150636,19742.6526517502,4561.41484177855,8944.77708837985,3098.17650828252,5387.92435239815,0,0,912.296410662493,758.54455322726,177.406577907947,348.566575117215,121.562530244453,211.756080670645,0,0,0,0,8.53451280182017,17.1778653963423,6.16207907063712,10.7977215387284,0,0,0,0,0,0,0,0,0,0,299.89253511872,273.967953668725,255.863811962974,569.967956328388,310.154747055582,624.526871674396,0,0,11.5223400565449,10.5262873152849,9.81395388735014,21.8545851188778,11.8654395910513,23.8889764484357,0,0,285.113163284039,259.816993878648,291.477453630434,678.951807243589,397.890902235691,812.369571671811,0,0,10.9544881830447,9.98258498838694,11.1770351269505,26.0254529570601,15.2182246360261,31.0637890487671,0,0,0,0,49.1746115084123,112.828257652532,55.3196772624659,103.59668279182,0,0,0,0,0,0,0,0,0,0,432.61397149157,209.065604950228,833.544528740127,783.157164938398
"139",2001,2344,11.5,4675.53891257116,3926.77601660333,1055.74277764643,2016.06789179771,516.76751938326,858.197267365929,0,0,0,0,0,0,0,0,0,0,0,0,1.74372717543061,3.41232388100545,0.992987003014728,1.65676343107766,0,0,0,0,0,0,0,0,0,0,4853.97723565194,4051.13966293012,828.192462290709,1674.18831663371,514.140131589629,945.822047507333,0,0,186.497567724945,155.651264307803,31.9169046632553,64.5276428286126,19.8098454226147,36.4418948569396,0,0,23691.7349822302,19672.0005994749,4561.53998306362,8947.28710258628,3111.78249513211,5419.15168970687,0,0,910.266695733992,755.829984439445,177.41455547303,348.674352222509,122.100936659179,212.992598347894,0,0,0,0,8.5468971372984,17.208885483902,6.19732266517405,10.8751980112733,0,0,0,0,0,0,0,0,0,0,301.39391705863,274.911787958064,257.97124478288,574.847972213585,314.172117130032,633.511709276096,0,0,11.5800256861697,10.5625509321374,9.89505456775633,22.0423276520962,12.0196146539351,24.2336635940573,0,0,283.723196839424,258.188622840296,291.944341026627,680.225127734844,400.287550526042,818.406597038569,0,0,10.901083830992,9.92002035381311,11.1952121216337,26.0749301608428,15.310445752882,31.2958301204432,0,0,0,0,49.2844958730358,113.172386562725,55.6860883426099,104.436643736137,0,0,0,0,0,0,0,0,0,0,436.82625855263,210.997056456241,848.233130105146,798.624039096558
"140",2001,2344,11.5833333333333,4654.13128665669,3905.25597194731,1053.96449499655,2012.55484493733,516.154886306315,857.568013463355,0,0,0,0,0,0,0,0,0,0,0,0,1.7415928894934,3.40806931913536,0.992555624474083,1.6568190354152,0,0,0,0,0,0,0,0,0,0,4883.26682217378,4070.20939623416,835.574091238269,1689.67066521331,521.02170945641,959.888940313755,0,0,187.62292047812,156.383953957076,32.2014251933571,65.1245044159064,20.0750023624978,36.9839021578339,0,0,23639.2601297642,19601.8980330726,4561.53307976364,8949.48424278554,3125.20435116284,5450.12945603984,0,0,908.25063040963,753.136527817782,177.417268026707,348.769640565248,122.632026714737,214.219162428371,0,0,0,0,8.55919364690753,17.2395913284828,6.23232353020918,10.952433154316,0,0,0,0,0,0,0,0,0,0,302.903305139056,275.864992603258,260.083950477775,579.745760015794,318.208301853576,642.567229858788,0,0,11.6380189234467,10.5991745731125,9.97636199215393,22.2307627492396,12.1745211751009,24.581080518445,0,0,282.359883909339,256.586734483398,292.399798272475,681.462777783171,402.659791116626,824.403017535362,0,0,10.8487035406718,9.85847322657554,11.2129540837998,26.1230490744814,15.4017427514441,31.5263417538931,0,0,0,0,49.3900358745375,113.505995089144,56.0476845499252,105.269598493799,0,0,0,0,0,0,0,0,0,0,441.059637536059,212.935183666688,863.084952300638,814.276346811006
"141",2001,2344,11.6666666666667,4632.68884382833,3883.81428445974,1052.0837529748,2008.84091747624,515.471459364973,856.813255987967,0,0,0,0,0,0,0,0,0,0,0,0,1.73931197421944,3.40351411307114,0.99199253795905,1.65664060663511,0,0,0,0,0,0,0,0,0,0,4912.67501839828,4089.33677424504,842.974345157558,1705.1854220892,527.942302852599,974.059939895249,0,0,188.752830405749,157.118858408169,32.48666485764,65.7226177738697,20.3416628109407,37.5299210220369,0,0,23587.1384922397,19532.3410549767,4561.39726718546,8951.37482286528,3138.44253011061,5480.85664001473,0,0,906.248135332059,750.464033611392,177.41483813003,348.85268548718,123.155815026942,215.435726147669,0,0,0,0,8.57138693954345,17.2699599151536,6.26708213978975,11.0294247454343,0,0,0,0,0,0,0,0,0,0,304.42065016797,276.827234212419,262.201872220299,584.660426146255,322.26343607163,651.692797818007,0,0,11.6963178783427,10.6361454287598,10.0578739295151,22.419856070987,12.3301643697129,24.9312031416133,0,0,281.022567222392,255.011016072032,292.843886543927,682.665595142992,405.007162968831,830.358535701601,0,0,10.7973220588344,9.79793159085346,11.2302632171328,26.1698414418779,15.4920978000642,31.7553121475121,0,0,0,0,49.4912960230079,113.829170183004,56.404409340462,106.095388982004,0,0,0,0,0,0,0,0,0,0,445.314220281597,214.880051346371,878.100659822741,830.115306850452
"142",2001,2344,11.75,4611.21412858506,3862.45171346906,1050.10322359668,2004.93108807961,514.71761133045,855.93347548301,0,0,0,0,0,0,0,0,0,0,0,0,1.73688121165127,3.39865290392825,0.991298038019007,1.6562283371575,0,0,0,0,0,0,0,0,0,0,4942.19875381245,4108.51997635428,850.392043544111,1720.73019135621,534.900685552871,988.333255264231,0,0,189.887179533812,157.855907710393,32.7725781820762,66.321890627646,20.609779624039,38.0798825971534,0,0,23535.3680639301,19463.3258594924,4561.13560821115,8952.96503619849,3151.49750637972,5511.33227885151,0,0,904.259133437689,747.812355599245,177.407385592843,348.923727828479,123.672317136068,216.642244806562,0,0,0,0,8.5834647842619,17.2999731404376,6.30159854437882,11.1061700175482,0,0,0,0,0,0,0,0,0,0,305.945893760708,277.798193924516,264.324923878727,589.591091436082,326.337567430772,660.887722394132,0,0,11.7549203076286,10.6734512479277,10.1395870224473,22.6095738231851,12.4865461031467,25.2840052488298,0,0,279.710614208806,253.461144327008,293.276683043671,683.834363754227,407.329281265091,836.27287902268,0,0,10.7469150813046,9.73838302573699,11.2471423388846,26.215336943559,15.5814959796255,31.9827304509966,0,0,0,0,49.5883380028763,114.141996147019,56.7562091190352,106.913861566613,0,0,0,0,0,0,0,0,0,0,449.590117875268,216.831721965635,893.280918239735,846.142118575158
"143",2001,2344,11.8333333333333,4589.70975227521,3841.1690666077,1048.02555910954,2000.83031572045,513.893770056211,854.92924403213,0,0,0,0,0,0,0,0,0,0,0,0,1.73429865161649,3.39348257447828,0.990472457346727,1.65558250387902,0,0,0,0,0,0,0,0,0,0,4971.8348335582,4127.75707698165,857.826024303092,1736.30262006772,541.89562095894,1002.70707553759,0,0,191.025845110751,158.595027879876,33.0591203966051,66.9222323437565,20.8793052476244,38.6337172485199,0,0,23483.9468983867,19394.84873088,4560.75109690544,8954.2609623078,3164.36977515268,5541.55545952334,0,0,902.2835499405,745.181351016534,177.395027611272,348.983004181597,124.181549511418,217.838675818888,0,0,0,0,8.59541755118532,17.3296169645053,6.33587247453545,11.1826657926795,0,0,0,0,0,0,0,0,0,0,307.478968504401,278.777566010057,266.452993837435,594.536891235907,330.430664804921,670.151262000568,0,0,11.8138236211974,10.7110802839993,10.2214969336396,22.7998827606981,12.643665213713,25.6394586568251,0,0,278.423416176018,251.936787328044,293.698278480437,684.969819363024,409.625828431373,842.145798022577,0,0,10.6974592213066,9.67981477831153,11.2635947833739,26.2595634122997,15.669924939571,32.2085866912352,0,0,0,0,49.6812212361667,114.444555485308,57.1030331421368,107.724867003486,0,0,0,0,0,0,0,0,0,0,453.887440521635,218.790255797758,908.626391175792,862.357961318636
"144",2001,2344,11.9166666666667,4568.17839136366,3819.96719851608,1045.8533923444,1996.54353965102,513.000417275518,853.801223883559,0,0,0,0,0,0,0,0,0,0,0,0,1.7315633945252,3.38800187738556,0.989516187082612,1.65470349518066,0,0,0,0,0,0,0,0,0,0,5001.57994124554,4147.04604797947,865.275140771518,1751.90038901446,548.925863665205,1017.17956723445,0,0,192.168699715561,159.336140991942,33.3462473212776,67.5235535771245,21.1501917785332,39.1913544569324,0,0,23432.8731072321,19326.9060407857,4560.24666174138,8955.26857263785,3177.05985249617,5571.52531962903,0,0,900.321312285658,742.570880455959,177.377878890535,349.03074711079,124.683529555643,219.024978748556,0,0,0,0,8.6072377524405,17.3588807103624,6.36990342131479,11.258908585592,0,0,0,0,0,0,0,0,0,0,309.019798118286,279.765056574353,268.585948276476,599.496975159923,334.542625948587,679.482627945419,0,0,11.8730248882228,10.7490212450699,10.3035984716333,22.9907501777153,12.8015178058484,25.9975333567804,0,0,277.160387430892,250.437606180133,294.108774920585,686.072654682024,411.896546154223,847.977064644428,0,0,10.6489319757384,9.62221382768251,11.279624319755,26.3025470311127,15.7573745920722,32.4328717093945,0,0,0,0,49.7700033412329,114.736929596315,57.4448334422851,108.52826040433,0,0,0,0,0,0,0,0,0,0,458.20629741842,220.755711006721,924.137737613123,878.763993830293
"145",2002,2344,12,4546.65751921206,3798.85482195227,1043.62411879376,1992.13016147504,512.036334442229,852.541253329824,0,0,0,0,0,0,0,0,0,0,0,0,1.72867278154937,3.3821940291499,0.988426269624363,1.65357448893078,0,0,0,0,0,0,0,0,0,0,5031.42443522563,4166.37130019668,872.744454165006,1767.52442203731,555.988244155675,1031.73808455067,0,0,193.315372900673,160.078648086477,33.6341531220143,68.1258884680021,21.4223171739562,39.7523071082189,0,0,23382.1456843609,19259.4473391503,4559.67435543593,8956.04304028478,3189.55740144165,5601.18264347595,0,0,898.372381827364,739.979005544627,177.357937851901,349.069053692344,125.177848768959,220.198819156291,0,0,0,0,8.61890564131821,17.38766685203,6.40366884106792,11.3347764900712,0,0,0,0,0,0,0,0,0,0,310.566617109667,280.754281218983,270.721880084028,604.453439216619,338.668710677202,688.852395354197,0,0,11.932456275733,10.787028832333,10.3858184729247,23.1814894647892,12.9599224970102,26.3571036439383,0,0,275.920549954441,248.962419880101,294.508133428749,687.140514266552,414.13982006019,853.757536017311,0,0,10.601295767726,9.56553479781125,11.2952293338297,26.3441971728178,15.8437829700473,32.6552353697836,0,0,0,0,49.8546541451407,115.018595764888,57.7813663792371,109.322759063698,0,0,0,0,0,0,0,0,0,0,462.548962982384,222.734127356376,939.82349986131,895.411962035467
"146",2002,2344,12.0833333333333,4525.80764828821,3777.99081311626,1041.98296488501,1988.60488495587,510.976456122146,850.995275557904,0,0,0,0,0,0,0,0,0,0,0,0,1.72568845100223,3.37593877162319,0.987142375285527,1.65187884943589,0,0,0,0,0,0,0,0,0,0,5061.18838124782,4185.42627275466,880.334730393931,1783.20364978814,563.031824318776,1046.15055375363,0,0,194.458951304433,160.810770604281,33.9267068804344,68.7303286469861,21.6937203094017,40.3076364542198,0,0,23331.8208873748,19191.6331985986,4559.95330774025,8957.51720215716,3201.67516022856,5629.45822612317,0,0,896.438920262725,737.373474125729,177.370464620321,349.133309467877,125.657149304166,221.318146935094,0,0,0,0,8.6303472425915,17.4146212729667,6.43676317517146,11.4080576291237,0,0,0,0,0,0,0,0,0,0,312.088757413216,281.634649756724,272.832026983631,609.104768097952,342.726131989,697.741697615664,0,0,11.9909394690214,10.8208539937877,10.4670545852019,23.3605392762456,13.1157110970137,26.6983158185336,0,0,274.698767675413,247.495853172223,294.896754368946,688.116200663225,416.332645410833,859.314562098512,0,0,10.5543532615789,9.50918694675119,11.3104254888213,26.3823213364012,15.9282697016162,32.8690730369654,0,0,0,0,49.9337738118087,115.278723063602,58.1090531697336,110.087136609754,0,0,0,0,0,0,0,0,0,0,466.955547039509,224.836731595405,955.828685026016,913.24347923492
"147",2002,2344,12.1666666666667,4504.95720175611,3757.23434295957,1040.24251438974,1984.89382886066,509.860630069521,849.346718704298,0,0,0,0,0,0,0,0,0,0,0,0,1.72273767907486,3.36970931470791,0.985735701852336,1.64996340080362,0,0,0,0,0,0,0,0,0,0,5090.94620489395,4204.43325281107,887.913889496968,1798.85193869905,570.083779346762,1060.60648318486,0,0,195.602294476715,161.541049173426,34.2188375701467,69.3335868778398,21.965448984318,40.8646456600508,0,0,23281.9195504435,19124.4203345072,4560.11669303863,8958.72802492076,3213.63603333345,5657.5091867817,0,0,894.521727840438,734.791044750529,177.378396149026,349.187041598146,126.130172972952,222.428439069634,0,0,0,0,8.64196437392618,17.4417170407203,6.46961444091832,11.4810591184987,0,0,0,0,0,0,0,0,0,0,313.619596582614,282.528454987731,274.953481478011,613.798497226039,346.805983525831,706.722407808375,0,0,12.0497568854818,10.8551954145582,10.5487286051785,23.5412252598277,13.2723691961703,27.0430501743078,0,0,273.505432762874,246.054794629224,295.280162616432,689.058248848656,418.504802507302,864.818164422712,0,0,10.5085037407057,9.45381916050296,11.3254240964125,26.4191622654205,16.0119738317749,33.0808869411376,0,0,0,0,50.0092032344237,115.529396806571,58.4317884261978,110.843694174084,0,0,0,0,0,0,0,0,0,0,471.383727999187,226.945966575891,972.000050752426,931.268096852043
"148",2002,2344,12.25,4484.1064636555,3736.58414394062,1038.40513141604,1981.00120478702,508.68886953791,847.595710011693,0,0,0,0,0,0,0,0,0,0,0,0,1.71978795364833,3.36345095747806,0.984210731359949,1.64783455354762,0,0,0,0,0,0,0,0,0,0,5120.70929215803,4223.40284381992,895.484964583012,1814.47487630559,577.147171866957,1075.11084572371,0,0,196.745839885615,162.269891195573,34.5106612774456,69.9358769833331,22.2376206110912,41.4235252927566,0,0,23232.4291654351,19057.7960331015,4560.16540732914,8959.67707892021,3225.43854282287,5685.33149922837,0,0,892.620323980256,732.23122893525,177.381768040549,349.230312086782,126.596860761466,223.529533937951,0,0,0,0,8.65369292623719,17.4688508174872,6.50222450140198,11.5537783579661,0,0,0,0,0,0,0,0,0,0,315.158564080843,283.434691690714,277.084639187217,618.529405094554,350.906353397677,715.78858899907,0,0,12.1088866041774,10.8900144724337,10.6307788458177,23.7233468998999,13.4298234213626,27.3910792829154,0,0,272.339199075131,244.638645214479,295.658103257371,689.968661465563,420.655573480583,870.269841984583,0,0,10.4636954843944,9.39940842311409,11.3402152527245,26.4547964219208,16.0948676772593,33.2907339549571,0,0,0,0,50.0810240917128,115.770740212147,58.7495208007066,111.592282796311,0,0,0,0,0,0,0,0,0,0,475.833634913268,229.061932024913,988.338536446553,949.487740200214
"149",2002,2344,12.3333333333333,4463.25615030698,3716.03925997714,1036.47327563452,1976.93142718346,507.461310253842,845.742577784517,0,0,0,0,0,0,0,0,0,0,0,0,1.71681287048417,3.35711916125599,0.982570999055772,1.64549748207141,0,0,0,0,0,0,0,0,0,0,5150.48661013005,4242.34361296056,903.050299834536,1830.07681104339,584.224321396344,1089.66746388433,0,0,197.889932061072,162.997625835452,34.8022676828819,70.5373652956882,22.5103241015366,41.9844218094068,0,0,23183.3387748368,18991.7488295908,4560.10070435491,8960.36666862946,3237.08161043622,5712.92178976544,0,0,890.734287679229,729.693586184051,177.380629819566,349.263211611966,127.057169321823,224.621295523112,0,0,0,0,8.66548078156996,17.4959385131213,6.53459482059508,11.6262127923744,0,0,0,0,0,0,0,0,0,0,316.705164747376,284.352452536402,279.224151870273,623.29292425683,355.025667326599,724.935048490011,0,0,12.1683096002567,10.9252763063711,10.7131534555419,23.9067287789857,13.5880133493279,27.7422042326662,0,0,271.198838224744,243.246850686225,296.030328294302,690.84919493016,422.784309278221,875.670902200845,0,0,10.4198812962339,9.34593343972231,11.3547893089125,26.4892908047846,16.1769261617263,33.4986635746061,0,0,0,0,50.1493111506293,116.002869990132,59.0622069242654,112.332766434251,0,0,0,0,0,0,0,0,0,0,480.305379241327,231.184717454674,1004.84492015337,967.904101462978
"150",2002,2344,12.4166666666667,4442.40734808498,3695.59904477217,1034.4494423786,1972.68900007554,506.178177104511,843.787792194836,0,0,0,0,0,0,0,0,0,0,0,0,1.71379119699307,3.35067803029032,0.980819276158249,1.64295634004684,0,0,0,0,0,0,0,0,0,0,5180.28505954597,4261.26237250509,910.611652283337,1845.66103048745,591.316920153918,1104.27919711285,0,0,199.034836140395,163.724514831452,35.0937239619415,71.1381774873445,22.7836243061424,42.5474447383897,0,0,23134.6389138518,18926.2685709479,4559.92408332,8960.79959988067,3248.56443767125,5740.27716076088,0,0,888.863255286652,727.177726401165,177.375040535333,349.285850368711,127.51106624122,225.703606434391,0,0,0,0,8.67728582991042,17.522912119085,6.56672643751831,11.6983597800019,0,0,0,0,0,0,0,0,0,0,318.258969380933,285.280921581993,281.370886622357,628.085067324883,359.162626817071,734.157258241975,0,0,12.2280093831279,10.960949566542,10.7958088533015,24.0912177417188,13.746889138697,28.096251585403,0,0,270.083237638683,241.878902679635,296.396601233091,691.701375196369,424.890427952431,881.022468780966,0,0,10.3770184295795,9.2933746781309,11.3691370505655,26.522703562142,16.2581267594585,33.7047182392202,0,0,0,0,50.2141321595906,116.225894226733,59.3698085948683,113.065017705606,0,0,0,0,0,0,0,0,0,0,484.799065809625,233.314405837016,1021.51990946083,986.518745713875
"151",2002,2344,12.5,4421.56144301028,3675.26310204021,1032.33615079323,1968.2784925732,504.839773607039,841.731948773256,0,0,0,0,0,0,0,0,0,0,0,0,1.71070580019497,3.34409856229463,0.978957800529868,1.64021456825851,0,0,0,0,0,0,0,0,0,0,5210.10988222442,4280.16452765532,918.170312608199,1861.2299781649,598.426160692356,1118.94813266361,0,0,200.180753522641,164.450765860069,35.3850794137288,71.7384068786516,23.0575669058521,43.1126739931509,0,0,23086.3213145619,18861.3461605165,4559.6372284916,8960.97906404528,3259.88645192922,5767.39510472954,0,0,887.006909137585,724.683300078288,177.365066427679,349.298353586341,127.958527956322,226.776364578239,0,0,0,0,8.68907373799764,17.5497161831273,6.59862005883793,11.7702165963177,0,0,0,0,0,0,0,0,0,0,319.81959985156,286.219358243912,283.523876258346,632.902315843554,363.316135407768,743.451215860826,0,0,12.2879714244407,10.9970057985399,10.8787078232466,24.2766786297121,13.906408700196,28.4530680466977,0,0,268.99138115376,240.534327363395,296.756701440751,692.526537951412,426.973415452081,886.32551924779,0,0,10.3350678419997,9.24171393297609,11.3832498671142,26.5550855373045,16.3384495307954,33.90893477496,0,0,0,0,50.275549561995,116.439914767506,59.6722920815432,113.788916879642,0,0,0,0,0,0,0,0,0,0,489.31479392085,235.451074482414,1038.36415598512,1005.33313155538
"152",2002,2344,12.5833333333333,4400.72008923029,3655.03125865255,1030.13593743037,1963.70452619592,503.446478418166,839.575763099599,0,0,0,0,0,0,0,0,0,0,0,0,1.70754316247797,3.33735785647651,0.976988380300521,1.63727503495009,0,0,0,0,0,0,0,0,0,0,5239.96484344117,4299.05423257017,925.727159989072,1876.7853507276,605.552793880509,1133.67566981571,0,0,201.327828875725,165.176538530733,35.6763675627815,72.3381181610203,23.3321806342325,43.6801630985598,0,0,23038.3787735407,18796.9734443168,4559.24198027328,8960.90858352246,3271.04728306026,5794.27346817939,0,0,885.164972466376,722.209993926269,177.350779810297,349.300859422695,128.399538849064,227.839481765574,0,0,0,0,8.70081695184881,17.5763062285265,6.63027609847092,11.8417804362581,0,0,0,0,0,0,0,0,0,0,321.386722139759,287.167090285144,285.682296734671,637.741570645054,367.485264557182,752.813381510287,0,0,12.3481828906391,11.0334191739424,10.9618186476611,24.4629923759942,14.0665363872382,28.8125180463533,0,0,267.922340894314,239.212680352436,297.110426342663,693.32584692833,429.032826150254,891.58090220786,0,0,10.2939938832045,9.19093413026611,11.3971198373498,26.5864809735642,16.4178771448535,34.1113450601815,0,0,0,0,50.3336212716946,116.645028348549,59.9696278915266,114.504351592368,0,0,0,0,0,0,0,0,0,0,493.852657774404,237.59479536779,1055.37826100779,1024.34861934896
"153",2002,2344,12.6666666666667,4379.8851656233,3634.90352796617,1027.85134848193,1958.97175894738,501.998739035219,837.320061028764,0,0,0,0,0,0,0,0,0,0,0,0,1.70429272158093,3.33043803140669,0.974912528991781,1.6341402175175,0,0,0,0,0,0,0,0,0,0,5269.85248239939,4317.93460348536,933.282736903493,1892.32823117115,612.697208739968,1148.46263817978,0,0,202.476159759893,165.901952574204,35.9676090252244,72.9373525015761,23.6074803377607,44.2499437243132,0,0,22990.8049701184,18733.143054639,4558.74029758694,8960.59193962499,3282.04673025518,5820.91039896829,0,0,883.337202424162,719.757524865701,177.332257617031,349.293516173781,128.834089965682,228.892881674966,0,0,0,0,8.71249334448456,17.6026466092897,6.66169473370067,11.9130484186515,0,0,0,0,0,0,0,0,0,0,322.960037126471,288.12350383989,287.845437033079,642.600082929215,371.669209382638,762.240592010975,0,0,12.4086322890972,11.0701661070429,11.0451139504021,24.6500533597191,14.2272412972815,29.1744804445431,0,0,266.875265386625,237.913540138632,297.457593502012,694.100319738194,431.06828147769,896.789360218123,0,0,10.2537638383832,9.14101907497812,11.4107398106337,26.6169285077445,16.4963948303193,34.3119769055938,0,0,0,0,50.3884017046283,116.841328047045,60.2617903653926,115.211216279093,0,0,0,0,0,0,0,0,0,0,498.412747099183,239.745635667909,1072.56278355807,1043.56648353019
"154",2002,2344,12.75,4359.05874265366,3614.88008191255,1025.48493374632,1954.08487291474,500.497066911402,834.96577116935,0,0,0,0,0,0,0,0,0,0,0,0,1.70094637474759,3.32332540682186,0.972731559350854,1.63081232979911,0,0,0,0,0,0,0,0,0,0,5299.77430157701,4336.80787962289,940.837305605505,1907.85918886223,619.859493006426,1163.30938672161,0,0,203.625803902751,166.627094024971,36.2588136731405,73.5361313760971,23.8834692976206,44.8220290965828,0,0,22943.5943292593,18669.848291952,4558.13422966762,8960.03311830567,3292.88473722636,5847.30430683467,0,0,881.523384810421,717.325635489689,177.309580311656,349.276480173486,129.262178056684,229.936498326542,0,0,0,0,8.72408522147407,17.6287089246267,6.6928759463995,11.9840175916596,0,0,0,0,0,0,0,0,0,0,324.539273679146,289.088035730407,290.012677021794,647.475401805683,375.867256850399,771.729996213241,0,0,12.4693092024755,11.1072249596505,11.1285698466418,24.8377673926773,14.38849605081,29.5388460534828,0,0,265.849370486873,236.636503437924,297.79804154377,694.850848263084,433.079467248403,901.951547109381,0,0,10.2143475796423,9.09195327228722,11.4241034434577,26.6464619545271,16.5739902753574,34.5108547210051,0,0,0,0,50.4399425276255,117.028904339284,60.5487573804537,115.909411766711,0,0,0,0,0,0,0,0,0,0,502.995147601751,241.903658164271,1089.91824589077,1062.98792177799
"155",2002,2344,12.8333333333333,4338.24305479509,3594.96122787755,1023.03924164337,1949.048563928,498.942033176502,832.513918327482,0,0,0,0,0,0,0,0,0,0,0,0,1.69749807501013,3.31600983252435,0.970446652294516,1.62729341657196,0,0,0,0,0,0,0,0,0,0,5329.73092231929,4355.67555523244,948.390894336188,1923.37836100283,627.039482878913,1178.21585645409,0,0,204.776785177377,167.352020294497,36.5499824055761,74.1344596907603,24.1601411373545,45.3964167841812,0,0,22896.7419091511,18607.0830279095,4557.425893356,8959.2362661369,3303.56137199157,5873.45383110374,0,0,879.723329754019,714.914090337161,177.282831009751,349.249914089344,129.68380479461,230.970274833363,0,0,0,0,8.73557853112932,17.6544707518898,6.7238195559433,12.0546849394389,0,0,0,0,0,0,0,0,0,0,326.124183051809,290.060166995457,292.183469922696,652.365330859162,380.07876141108,781.279002414499,0,0,12.530204073562,11.1445757924439,11.2121652694586,25.0260500521118,14.5502758559249,29.9055156208744,0,0,264.843931771398,235.381181665096,298.131630260881,695.578216193395,435.066129878495,907.068042214245,0,0,10.1757172736282,9.04372179212159,11.4372052044326,26.6751109808731,16.6506534846538,34.7080000628216,0,0,0,0,50.4882932420846,117.207845924613,60.8305101077379,116.598844941099,0,0,0,0,0,0,0,0,0,0,507.599941313065,244.068921595132,1107.44513746742,1082.61406251273
"156",2002,2344,12.9166666666667,4317.44047649242,3575.14738865209,1020.51681487625,1943.86753249436,497.334264726372,829.965617530359,0,0,0,0,0,0,0,0,0,0,0,0,1.69394348428822,3.30848410997042,0.968058913346643,1.62358543107035,0,0,0,0,0,0,0,0,0,0,5359.72221922537,4374.53849338231,955.943337141501,1938.88552279139,634.236806033757,1193.18164342251,0,0,205.929098765668,168.076764543245,36.8411086746306,74.7323284708552,24.4374814724477,45.9730911129213,0,0,22850.243304316,18544.8416217087,4556.61745376596,8958.2056525564,3314.07680945897,5899.35781266793,0,0,877.936867990589,712.522672679257,177.252094730807,349.213985460346,130.098976099948,231.994162318015,0,0,0,0,8.74696219254935,17.679914565973,6.75452524818808,12.1250473890254,0,0,0,0,0,0,0,0,0,0,327.71453410988,291.039417215178,294.357327516258,657.267890451197,384.303124901296,790.885233139019,0,0,12.5913080218025,11.1822001469225,11.2958814015597,25.2148252337157,14.7125577366778,30.2743980956879,0,0,263.858277849783,234.147198075293,298.45824037234,696.283114558099,437.028072294677,912.139362558499,0,0,10.1378471246049,8.99631015933522,11.4500403657814,26.7029017031929,16.7263766242664,34.9034321030845,0,0,0,0,50.5335016747628,117.378240414708,61.1070327992373,117.279428457412,0,0,0,0,0,0,0,0,0,0,512.227206873278,246.241480965751,1125.14391813096,1102.44597134591
"157",2003,2344,13,4296.8980189364,3555.56269818219,1018.07801993063,1938.8035458292,495.66091239774,827.278702127711,0,0,0,0,0,0,0,0,0,0,0,0,1.6902620085178,3.3006666761473,0.965542392118762,1.61960439860186,0,0,0,0,0,0,0,0,0,0,5389.71969188439,4393.34094059293,963.508512940602,1954.37668434608,641.432005804724,1208.14015777575,0,0,207.081649636264,168.799184633373,37.1327240261731,75.329577826149,24.7147407183936,46.5494865246527,0,0,22804.1886989235,18483.0210226275,4555.87768117832,8957.1163600848,3324.33915819214,5924.70255543379,0,0,876.16746457969,710.147423139582,177.223827805918,349.175292570877,130.504083290101,232.995820453792,0,0,0,0,8.75811415822374,17.7045734722719,6.78480300651531,12.1944557692056,0,0,0,0,0,0,0,0,0,0,329.295794764511,291.995459496068,296.513629934805,662.085157754209,388.496835552887,800.37847602785,0,0,12.6520627016045,11.218932815304,11.3789270662044,25.4003365305152,14.873675774176,30.6389776387295,0,0,262.890216599445,232.931060117952,298.774779207736,696.949582163529,438.953008290877,917.117061803889,0,0,10.1006529079229,8.94958418453959,11.4624901868125,26.7292217358466,16.8006891575818,35.0952963347095,0,0,0,0,50.5749124973387,117.537069849916,61.3766028314665,117.944841798535,0,0,0,0,0,0,0,0,0,0,516.89582148393,248.453004935295,1143.08739135941,1122.77601219256
"158",2003,2344,13.0833333333333,4277.2092559258,3536.51344948923,1016.09465488578,1934.46608538309,493.899082705579,824.364920796863,0,0,0,0,0,0,0,0,0,0,0,0,1.68653625861211,3.29260036089642,0.962837186162943,1.61515448673753,0,0,0,0,0,0,0,0,0,0,5419.57197580454,4411.87732354849,971.100242158408,1969.80066454888,648.557332408459,1222.88893075361,0,0,208.228622123331,169.51138210934,37.4253562541791,75.9242269486959,24.989310875676,47.1178066058943,0,0,22758.8613649555,18421.4386520369,4555.60965182225,8956.3948618643,3334.14738927498,5948.7698617411,0,0,874.426003358337,707.781326749381,177.213462233092,349.149940106284,130.891227415878,233.946991653767,0,0,0,0,8.76894512614754,17.7276897060868,6.81420204054885,12.2613626215065,0,0,0,0,0,0,0,0,0,0,330.83580836823,292.861206265342,298.610749119766,666.609985867738,392.564073667717,809.380605421663,0,0,12.7112326042278,11.2521961856796,11.4597051220544,25.574637620779,15.0299610736401,30.9847781903399,0,0,261.939458129114,231.72645820806,299.077155468321,697.537539466884,440.814967784974,921.878577931975,0,0,10.0641234856416,8.90330144337462,11.4743976734135,26.7525336655025,16.8725966387584,35.2789012976487,0,0,0,0,50.6110880504963,117.677454394327,61.6353450153439,118.58047751467,0,0,0,0,0,0,0,0,0,0,521.650155782215,250.778329814185,1161.44459512821,1144.29450847654
"159",2003,2344,13.1666666666667,4257.55501251249,3517.58906957964,1014.03166228014,1929.98599920018,492.09975328176,821.379281477304,0,0,0,0,0,0,0,0,0,0,0,0,1.68287720721733,3.28463996525515,0.960040603861954,1.61053572477881,0,0,0,0,0,0,0,0,0,0,5449.33254975717,4430.30312974912,978.661783724511,1985.1495034243,655.666598084315,1237.62904552974,0,0,209.372070966786,170.219331049551,37.7168304564575,76.5159908992453,25.2632656404591,47.6857997020294,0,0,22713.9719101867,18360.4495993667,4555.2535010578,8955.47354858831,3343.82121654946,5972.62633251586,0,0,872.701365270675,705.438026621836,177.199597671342,349.11658489831,131.272957150024,234.889615697649,0,0,0,0,8.77990759728373,17.7509192285517,6.8433614169934,12.3279374522547,0,0,0,0,0,0,0,0,0,0,332.383525154797,293.739319268126,300.719190609385,671.175986593474,396.651505037144,818.466763724143,0,0,12.7706984742043,11.2859346865935,11.5409204382372,25.7505252322956,15.1870282747692,31.3338153806034,0,0,261.012717498942,230.544357830013,299.377160792471,698.103595572657,442.656357041248,926.586354626802,0,0,10.0285168609918,8.85788324729854,11.4862148737204,26.7750076483147,16.9437217918499,35.4604622639895,0,0,0,0,50.6445561691764,117.810194613128,61.8891004840133,119.207433725546,0,0,0,0,0,0,0,0,0,0,526.426729399191,253.110588980412,1179.97097095982,1166.01868966653
"160",2003,2344,13.25,4237.93510539617,3498.78773917606,1011.89125050793,1925.36714558526,490.26302077406,818.322222261561,0,0,0,0,0,0,0,0,0,0,0,0,1.67925214579044,3.27672945383517,0.957157554107079,1.60575570068808,0,0,0,0,0,0,0,0,0,0,5479.01711727892,4448.6326217556,986.197462882015,2000.43189064191,662.764477787239,1252.36858499967,0,0,210.51259952162,170.9235794444,38.0073123563175,77.105202625398,25.5367843117067,48.2537757290668,0,0,22669.5042943645,18300.0383710322,4554.80913846971,8954.35190868375,3353.35866689186,5996.26717925765,0,0,870.992934028683,703.116927468341,177.182231519825,349.075209226906,131.649195984279,235.823504575548,0,0,0,0,8.79094723935929,17.7741687497062,6.87228179327429,12.3941761919715,0,0,0,0,0,0,0,0,0,0,333.938102905042,294.628605802169,302.836778129165,675.776711641347,400.756065368165,827.628593601788,0,0,12.830427952141,11.3201024925166,11.6224893580925,25.9277516830047,15.3447597602227,31.6857687929464,0,0,260.108599808247,229.384037472269,299.674474475442,698.649458119706,444.476767296159,931.242511821295,0,0,9.99377943984347,8.81330187467715,11.4979293582915,26.7967088687808,17.014048684087,35.6400597643359,0,0,0,0,50.6753777391213,117.935401413513,62.1378473563307,119.825615654371,0,0,0,0,0,0,0,0,0,0,531.225647129402,255.449875965716,1198.66730548963,1187.95034287676
"161",2003,2344,13.3333333333333,4218.34985995936,3480.10806808435,1009.67569384836,1920.61352942992,488.389082453353,815.194338547818,0,0,0,0,0,0,0,0,0,0,0,0,1.6756345273442,3.26882317065685,0.954191885660276,1.6008205410656,0,0,0,0,0,0,0,0,0,0,5508.63823954669,4466.87741991137,993.710667753403,2015.65473876064,669.854616163649,1267.11395052079,0,0,211.650690408336,171.624573766065,38.2969317511835,77.6921269535183,25.8100066782825,48.821980136158,0,0,22625.4447830513,18240.1914458032,4554.27691142419,8953.03032978088,3362.75822254887,6019.6884109414,0,0,869.300181937035,700.817509781321,177.161378130477,349.025830248683,132.019885125623,236.748501349032,0,0,0,0,8.80202025958188,17.7973629910409,6.90096389720515,12.4600756195413,0,0,0,0,0,0,0,0,0,0,335.498814670464,295.528004482584,304.961699177393,680.406606979411,404.875249142399,836.858931568531,0,0,12.8903931075283,11.3546588233427,11.7043421969752,26.1061036219801,15.5030593536829,32.0403637917518,0,0,259.225867615848,228.244856793591,299.968778296318,699.176563753709,446.275810506652,935.848860933748,0,0,9.95986367790188,8.76953272256944,11.5095287867185,26.81769210293,17.0835621577111,35.8177624882644,0,0,0,0,50.7036076990719,118.053178362856,62.3815698548934,120.434939643806,0,0,0,0,0,0,0,0,0,0,536.047002365498,257.796275274368,1217.53425578701,1210.09105088302
"162",2003,2344,13.4166666666667,4198.80001895037,3461.54901883597,1007.38731378051,1915.72926528007,486.478224089245,811.99636349314,0,0,0,0,0,0,0,0,0,0,0,0,1.6720028762594,3.26088405505524,0.951146663121669,1.59573528541922,0,0,0,0,0,0,0,0,0,0,5538.2058827686,4485.04696350318,1001.20401922557,2030.82350125775,676.939810306944,1281.87015421531,0,0,212.786726544588,172.322676687038,38.5857890228146,78.2769727755344,26.0830400215149,49.3906051034822,0,0,22581.7815494471,18180.8969388636,4553.65751569603,8951.50992487029,3372.01874296425,6042.88670485068,0,0,867.622654594592,698.53931692686,177.137065355817,348.968493274577,132.384980472368,237.66447515199,0,0,0,0,8.81309131593532,17.8204411818772,6.92940845772556,12.5256330969773,0,0,0,0,0,0,0,0,0,0,337.065028001256,296.436565840962,307.092433308781,685.060863659755,409.00698881663,846.15159461104,0,0,12.9505696406464,11.3895671989758,11.7864204885987,26.2853963034659,15.661847685323,32.397363339433,0,0,258.363416914923,227.126239582715,300.259765431468,699.686120280048,448.053134749128,940.406960117309,0,0,9.92672715762502,8.72655365201091,11.5210012522321,26.8380033410225,17.1522484267454,35.9936294121726,0,0,0,0,50.7292963929277,118.163623587234,62.620257551153,121.035331994315,0,0,0,0,0,0,0,0,0,0,540.890878716361,260.149863402682,1236.57237362189,1232.44222221409
"163",2003,2344,13.5,4179.28666504651,3443.1098416474,1005.02846430681,1910.71854783639,484.530808880141,808.729150368522,0,0,0,0,0,0,0,0,0,0,0,0,1.66833986239035,3.25288210976721,0.948024374767964,1.59050417069651,0,0,0,0,0,0,0,0,0,0,5567.72788367653,4503.14890291693,1008.67951438967,2045.94244065014,684.022165369438,1296.64106686034,0,0,213.921009030147,173.01818214738,38.8739606347349,78.8599033240993,26.3559650791788,49.9597990405638,0,0,22538.5043348108,18122.1443140715,4552.95192200742,8949.79238797318,3381.13939850672,6065.85929590188,0,0,865.959957847313,696.281944089268,177.109331710202,348.903266186369,132.744450048463,238.571316902973,0,0,0,0,8.8241318194433,17.8433541910342,6.95761616328493,12.5908463815183,0,0,0,0,0,0,0,0,0,0,338.636187325471,297.353435031216,309.227693302359,689.735289196119,413.149557762478,855.501199355065,0,0,13.0109362055455,11.4247947748609,11.8686747257906,26.4654686493705,15.8210584674463,32.7565610609167,0,0,257.520256146531,226.027660105694,300.547145531643,700.179144545371,449.808431806133,944.918161279964,0,0,9.89433178189073,8.68434446345637,11.532335478551,26.8576812451854,17.2200953728814,36.1677116090562,0,0,0,0,50.752490634717,118.26683125221,62.8539046842863,121.626727871909,0,0,0,0,0,0,0,0,0,0,545.757351419108,262.510709806627,1255.78212489121,1255.00511747709
"164",2003,2344,13.5833333333333,4159.81117435897,3424.79003557756,1002.6015222764,1905.58563282483,482.547271360666,805.393662802662,0,0,0,0,0,0,0,0,0,0,0,0,1.66463174981356,3.2447934867998,0.944827053958148,1.58513079856166,0,0,0,0,0,0,0,0,0,0,5597.21022502741,4521.18933145679,1016.13861225147,2061.01478742016,691.103187943638,1311.42956464895,0,0,215.053767732102,173.71132426158,39.1615024171429,79.4410422629159,26.6288396244452,50.5296722094148,0,0,22495.6042480475,18063.9242145979,4552.16133137922,8947.87990701935,3390.11963151601,6088.60391241083,0,0,864.311750088115,694.045031763954,177.078224644945,348.830236068013,133.098272497406,239.468936821432,0,0,0,0,8.83511893624108,17.866062836747,6.98558763928237,12.6557135195898,0,0,0,0,0,0,0,0,0,0,340.211803425379,298.27784174923,311.366390318891,694.426231555857,417.301512449674,864.90305456056,0,0,13.0714740057104,11.4603119546808,11.9510630224161,26.6461803313872,15.9806362756241,33.1177771199245,0,0,256.695494130745,224.948635193789,300.830647715045,700.656485510348,451.541441103495,949.383638013377,0,0,9.86264331029221,8.64288659278434,11.5435209361241,26.8767580376052,17.2870926997176,36.3400533241779,0,0,0,0,50.7732343354974,118.362892456012,63.0825097901905,122.209070748699,0,0,0,0,0,0,0,0,0,0,550.646488112995,264.878877429517,1275.16390041792,1277.78086419976
"165",2003,2344,13.6666666666667,4140.37516241133,3406.58930346546,1000.10887685288,1900.33481584101,480.528109535926,801.990962273823,0,0,0,0,0,0,0,0,0,0,0,0,1.6608677489732,3.23659941041058,0.941556416568265,1.57961832435299,0,0,0,0,0,0,0,0,0,0,5626.65735964072,4539.17305715647,1023.58233409753,2076.04292688687,698.183896120465,1326.23770404356,0,0,216.185173734898,174.402287761983,39.4484534137721,80.0204808484257,26.9017026845432,51.1003034249994,0,0,22453.0735294793,18006.2282633128,4551.28712389086,8945.77506280345,3398.959109874,6111.11869827352,0,0,862.677733180635,691.828258087932,177.043798567884,348.74950529623,133.446435284751,240.357261413582,0,0,0,0,8.84603442370813,17.8885359135141,7.01332342569487,12.720232727931,0,0,0,0,0,0,0,0,0,0,341.791441136474,299.209087995033,313.507593528407,699.13048885692,421.461626445759,874.353034742928,0,0,13.1321663214365,11.4960919201592,12.033549562901,26.8274083043138,16.1405340158777,33.4808533715635,0,0,255.888325393699,223.888715260366,301.110023269702,701.11885180404,453.251952581917,953.804417806045,0,0,9.83163079538073,8.60216276615165,11.5545479471994,26.8952605605776,17.3532320462301,36.5106932147194,0,0,0,0,50.7915692209352,118.451896225221,63.3060752196629,122.782311635535,0,0,0,0,0,0,0,0,0,0,555.558349799008,267.25442338737,1294.71802874787,1300.77047501509
"166",2003,2344,13.75,4120.98044293955,3388.50751770249,997.552921425792,1894.97041604983,478.473878718229,798.52219834405,0,0,0,0,0,0,0,0,0,0,0,0,1.65703952761016,3.22828535779837,0.938213954947908,1.57396958747283,0,0,0,0,0,0,0,0,0,0,5656.07245505084,4557.10380778115,1031.01133910615,2091.02853954012,705.264902924785,1341.06685351974,0,0,217.315348740271,175.091215875288,39.7348387801792,80.5982833082907,27.174577739503,51.6717451043503,0,0,22410.9053727917,17949.0489121576,4550.33082041996,8943.48075308514,3407.657692181,6133.40215445255,0,0,861.057645618156,689.631333052463,177.006113364173,348.661188603294,133.788933349744,241.236231206297,0,0,0,0,8.85686378135659,17.9107487438495,7.04082396740094,12.78440231891,0,0,0,0,0,0,0,0,0,0,343.374710077459,300.146538627592,315.650500492842,703.845240781807,425.628842765055,883.847485192122,0,0,13.1929981536614,11.5321102681609,12.116103464674,27.0090441729054,16.3007110957228,33.845649718855,0,0,255.098019023078,222.847477932877,301.385046790187,701.566833448578,454.939806656757,958.181406314527,0,0,9.80126615447631,8.56215675532393,11.5654077304738,26.9132111121906,17.4185069877124,36.6796652836054,0,0,0,0,50.8075353394338,118.533930217533,63.524606770856,123.346408499481,0,0,0,0,0,0,0,0,0,0,560.492991547491,269.637399503928,1314.44478507555,1323.9748612944
"167",2003,2344,13.8333333333333,4101.62899342469,3370.54469171506,994.936046882367,1889.4967625453,476.385186151581,794.988600173895,0,0,0,0,0,0,0,0,0,0,0,0,1.65314080457915,3.21984037451924,0.934801009326225,1.56818721119995,0,0,0,0,0,0,0,0,0,0,5685.45759687213,4574.98440098123,1038.4259869945,2105.97271721,712.346485814494,1355.91780313089,0,0,218.444372880861,175.77821686013,40.0206721853124,81.1744912939871,27.4474753870367,52.244027466206,0,0,22369.0937772055,17892.3793169649,4549.29405129116,8941.00012991889,3416.21539892533,6155.4530902518,0,0,859.451256843848,687.45399369345,176.96523318376,348.565410651018,134.12576798861,242.105798859707,0,0,0,0,8.86759556453262,17.9326820019689,7.06808961132217,12.8482206486149,0,0,0,0,0,0,0,0,0,0,344.961256970168,301.089613332181,317.794413193147,708.56799122008,429.8022359781,893.383143400103,0,0,13.2539559288835,11.5683447020649,12.1986978573227,27.1909919897084,16.4611319696702,34.2120410985055,0,0,254.323909292054,221.824523072692,301.655516447009,702.000920537292,456.604892564938,962.515407404195,0,0,9.77152380942482,8.5228531863298,11.5760924122432,26.9306281646642,17.4829129743348,36.8469996502646,0,0,0,0,50.8211714609895,118.609081267964,63.7381133762004,123.901325765718,0,0,0,0,0,0,0,0,0,0,565.450463078678,272.027852774063,1334.34439818486,1347.39484447659
"168",2003,2344,13.9166666666667,4082.32292551524,3352.70095560489,992.26063585752,1883.91818262706,474.262686204916,791.391468957369,0,0,0,0,0,0,0,0,0,0,0,0,1.64916700352804,3.21125648865055,0.93131882512737,1.56227368303244,0,0,0,0,0,0,0,0,0,0,5714.81396242197,4592.81688929099,1045.82639134069,2120.8760620519,719.428646059407,1370.79085835916,0,0,219.572291391083,176.463369578158,40.3059578557461,81.7491276749406,27.7203956196573,52.8171621287174,0,0,22327.6334214166,17836.2132306721,4548.17852984521,8938.33654641009,3424.63238793015,6177.27058151877,0,0,857.858362407362,685.295999988511,176.921225418817,348.462303969014,134.456945903167,242.965927547772,0,0,0,0,8.87822080854476,17.9543207238902,7.09512060728019,12.9116860780467,0,0,0,0,0,0,0,0,0,0,346.550759110348,302.037779636137,319.938717989446,713.296519067072,433.980981042042,902.957072218837,0,0,13.3150272482997,11.604774763419,12.2813091127815,27.3731663659807,16.621764942653,34.5799149166191,0,0,253.565387550227,220.819468742915,301.921253790395,702.421519547407,458.24714592031,966.807140093242,0,0,9.74238037503543,8.48423738453759,11.5865950195128,26.9475269915702,17.5464472389414,37.0127232020043,0,0,0,0,50.8325154043999,118.677435831333,63.946606828678,124.447033880761,0,0,0,0,0,0,0,0,0,0,570.430809251837,274.425825772783,1354.41705607187,1371.03116573559
"169",2004,2344,14,4062.97880670538,3334.76022043047,989.657398180994,1878.42723470977,471.499024129814,786.223333120953,0.627735492884582,1.48794863817268,0,0,0,0,0,0,0,0,0,0,1.6451549094861,3.20249729966622,0.926573283121705,1.55324985414995,0.00123446385125325,0.00294112913652323,0,0,0,0,0,0,0,0,5744.1733512533,4610.56494107941,1053.24837668293,2135.7587059968,725.578674205232,1383.0369339024,0.976370094446361,2.64544309714498,220.700326060615,177.145278110008,40.5920746712225,82.3229622274357,27.9573995917799,53.2890776998364,0.0376206740126313,0.101930132003907,22286.4949403742,17780.207509157,4547.18837645904,8935.65581561228,3428.47992705705,6186.96256323943,4.57321229186201,11.7296580746819,856.277834045698,683.144167789903,176.881977459875,348.358172131159,134.608582263268,243.348861597945,0.179557738311258,0.461366720643732,0,0,8.88892055176773,17.975427490529,7.11273072033962,12.9499113572289,0.00950068601353826,0.0245834109035691,0,0,0,0,0,0,0,0,348.16870285877,302.968759899737,322.123700247207,717.976936579202,437.650635294545,910.741499168893,0.576141841437027,1.70425774117449,13.3771913381003,11.640544509663,12.365483687188,27.5534994058231,16.7629058058032,34.8792718615867,0.0220672663080445,0.0652687077239048,252.821995156537,219.828835335596,302.187808724856,702.817234170947,459.271632331328,969.187614582579,0.6133046350364,1.83900832765144,9.71381822971113,8.44617565783664,11.5971284372941,26.9634701408459,17.5863284746928,37.1052813343435,0.023484448647672,0.07040612466425,0,0,50.8426086186229,118.737389519627,64.0672341395806,124.743546439386,0.0856028883945681,0.236812013080183,0,0,0,0,0,0,0,0,575.405242790476,276.848267642175,1374.54291208529,1395.04644101763
"170",2004,2344,14.0833333333333,4043.48790363923,3316.57097615222,987.158869825261,1873.06609423475,467.857452016112,778.892264136742,2.13354739120201,5.05404351216762,0,0,0,0,0,0,0,0,0,0,1.64116713110584,3.19363985687158,0.920092532474685,1.53993185209648,0.00420549911389689,0.0100097851399526,0,0,0,0,0,0,0,0,5773.67276477397,4628.30632907568,1060.74528888096,2150.70342026956,730.407769236171,1391.50544043115,3.45259191272141,9.35818532566668,221.833740702634,177.826930608307,40.8810738814551,82.899174688876,28.1435031383544,53.615435621411,0.133032786073788,0.360576086715711,22245.5313064763,17724.1037960317,4546.3795078051,8932.97031111962,3425.85942570162,6179.36995263193,15.7273485094838,40.3466785616388,854.704022741748,680.9885706305,176.849651332755,348.253446460761,134.506089371883,243.051580267879,0.617542984654606,1.58705672386557,0,0,8.899832160559,17.9960475489801,7.1169557491937,12.9520157351155,0.0328261237968534,0.0849460739016031,0,0,0,0,0,0,0,0,349.822956079576,303.873895852932,324.362343706285,722.594266963761,440.565471356266,915.900565421224,1.93464165083906,5.72194384855496,13.4407504940494,11.6753212762095,12.4517200702987,27.7314163571743,16.8751410777577,35.0780939944925,0.0741018903780062,0.219140826459801,252.087983379424,218.842748508462,302.453194997642,703.156766225847,459.408603173457,968.787425789918,2.11443399577021,6.33591880445126,9.68561649827604,8.40828861819098,11.6076163993231,26.9772565055173,17.5922250730277,37.0913803336838,0.0809674793499293,0.242577188247012,0,0,50.851727487533,118.787776764129,64.0634089193183,124.684393373272,0.295789617449893,0.817764274284226,0,0,0,0,0,0,0,0,580.361262668116,279.302585653636,1394.64179350314,1419.46245932165
"171",2004,2344,14.1666666666667,4023.95513864537,3298.43128741136,984.572507344316,1867.55133252929,464.233720479934,771.618908794296,3.59578676847784,8.51246661907016,0,0,0,0,0,0,0,0,0,0,1.6371471605893,3.18473506330201,0.913634964100483,1.52670219634868,0.00710332164060049,0.016890995210181,0,0,0,0,0,0,0,0,5803.27848458093,4646.10344981083,1068.26837560822,2165.68636895898,735.26690454068,1400.02389316376,6.04674488533138,16.3952312838605,222.971239802173,178.510724447558,41.1710790968974,83.4768552903501,28.3307617340067,53.9437137879265,0.23299035635577,0.631721306131552,22204.7474400755,17668.3658742642,4545.45179918887,8930.03425757159,3423.22476322179,6171.79169811142,26.8250989889394,68.8314417239109,853.137117569023,678.847027795574,176.812653684881,348.138788454935,134.402850095462,242.754473999345,1.05336819990961,2.70765510816951,0,0,8.91069196221009,18.0165386684298,7.12116986297044,12.9541638014315,0.0562470322930924,0.145572235057601,0,0,0,0,0,0,0,0,351.47524278244,304.785209582627,326.594789523796,727.227377240654,443.466154708682,921.072461558101,3.22609331290502,9.53947581482532,13.5042340922341,11.7103354028685,12.5377203650005,27.9099434965568,16.9868391678589,35.2774153337145,0.123570957202019,0.365355164967694,251.362462511647,217.864271953999,302.709146310806,703.454245897495,459.521560998653,968.312903969971,3.60919863200684,10.808044947098,9.65774099687849,8.37069397756492,11.6177415460633,26.9894277337236,17.5972007805456,37.0746277119705,0.138209977344525,0.413809820188539,0,0,50.8584288471953,118.831076348715,64.05548934099,124.617768900196,0.506814558054088,1.40032317137954,0,0,0,0,0,0,0,0,585.340759605963,281.764250264442,1414.8758834538,1444.02354329842
"172",2004,2344,14.25,4004.39299145299,3280.34988687383,981.903409705026,1861.89218518729,460.62813689564,764.403682166265,5.015029396449,11.8647665342006,0,0,0,0,0,0,0,0,0,0,1.63307703556006,3.175749809878,0.907201332147227,1.51356201565726,0.00992746715412676,0.0235847914745285,0,0,0,0,0,0,0,0,5832.94724353972,4663.92208131738,1075.80437734114,2180.6800269583,740.143786995806,1408.56725820299,8.75358150412575,23.7420235339619,224.111160966737,179.195344765048,41.4615810240473,84.0549467636039,28.5187032098387,54.2729505952186,0.337292206694324,0.914807718029569,22164.1702541723,17613.0134663946,4544.41396071932,8926.86456664796,3420.57955924406,6164.23386646055,37.8702584849837,97.1945276354772,851.578152564688,676.720297056621,176.771322900164,348.014856940085,134.29900997474,242.457788005128,1.48717698322583,3.82356296321864,0,0,8.92148281505444,18.0368627347457,7.12537743148904,12.9563618864113,0.0797650794252,0.206472981035206,0,0,0,0,0,0,0,0,353.126053165667,305.702464628367,328.822237036691,731.875276326299,446.355528447239,926.258150230653,4.45825574860443,13.1791212136679,13.5676609668595,11.7455778044499,12.6235306036021,28.0890428124511,17.0981091272878,35.4772731669274,0.170771845914485,0.504765055795904,250.647058438184,216.895560971785,302.957696927368,703.718552337197,459.614187829239,967.777534296395,5.0913599813516,15.2370423579773,9.63025419466934,8.33347454601335,11.6275818315357,27.0003242037106,17.6013963859457,37.0555393406851,0.194972967281076,0.583401328056481,0,0,50.8628171674315,118.867539646247,64.0436182659656,124.543937606517,0.718636234445734,1.9843875801276,0,0,0,0,0,0,0,0,590.343709378192,284.233310559402,1435.24468601613,1468.73011190366
"173",2004,2344,14.3333333333333,3984.81278068017,3262.33453567844,979.156360825503,1856.09730951675,457.040932740981,757.246843804629,6.39186315606661,15.112518511897,0,0,0,0,0,0,0,0,0,0,1.62894315502272,3.16665887131138,0.900792184047502,1.50051212844033,0.0126777068502241,0.0300916375602255,0,0,0,0,0,0,0,0,5862.64226397892,4681.73341995867,1083.34227078372,2195.66172189199,745.028458575515,1417.11556576771,11.5676644854723,31.3834001362982,225.252091139375,179.879684878992,41.7521561416756,84.632577989882,28.7069449796079,54.6023787434736,0.445729781604844,1.20925378427719,22123.8219006098,17558.0624094161,4543.2735438466,8923.47584323076,3417.92657798986,6156.70085510191,48.8663966289363,125.445877633536,850.027978835626,674.608986896166,176.725952611043,347.882221573749,134.194681319092,242.161702647385,1.91910441332131,4.93515719017319,0,0,8.93218942246245,18.056985483539,7.12957974649837,12.9586102512107,0.103381217691274,0.267656387452253,0,0,0,0,0,0,0,0,354.775685497532,306.625317184482,331.045379430415,736.536293744395,449.235484251378,931.457170394719,5.63811448656734,16.6609876747924,13.631042577872,11.7810352713892,12.7091773751854,28.2686501771466,17.209023459253,35.6776500245682,0.215972293234747,0.638141056774605,249.943062070209,215.938378167045,303.200557618747,703.957222067402,459.689733151772,967.193092385265,6.55579277468209,19.6078305335746,9.60320569058168,8.29669804564533,11.6372028111713,27.01023482132,17.6049361558075,37.0345657346584,0.251060126121501,0.750774050745259,0,0,50.8649859609962,118.897393878103,64.0279297450605,124.463146966436,0.931214731753665,2.56986154542489,0,0,0,0,0,0,0,0,595.370093338622,286.709813267695,1455.74779565177,1493.58257113962
"174",2004,2344,14.4166666666667,3965.22483922242,3244.39217164574,976.335870602218,1850.17486202456,453.472282919092,750.148532635711,7.72688599489191,18.2573194217478,0,0,0,0,0,0,0,0,0,0,1.62473546538535,3.15744346003966,0.89440791569912,1.48755310926891,0.0153540129900424,0.0364123665234562,0,0,0,0,0,0,0,0,5892.33218202613,4699.51317362996,1090.87288528063,2210.6127958358,749.912872379196,1425.65298197293,14.4834588246121,39.3038663520897,226.392825269953,180.562811447878,42.0424519982906,85.2090318660636,28.8951777866278,54.931389650427,0.558090688323606,1.51446494809078,22083.7205642275,17503.5253139591,4542.0371361253,8919.88078532781,3415.26789775834,6149.19573523564,59.8168472037306,153.594762582998,848.487295070929,672.513581834686,176.676799215381,347.741378291142,134.089949770025,241.866346723192,2.34927662463777,6.04278924929987,0,0,8.94279828387816,18.0768764882235,7.13377594071851,12.9609050049104,0.127095686757531,0.329127664674434,0,0,0,0,0,0,0,0,356.424283087959,307.55334272104,333.264522946598,741.208285788923,452.107187146844,936.668046988635,6.77194680790099,20.0031986201922,13.6943844314696,11.8166914925665,12.7946724017323,28.4486832619365,17.3196267490505,35.8784894163286,0.259412888544914,0.766177680467177,249.251482768936,214.994150999782,303.439147429119,704.176599677588,459.751039708241,966.569795243438,7.99834659220766,23.9081923360465,9.57663426595765,8.26041932175425,11.6466588573562,27.019402792766,17.6079288089001,37.0120978016683,0.306312478293666,0.91546001350159,0,0,50.8650194342211,118.920845749156,64.008550017896,124.375629315855,1.14451146637529,3.15665346860255,0,0,0,0,0,0,0,0,600.41989594878,289.193802000142,1476.3848625109,1518.58128629665
"175",2004,2344,14.5,3945.63865951302,3226.52903208676,973.446209108004,1844.13256282807,449.922321288852,743.108795176842,9.0207042701078,21.3007836259082,0,0,0,0,0,0,0,0,0,0,1.62044679057638,3.14809003275977,0.888048815420828,1.47468534357934,0.0179565295058423,0.0425481274806812,0,0,0,0,0,0,0,0,5921.99015472887,4717.2408095911,1098.38858312061,2225.51790516297,754.790540816164,1434.16703686356,17.4954078423943,47.4878199447764,227.532332009311,181.243935570996,42.3321749575315,85.7837184634326,29.0831522153469,55.2595038514999,0.674161622600653,1.82984230090969,22043.8811230162,17449.4121113027,4540.7105229206,8916.09051557597,3412.60505009642,6141.72053302278,70.7247025759358,181.649765937284,846.956672906001,670.434463447683,176.624088117766,347.592762109754,133.984879691756,241.571808353736,2.77781058281028,7.1467844793264,0,0,8.95329761259361,18.0965090524762,7.13796369376738,12.9632395673231,0.150908036829524,0.390889343285652,0,0,0,0,0,0,0,0,358.071864891607,308.486057670751,335.479682627159,745.888798264036,454.971255041839,941.88861312598,7.86538258928604,23.2220582082691,13.7576872559223,11.8525278885522,12.8800162140112,28.6290477862298,17.429942558438,36.0797082096064,0.301309404487205,0.889499711200035,248.573093317157,214.064020782361,303.674624305483,704.381975912908,459.80057246386,965.916448229767,9.41572167658138,28.1284140582266,9.55056961242477,8.2246822253834,11.6559943320472,27.0280309153609,17.6104686152336,36.988472446257,0.360603637019451,1.07708713775249,0,0,50.8629938955294,118.93808455612,63.9855983983874,124.281603612437,1.35848898417712,3.7446753962993,0,0,0,0,0,0,0,0,605.493102777663,291.685316676562,1497.15556578329,1543.72656229554
"176",2004,2344,14.5833333333333,3926.06301198995,3208.75075409698,970.491434639319,1837.97774831211,446.391152862241,736.127607912245,10.2739313882083,24.2445395822639,0,0,0,0,0,0,0,0,0,0,1.61607229259749,3.13858932528992,0.881715097492801,1.46190907148855,0.0204855471450618,0.048500340124992,0,0,0,0,0,0,0,0,5951.5931312839,4734.89894061965,1105.88299761687,2240.36444550999,759.656248699713,1442.64799310496,20.5979950318489,55.9197352425344,228.669725708725,181.922389203453,42.6210801572786,86.35615298075,29.2706676899232,55.5863467892391,0.793730749588674,2.15478966693629,22004.3156878573,17395.7305000066,4539.29881922374,8912.11485088712,3409.93913165645,6134.27645501912,81.592812544273,209.618779527233,845.436577660094,668.371927525983,176.56801881742,347.43675754538,133.879518504953,241.278143717127,3.20481403078311,8.24744190847031,0,0,8.96367722003627,18.1158600091724,7.14213974197423,12.9656057138307,0.174817171517797,0.452941497662147,0,0,0,0,0,0,0,0,359.718350375592,309.42293668028,337.690656846083,750.575189988783,457.827897438458,947.11625343823,8.92346130116262,26.332206617094,13.8209479570293,11.8885242744304,12.9652010136136,28.8096422612889,17.5399787532942,36.2812059814751,0.341854980541307,1.00866815288326,247.908467217222,213.148883935785,303.907914666463,704.577714038595,459.840450511788,965.240588315464,10.8053576251128,32.260962168499,9.52503376494226,8.18952119845805,11.6652447191414,27.0362864197829,17.6126366102869,36.9639780378613,0.413835539042759,1.23536685588306,0,0,50.8589789481362,118.94928482534,63.9591880609126,124.181277011109,1.57311078022358,4.33384239075597,0,0,0,0,0,0,0,0,610.589698927371,294.184393124883,1518.05959433936,1569.01863136156
"177",2004,2344,14.6666666666667,3906.50604281739,3191.06245738139,967.475417026773,1831.71741473784,442.878863435086,729.204895150167,11.4871866877286,27.0902270436639,0,0,0,0,0,0,0,0,0,0,1.61160903008907,3.12893556031272,0.875406928395069,1.44922442337377,0.0229414823311392,0.0542706558236156,0,0,0,0,0,0,0,0,5981.1212502124,4752.47281763657,1113.35081606946,2255.14207447629,764.505817039517,1451.08832548324,23.7857937483976,64.5843117848164,229.804243258419,182.597605662047,42.9089631885651,86.9259374426362,29.4575634156815,55.9116288494124,0.916589618057334,2.48871932819447,21965.0340497829,17342.4863152517,4537.80657850158,8907.96252444818,3407.27089515567,6126.86407076725,92.423786652578,237.509009371886,843.927385520662,666.326198266408,176.508769109878,347.273707188309,133.773900211702,240.9853841238,3.63038556899955,9.3450344532012,0,0,8.97392839062976,18.1349094833093,7.1463002584136,12.9679943448684,0.198821399742316,0.515281980833779,0,0,0,0,0,0,0,0,361.363579978484,310.363426488788,339.89708618052,755.264727543411,460.677024212952,952.348089874763,9.9506848498146,29.346764653571,13.8841604041867,11.924659393034,13.0502129339965,28.9903616302839,17.649731682298,36.4828721612153,0.381222147605267,1.12418576864855,247.258010067069,212.249427151421,304.139741081378,704.767364381438,459.872479194848,964.548619187335,12.1653342313491,36.3001947595924,9.50004230731676,8.15496262475524,11.6744376848078,27.0443053599862,17.6145018196074,36.9388595711995,0.465934644863741,1.39008305547135,0,0,50.8530385007992,118.954608552774,63.9294267292117,124.074846250093,1.78834114427941,4.92407199041598,0,0,0,0,0,0,0,0,615.709667784237,296.691062806668,1539.09663244918,1594.4576455886
"178",2004,2344,14.75,3886.97535629187,3173.46881420901,964.401857414393,1825.35825511965,439.385527352209,722.340543602746,12.6610944812233,29.8394946496682,0,0,0,0,0,0,0,0,0,0,1.60705558972258,3.11912578373105,0.869124447644178,1.43663144925502,0.0253248588498005,0.0598609237410997,0,0,0,0,0,0,0,0,6010.55733011441,4769.94990126386,1120.78759638692,2269.842307843,769.335904714163,1459.48228343146,27.0535077098444,73.4665961152227,230.935224521528,183.269103163823,43.1956530643164,87.4927452154553,29.6437107723206,56.23512857923,1.04253472172333,2.83105671855548,21926.0440584301,17289.6838408486,4536.23788439149,8903.64137213333,3404.60082481945,6119.48346360544,103.219998908364,265.326988488565,842.429398084143,664.297440259633,176.446498626688,347.10391890524,133.668048319925,240.693541862192,4.05461482875795,10.4398093879852,0,0,8.98404375181672,18.1536406333208,7.15044113924832,12.9703960571627,0.222918493099292,0.577906663906325,0,0,0,0,0,0,0,0,363.007332282855,311.306957309619,342.098500777103,759.954659015304,463.518332495302,957.58112565094,10.951066946895,32.2774693613147,13.9473160901844,11.9609113522477,13.1350338599882,29.1711001023361,17.7591895148438,36.6845915657328,0.419564719701378,1.23650227618368,246.621986477555,211.366157937026,304.370648213486,704.953769029083,459.898181857276,963.84593868066,13.4942820559189,40.242100839579,9.4756054064082,8.12102600353108,11.6835940715525,27.0521966264034,17.6161224707077,36.9133235362292,0.51684851177447,1.5410820901882,0,0,50.8452316403627,118.954207140784,63.8964172894433,123.96249888837,2.00414502591116,5.51528373932874,0,0,0,0,0,0,0,0,620.852990011882,299.205352634885,1560.26634915743,1620.04367294026
"179",2004,2344,14.8333333333333,3867.47808310397,3155.9741074819,961.274304769323,1818.90668987647,435.911213567337,715.534413967707,13.796283238914,32.4939978690332,0,0,0,0,0,0,0,0,0,0,1.60241178454491,3.10915931956249,0.862867783754087,1.42413014242289,0.0276362922242885,0.0652731617749367,0,0,0,0,0,0,0,0,6039.88644693341,4787.31950635312,1128.18961503741,2284.45818443229,774.143845354967,1467.8255310098,30.396002705653,82.5520778243166,232.062096091936,183.936471168291,43.4810063887047,88.0563081539035,29.8290070567174,56.5566788744721,1.17136872294811,3.18124412884981,21887.3519368205,17237.3260682138,4534.59642651168,8899.15848595017,3401.92919753855,6112.13435220651,113.983594622269,293.0785959014,840.942854450203,662.285768440472,176.381351762107,346.927671768131,133.561978214796,240.402614911772,4.47758272780921,11.5319890552878,0,0,8.99401714356607,18.1720393815494,7.15455820881075,12.972801543759,0.247105746295834,0.640809673707183,0,0,0,0,0,0,0,0,364.649338141564,312.252951915235,344.294357306872,764.642268882968,466.351373853399,962.812351826667,11.9281787743025,35.1347999437721,14.0104046739603,11.9972579740657,13.2196428476733,29.3517532625245,17.8683348227598,36.8862484997371,0.457019543899177,1.34601917253523,246.000542831028,210.499430814762,304.601026764921,705.139156287683,459.918830540745,963.137057118623,14.7913028486928,44.0840678666544,9.45172868654962,8.08772495609045,11.6927288159341,27.0600455670688,17.6175471658389,36.8875424428232,0.566542744395394,1.68826387281637,0,0,50.8356133724041,118.94822304472,63.8602583276153,123.844414393277,2.22048791984415,6.10739878676362,0,0,0,0,0,0,0,0,626.019642767353,301.727284874574,1581.56839085631,1645.7766961484
"180",2004,2344,14.9166666666667,3848.02093603833,3138.58227826094,958.096169470229,1812.36889192882,432.455990206147,708.786349881212,14.8933848874003,35.0553972287288,0,0,0,0,0,0,0,0,0,0,1.59767841199334,3.09903733061483,0.85663706590542,1.41172045793145,0.0298764765214152,0.0705095318530625,0,0,0,0,0,0,0,0,6069.09558845555,4804.57251156239,1135.5537431277,2298.98399269507,778.927515764468,1476.11485634431,33.8083304004831,91.8267623883084,233.184358019578,184.599359218907,43.7649026044592,88.6164061134772,30.013370434466,56.8761558291936,1.30290137274076,3.5387435206892,21848.9625392287,17185.4149080491,4532.8855620499,8894.52033798558,3399.25613128982,6104.81618604885,124.716499015007,320.769080841101,839.46794112942,660.29125622094,176.31346005098,346.745220843776,133.4556990371,240.112590647254,4.89936179455476,12.6217717769636,0,0,9.00384348909292,18.1900941389075,7.15864735411896,12.9752018457314,0.271380039501619,0.70398362632888,0,0,0,0,0,0,0,0,366.289292079434,313.200832679191,346.484066720932,769.324916330588,469.175604108296,968.038821108128,12.8851910926002,37.928094343275,14.073414418671,12.0336770651555,13.3040171911639,29.5322195458179,17.9771464951227,37.0877295969865,0.493708114110464,1.45309420136173,245.393726289044,209.649469580832,304.831135433271,705.325225355339,459.935475423579,962.42570659573,16.0558991912546,47.824675750272,9.42841395985325,8.05506808103761,11.7018517902693,27.0679172341,17.6188160077571,36.8616590011926,0.614998298542929,1.83157398232237,0,0,50.824235242048,118.93679115538,63.8210445971146,123.720765089188,2.4373357696263,6.70033955042458,0,0,0,0,0,0,0,0,631.209599116104,304.256877116245,1603.00237664167,1671.65661407723
"181",2005,2344,15,3827.82237842005,3120.40848293939,954.840225480787,1805.78891699607,427.860009795192,699.336713727971,17.1511020813805,40.3367302842715,0,0,0,0,0,0,0,0,0,0,1.59291974854373,3.08887580928896,0.848135717005582,1.39390482289115,0.0344250681615817,0.0811833566062174,0,0,0,0,0,0,0,0,6098.41908988249,4821.86070553046,1142.83854089172,2313.48590707728,781.592484089652,1478.55703707175,39.5269817676467,107.364011483727,234.311013837644,185.263599277908,44.0457548490846,89.1755916825138,30.1160959850542,56.9703351704005,1.52330872965089,4.13756837111214,21810.6494318872,17133.464486953,4530.85925007982,8889.76455410424,3387.3707332575,6073.48678903907,144.950231030007,372.927941583134,837.995958072413,658.295235570529,176.233458406979,346.558184891869,132.987577263256,238.877825784754,5.6941763854923,14.6739689395288,0,0,9.01385458520938,18.2084397759121,7.14330673635026,12.9264648444422,0.315894846311568,0.819766467314617,0,0,0,0,0,0,0,0,367.981774236824,314.183556522582,348.748242727518,774.162730521718,470.829851533516,969.625284916055,15.1146793615639,44.4777656940695,14.1384423794509,12.0714348831631,13.3912519842416,29.7186455880021,18.041131197154,37.1497561174893,0.579158398142248,1.70409912332867,244.80301492961,208.816505922894,305.063957040001,705.521584811456,458.691398893163,957.898191952637,18.5805481241079,55.3358581120505,9.40571801649726,8.02306428017947,11.7110773038325,27.0761801206022,17.5717862425519,36.6896009393228,0.711727717132821,2.11931511668588,0,0,50.8132190219492,118.924042522374,63.6055004442955,123.103562445262,2.83424544688825,7.79253496175494,0,0,0,0,0,0,0,0,636.355880990023,306.745995756336,1624.27559889513,1697.1629024859
"182",2005,2344,15.0833333333333,3807.46771832925,3102.14465654454,951.50505888154,1799.07974965082,423.162178909118,689.666752211237,19.4972676721445,45.8105614625435,0,0,0,0,0,0,0,0,0,0,1.58805947917346,3.07856390594035,0.839422011587794,1.37562250174403,0.0391651563608419,0.0922744690602751,0,0,0,0,0,0,0,0,6127.85757691957,4839.20855920071,1150.14479432808,2328.03677846168,783.999552828996,1480.25215070547,45.7335803024634,124.211173131378,235.442087586732,185.930131558074,44.3274298821686,89.7366550135532,30.208880595335,57.035722440526,1.76252666485842,4.78689059464354,21772.3902136002,17081.7179130167,4528.68777442689,8884.77172947657,3374.31482955549,6039.15755749903,166.41005741027,428.200420406268,836.526044719328,656.307047087041,176.147794153907,346.361792114531,132.473315653596,237.524688426691,6.53718061177698,16.8487003603066,0,0,9.02361691625796,18.2264379034052,7.12547215074763,12.8712187107674,0.36334496834733,0.943076787123124,0,0,0,0,0,0,0,0,369.67597956152,315.169652833957,351.007197263318,779.001992032055,472.296915652803,970.666497422091,17.4355635129175,51.2816484178748,14.2035365460267,12.1093222768366,13.4782875452523,29.9051306974534,18.0979451101593,37.1908906403111,0.668116878002141,1.96486201777919,244.215244991516,207.989806091709,305.285159839249,705.692326133523,457.260912764543,952.83505344899,21.2452701978658,63.2450129081286,9.38313508409663,7.991301145692,11.7198552964877,27.0834562230378,17.5176099331922,36.4970098092986,0.813829419480283,2.42231926016519,0,0,50.8003790511108,118.905642946631,63.3640397252078,122.417404188466,3.25677236557884,8.95315341324122,0,0,0,0,0,0,0,0,641.516234344165,309.235980836337,1645.60149210608,1722.67570114714
"183",2005,2344,15.1666666666667,3787.0826475913,3083.92767178198,948.099439631842,1792.24376698792,418.532180892074,680.179474658415,21.7579160504274,51.0687941812576,0,0,0,0,0,0,0,0,0,0,1.58308571984511,3.06807582227145,0.830829866336044,1.35767372773483,0.0437499786744295,0.102965733132667,0,0,0,0,0,0,0,0,6157.32360178653,4856.55205927096,1157.46210664275,2342.59438756151,786.435723906059,1482.007374427,52.1019661568391,141.479962904392,236.574219383282,186.596496565965,44.6095277596661,90.2979730305066,30.3027852542437,57.1034234031272,2.00798907566795,5.45248756431558,21734.2477375596,17030.2672130837,4526.41617159411,8879.55484878839,3361.42917942453,6005.3235107823,187.722490185745,483.050253160084,835.060616003007,654.330226588499,176.058189177673,346.156527181434,131.965558309123,236.190656017205,7.37444302687637,19.0068567961103,0,0,9.03310037891099,18.2440067057318,7.10795686353637,12.8168780341236,0.41082608757854,1.06637120147866,0,0,0,0,0,0,0,0,371.364426273385,316.154328635844,353.250946166923,783.821146485554,473.747617302645,971.691707519835,19.6677367736011,57.8063897676008,14.2684094566096,12.147155092311,13.5647405217475,30.0908474892134,18.1541336585929,37.231410360862,0.753682658294996,2.2149493240803,243.632465817377,207.171461382057,305.496809706379,705.843303840962,455.83084034606,947.800435078347,23.8568316188479,70.9730944237324,9.36074390170201,7.95985902846358,11.7282650134772,27.0899700432508,17.4634436876807,36.3054927981457,0.913901016029989,2.71840784911867,0,0,50.7854913081492,118.881241928756,63.1219589062686,121.733392208854,3.67895271455727,10.1100356290189,0,0,0,0,0,0,0,0,646.700250682665,311.733763043969,1667.01884560226,1748.26501498205
"184",2005,2344,15.25,3766.68441854033,3065.77014573968,944.629452898818,1785.2922198404,413.969414944468,670.872163293919,23.934840991425,56.1165563329541,0,0,0,0,0,0,0,0,0,0,1.57799902330443,3.05740722905539,0.822356487741473,1.34005151467174,0.0481811035387604,0.113263375290043,0,0,0,0,0,0,0,0,6186.75846836857,4873.84565134939,1164.77271622182,2357.12347631847,788.885157741216,1483.79286356046,58.6213094780059,159.139355960706,237.705154028698,187.260944029,44.8913662059399,90.8581911985774,30.3972013592404,57.172291346591,2.25927993337802,6.13316738455539,21696.2606287859,16979.1411112589,4524.05521535351,8874.13515089956,3348.71626670045,5971.98598454293,208.894171855694,537.496887064154,833.601155954788,652.365877700922,175.965062620623,345.943218429024,131.464409185144,234.875795464304,8.20621662859374,21.1491819823642,0,0,9.04232730596602,18.2611565492261,7.09075517106555,12.7634297263365,0.45833858075989,1.18965797695642,0,0,0,0,0,0,0,0,373.047527382918,317.13759819324,355.481129234759,788.621653672766,475.185069215526,972.705675963517,21.8214217857955,64.0820616631348,14.3330769797205,12.18493387767,13.650673849088,30.2758519542903,18.2098161353817,37.271497852112,0.836247576737385,2.45551349786962,243.057277215517,206.363852855562,305.701781101531,705.982348724623,454.406423990429,942.806338103985,26.4102930225105,78.5062582770262,9.33864435812771,7.92882941268842,11.7364167348811,27.0960219482944,17.4094883056549,36.1155096817946,1.01175316859115,3.00705006982543,0,0,50.768654958463,118.851114701403,62.8794455244564,121.051861232364,4.1007326810924,11.2630895593984,0,0,0,0,0,0,0,0,651.907852664303,314.239331325998,1688.52692076046,1773.93038624942
"185",2005,2344,15.3333333333333,3746.28857116616,3047.68327846832,941.100730660919,1778.23551877367,409.473169859597,661.741922153586,26.0298369228996,60.958948021051,0,0,0,0,0,0,0,0,0,0,1.57280144363053,3.04655745481476,0.813999376221811,1.32274924269337,0.0524603341798861,0.123174007068358,0,0,0,0,0,0,0,0,6216.11278769833,4891.05136543228,1172.06206439722,2371.59533354872,791.335432976205,1485.58559419498,65.2808224961422,177.158471496628,238.832993919873,187.922015078913,45.1723858206689,91.4162061682551,30.4916514942774,57.2414413467192,2.5159847002119,6.82774333825086,21658.4607131278,16928.3628714739,4521.6140541463,8868.53068651601,3336.17735854497,5939.14405570383,229.931309041488,591.558470594042,832.14888737218,650.414894261711,175.868770787197,345.722570800947,130.969924790282,233.580085439201,9.03273789885319,23.2763703809306,0,0,9.05131455111285,18.277892740825,7.07385924285258,12.7108559472833,0.505881512426906,1.31294058589303,0,0,0,0,0,0,0,0,374.72545643469,318.119312341082,357.698712288028,793.403844147518,476.611232434023,973.711139961923,23.9057743540843,70.1356954149521,14.3975457832165,12.2226529017529,13.7361245673628,30.4601566859709,18.2650675918947,37.3112579306019,0.916162564673402,2.68759042221804,242.491756019123,205.568865790993,305.902441305104,706.115850391528,452.992049960623,937.862654399128,28.9020595003212,85.8346074738988,9.31691624865998,7.89828473379,11.7444012857359,27.1018570324921,17.3559118206247,35.927439508969,1.1072480597176,3.28786636504251,0,0,50.7499610323768,118.815511374801,62.6366693507443,120.373110631894,4.52206172022143,12.4122327177283,0,0,0,0,0,0,0,0,657.138966938346,316.752674051068,1710.12507904864,1799.67142781227
"186",2005,2344,15.4166666666667,3725.90916462195,3029.67704684748,937.518506879797,1771.08333799573,405.042650895839,652.785725652013,28.0446949411983,65.6010322211582,0,0,0,0,0,0,0,0,0,0,1.56749618528937,3.03552870691827,0.805756266915356,1.30576058398052,0.0565896744799142,0.132704561182156,0,0,0,0,0,0,0,0,6245.34503296543,4908.13762188883,1179.31826652148,2385.98669927545,793.776919618915,1487.36807851339,72.0698816667812,195.506926624502,239.956143530342,188.57849637579,45.4521298028343,91.971123768985,30.5857653910359,57.3102009983503,2.7776950298853,7.53504750523721,21620.8740854329,16877.9511686343,4519.10047647685,8862.75684705587,3323.81274838868,5906.79501660581,250.839665396163,645.251838025843,830.704812859511,648.477993790499,175.769617388861,345.495186284166,130.482123603682,232.303434766301,9.85422650796759,25.3890665184824,0,0,9.0600747599842,18.2942171347502,7.05725994762355,12.6591359333318,0.553452739139136,1.4362181517433,0,0,0,0,0,0,0,0,376.398195675306,319.099194976465,359.904144338365,798.167204305731,478.02720615461,974.709351005858,25.9289709626418,75.991524159063,14.461815184981,12.2603015562439,13.8211098564278,30.6437418271671,18.3199299692129,37.3507383141762,0.993741000631008,2.9121086961315,241.937533754062,204.787963771573,306.100704167552,706.248930221921,451.59133178361,932.977402476271,31.3296902246157,92.9516357627324,9.29562225917575,7.8682812249742,11.7522920953478,27.107671744838,17.3028526795318,35.7415896123305,1.20029209609241,3.56060710194662,0,0,50.7294933158271,118.774660181246,62.3937844588467,119.697408497255,4.94289206565946,13.5573906080609,0,0,0,0,0,0,0,0,662.393521262791,319.273777910585,1731.81274213329,1825.48778447259
"187",2005,2344,15.5,3705.55899030058,3011.76038300083,933.887668637306,1763.84471146956,400.677003599889,644.000461570184,29.9811993928601,70.047826932382,0,0,0,0,0,0,0,0,0,0,1.56208729209572,3.02432537517138,0.797625078117929,1.28907943988924,0.0605712961691518,0.141862229894464,0,0,0,0,0,0,0,0,6274.42021135617,4925.07813577679,1186.53162575907,2400.27875814709,796.202209723651,1489.12720208718,78.9781317305847,214.155138132473,241.073258380246,189.229378010115,45.7302253107337,92.5222204151811,30.679258094228,57.3780658196903,3.04401277487226,8.25394238253083,21583.5220919244,16827.9208881733,4516.52115403857,8856.8268483998,3311.62197440072,5874.93479932582,271.624562634133,698.592517037004,829.269752572269,646.55574820931,175.667862930315,345.261582603601,130.000994546455,231.045698887216,10.6708853318549,27.4878652136148,0,0,9.06861748169704,18.3101294937556,7.0409475397803,12.6082475150905,0.601049032606192,1.55948594070555,0,0,0,0,0,0,0,0,378.065579815074,320.076875983585,362.097496792969,802.910627697435,479.433480334465,975.70054086744,27.8982986043741,81.6712326197428,14.5258788343172,12.2978656207017,13.9056323818421,30.8265647222691,18.3744218002559,37.3899475228479,1.06926215292649,3.12989920515398,241.395869280284,204.022257928284,306.298085133854,706.385612545376,450.207197157541,928.156964614245,33.6917152554388,99.8536916014576,9.27481075713935,7.83886157766795,11.7601473060292,27.1136204493662,17.2504230609833,35.5582046670522,1.29082888707582,3.82513202959368,0,0,50.7073292205838,118.728770557577,62.1509311907417,119.024995509751,5.36317828251706,14.6984952846478,0,0,0,0,0,0,0,0,667.67144199764,321.802626990947,1753.58935850403,1851.37910126363
"188",2005,2344,15.5833333333333,3685.24973948089,2993.94131488592,930.212796520043,1756.52810862155,396.375331844622,635.382963741604,31.8411251861726,74.3042991066129,0,0,0,0,0,0,0,0,0,0,1.55657941883025,3.01295351159051,0.789603874532859,1.2726998987807,0.0644075112174172,0.150654412740157,0,0,0,0,0,0,0,0,6303.30882225534,4941.85105807719,1193.69425201491,2414.45635137277,798.605677300458,1490.85332889742,85.9955607790179,233.074540344402,242.183205008771,189.873820507638,46.0063688509134,93.0689128868642,30.7719130799308,57.4446649185173,3.31455288035492,8.98332928300165,21546.4221015641,16778.2837530643,4513.88183104776,8850.75210671765,3299.60398560089,5843.55829633338,292.290889011345,751.594757122933,827.844373853952,644.648607933383,175.563732019947,345.022207748074,129.52650342631,229.806692310825,11.4829007585075,29.5733126124246,0,0,9.07694995920122,18.3256283915149,7.02491209416443,12.5581680741669,0.648666215817642,1.68273586672103,0,0,0,0,0,0,0,0,379.727329854905,321.051916437629,364.278565956683,807.63259868098,480.830115913726,976.684250593421,29.8202370269567,87.194186629735,14.5897260116313,12.3353282309326,13.9896842321317,31.0085669722919,18.4285451333308,37.428867520135,1.14297433212261,3.34170391768615,240.867707097476,203.272562595177,306.495751637296,706.528974255916,448.841970604712,923.406301982056,35.9874798515922,106.539522051439,9.2545180317967,7.81005707988514,11.768011704869,27.1198211602225,17.1987120345212,35.377474915133,1.37883327728704,4.0813927989231,0,0,50.683540538093,118.678035699189,61.9082377909188,118.356088189002,5.78287689778327,15.8354841625699,0,0,0,0,0,0,0,0,672.97265229116,324.339202137001,1775.45438170952,1877.34500371175
"189",2005,2344,15.6666666666667,3664.99212717836,2976.22707031303,926.498194646446,1749.14149044762,392.13671043276,626.930034981594,33.6262358558632,78.3753603983224,0,0,0,0,0,0,0,0,0,0,1.55097767571026,3.00142046867904,0.781690843136817,1.25661621052861,0.0681007500533455,0.159088675044474,0,0,0,0,0,0,0,0,6331.98609005092,4958.43834421645,1200.79978211216,2428.50739886426,800.983161311742,1492.53966025112,93.1125479488899,252.237723727357,243.285031497282,190.511130566986,46.2803155476267,93.6107361676526,30.8635700928139,57.5097363928439,3.58894522627658,9.72215368833715,21509.5880747805,16729.0487851536,4511.18746235953,8844.54251177452,3287.75725923881,5812.659585189,312.843112999166,804.271572212185,826.42921308743,642.756919596315,175.457418703607,344.777450535716,129.0585974947,228.58619734523,12.2904431977019,31.6459077803439,0,0,9.08507764640632,18.3407117454864,7.00914374447458,12.5088750649655,0.696299294399482,1.80595695710733,0,0,0,0,0,0,0,0,381.383077489511,322.023826556006,366.446942616104,812.33131566062,482.216862231238,977.659541550665,31.7005294802349,92.5776313253465,14.6533425660431,12.3726705687059,14.0732495923415,31.1896791706164,18.4822900441181,37.4674618251324,1.21509760314201,3.54818348193315,240.353721479504,202.539437465832,306.694566143153,706.68126769636,447.49744575097,918.72913576412,38.2170205247986,113.009909121308,9.2347699898901,7.78188923594547,11.7759183741954,27.1263602530589,17.1477883258479,35.1995430946241,1.46430659579616,4.32941902556239,0,0,50.6581940498327,118.622634545385,61.6658216809817,117.690881440408,6.20194612139183,16.9682991182944,0,0,0,0,0,0,0,0,678.297070892307,326.883480570265,1797.40725800276,1903.385087574
"190",2005,2344,15.75,3644.79602612239,2958.62418936298,922.747923272897,1741.69237042234,387.960198574532,618.638471505043,35.3382816054332,82.2658629147935,0,0,0,0,0,0,0,0,0,0,1.54528745510073,2.98973449962599,0.773884265993662,1.2408227568629,0.0716535383920651,0.167172703949708,0,0,0,0,0,0,0,0,6360.43113049024,4974.82506888994,1207.84307629988,2442.42227239895,803.331623124069,1494.18154231909,100.319912189961,271.618576765082,244.377935439396,191.140734734089,46.5518675047949,94.1473194047106,30.9541120040725,57.5731007619498,3.86683651113682,10.4694107289499,21473.0311815082,16680.2228057002,4508.44236371178,8838.20672423718,3276.07992839756,5782.23217273281,333.285298844957,856.634788810857,825.024699440913,640.880945281589,175.349092266696,344.527652107087,128.597210400436,227.383973585827,13.0936676627016,33.7061045049417,0,0,9.09300479522137,18.3553774466016,6.99363297566525,12.4603466593838,0.743942586532155,1.92913581967866,0,0,0,0,0,0,0,0,383.032391568909,322.992085165216,368.602088632744,817.004826717342,483.593288126272,978.625231739483,33.5442576830867,97.8369013341284,14.7167119320788,12.4098726097019,14.1563076866077,31.369826114437,18.5356396727751,37.5056845941156,1.28582665918467,3.74992528267919,239.854364488064,201.823233328694,306.895131288454,706.844051098101,446.174959224151,914.128134011701,40.3809343057669,119.267286053908,9.21558400041778,7.75437152369917,11.78389042256,27.1332974664318,17.0977031437107,35.0245115873442,1.54727164524664,4.56930358427299,0,0,50.631352166461,118.562733889704,61.4237908087273,117.029551234495,6.62034557122445,18.0968855947499,0,0,0,0,0,0,0,0,683.644610865968,329.435435474744,1819.44741185815,1929.49890646518
"191",2005,2344,15.8333333333333,3624.67056060724,2941.13860342553,918.965821788071,1734.18785723705,383.844848533015,610.505078782687,36.9789978701783,85.9805962311113,0,0,0,0,0,0,0,0,0,0,1.53951432793531,2.97790450926957,0.766182505004319,1.2253140375962,0.0750684794393251,0.174914274402988,0,0,0,0,0,0,0,0,6388.62637311741,4990.99895187992,1214.82000994291,2456.19336663454,805.648918327263,1495.77600886562,107.608936595431,291.192356820431,245.461241750097,191.76216118334,46.8208658159254,94.6783694524185,31.0434560536991,57.6346434141711,4.14789119668196,11.2241479350073,21436.7602300078,16631.81078198,4505.65031383604,8831.75237660698,3264.56986423714,5752.2691502817,353.621126317833,908.695105716637,823.63117134383,639.020875839694,175.238901178675,344.273113695309,128.142265386763,226.199763956086,13.8927145155765,35.7543135514755,0,0,9.10073477863554,18.3696236268536,6.97837072261759,12.412561960948,0.791589851391049,2.05225708227215,0,0,0,0,0,0,0,0,384.674795718732,323.956152362141,370.743382384539,821.651108057089,484.958853409492,979.580020138397,35.3559065442245,102.985603075578,14.7798158066719,12.446913609979,14.2388345248835,31.5489298210616,18.5885729715986,37.5434854028717,1.35533330327806,3.94745043036055,239.369900547652,201.124125090795,307.097828176768,707.018293802511,444.875455836038,909.605069067894,42.480276942013,125.315437821335,9.19697022305874,7.72751066335118,11.7919424536401,27.1406699371836,17.0484926758687,34.8524484458693,1.62776879985616,4.8011911304193,0,0,50.603073439328,118.498489968849,61.1822446766741,116.37225667526,7.03803606645603,19.2211919306398,0,0,0,0,0,0,0,0,689.015178900762,331.995035825006,1841.57424057035,1955.6859686628
"192",2005,2344,15.9166666666667,3604.62418807494,2923.77570399923,915.155528815188,1726.63469206471,379.789712731798,602.526684634601,38.5501040785826,89.5242849031871,0,0,0,0,0,0,0,0,0,0,1.53366395917775,2.96593984749114,0.758583989640474,1.21008466037497,0.0783482380501944,0.18232121890525,0,0,0,0,0,0,0,0,6416.55706119158,5006.94994802067,1221.72729464038,2469.8147313428,807.933604136873,1497.3213969989,114.971383744408,310.935734861157,246.534383451804,192.37502396341,47.0871837020322,95.2036567628317,31.1315464573294,57.6942998552043,4.43179210700083,11.9854669825045,21400.7820383846,16583.8161270367,4502.81464197735,8825.18624491545,3253.22474458275,5722.76332210239,373.853911953012,960.462157865444,822.248890761094,637.176842405005,175.126976474484,344.014103266737,127.693677959451,225.033299712577,14.6877102713213,37.7909050807748,0,0,9.10827034623031,18.3834488424903,6.96334842728301,12.3655011284519,0.839234410043062,2.17530380249294,0,0,0,0,0,0,0,0,386.309783230929,324.915480078771,372.870155233777,826.268125927729,486.312964192489,980.522581042199,37.1394247257534,108.035785771895,14.8426347212875,12.4837725118874,14.3208043050494,31.726911909338,18.6410668325989,37.5808128761064,1.42376877061062,4.14122031783132,238.900436906774,200.442140861416,307.302851570846,707.204471779187,443.599548572647,905.160960676902,44.5164721400602,131.159233731091,9.17893277854035,7.70130773490208,11.8000819163586,27.1484958641767,17.0001803869995,34.6833928739363,1.70585252681014,5.02526785226231,0,0,50.5734130207755,118.430049868213,60.941275256611,115.719141842879,7.45497945429794,20.3411687953544,0,0,0,0,0,0,0,0,694.408674804031,334.562246290262,1863.78711103912,1981.94573603389
"193",2006,2344,16,3584.41259990007,2906.11690798705,911.29199159375,1719.14503154086,374.472008721087,591.562726168286,41.391271357282,96.0458524843335,0,0,0,0,0,0,0,0,0,0,1.52776783073705,2.95388143696364,0.748446225385374,1.18882261395613,0.0841756424061035,0.195731842060379,0,0,0,0,0,0,0,0,6444.67178760679,5023.04899959141,1228.31251899755,2483.08889082713,807.357461099555,1490.93782788952,125.367721846007,338.981481258096,247.614596200883,192.993575269867,47.3411242190943,95.7155936693796,31.1094020455581,57.4484388955172,4.83261290387507,13.0667368694496,21365.801652915,16536.6666546628,4499.06035219838,8817.78286681817,3230.58356026539,5663.52063267883,405.601462849713,1042.23097227515,820.904946532905,635.36528227337,174.979731465831,343.722755186923,126.801579012281,222.697261297093,15.9346849245674,41.0071748967354,0,0,9.11562820693961,18.3968151749539,6.92403205884368,12.2538818770304,0.911850864792924,2.36400700830627,0,0,0,0,0,0,0,0,387.979941158698,325.885489425785,375.005468221251,830.863168731387,485.986805854862,976.271067718412,40.5939896630346,118.061406799343,14.9068049379725,12.5210418191742,14.4031023184943,31.9040515448656,18.6291514579791,37.4190551737685,1.55626606777217,4.52570959071417,238.452027093048,199.783049711543,307.496019652022,707.372688889007,440.769182984367,895.98275229227,48.0781075574172,141.599510941945,9.16170425304077,7.67598439528625,11.8077639458279,27.1556270963855,16.8922884384238,34.3329158700587,1.84240420578961,5.42549417872688,0,0,50.5432341222453,118.357661857742,60.4858778834005,114.459032653517,8.08951108913089,22.0708704274229,0,0,0,0,0,0,0,0,699.792300210668,337.129632838508,1885.92591883897,2008.15928198499
"194",2006,2344,16.0833333333333,3564.17777232776,2888.49570763149,907.376059079478,1711.5579324885,369.258880726705,580.87579299645,44.1208598130744,102.278252765828,0,0,0,0,0,0,0,0,0,0,1.52178934098367,2.94172297628201,0.738498425208677,1.16807492025883,0.0897966243227161,0.208596000956716,0,0,0,0,0,0,0,0,6472.71259126188,5039.06988029011,1234.89372789242,2496.33974323223,806.80255912186,1484.63734805224,135.963784096488,367.500106758412,248.691968719303,193.609123126411,47.5949029030405,96.2266222850763,31.0880740703508,57.2057753456814,5.24114744240551,14.1662764365438,21330.9048420147,16489.7633215215,4495.22515484158,8810.18774700474,3208.23341299818,5605.18620022443,437.16808891139,1123.34478888985,819.564212622422,633.563179234533,174.829298308481,343.423828826411,125.920770718644,220.39667849512,17.1745772327382,44.1976327687985,0,0,9.12248997618233,18.4095191710027,6.88521512906814,12.1438769090954,0.984510700869291,2.55239337477345,0,0,0,0,0,0,0,0,389.64029447585,326.849626258218,377.11522605713,835.41943509481,485.638835742842,972.008019508899,43.9356264077897,127.705635647037,14.9705984449749,12.5580854951018,14.4844191672387,32.0797036576099,18.6163964399362,37.2568404644352,1.68444410542129,4.89560884856003,238.006944549868,199.130039667837,307.677164766356,707.516397699049,437.952981198038,886.889240390271,51.5690234562955,151.779080653626,9.14460356427539,7.65089470158816,11.8149823297924,27.1618125619132,16.7849299350291,33.9856559808658,1.97625516462266,5.81575973882477,0,0,50.5113299299332,118.280370587778,60.0328127570923,113.211022536859,8.72316832016602,23.7916266678751,0,0,0,0,0,0,0,0,705.198698672434,339.704560337586,1908.09918701092,2034.35803466996
"195",2006,2344,16.1666666666667,3543.9435817758,2870.93267735819,903.414792556456,1703.8848743895,364.162949463683,570.493181667102,46.7273861986683,108.196620630109,0,0,0,0,0,0,0,0,0,0,1.51572857476902,2.92945532696546,0.728764866556134,1.14789683052535,0.0951853766681603,0.220857719927836,0,0,0,0,0,0,0,0,6500.60392799742,5054.95422027882,1241.4515144063,2509.52540936583,806.28143277033,1478.47072071964,146.711553019851,396.357396074661,249.763598479651,194.219424870525,47.8477745385064,96.7351340040184,31.0680475747699,56.9682691381316,5.65554695386089,15.278918142255,21296.1322226595,16443.1375928235,4491.33140161215,8802.43409003644,3186.30037958939,5548.08191910357,468.436524207954,1203.50416631488,818.228249596848,631.771742232133,174.676541783033,343.118614549107,125.056209645679,218.144227258767,18.4027751593288,47.3504798645792,0,0,9.12891720465327,18.4216115313871,6.84715504818099,12.0361703127833,1.0569421673117,2.73976194756659,0,0,0,0,0,0,0,0,391.290649934651,327.807716180306,379.201450217954,839.939079948463,485.29061327025,967.796009295581,47.1590791364581,136.953952098726,15.0340078174134,12.5948968391056,14.5648324088833,32.2539508471407,18.6036282390182,37.0965673983981,1.80810145694464,5.25036150988073,237.568477304837,198.48596783071,307.850256985707,707.646085717839,435.174733299352,877.946666454433,54.9667492293441,161.631959028604,9.12775704352333,7.62614842817419,11.8218894544463,27.1674547343418,16.6790166482897,33.6441519139745,2.10654396071532,6.19353502353657,0,0,50.4777841072731,118.198471812652,59.5846152473126,111.982018151208,9.35352333076627,25.4967619756781,0,0,0,0,0,0,0,0,710.628114480386,342.287070702797,1930.30785401454,2060.54314387985
"196",2006,2344,16.25,3523.72953527876,2853.44233983697,899.414566824866,1696.13783523275,359.181755432452,560.406448782165,49.2144770398343,113.811641752823,0,0,0,0,0,0,0,0,0,0,1.50958780570645,2.91707453975384,0.719240234313668,1.12827240178417,0.100346620099402,0.232533143886891,0,0,0,0,0,0,0,0,6528.28628898358,5070.65671973177,1247.96759152164,2522.60986452736,805.779514167243,1472.40981690133,157.595023653318,425.507531616916,250.82719905752,194.822740010462,48.0990367165353,97.2397447081644,31.0487626081939,56.7348390170383,6.07519598334475,16.4028999743468,21261.5244565712,16396.8193630337,4487.38991625558,8794.54351075437,3164.78133951683,5492.18985351381,499.41786979515,1282.74506760095,816.898619742696,629.992119859251,174.521883765415,342.807956660646,124.207781586328,215.939221212974,19.6197061069893,50.4671090420188,0,0,9.13496072372859,18.4331313458643,6.8098341691962,11.9307126666694,1.12914722994174,2.92613268919557,0,0,0,0,0,0,0,0,392.931032223049,328.759571396073,381.265621239304,844.422952653173,484.944003781705,963.637851143105,50.2770195113507,145.845615625084,15.0970340038372,12.6314686357636,14.6443988175755,32.4268255432818,18.5909183024926,36.9383440035938,1.92772384071576,5.59147211233498,237.139329746416,197.853170779096,308.018497251217,707.770172582296,432.439526986727,869.164963770165,58.2682062682994,171.150939634644,9.11126859772848,7.60183535014269,11.828608185752,27.1728767410981,16.5747436579163,33.3087848905186,2.23315233243585,6.55854279225201,0,0,50.4426880952326,118.112244896667,59.1414072058729,110.772066664211,9.98056803245913,27.186434759153,0,0,0,0,0,0,0,0,716.080409167193,344.877115647345,1952.55145119807,2086.71502963792
"197",2006,2344,16.3333333333333,3503.55309295167,2836.03753868271,895.381209032871,1688.32777492083,354.312772175248,550.607165960284,51.5857002808135,119.133757044667,0,0,0,0,0,0,0,0,0,0,1.50337061785433,2.90458052024331,0.70991946126718,1.10918609126301,0.105285288365502,0.243638614285692,0,0,0,0,0,0,0,0,6555.71067972365,5086.14050252411,1254.42733657702,2535.56453807808,805.285930247365,1466.43388662573,168.598624129931,454.90607242887,251.880888005996,195.417651706533,48.3481276197361,97.7393563199,31.0298010709158,56.5046870328135,6.49949556454915,17.5365123875685,21227.1145347291,16350.8324636386,4483.40967718891,8786.53401358618,3143.67197148835,5437.49007679149,530.122501834239,1361.10115177087,815.5765906255,628.225227759597,174.365674732233,342.492559598417,123.375325296122,213.780895694835,20.8257698950242,53.5488252321919,0,0,9.14066069642569,18.4441075735385,6.77323393469336,11.8274517947681,1.20112594252469,3.11151874257852,0,0,0,0,0,0,0,0,394.561247795708,329.704852867961,383.308537267215,848.870796902122,484.599906966748,959.534572504553,53.3007288452695,154.415754575295,15.1596695679239,12.6677878587102,14.7231489515487,32.5983176861952,18.5783009761911,36.7822096506293,2.04374364841487,5.92028677084316,236.721583274983,197.233427262708,308.184435550594,707.895294065763,429.751265221487,860.55137881401,61.4718080677551,180.333261435918,9.09521819764771,7.57802380990079,11.8352364046193,27.1783332549204,16.472260658831,32.9798332104525,2.35601922232744,6.91067622929294,0,0,50.4061277456611,118.021943244031,58.703287981301,109.581172595476,10.6042983287401,28.8608123570814,0,0,0,0,0,0,0,0,721.555443041711,347.474644755496,1974.82957475478,2112.87414669906
"198",2006,2344,16.4166666666667,3483.43002572818,2818.72973488574,891.3200886986,1680.46480347691,349.553439629255,541.086971847358,53.8445633510517,124.173164892201,0,0,0,0,0,0,0,0,0,0,1.49708147424427,2.89197594017835,0.700797671398786,1.09062270874028,0.110006470100766,0.254190562161149,0,0,0,0,0,0,0,0,6582.83645305355,5101.37535803075,1260.81898176458,2548.3666444508,804.792562080206,1460.52762509102,179.707350217989,484.510343923609,252.923103596034,196.002999218211,48.5945949843003,98.2330928005006,31.0108506259803,56.2772243482927,6.92786840833085,18.6781133340741,21192.9293775904,16305.1959443173,4479.39822049136,8778.42079048775,3122.96709902123,5383.9613347177,560.560103518568,1438.60388773964,814.263196572595,626.471797852168,174.208209324174,342.173018781836,122.558645922176,211.668433558656,22.021339939395,56.5968496849734,0,0,9.14604943174838,18.4545622604396,6.73733565801901,11.726334786283,1.27287675555196,3.2959275480297,0,0,0,0,0,0,0,0,396.180948970207,330.643118469965,385.330528521271,853.281633304069,484.258611597264,955.48609323119,56.2402755850627,162.695883422999,15.2219011511578,12.703837520757,14.8010953888633,32.7683894197541,18.5657871312577,36.6281611383587,2.15654674995182,6.23801300669391,236.316823500071,196.628073451924,308.350078319771,708.026619263201,427.112873694944,852.110972902166,64.5771407285334,189.179648997508,9.07966676496885,7.55476514524963,11.8418511271315,27.1840226597602,16.3716798984007,32.6574914456833,2.47512852753452,7.24996214853353,0,0,50.3681838023095,117.927798521534,58.2703383493839,108.409305512305,11.2247131835666,30.5200682224034,0,0,0,0,0,0,0,0,727.053072355634,350.079604434475,1997.14184375111,2139.02094369579
"199",2006,2344,16.5,3463.3745610294,2801.529128771,887.236152969443,1672.55824689681,344.901182122803,531.837604918031,55.9945091688262,128.939812224451,0,0,0,0,0,0,0,0,0,0,1.49072552403206,2.87926574986756,0.691870160365125,1.07256741257051,0.114515377716284,0.264205443466207,0,0,0,0,0,0,0,0,6609.63036452833,5116.33696956721,1267.13325262751,2560.99843551729,804.293615440499,1454.68028651051,190.906857230863,514.27970606294,253.952568522895,196.577848259591,48.838082240108,98.7202714820576,30.9916882224088,56.0520372351129,7.35976244515842,19.8261386004155,21158.9905370515,16259.9246385898,4475.36181669591,8770.21657122973,3102.66085006532,5331.58136086881,590.739668149555,1515.28257147307,812.959265643501,624.732400064349,174.049733170102,341.849834147863,121.757521199687,209.600977433337,23.2067633469955,59.6123205538334,0,0,9.15115257826919,18.4645118635615,6.70212079855509,11.6273087207148,1.34439671242527,3.47936152000653,0,0,0,0,0,0,0,0,397.78966458529,331.573846318076,387.331553245486,857.653932524009,483.919943916677,951.491507534126,59.1045926857752,170.714125597528,15.2837106507692,12.7395975702855,14.878236413005,32.9369817430128,18.5533698669907,36.4761635314043,2.26647546001605,6.5457282900704,235.926197535914,196.038055188771,308.516942257573,708.168004342685,424.526410625352,843.846885096713,67.584800401411,197.693822062258,9.06465837369575,7.53209569695053,11.8485105687039,27.1900929473463,16.2730803786698,32.34188050199,2.59050286686919,7.57654219122667,0,0,50.3289321123373,117.830022518646,57.8426222614019,107.256403627892,11.8418141153875,32.1643802571429,0,0,0,0,0,0,0,0,732.573147756189,352.691937318259,2019.48788440129,2165.15584814723
"200",2006,2344,16.5833333333333,3443.39958421887,2784.4448273327,883.133977194625,1664.61674145471,340.353427153641,522.850933225168,58.0389146685527,133.443394673606,0,0,0,0,0,0,0,0,0,0,1.48430836548742,2.8664565702549,0.683132368038816,1.05500569303163,0.118817310556738,0.273699669264014,0,0,0,0,0,0,0,0,6636.06533053631,5131.00590784005,1273.36290209817,2573.44623976584,803.785092625638,1448.88460656795,202.183530075372,544.175755275425,254.968242190907,197.141452326149,49.0783106433652,99.2003662192662,30.9721598287583,55.8288457257897,7.79465353131172,20.9791096088833,21125.3151158227,16215.0298987514,4471.30570062231,8761.93207767571,3082.74684933873,5280.32724376328,620.66952630796,1591.16441760569,811.665454953635,623.007470569293,173.890451763192,341.523427714659,120.971708928269,207.577644013142,24.3823619316855,62.5962963351105,0,0,9.15599066332986,18.4739689461516,6.66757131803283,11.5303216087402,1.41568167725745,3.66181884448955,0,0,0,0,0,0,0,0,399.386836841656,332.496462367388,389.311315029119,861.985823482885,483.583450914129,947.549431273464,61.9015906939695,178.4955428137,15.3450766352162,12.775045951572,14.9545605190551,33.1040225081098,18.5410315526816,36.3261635052712,2.37383287435076,6.84439266690867,235.550489343203,195.463996102796,308.686124678333,708.322193650472,421.993200385316,835.760647620493,70.496196948873,205.881905017782,9.05022314489729,7.51003942584596,11.8552568434377,27.1966494318546,16.17651297151,32.0330596924419,2.70219605284712,7.89065018601995,0,0,50.2884439585475,117.728809676602,57.4201891364254,106.122378341718,12.4556046726806,33.7939291761163,0,0,0,0,0,0,0,0,738.115512761183,355.311581724036,2041.86731044607,2191.27924808842
"201",2006,2344,16.6666666666667,3423.51681818382,2767.48499373863,879.017809969168,1656.64831754464,335.907621756194,514.118980290802,59.9810892712933,137.693356447414,0,0,0,0,0,0,0,0,0,0,1.47783584839022,2.85355617440895,0.674579857762739,1.03792336370217,0.122917620229593,0.282689540011056,0,0,0,0,0,0,0,0,6662.11932353156,5145.36673569099,1279.50229754501,2585.69961171072,803.264334457384,1443.13587278849,213.524536229294,574.162475223545,255.969278266529,197.693218297576,49.3150634402458,99.6729747651794,30.9521628564052,55.6074679346409,8.23204750057954,22.1356392576787,21091.9165859893,16170.5202499429,4467.23427386006,8753.57642306259,3063.21838319867,5230.17573921185,650.357378331975,1666.27466650225,810.382282124639,621.297336916336,173.73053828177,341.194159020983,120.20095338539,205.597536228047,25.548433434886,65.549759902034,0,0,9.16058038509913,18.4829435357031,6.63366990970174,11.435323018957,1.48672657694999,3.84329431134695,0,0,0,0,0,0,0,0,400.971853485089,333.410364384754,391.26936050857,866.275265124915,483.24854361758,943.658270384087,64.6382699825929,186.062462331888,15.4059755807123,12.8101595258557,15.0300501670635,33.2694330202733,18.5287493347296,36.1780996640438,2.47888717393939,7.13486130777148,235.190188162357,194.906259444862,308.858372654973,708.491012485161,419.513964638676,827.852490653604,73.3133695194406,213.75187170996,9.03637987602161,7.48861028861288,11.8621186172971,27.2037621456387,16.082005440423,31.7310384083856,2.81028602035736,8.19259086370775,0,0,50.2467864180633,117.624339449823,57.0030759731307,105.007118475853,13.0660899475697,35.408896978621,0,0,0,0,0,0,0,0,743.680002579511,357.938471260738,2064.2797099169,2217.39148056249
"202",2006,2344,16.75,3403.73693558773,2750.65694105039,874.891601458069,1648.66045220046,331.561241507435,505.633938527757,61.8242741328621,141.698891471043,0,0,0,0,0,0,0,0,0,0,1.47131397388506,2.84057320643473,0.66620830747782,1.02130656077591,0.12682168817477,0.291191204552962,0,0,0,0,0,0,0,0,6687.77469861371,5159.4074630267,1285.54717312302,2597.75082377261,802.729759515554,1437.43140108263,224.91784051024,604.206274929393,256.954998804472,198.232685495314,49.5481763672855,100.137799277062,30.9316361476182,55.3877999581533,8.67148074523559,23.2944334253211,21058.8052880497,16126.401788293,4463.15122507099,8745.15734780395,3044.06849031171,5181.10343759484,679.810326829961,1740.63668879318,809.110144458124,619.602233328266,173.570138238013,340.862334248736,119.444988861522,203.659749782028,26.7052527550484,68.4736224642507,0,0,9.16493529158233,18.491443743501,6.60040002130701,11.3422641799306,1.55752559379612,4.02377996341486,0,0,0,0,0,0,0,0,402.544066100014,334.314935340301,393.20512892318,870.520130730919,482.914557847774,939.816330780498,67.3208055359393,193.434725132386,15.4663825740942,12.8449145858618,15.1046836868054,33.4331312797061,18.5164974735318,36.0319067690587,2.58187487703393,7.41789402576451,234.845531660125,194.364987011597,309.034133067172,708.67550096239,417.0889169622,820.121556624877,76.0388640242954,221.31317633768,9.02313769865647,7.46781373330233,11.869113028846,27.2114709757123,15.9895660662684,31.4357843295535,2.91487012875659,8.48272570582045,0,0,50.2040226751406,117.516777908534,56.5913087457652,103.910493126299,13.6732762573603,37.0094659586543,0,0,0,0,0,0,0,0,749.266443698933,360.572534745437,2086.72464266682,2243.49283102291
"203",2006,2344,16.8333333333333,3384.06967268414,2733.9672271363,870.75903226097,1640.6601226036,327.31179921188,497.388181722967,63.5716417076126,145.468945471132,0,0,0,0,0,0,0,0,0,0,1.4647487896712,2.82751689128492,0.658013500154127,1.00514174121018,0.130534903144834,0.299220619179277,0,0,0,0,0,0,0,0,6713.0175079581,5173.11899321807,1291.49437862807,2609.59435095203,802.180603133166,1431.77001397532,236.352213827568,634.276009286478,257.924867907009,198.759504412324,49.777528017704,100.594626545799,30.9105499551846,55.1697958417332,9.11252056587207,24.4542917983271,21025.988939018,16082.6785852299,4459.05965243537,8736.68145945941,3025.29005301112,5133.08693139339,709.034912024006,1814.2720980138,807.849338457731,617.922316235624,173.409374209606,340.528215506901,118.703543221862,201.763379700748,27.8530732868518,71.3687278417005,0,0,9.1690664918193,18.4994764356675,6.56774590748973,11.2510981569233,1.62807234787822,4.20326571330136,0,0,0,0,0,0,0,0,404.102808545948,335.209556870695,395.118002969466,874.718294282977,482.580819121184,936.021936247435,69.9546319748521,200.629935096575,15.5262720211794,12.8792873730819,15.1784372322175,33.5950353019077,18.5042498390261,35.8875202728436,2.68300410051002,7.69416483337487,234.516549983254,193.840138759521,309.213602203204,708.87604780425,414.717853563354,812.566105384581,78.675613330283,228.576392476108,9.01049777114101,7.44764822137743,11.876247593092,27.2197907978578,15.899187123442,31.147231284854,3.0160605682347,8.76145910515392,0,0,50.1602123202316,117.40627933183,56.1849037844432,102.832354451,14.277170864036,38.5958178305183,0,0,0,0,0,0,0,0,754.87465349604,363.213696131879,2109.20163690319,2269.58353161544
"204",2006,2344,16.9166666666667,3364.52393404323,2717.42174207228,866.623540073851,1632.65385543736,323.156852323705,489.374275182811,65.2262955053426,149.012218611052,0,0,0,0,0,0,0,0,0,0,1.45814630045527,2.81439678120863,0.649991315910158,0.989415681520699,0.134062640566654,0.306793510873312,0,0,0,0,0,0,0,0,6737.83687665239,5186.49461969291,1297.34165325091,2621.22640745447,801.616687772127,1426.15158390571,247.817232303999,664.342970901586,258.878467742615,199.273417371378,50.0030311619949,101.043310216601,30.8888971255887,54.9534500423662,9.55476515104172,25.6141075967528,20993.4730949154,16039.3530549723,4454.96217392159,8728.15444828506,3006.87587694348,5086.10295931882,738.037149009779,1887.20086866947,806.600077598725,616.257678396305,173.248350101708,340.192029172596,117.976341014563,199.907525972507,28.9921283350577,74.2358569502515,0,0,9.17298327509251,18.5070477917774,6.53569265250859,11.161779953803,1.69836006999244,4.38173992647116,0,0,0,0,0,0,0,0,405.647413120949,336.093620974244,397.007351806776,878.867702216943,482.246694537387,932.27352137349,72.5445257807575,207.663700418084,15.5856182677921,12.9132545271182,15.2512864344564,33.7550658768746,18.4919819061317,35.7448798940212,2.78245771397396,7.96427120187563,234.20310627109,193.331529174048,309.396772567132,709.092515567452,412.4002378239,805.183704033809,81.2268275356909,235.552882332909,8.99845483512367,7.42810662506894,11.8835219982242,27.2287162826102,15.8108481200074,30.8652865264257,3.11398015286779,9.02922568560795,0,0,50.115411645314,117.292987693695,55.7838690548854,101.772540261564,14.8777817275521,40.1681329643188,0,0,0,0,0,0,0,0,760.50444001173,365.861874510211,2131.71018740706,2295.66376116796
"205",2007,2344,17,3344.65726813998,2700.60134316838,862.367387878935,1624.49237334161,318.940502028665,481.191648740944,66.9631611902951,152.761208384136,0,0,0,0,0,0,0,0,0,0,1.45154926470387,2.80130330999028,0.641829401121252,0.973320503090129,0.137756446520057,0.314783694359017,0,0,0,0,0,0,0,0,6762.35243940502,5199.65080703398,1303.01903080003,2632.62062544387,800.655465303686,1419.42001585724,259.739039463229,695.643905587036,259.820394868105,199.778899127993,50.2220016179082,101.482846594041,30.8519362212064,54.694213905947,10.0146349639729,26.8215351202412,20961.2311625895,15996.3997495275,4450.57900560914,8719.39123991776,2987.38020618994,5036.00727982444,768.436852925518,1963.89110144898,805.36134007757,614.607342059655,173.076377460904,339.846819925283,117.206665504113,197.929319882617,30.1859685210033,77.2506183621433,0,0,9.17693940602347,18.5147223153797,6.50109859742609,11.0652153717775,1.77189888280724,4.56897769347834,0,0,0,0,0,0,0,0,407.219786338501,337.005583440223,398.931890378305,883.119969596684,481.761373074905,927.98178262155,75.3576280607785,215.377829580212,15.646031428682,12.9482935809115,15.3254867196793,33.9190457794777,18.4739103477267,35.5813898771329,2.89047940547161,8.26048950787079,233.909461162274,192.843627237541,309.588345663915,709.341814252785,409.937523851192,797.318129676243,83.9172395087415,242.958359987087,8.9871725911493,7.40936064982616,11.891116759148,27.2388966443124,15.7169369217126,30.5647945862333,3.21724483507017,9.31346104487831,0,0,50.0710865759145,117.180644505644,55.3615350966718,100.648474890392,15.5050700845814,41.8156048375274,0,0,0,0,0,0,0,0,766.108029053341,368.474040416031,2154.05958088303,2321.31134681171
"206",2007,2344,17.0833333333333,3323.1595597589,2682.28096922971,857.641705461464,1615.71442332136,314.240996812972,471.777611747801,69.2467540140165,157.852028414435,0,0,0,0,0,0,0,0,0,0,1.44494972902131,2.78830516522458,0.632694504347977,0.954723142866009,0.142558852485257,0.325506067404467,0,0,0,0,0,0,0,0,6787.14589937161,5213.09394314967,1308.41044957714,2643.86098345633,798.29442277208,1408.4953020706,273.395230312959,731.851008519217,260.772999248961,200.295405915408,50.4299894481514,101.916488401331,30.7610300984498,54.2733935482366,10.5413583078786,28.2180694099841,20928.9762568077,15953.587754537,4445.08363746397,8709.780135777,2962.8103981203,4971.47954594393,804.701204940493,2056.55639175196,804.1221031847,612.962435131496,172.861834001374,339.469448622272,116.237872894292,195.38384342984,31.6098696644579,80.8930536498614,0,0,9.18123522802049,18.5236467523293,6.45534592735387,10.9366100423941,1.85851254514514,4.79208556991225,0,0,0,0,0,0,0,0,408.933144695981,338.049598026589,401.03524059952,887.865495493133,480.682434247192,921.470852320888,79.0910427400303,225.948514471984,15.711861461397,12.9884062884529,15.406555356265,34.1019691455288,18.4330691542441,35.332790008773,3.03380150346008,8.666263478203,233.637478795488,192.381098910432,309.792643640594,709.654151504502,406.771837473455,787.155887563251,87.3617207714402,252.730308775468,8.97672266244121,7.39158956931066,11.8991978529264,27.251491904011,15.5960639115443,30.1762331405447,3.3494295693401,9.6884407288876,0,0,50.0307700011591,117.078415017544,54.8438929620907,99.2337392474374,16.2423684902321,43.7834967006311,0,0,0,0,0,0,0,0,771.551516836506,370.928976879693,2175.70111744277,2345.3104054434
"207",2007,2344,17.1666666666667,3301.74853157429,2664.08251134503,852.909259696276,1606.90838059217,309.65509143173,462.670511570138,71.4050753578159,162.621883885659,0,0,0,0,0,0,0,0,0,0,1.43815443108109,2.77501473954614,0.623788871076661,0.936736278154459,0.147119346478054,0.335601005819965,0,0,0,0,0,0,0,0,6811.80916762943,5226.41911096138,1313.8080509338,2655.09710011838,796.034810598773,1397.90147857673,287.137179083579,768.164872429551,261.720601456166,200.807380171932,50.6382013854532,102.349944648853,30.6740263978472,53.8653117700654,11.0714080614251,29.6187756584378,20896.7381775413,15910.9519863942,4439.54876132153,8700.02184445785,2938.73629112965,4908.54088161036,840.58252102378,2147.91522179271,802.88351211608,611.324299146474,172.645694911602,339.086241262236,115.288495135041,192.900786067857,33.0187071082964,84.4839338221523,0,0,9.184763537285,18.531501366517,6.41057003327334,10.8111790713926,1.94464256890802,5.01319087655006,0,0,0,0,0,0,0,0,410.620762746671,339.072725066263,403.079279679456,892.495780638565,479.581512436138,915.000003421059,82.7123900059865,236.113586691853,15.7767025096928,13.0277164630785,15.4853446964036,34.2804652053952,18.3913783491824,35.0857058334773,3.17283612982761,9.05651365322476,233.365568513025,191.92229913896,309.986586989805,709.95475908213,403.665223697698,777.228472358044,90.7019074829625,262.128652552011,8.96627550171825,7.37396174592959,11.9068789540678,27.2636312437197,15.4774451522313,29.7966438541828,3.47762529003105,10.0491267543626,0,0,49.9887635671131,116.971925630231,54.3342253522629,97.8486677894793,16.9739504692926,45.7264230524709,0,0,0,0,0,0,0,0,777.01768631786,373.391430112145,2197.35553284439,2369.26452153625
"208",2007,2344,17.25,3280.4443232062,2646.02085958411,848.176150798964,1598.0862876705,305.180446246311,453.860401210546,73.4425266615169,167.084059183959,0,0,0,0,0,0,0,0,0,0,1.431195142541,2.76147393763695,0.615102224634137,0.9193341404194,0.151444306594855,0.345089808937325,0,0,0,0,0,0,0,0,6836.26690899866,5239.56953657582,1319.18667833397,2666.27931316635,793.854620860182,1387.59548185294,300.948693440832,804.540114556075,262.660306991641,201.312640553795,50.8456719000865,102.781308658524,30.5900797584379,53.4683141519216,11.6041611365302,31.0219074012641,20864.5716952237,15868.5328130018,4433.98837571095,8690.14506103822,2915.15510526398,4847.16417501138,876.093578406906,2238.01403353597,801.647671237828,609.694485103896,172.428505435437,338.698316579622,114.358427419037,190.479092553631,34.4129765519337,88.0250717264672,0,0,9.18764500597333,18.5384210503657,6.36674829666746,10.6888506831511,2.03029418394816,5.23233319883386,0,0,0,0,0,0,0,0,412.283805566671,340.07580635851,405.070178238368,897.02108218022,478.466557536316,908.58427497825,86.2324493969373,245.909285629586,15.8405993376482,13.0662564480624,15.5620917019972,34.4549277718167,18.3491430009328,34.8407148061662,3.30799646295879,9.43262882469743,233.096967862868,191.469779900177,310.172327419895,710.248906249609,400.620194006741,767.537303114722,93.938032164995,271.156653188884,8.95595550074898,7.35657523072205,11.914242631725,27.2755168317776,15.3611770707839,29.4260818898061,3.60184049823764,10.3956426418223,0,0,49.9451433494911,116.8614549069,53.8325852708104,96.4929724135998,17.6998747201945,47.6448662168146,0,0,0,0,0,0,0,0,782.50620228618,375.86125140968,2219.02116522761,2393.17317156644
"209",2007,2344,17.3333333333333,3259.26453452978,2628.10884287807,843.44781094676,1589.25892594424,300.814620562723,445.337416142421,75.3634035257701,171.251411716099,0,0,0,0,0,0,0,0,0,0,1.42409987218919,2.74772091531497,0.606625706306029,0.9024930541491,0.155540208366024,0.35399364741367,0,0,0,0,0,0,0,0,6860.45762880024,5252.49935128597,1324.52606919304,2677.3677786007,791.736743082387,1377.5436716844,314.814332194732,840.933691626936,263.589753131473,201.809424711922,51.0516231596709,103.209050377302,30.5085327553848,53.0811079020046,12.139023185177,32.4258077272744,20832.5214076344,15826.3626866165,4428.41393705377,8680.17348900464,2892.06234032511,4787.31974122778,911.246352498059,2326.89650085782,800.416294067725,608.074239871253,172.210712494754,338.306600027489,113.447497859019,188.117607071288,35.793143024415,91.5181738669808,0,0,9.18997661311745,18.5445125998171,6.32385684314209,10.5695487233325,2.11547055172143,5.44954476006036,0,0,0,0,0,0,0,0,413.923084033609,341.059423167378,407.012713372955,901.449219990331,477.343465151208,902.234744267875,89.6608738860267,255.368280902464,15.9035831004703,13.1040485764987,15.6369798120253,34.6256570406327,18.3065893016427,34.5982422629441,3.43965246262858,9.79586086504234,232.83417025475,191.025465166759,310.351637468509,710.540663977224,397.638502288087,758.082313541498,97.0712952789968,279.820550046897,8.94585846033171,7.33950394579433,11.9213569102406,27.2873048704063,15.2473270896529,29.0645455393949,3.72212083001667,10.7282261522808,0,0,49.8999866065172,116.747259891605,53.3389993667472,95.1663219734826,18.4202020181769,49.5393074686352,0,0,0,0,0,0,0,0,788.016742870111,378.338297304471,2240.69666282868,2417.03613657769
"210",2007,2344,17.4166666666667,3238.22459504221,2610.35753338462,838.729096730038,1580.43598840779,296.555111400243,437.091834403409,77.171893227448,175.136372491954,0,0,0,0,0,0,0,0,0,0,1.41689333928708,2.73379036341733,0.598351552422328,0.886191053531418,0.159413591994777,0.36233348922706,0,0,0,0,0,0,0,0,6884.33126834712,5265.17166720544,1329.80996280852,2688.33065219736,789.667934730985,1367.7197804757,328.719509579184,877.305212935757,264.507016540855,202.296315354726,51.2554308376391,103.631946667113,30.4288764230044,52.7026832176032,12.6754326200137,33.8289213491653,20800.6235231569,15784.4675518992,4422.83482288099,8670.12675157885,2869.45218959436,4728.97611140277,946.052033555697,2414.6035973413,799.19077179062,606.464560283778,171.992682567182,337.911858990156,112.555483533398,185.815103874806,37.1596414924875,94.9648429086421,0,0,9.19183662303405,18.5498610877973,6.28187144652563,10.453195255252,2.2001730926361,5.6648514766728,0,0,0,0,0,0,0,0,415.53913420874,342.02395633981,408.91057952681,905.786133552858,476.216599566472,895.959521023505,93.006279586393,264.519949977496,15.9656743944825,13.1411074811363,15.710150877861,34.7928809716677,18.263884644905,34.3585995919895,3.56813430962434,10.1473353710398,232.579058717521,190.590767478765,310.525942888964,710.833073854115,394.721232830782,748.862174580972,100.10366588878,288.128931110389,8.93605672946368,7.32280216319338,11.9282765094133,27.2991120704536,15.1359369819856,28.7119847179281,3.83854141057756,11.0472051683704,0,0,49.8533704106356,116.629577966886,52.8534721463137,93.8683502285234,19.1349944682152,51.410224652272,0,0,0,0,0,0,0,0,793.548995044244,380.822427768965,2262.38090148173,2440.85341780422
"211",2007,2344,17.5,3217.33810166407,2592.77652410287,834.024374708777,1571.62623976974,292.399383339709,429.114114942157,78.8720761975814,178.750960176124,0,0,0,0,0,0,0,0,0,0,1.40959744426344,2.71971386794283,0.590272841867033,0.870407572172432,0.163071031786141,0.370130044069522,0,0,0,0,0,0,0,0,6907.84710040021,5277.55689819641,1335.0253260236,2699.14251973142,787.63796113539,1358.1032189265,342.650537168195,913.61706055634,265.41053241413,202.77217573548,51.4565944285071,104.049021117124,30.3507172654177,52.3322482931482,13.2128622418872,35.2297992727632,20768.9074190726,15742.8680727167,4417.25873201136,8660.0211775035,2847.31787385506,4672.10064335164,980.521071415893,2501.17375726156,797.972233130393,604.866240280104,171.774717138571,337.514733160509,111.682123457689,183.570311032892,38.5128785486532,98.3665837818885,0,0,9.19328864738086,18.5545349201729,6.24076805966601,10.3397121465149,2.28440183208704,5.87827410550277,0,0,0,0,0,0,0,0,417.132283180008,342.96963583478,410.766641490583,910.03633272479,475.089195108605,889.764509962054,96.2763573223798,273.390724886512,16.02688578692,13.1774419973665,15.7817148785638,34.9567725986435,18.2211530370514,34.1220135132884,3.69373668496988,10.4880649598942,232.333023333711,190.166689494039,310.696365681428,711.128318093111,391.8689060244,739.874533718346,103.037699710684,296.092162448333,8.92660371736261,7.30650840663581,11.9350444935964,27.311022169206,15.0270269112012,28.3683101109469,3.9511998747222,11.3529758097776,0,0,49.8053707978265,116.508629052739,52.3759898450762,92.5986630448719,19.8443148659351,53.2580903897944,0,0,0,0,0,0,0,0,799.102651184969,383.31350485438,2284.07292296759,2464.62517407935
"212",2007,2344,17.5833333333333,3196.6170033077,2575.37408149488,829.337567552486,1562.83760236701,288.344887397357,421.394926467109,80.4679243507857,182.106781092854,0,0,0,0,0,0,0,0,0,0,1.40223153743515,2.70552011556663,0.582383360065493,0.855123285692844,0.166519112331724,0.37740371304773,0,0,0,0,0,0,0,0,6930.97253530856,5289.63180471089,1340.16190916035,2709.78349731311,785.639100509122,1348.67810411713,356.594661761548,949.834498347345,266.299048604794,203.236112953585,51.6547202245433,104.459509549877,30.2737582692463,51.9691920350105,13.7508207079994,36.6271030228393,20737.3965279077,15701.5803316704,4411.69191223642,8649.87024702371,2825.65183623925,4616.65988835632,1014.6631968322,2586.64295204405,796.761578404697,603.279897779314,171.557061491862,337.115751775431,110.82712614946,181.381924693775,39.8532332098159,101.72480655401,0,0,9.19438390968233,18.5585886257961,6.2005230693258,10.2290218622185,2.3681556386176,6.08982902312137,0,0,0,0,0,0,0,0,418.702687798563,343.896569907176,412.583078343532,914.203154625623,473.963576671392,883.653827717227,99.4779377783106,282.004291915545,16.087223304249,13.2130562845154,15.8517554489537,35.1174598955008,18.1784835666377,33.8886420913581,3.81672126883165,10.8189569278629,232.097029624473,189.753883278297,310.863753183584,711.427826203274,389.081551384735,731.116177752293,105.876421990845,303.722019720509,8.91753652092418,7.29064772952782,11.9416933865334,27.3230900199171,14.9205982236839,28.0333993997584,4.06021187395144,11.6459882987412,0,0,49.7560622818782,116.384616854542,51.9065226917078,91.3568428449588,20.5482262665145,55.0833706766431,0,0,0,0,0,0,0,0,804.67740705677,385.811391906762,2305.77190207371,2488.35168801074
"213",2007,2344,17.6666666666667,3176.07182859119,2558.15733274561,824.672211871113,1554.07726426344,284.389080107933,413.925170579059,81.9633024837061,185.215040334869,0,0,0,0,0,0,0,0,0,0,1.39481275293057,2.69123516491434,0.574677437766382,0.840319915609361,0.169764404023374,0.384174544042826,0,0,0,0,0,0,0,0,6953.68168901073,5301.37835456196,1345.21171889523,2720.23816464337,783.665578532284,1339.43216251364,370.540072423155,985.925688044775,267.171570605812,203.687434183585,51.849501106462,104.862819117286,30.1977772136526,51.6130419774712,14.2888528170712,38.0196053050041,20706.10939952,15660.6166635951,4406.13943154621,8639.6851237508,2804.44596113223,4562.6199854877,1048.48746500251,2671.04483923428,795.559520331911,601.706006705271,171.339915180952,336.715354178375,109.990178132589,179.248624428905,41.1810585697039,105.040832098995,0,0,9.19516392970902,18.56206615145,6.16111358537299,10.1210483707168,2.45143248761161,6.29952909781799,0,0,0,0,0,0,0,0,420.250379017631,344.804778332713,414.361550312708,918.289060319949,472.841414510538,877.630285792833,102.617077603178,290.381858267229,16.1466881357364,13.2479511023975,15.9203362878163,35.2750371710268,18.1359401888495,33.6585932811732,3.93732004355794,11.1408234781787,231.871700304843,189.352720523481,311.028713772484,711.732402422923,386.358786660552,722.583201178551,108.623201385928,311.031292165548,8.9088790658884,7.27523441286686,11.948246540265,27.3353464787627,14.816636474741,27.7071037023738,4.165706238342,11.9267317691987,0,0,49.7055173459594,116.257730478956,51.4450275552252,90.1424535457456,21.2467916228651,56.886523843197,0,0,0,0,0,0,0,0,810.272959636086,388.315952720442,2327.47710801894,2512.0333265769
"214",2007,2344,17.75,3155.71187340659,2541.13242027193,820.031505886735,1545.35176822799,280.529438579249,406.69599892202,83.361969406602,188.086551717115,0,0,0,0,0,0,0,0,0,0,1.38735629806172,2.67688270227027,0.56714983226651,0.825980084663006,0.17281344010956,0.390462191511634,0,0,0,0,0,0,0,0,6975.95421754414,5312.78279638229,1350.16859090069,2730.49470350957,781.713121352669,1330.35586980501,384.475892938086,1021.86165948163,268.027316769609,204.125611075955,52.0407001570875,105.258495262519,30.1226095192448,51.2634312765597,14.8265392343146,39.406188905233,20675.0605655094,15619.9863334492,4400.60539686791,8629.47508254317,2783.6917453988,4509.94696567214,1082.0022998203,2754.41091275843,794.366617243084,600.144923032278,171.123440479211,336.313906365004,109.170950595235,177.169085080291,42.4966834801723,108.315897819637,0,0,9.19566259607578,18.5650033446629,6.12251758231065,10.0157176436624,2.53422970514454,6.50738449981264,0,0,0,0,0,0,0,0,421.775297126161,345.694218692973,416.103327753356,922.295863307996,471.723910393484,871.695743332576,105.699141080412,298.542404500857,16.2052779871837,13.2821248212294,15.9875061122688,35.4295738462696,18.0935688752435,33.4319384773275,4.05573842698725,11.4543914047113,231.657382467011,188.963350026595,311.191652183198,712.0423397481,383.699894820241,714.271164601182,111.281641125765,318.033441017291,8.90064468812712,7.26027417367015,11.9547194895598,27.3478027781032,14.715114375846,27.3892536375396,4.26782080126141,12.1957211633274,0,0,49.6538061353279,116.128145920173,50.9914501888891,88.9550448220688,21.9400734732927,58.6679996568996,0,0,0,0,0,0,0,0,815.88900554099,390.827050941253,2349.1878772449,2535.6705131872
"215",2007,2344,17.8333333333333,3135.54532988577,2524.30460805424,815.418342372164,1536.66707315451,276.763469638939,399.698821448183,84.6675791868432,190.731746937376,0,0,0,0,0,0,0,0,0,0,1.37987566464006,2.66248424784631,0.559795658989003,0.812087231382316,0.175672699455698,0.396285889109935,0,0,0,0,0,0,0,0,6997.77453542704,5323.83503969228,1355.02790599113,2740.5443289602,779.778671677813,1321.44191203121,398.392159001392,1057.61623445674,268.865688277051,204.550255938332,52.228139775352,105.646199901597,30.0481373510778,50.9200780252305,15.3634956272909,40.7858438010473,20644.2611187163,15579.6959897424,4395.09309851642,8619.24779115744,2763.38040492469,4458.60693427801,1115.21553400018,2836.77063799333,793.183295347114,598.59690220647,170.907767960823,335.911711878588,108.369103539176,175.141983891243,43.8004140785579,111.551162799861,0,0,9.19590744898884,18.5674294302385,6.08471390955285,9.91295777775432,2.61654415208971,6.71340331817994,0,0,0,0,0,0,0,0,423.277314241982,346.56480302317,417.809370439629,926.224868966766,470.611902201771,865.851306100657,108.728866447629,306.502889611009,16.2629879451492,13.3155740612631,16.0533017042999,35.5811198128781,18.0514016325237,33.2087201584427,4.17215781720306,11.7603099599021,231.454193036653,188.58573628694,311.352798810223,712.357505191777,381.103885511178,706.175215956563,113.855502932572,324.742360964835,8.89283788014836,7.24576564794255,11.9611210758535,27.3604537968967,14.6159941493647,27.0796639689818,4.36669948061347,12.4534880804888,0,0,49.6009963593824,115.99602722869,50.5457268067321,87.7941551312519,22.6281337384803,60.428238768606,0,0,0,0,0,0,0,0,821.525240206084,393.344549768285,2370.90359905992,2559.26371279119
"216",2007,2344,17.9166666666667,3115.57941654838,2507.67838882075,810.835342000097,1528.02861629015,273.088718622737,392.925313484031,85.883682791855,193.160685973132,0,0,0,0,0,0,0,0,0,0,1.37238283941537,2.64805935780183,0.552610319294568,0.798625519350336,0.178348590060138,0.401664424137726,0,0,0,0,0,0,0,0,7019.1310226298,5334.52802726445,1359.78630311671,2750.38071339964,777.860105568626,1312.68465076237,412.279788669391,1093.16593106674,269.686238668019,204.961097620752,52.4116906694933,106.025689333591,29.9742787494736,50.5827647261336,15.8993715427259,42.1576635213823,20613.7193014905,15539.7501237338,4389.60515675918,8609.00959633578,2743.50298167192,4408.56625297228,1148.13445207798,2918.15159506801,792.009871332891,597.062116788955,170.693002163966,335.509022877151,107.584289948548,173.166007606986,45.0925354270927,114.7477132785,0,0,9.19592100876415,18.5693685576526,6.04768232936167,9.81269919215418,2.69837239810583,6.91759214270583,0,0,0,0,0,0,0,0,424.756256996183,347.416414581605,419.480408475826,930.077016855041,469.505973442365,860.097535012051,111.710431764529,314.278455177638,16.3198113485189,13.348294337096,16.1177510193389,35.7297109010453,18.0094607090629,32.9889598967776,4.28673812005641,12.0591586873451,231.262065019489,188.219698649598,311.512238079729,712.67742395935,378.569551103596,698.290199227881,116.348634981534,331.17215378682,8.8854560679624,7.23170189463159,11.9674545357886,27.3732812900838,14.5192296758011,26.7781377703482,4.46248951519475,12.700572093341,0,0,49.5471531666381,115.861527652591,50.1077856360827,86.6593146385796,23.3110335664708,62.1676723113238,0,0,0,0,0,0,0,0,827.18135706374,395.868311658469,2392.62370014077,2582.81341577778
"217",2008,2344,18,3095.41158519996,2490.82392992019,806.152152656316,1519.30229363736,269.468293350733,386.179695950401,87.0681412034237,195.591261883825,0,0,0,0,0,0,0,0,0,0,1.36492933574238,2.63368367786565,0.545520724940173,0.785199004067712,0.180957907382041,0.407040246233203,0,0,0,0,0,0,0,0,7040.28200800168,5345.09836582849,1364.26627383526,2759.84621585082,775.860673315113,1303.45094675318,426.292216521802,1129.20808024395,270.498893350012,205.367226932143,52.5845381489391,106.39091476853,29.8973050524052,50.2270931838344,16.4400788939142,43.5485169467281,20583.7723032691,15500.3978881378,4383.58148599006,8598.25096075573,2723.70325729301,4357.6692233612,1181.32096382207,3000.94350642351,790.859300477945,595.550139628338,170.457699341121,335.086387776973,106.8025464501,171.156493030635,46.3950821936331,117.999417242621,0,0,9.19600514778612,18.5712654783102,6.01064360512025,9.71015230673103,2.78094067521664,7.12523739402334,0,0,0,0,0,0,0,0,426.277385480632,348.288957445903,421.191882681164,933.977687795471,468.448212194391,854.148437331004,114.750344656286,322.357194338818,16.3782555938034,13.3818188272195,16.1837526976383,35.8801634267008,17.9693604378773,32.7616882359646,4.40356467884319,12.3696579103217,231.089602746049,187.873575355314,311.673813944474,713.010675539339,376.048049355066,690.273964832614,118.840997546891,337.710071612718,8.87882984365936,7.21840328228294,11.973867517956,27.3866146975255,14.4229478528561,26.4715546190574,4.55825735511512,12.9518228677315,0,0,49.4941289079006,115.727715896668,49.6712340601715,85.5083802323177,23.9989949726188,63.9332011034244,0,0,0,0,0,0,0,0,832.793178717735,398.361432504133,2414.10323577277,2605.9778030132
"218",2008,2344,18.0833333333333,3074.79921642558,2473.48995770207,801.294131203608,1510.40327285779,265.87828460885,379.360728369668,88.2509069728228,198.13074081935,0,0,0,0,0,0,0,0,0,0,1.35746945306594,2.61931881193049,0.538488152675336,0.771610440851885,0.183563444265341,0.412637632932732,0,0,0,0,0,0,0,0,7061.47747819141,5355.75183375255,1368.41125939968,2768.93287667766,773.75099615996,1293.44658614512,440.535623719409,1166.19405536872,271.313257209846,205.776550206484,52.7445082515145,106.741571145472,29.8160814530531,49.8417213106275,16.9897075827897,44.9757923820886,20554.5248946962,15461.7148329606,4376.69464259082,8586.6517848417,2703.7650233317,4304.76119058096,1215.08167875629,3086.40280071841,789.735608211093,594.063873477649,170.189299281788,334.631545830152,106.015407219223,169.068101274589,47.720079121662,121.355628681966,0,0,9.19589126915221,18.5729309425011,5.97317560945943,9.60280162282265,2.86494325750485,7.33921142030113,0,0,0,0,0,0,0,0,427.873076702261,349.203018695097,422.964174199317,937.971240265476,467.445238211566,847.82913547964,117.901692164741,330.964048869227,16.4395646571259,13.4169385201396,16.2520898794668,36.0341812927243,17.9313548344735,32.5201970515725,4.52467380101025,12.7004354662657,230.938554083093,187.548013997984,311.838642464547,713.353547968145,373.513427961689,681.93815327084,121.376402564904,344.560103674,8.87302636310385,7.20589469248828,11.9804029634559,27.4003115275118,14.3261534449111,26.1526908686647,4.65568324110816,13.2150632601928,0,0,49.44274575861,115.595836628652,49.2323986414564,84.318908873287,24.6976653506327,65.7497407623641,0,0,0,0,0,0,0,0,838.324139072199,400.802622634299,2435.20317359038,2628.55348851629
"219",2008,2344,18.1666666666667,3054.39569651894,2456.36948448805,796.474854494751,1501.55472446022,262.371137464972,372.765697836994,89.3466559400432,200.448438802389,0,0,0,0,0,0,0,0,0,0,1.34992732671212,2.60486280738763,0.531618170062388,0.758464119689853,0.1859920713779,0.417783399399459,0,0,0,0,0,0,0,0,7082.30917689575,5366.11511790442,1372.50883675692,2777.89935678709,771.68671933907,1283.68482394932,454.753094292536,1202.98269366613,272.113644387479,206.174724156245,52.9026401430759,107.087581992127,29.7366058120009,49.4656942486764,17.5383568235437,46.395514636354,20525.4335231054,15423.2953019142,4369.84086280544,8575.03008971616,2684.23196343065,4253.22944594735,1248.53313994732,3170.74758504512,788.617910512881,592.587732368241,169.922116696632,334.1757332104,105.24419592713,167.033884814324,49.0328819480463,124.667802512906,0,0,9.19504499004086,18.5736088519965,5.9364785999151,9.49819982224922,2.94842054113934,7.55106752473405,0,0,0,0,0,0,0,0,429.437659408599,350.094246383412,424.672799575793,941.853337566555,466.427034167138,841.595224933205,121.000843818605,339.335786067937,16.499678480923,13.4511809111638,16.3179793033834,36.1839145470216,17.8927581293326,32.2819611325603,4.64378828731949,13.0222158381644,230.794237089459,187.228285914787,311.999366613746,713.688137345535,371.040887613456,673.819029882025,123.835761699703,351.129992370843,8.867481522813,7.19361022646114,11.9867782628243,27.4136842141822,14.2317308019373,25.8421121476998,4.7501994117226,13.4675798976348,0,0,49.3900605087023,115.461122240127,48.8012989434525,83.1575596827025,25.3908467017814,67.5429184333546,0,0,0,0,0,0,0,0,843.875562374779,403.250130885633,2456.31103685379,2651.08087151097
"220",2008,2344,18.25,3034.2098530906,2439.46814695731,791.697083811793,1492.76283044077,258.945074785206,366.386565278682,90.3588408928595,202.554772896991,0,0,0,0,0,0,0,0,0,0,1.34232775573888,2.59034539472486,0.524904617716069,0.745742071284694,0.188249780369704,0.422496166896053,0,0,0,0,0,0,0,0,7102.74833631127,5376.16819428879,1376.54806539075,2786.72418439893,769.66023043569,1274.14804029639,468.935605807436,1239.54924226991,272.898949577899,206.560979427503,53.0585142978934,107.428123134104,29.6585855101626,49.0983344600481,18.0856786308081,47.8067290268736,20496.5200857209,15385.1539436823,4363.02610113855,8563.39909950415,2665.09843451414,4203.04147948736,1281.68292773266,3254.01086280505,787.507048713128,591.12227912576,169.656385651679,333.71946870039,104.488693059245,165.052570973056,50.3337876881313,127.93723771112,0,0,9.19358700825438,18.573424473694,5.90052862848904,9.39627084586848,3.03137207421496,7.76082951188185,0,0,0,0,0,0,0,0,430.971831372514,350.962990871083,426.322951672332,945.63068181958,465.397744271026,835.451924883236,124.051622394634,347.490306542468,16.5586238747368,13.4845594616926,16.381620355917,36.3296204083806,17.8537292657703,32.0471810272869,4.76105445153899,13.3356845288376,230.657248722626,186.915109729075,312.155243416664,714.015089292394,368.628668798179,665.912421428582,126.222748091307,357.431943572288,8.86221825887208,7.18157749485898,11.9929648381044,27.4267574912679,14.1396126073596,25.5396591699427,4.84194638331316,13.7098395925512,0,0,49.3360962803106,115.323715993376,48.3778761865457,82.0238152605913,26.0786141651095,69.3132600703748,0,0,0,0,0,0,0,0,849.447050444463,405.703798720226,2477.42524192766,2673.56005441582
"221",2008,2344,18.3333333333333,3014.24921262798,2422.79055153503,786.963232987896,1484.03309148511,255.598302404791,360.215513994154,91.2908089071357,204.459752206939,0,0,0,0,0,0,0,0,0,0,1.33469204547555,2.57579299253069,0.518342147957018,0.733427534340725,0.190342497713106,0.426794153234452,0,0,0,0,0,0,0,0,7122.77261936864,5385.8959974896,1380.5202211415,2795.39048060732,767.665647151591,1264.82213976002,483.075032948597,1275.8716286202,273.668314555181,206.934737182882,53.2117961677175,107.76254658574,29.5817943519623,48.7390997193532,18.6313594683534,49.2085837923999,20467.8017540365,15347.301830996,4356.25508133556,8551.76961302728,2646.35820907203,4154.16441632247,1314.53809020694,3336.22357812071,786.403682572085,589.667939182033,169.392292545725,333.263177053809,103.748656244884,163.122872661612,51.6230728356431,131.165153500012,0,0,9.19161570955174,18.5724796427848,5.86530369223149,9.29694015886795,3.11379683224288,7.96851832985534,0,0,0,0,0,0,0,0,432.476137972624,351.80950830829,427.91893826989,949.308693346544,464.360655389551,829.402902363166,127.0574212456,355.443688823933,16.6164217928797,13.5170840134255,16.4431784360132,36.4715068694182,17.8143942852376,31.8159976972254,4.87660213185839,13.6414571536189,230.527908398973,186.608935881134,312.305687130564,714.334760946409,366.27497231602,658.213800643677,128.540986605256,363.478438624201,8.85724884379598,7.16981380431678,11.9989401566967,27.4395450264814,14.0497300252433,25.2451590649727,4.93106283212715,13.9423197787817,0,0,49.2808863987023,115.183758758989,47.9620596828474,80.9171466612415,26.7610412391252,71.0612785711313,0,0,0,0,0,0,0,0,855.038213265281,408.16346975152,2498.54440476174,2695.99127350993
"222",2008,2344,18.4166666666667,2994.52020206002,2406.34043907416,782.275420086247,1475.37042457641,252.329023882168,354.244959967894,92.1458053704386,206.172997809455,0,0,0,0,0,0,0,0,0,0,1.32703859794741,2.56122914920586,0.511926018417413,0.72150474777741,0.192276074473203,0.430695146342573,0,0,0,0,0,0,0,0,7142.36485709336,5395.28742420862,1384.41836077997,2803.88501913033,765.698404048209,1255.69569022948,497.164075373295,1311.93029663695,274.421079659869,207.295570815907,53.3622194956944,108.090344504138,29.5060567119871,48.387550080123,19.1751174888002,50.6003238334625,20439.2919136705,15309.7471885807,4349.53154137895,8540.15049087517,2628.00464721875,4106.56532034485,1347.10519849619,3417.41480196426,785.308326391067,588.225028543922,169.129985569396,332.80720782258,103.02382694464,161.243500194115,52.900995482102,134.352696495693,0,0,9.18921199171373,18.5708580667148,5.83078342061718,9.20013517176043,3.1956934620271,8.1741528267404,0,0,0,0,0,0,0,0,433.95101154305,352.633988460188,429.464370159717,952.891813519712,463.318412924295,823.45068728931,130.021254964363,363.21039557835,16.6730888463143,13.5487618574433,16.5027921765132,36.6097443249544,17.774854614407,31.5885084517065,4.99054663530746,13.9400873517145,230.406323939054,186.310007892186,312.45022926061,714.6472731016,363.977976909165,650.718376477265,130.794024606347,369.282040305032,8.85257742025131,7.15832851130825,12.0046861950382,27.4520514207975,13.9620133723836,24.958428829441,5.01768447200347,14.1655010635916,0,0,49.2244714064179,115.041388067038,47.5537694822628,79.8370174877195,27.4381997473079,72.7874737723748,0,0,0,0,0,0,0,0,860.648666961345,410.628989085469,2519.66729705807,2718.37486035696
"223",2008,2344,18.5,2975.02828092305,2390.12079311479,777.635501266883,1466.77922682294,249.135450002714,348.467557908934,92.9269763414713,207.703755813191,0,0,0,0,0,0,0,0,0,0,1.31938330347971,2.54667485377734,0.505651972797143,0.70995882941808,0.194056277021914,0.434216485115277,0,0,0,0,0,0,0,0,7161.5122355117,5404.33469109978,1388.2370405439,2812.19762385775,763.754993998655,1246.75938320379,511.196205849129,1347.70807868751,275.156752558601,207.643181277977,53.5095755293801,108.41112609063,29.431237614057,48.0433271652798,19.7167005498432,51.9812858206724,20411.0007692865,15272.4958617877,4342.85839114082,8528.54896650355,2610.03080391108,4060.21138058279,1379.39038571168,3497.61186765074,784.221372254407,586.793771798936,168.869580792525,332.351847383996,102.313934621581,159.413168550772,54.1677968083579,137.500945901532,0,0,9.1864422616536,18.5686285646562,5.79694885861165,9.10578537016452,3.27706043536033,8.37775027679507,0,0,0,0,0,0,0,0,435.396796138029,353.436572009264,430.962280176868,956.383692175269,462.273147406319,817.596912382482,132.945797873146,370.80342925533,16.7286382541499,13.5795983989921,16.5605780148044,36.7444727693361,17.7351919255801,31.3647761609745,5.10299021511264,14.2320727585013,230.292433769164,186.018401856042,312.588495529478,714.952550090024,361.735857280846,643.421170418371,132.985310231229,374.85525462332,8.84820162250729,7.14712453947816,12.0101885533059,27.4642737375672,13.8763928072924,24.6792782491013,5.1019432201095,14.3798619231135,0,0,49.1668972559967,114.896737661416,47.1529180941497,78.7828867136233,28.1101598027706,74.4923323785332,0,0,0,0,0,0,0,0,866.278032610255,413.100202962024,2540.79282013602,2740.71121966375
"224",2008,2344,18.5833333333333,2955.77804596936,2374.13392578846,773.045097566322,1458.26342579139,246.015806352786,342.876206327087,93.6373701082071,209.060906986254,0,0,0,0,0,0,0,0,0,0,1.31173985711047,2.53214878966288,0.49951614853818,0.698775683697988,0.195688777939846,0.437375040409144,0,0,0,0,0,0,0,0,7180.20564304729,5413.03281976682,1391.97208991994,2820.32068526336,761.832765230106,1238.00561307256,525.165624016635,1383.19007744494,275.874983170041,207.977377291145,53.65370435085,108.72459904909,29.3572349429321,47.7061380223972,20.2558844456304,53.350893680253,20382.9358309725,15235.5516928745,4336.23783907178,8516.97089552443,2592.42951429076,4015.07006035296,1411.39938054067,3576.84048657067,783.143108716855,585.374316572501,168.611167055424,331.897328577586,101.618700061893,157.630603193093,55.4237023710145,140.610917943221,0,0,9.18336082028488,18.5658476318514,5.76378229039218,9.01382239826706,3.35789617341688,8.57932681407376,0,0,0,0,0,0,0,0,436.813767380353,354.217364378358,432.415218325258,959.787336425788,461.226573128059,811.84249909589,135.833416345603,378.234462151243,16.7830806062508,13.6095976885859,16.6166338455942,36.8758075117538,17.6954719236691,31.1448363961207,5.21402331148593,14.517859996647,230.186041123569,185.734058448223,312.720188081981,715.250354129171,359.546798916688,636.317078434607,135.118175212483,380.210418615501,8.84411389053971,7.13619960948392,12.0154357713424,27.4762028197163,13.7927988973026,24.4075122709615,5.18396653748863,14.5858743959018,0,0,49.1082138675062,114.749937154522,46.759411866984,77.7542110057432,28.7769898022399,76.1763279181093,0,0,0,0,0,0,0,0,871.92593535277,415.576958499482,2561.9199844727,2763.00081197147
"225",2008,2344,18.6666666666667,2936.77333972489,2358.38156648612,768.505622909907,1449.82653252937,242.968339937745,337.464048287009,94.2799400153308,210.252981008565,0,0,0,0,0,0,0,0,0,0,1.30412008401519,2.51766760390807,0.493514986181027,0.687941906110644,0.197179148479912,0.440187203083038,0,0,0,0,0,0,0,0,7198.43901251307,5421.37911994457,1395.62038383428,2828.24867576036,759.929724999392,1229.42807459905,539.067198358792,1418.36350835009,276.57553838316,208.298055491121,53.7944861451795,109.030551002085,29.2839719099977,47.3757396763661,20.7924706846354,54.7086525646963,20355.1024042379,15198.9168981954,4329.6715197239,8505.42100641552,2575.193475083,3971.1092291494,1443.13754634356,3655.12488534042,782.073739630024,583.966748020234,168.354810894393,331.443840400622,100.93783854397,155.894545210329,56.6689236024977,143.683571137995,0,0,9.18001224704181,18.5625619925606,5.73126705778161,8.92418010750587,3.43819916291428,8.7788978484717,0,0,0,0,0,0,0,0,438.202151758538,354.976448943354,433.825346628765,963.105257079863,460.180084679612,806.187837732852,138.686203763491,385.513978266432,16.8364246046648,13.6387629296593,16.6710426632384,37.0038447997633,17.6557480523638,30.9287043453268,5.32372589352548,14.797850119706,230.086847840794,185.456814656236,312.845068028909,715.540320025757,357.409010033219,629.400925811736,137.195822293832,385.359603505213,8.84030276853805,7.12554745812376,12.0204186576859,27.4878246209823,13.7111630759264,24.1429331043308,5.26387694569654,14.7840003654277,0,0,49.0484737298436,114.601111758695,46.3731523468704,76.7504468945439,29.4387564697652,77.8399209538168,0,0,0,0,0,0,0,0,877.592003546873,418.05910346404,2583.04788923236,2785.24413681937
"226",2008,2344,18.75,2918.01733578734,2342.86493159906,764.018306172272,1441.47168333118,239.991323923522,332.224470253986,94.8575468043361,211.288168796038,0,0,0,0,0,0,0,0,0,0,1.2965341959406,2.50324613096669,0.487645168300354,0.677444716073147,0.198532851765706,0.442668875909411,0,0,0,0,0,0,0,0,7216.20881805229,5429.37279504683,1399.17966814691,2835.97778257485,758.044396810567,1221.0214715949,552.896414277715,1453.21755060024,277.258282728904,208.605185271789,53.9318345111703,109.328835411188,29.2113915721579,47.0519279458223,21.3262845009661,56.054143147623,20327.5039643241,15162.5923556812,4323.1605910413,8493.90309027489,2558.31530373869,3928.29725379296,1474.60991466758,3732.48792600907,781.01339852393,582.571099873382,168.100560300458,330.991535348603,100.271062144029,154.203754885039,57.9036590964489,146.719810912097,0,0,9.17643315428424,18.5588104430419,5.69938741514326,8.83679451659019,3.51796803739352,8.97647838754907,0,0,0,0,0,0,0,0,439.562140745525,355.713896484502,435.194509921659,966.339574760829,459.134823413107,800.632909111185,141.506011086889,392.6513973632,16.8886776060858,13.6670968417028,16.7238752804493,37.1286658957433,17.6160640460238,30.7163794861938,5.43216863284076,15.0724033731072,229.994479725861,185.186427784364,312.962943791005,715.821984926803,355.320732785664,622.667515141545,139.221316136484,390.314540813917,8.83675387936272,7.11515876063888,12.0251298413481,27.4991213472285,13.6314180724534,23.8853420606828,5.3417916775292,14.9746887235254,0,0,48.9877309117757,114.450382191576,45.9940373184543,75.7710524989236,30.0955249028638,79.4835592907044,0,0,0,0,0,0,0,0,883.275868240562,420.546486155446,2604.17570779861,2807.44172142328
"227",2008,2344,18.8333333333333,2899.51261246593,2327.58478467574,759.584210290908,1433.20167599904,237.083061265958,327.151099370262,95.3729609163647,212.174334495975,0,0,0,0,0,0,0,0,0,0,1.28899101188846,2.48889759128834,0.481903571576273,0.667271901787155,0.199755237027617,0.444835468862023,0,0,0,0,0,0,0,0,7233.51365025925,5437.01460994641,1402.64841233532,2843.50560020982,756.175705175547,1212.78128390279,566.649323871463,1487.74319823208,277.923162055651,208.898796020786,54.0656908138194,109.61935978137,29.1394524072931,46.7345284963317,21.8571729301234,57.3870159196176,20300.1424721608,15126.5778467039,4316.70581635549,8482.42016003461,2541.78758613342,3886.60306744772,1505.82121640845,3808.95121909483,779.962160746522,581.18736373164,167.848447888023,330.54053557605,99.6180815974006,152.557014398479,59.1280958033624,149.720493945167,0,0,9.1726536377879,18.5546253592949,5.66812840491596,8.75160374571072,3.5972016396497,9.172083299267,0,0,0,0,0,0,0,0,440.893902261744,356.429772700078,436.524294582498,969.492106158488,458.091730202729,795.177379753403,144.294474701582,399.655188321222,16.9398460622834,13.6946019489489,16.7751925841186,37.2503403905217,17.5764559553324,30.5078492413217,5.53941397270377,15.3418435446097,229.908507586725,184.922595465202,313.073662029476,716.094814534301,353.280252300164,616.111666133355,141.197577419063,395.086565483574,8.83345073279856,7.10502189958894,12.0295634230091,27.5100724622746,13.5534982584459,23.6345410807802,5.41782245036614,15.1583731867455,0,0,48.9260402695214,114.297864653435,45.6219616772456,74.8154889704024,30.7473586312198,81.107678238024,0,0,0,0,0,0,0,0,888.977162800978,423.03895534844,2625.30267602983,2829.59411179348
"228",2008,2344,18.9166666666667,2881.26121662002,2312.54148851755,755.204248898178,1425.01900147021,234.24188743995,322.237799529565,95.82886475181,212.91902712971,0,0,0,0,0,0,0,0,0,0,1.2814981480633,2.47463376702641,0.476287228963274,0.657411774317759,0.200851534890801,0.446701897381248,0,0,0,0,0,0,0,0,7250.35385668609,5444.30661074324,1406.02568503125,2850.83087272953,754.322882770903,1204.70358165333,580.32249778257,1521.93311349178,278.570189716911,209.178966352544,54.1960194124448,109.902075775125,29.0681247489906,46.4233897073983,22.385002963535,58.7069855693714,20273.0186414748,15090.8722598187,4310.30763356952,8470.97458423085,2525.60291499543,3845.99622095565,1536.77591062793,3884.53522919639,778.920053726388,579.815496891245,167.598493569253,330.090938074383,98.9786077996706,150.953129848299,60.3424101367,152.686432231463,0,0,9.16869847971529,18.5500339355522,5.63747575121894,8.66854793796638,3.67589906862559,9.36572752249298,0,0,0,0,0,0,0,0,442.197589946399,357.124144132813,437.816077283575,972.564434101387,457.051587495568,789.820676571034,147.053041608833,406.532972072179,16.9899358763201,13.7212808080758,16.825047407775,37.3689288956766,17.5369537616615,30.3030918462215,5.64551709521543,15.6064619149808,229.828464648666,184.664972313846,313.177100559714,716.358225871552,351.285903548373,609.728247756464,143.127379691728,399.686573817781,8.83037539464331,7.09512360473246,12.0337147024658,27.5206555615934,13.4773399117198,23.3903339682664,5.49207534526227,15.3354706814531,0,0,48.8634568113632,114.143670853415,45.2568181617007,73.8832216971173,31.3943196836711,82.7127009119488,0,0,0,0,0,0,0,0,894.695522667859,425.536360277288,2646.42808266953,2851.70186573257
"229",2009,2344,19,2862.58326729406,2297.01303227092,750.663993707938,1416.67779095514,231.296801599463,317.09263930877,96.4304630452266,213.940182980027,0,0,0,0,0,0,0,0,0,0,1.27413093106053,2.46053508301657,0.47045101151573,0.647067214587833,0.202240231424484,0.449123162534628,0,0,0,0,0,0,0,0,7267.17642082696,5451.61530059926,1409.0705627688,2857.74170525973,751.943851994615,1195.34015345952,594.592957166703,1557.37755882857,279.216539533331,209.459777904644,54.3135751348838,110.168855170321,28.9765185135352,46.0627029984692,22.9358629793278,60.0753298989209,20246.5964738684,15055.7175654598,4303.17968969091,8458.80298711647,2507.91626129979,3801.8035408571,1569.69584670796,3964.22511938122,777.904905048783,578.464796246462,167.320622485198,329.6135855178,98.2803380682349,149.208690155583,61.6336790557156,155.813295019373,0,0,9.16512326104916,18.545656408715,5.60332439910772,8.57711015907636,3.75903378669715,9.56866949985512,0,0,0,0,0,0,0,0,443.602472382041,357.856778709831,439.227516606596,975.750072736718,455.870602418513,783.7804059121,150.20038927636,414.329826359678,17.0439137529919,13.749429798441,16.8794986954825,37.4918667529482,17.4920400519379,30.0720887748204,5.76654303754053,15.9063555537857,229.767316055897,184.424693331587,313.284439636385,716.624042966717,349.081239143439,602.773119492969,145.320638540232,404.908971073891,8.82802600639905,7.08589170062829,12.0380133344426,27.5313248716557,13.3931041910934,23.1241740057976,5.57644046079953,15.5364558198008,0,0,48.8034395320297,113.992122995837,44.8656133446074,72.8846119121067,32.0763061598314,84.394509277632,0,0,0,0,0,0,0,0,900.301674723657,427.982277007259,2667.07484169011,2873.26612924844
"230",2009,2344,19.0833333333333,2843.62348695833,2281.16408998524,746.013709428242,1408.22569371416,228.293959240388,311.829783050049,97.1169315565856,215.10989553178,0,0,0,0,0,0,0,0,0,0,1.26677931071383,2.44648059283924,0.464497251096876,0.63647822438824,0.20380261844741,0.451848205555926,0,0,0,0,0,0,0,0,7284.01834849895,5458.95233673141,1411.90160964038,2864.40039063035,749.216680701617,1185.14855092203,609.33970099489,1593.77319335036,279.863633327582,209.741678566004,54.4229062544388,110.425926395737,28.8714926287796,45.6700952739855,23.5050876381461,61.4803526549374,20220.6313158823,15020.9556511123,4295.4991160838,8446.04712074719,2489.20753098682,3755.31654187907,1603.98189188844,4046.60536533562,776.907314785675,577.129186859941,167.021579732472,329.113840475852,97.5420860698038,147.374393352401,62.9784268258741,159.045528383928,0,0,9.16130446468683,18.5408667325703,5.56679850198152,8.4802584652486,3.84533743339128,9.77787254890634,0,0,0,0,0,0,0,0,445.068977073236,358.610507820142,440.689939623967,978.97157673875,454.563025855658,777.24881421862,153.60098607138,422.691300575862,17.1002592540407,13.7783892745485,16.9359074454376,37.6161782559184,17.4422615907402,29.8222152299807,5.89729152264083,16.2279253292349,229.71786453136,184.19257359593,313.392497555215,716.873104168757,346.735996949629,595.438917451983,147.69507933754,410.52852199584,8.82612603725958,7.07697328786199,12.0423371562201,27.5413443768877,13.303466456099,22.8434503643444,5.6677614681958,15.7526885224175,0,0,48.7448344393893,113.841480835507,44.4570437277547,71.8445141651442,32.7828171369093,86.1263021340743,0,0,0,0,0,0,0,0,905.827348425077,430.390245650885,2687.35352485129,2894.39453010437
"231",2009,2344,19.1666666666667,2824.90468800849,2265.54897716515,741.41945379302,1399.85354983521,225.363467841598,306.745646698191,97.7323041513033,216.11268520914,0,0,0,0,0,0,0,0,0,0,1.25938612219595,2.4324106712623,0.458688357822632,0.626247927232806,0.20522068122087,0.454231514586941,0,0,0,0,0,0,0,0,7300.54580413565,5466.04323560415,1414.7066506867,2870.97311599159,746.559160092929,1175.24340852465,624.04665193455,1629.9028427801,280.498644603343,210.014122240243,54.5312205130662,110.679664862717,28.7691477410846,45.2885208763993,24.0727894280874,62.8751491118448,20194.7574978073,14986.3911443916,4287.87072724841,8433.29456932545,2470.8906975718,3710.11470779338,1637.9268850876,4127.84402742672,775.913233409674,575.801162209236,166.724496467389,328.614147527476,96.8192644994834,145.59072774135,64.3097496091961,162.232736691875,0,0,9.15681535726483,18.5351966294573,5.5310494161299,8.38606515816576,3.9309921929809,9.98468083430405,0,0,0,0,0,0,0,0,446.497227196749,359.339476996852,442.081358060896,982.080903132985,453.239298896268,770.830450149907,156.930443398293,430.809984050157,17.1551349528795,13.8063974344362,16.9895854261513,37.7361748995401,17.391856129824,29.5766666796224,6.02531513763456,16.540191619456,229.669716804817,183.959454392283,313.491880617528,717.09467109953,344.446099772697,588.294591994477,150.013730273115,415.93987147659,8.82427616126007,7.06801647396896,12.0463251689158,27.550301513303,13.2159436264818,22.5699897954511,5.75694636766269,15.9609449307728,0,0,48.684956409658,113.688435978164,44.0564394120053,70.8316469633883,33.4832031076466,87.8344319990114,0,0,0,0,0,0,0,0,911.371019707929,432.803197040146,2707.62585789927,2915.46568744099
"232",2009,2344,19.25,2806.43327944242,2250.17140693145,736.883052518588,1391.5659962765,222.503758490345,301.833477787477,98.2798063419599,216.957567723962,0,0,0,0,0,0,0,0,0,0,1.25197397956922,2.41835055330936,0.453018587005104,0.616360663140122,0.206499682406619,0.456288765036648,0,0,0,0,0,0,0,0,7316.72817136144,5472.86660326322,1417.47313342134,2877.43466540341,743.961771570792,1165.60326290842,638.705156195457,1665.74679835986,281.120397030502,210.276286937424,54.6380367657441,110.929103077409,28.6691180784274,44.9171545779631,24.6386350540511,64.2589598720462,20169.0001224426,14952.0410291325,4280.30068162634,8420.55917601654,2452.96043663956,3666.16562499538,1671.54021236465,4207.97700727189,774.923625414536,574.481374840236,166.429614597019,328.115048765853,96.1116642099874,143.856419767561,65.6280151389663,165.376333490703,0,0,9.15177684108344,18.528769377897,5.4960546224936,8.29445297000392,4.01600600157549,10.1891403206218,0,0,0,0,0,0,0,0,447.888583976662,360.044319007987,443.408358573858,985.0858068272,451.90496258878,764.52954966778,160.194006192445,438.704167781106,17.2085931499083,13.8334785900636,17.0407856537293,37.8521544987108,17.341036392566,29.3356062313419,6.15081489877863,16.8438553510174,229.623656816316,183.726605409049,313.582069789641,717.291962842199,342.20969161247,581.337791369613,152.277808180491,421.150886278272,8.8225064986447,7.05907004240765,12.0499574018162,27.5583199025405,13.130464678106,22.3037027720043,5.84404149914521,16.1615257074734,0,0,48.6238406888524,113.533143460667,43.6637051730532,69.8453997887346,34.1775745058834,89.5195177321456,0,0,0,0,0,0,0,0,916.932221434983,435.220966918605,2727.89018620157,2936.4800798762
"233",2009,2344,19.3333333333333,2788.21441534649,2235.03410997518,732.406002273413,1383.36700966438,219.713242283672,297.086732946083,98.762542941125,217.653140797135,0,0,0,0,0,0,0,0,0,0,1.24456209687772,2.40432246209476,0.447482980514731,0.606801930548939,0.207644865550087,0.458035306425917,0,0,0,0,0,0,0,0,7332.54174728724,5479.40635313759,1420.19100454533,2883.76523183429,741.416938568756,1156.21063550616,653.307386793276,1701.28783742596,281.727979906156,210.527554585764,54.7429696662373,111.173481002977,28.5711124068607,44.5553241174498,25.2023229416802,65.6311209633486,20143.3791113092,14917.9184134302,4272.79376360628,8407.8520472262,2435.41076272823,3623.43653732902,1704.83061438699,4287.03795548782,773.939256221464,573.170328386707,166.137122831685,327.616980239025,95.4190503471325,142.170182677487,66.9335661862738,168.477644829811,0,0,9.14628697729485,18.5216842250848,5.46179289788414,8.20534555908543,4.10038543630177,10.3912925203921,0,0,0,0,0,0,0,0,449.244202562654,360.7255486935,444.676441197203,987.992544461949,450.564431946427,758.348684866367,163.396388362571,446.390342586959,17.2606782278201,13.8596525224049,17.0897194129863,37.9643573257101,17.2899718728161,29.0991330847951,6.273971445267,17.1395483942029,229.580184431531,183.494970744598,313.662747187181,717.467618692839,340.025006232125,574.565638811044,154.488748752691,426.169899873766,8.82083625506839,7.05017026694663,12.0532216193421,27.565500910268,13.0469620370997,22.0444796264118,5.92910162277262,16.3547494975118,0,0,48.5615315008127,113.375753051479,43.2787359073975,68.8851580770378,34.8660384419901,91.1821580984262,0,0,0,0,0,0,0,0,922.510502493078,437.643394986604,2748.14510713818,2957.4383106759
"234",2009,2344,19.4166666666667,2770.25222416516,2220.1390197058,727.989530011743,1375.26001995144,216.990324800226,292.499080685609,99.1835070514222,218.207618316002,0,0,0,0,0,0,0,0,0,0,1.23716692680934,2.3903460521988,0.442077148895794,0.597558161482453,0.208661433840512,0.459486127981194,0,0,0,0,0,0,0,0,7347.96824761193,5485.65053478932,1422.852180765,2889.94921646891,738.918555020382,1147.05102325511,667.846267572339,1736.51099477542,282.320690718215,210.767466030327,54.8457093909887,111.412200031976,28.4748959458278,44.2024714867158,25.7635803312722,66.9910550897822,20117.9103280899,14884.0333882054,4265.3536837379,8395.18216092049,2418.23522806429,3581.89466607353,1737.80626404761,4365.05853022873,772.960735343385,571.868410557737,165.847168276215,327.120295460421,94.741170061451,140.530728931633,68.2267235530267,171.537919254773,0,0,9.1404263829417,18.5140224135366,5.42824414963081,8.11866818573321,4.18413607084951,10.5911755049547,0,0,0,0,0,0,0,0,450.565081787481,361.383596353007,445.890262326397,990.806257323132,449.221282476612,752.289256121374,166.541837324692,453.883424936079,17.3114285633623,13.8849357642594,17.1365655863116,38.0729808116614,17.2387998346114,28.8673014296933,6.39494751547538,17.4278422264061,229.539589470532,183.265245313285,313.733735288814,717.623793858259,337.890344980831,567.974839471597,156.648146676262,431.005518491816,8.81927656589948,7.04134384730617,12.0561109854737,27.5719273193502,12.965370723782,21.792194641587,6.01218761856587,16.5409454771094,0,0,48.4980789967368,113.216408752377,42.9014192654744,67.9503066538608,35.5486989086831,92.8229329756998,0,0,0,0,0,0,0,0,928.105424701316,440.070323981271,2768.38941139752,2978.34106454515
"235",2009,2344,19.5,2752.5499158013,2205.48735990645,723.634620563099,1367.24796229852,214.333414346021,288.064407944818,99.545581971063,218.628840084174,0,0,0,0,0,0,0,0,0,0,1.22980246505293,2.37643862660085,0.436797178617239,0.588616631814833,0.209554533861242,0.4606558282164,0,0,0,0,0,0,0,0,7362.99409974834,5491.59077614958,1425.45029636832,2895.97465746826,736.461760035259,1138.11241553734,682.315447576722,1771.40347308534,282.898007986177,210.99569960284,54.9460119671213,111.644801087641,28.3802817247004,43.8581343975873,26.3221623014218,68.3382682136491,20092.6061094574,14850.3934353985,4257.98322163663,8382.55665341643,2401.4270210938,3541.50738245955,1770.47479825026,4442.06850477184,771.988536780167,570.575908821202,165.559861944278,326.625276488338,94.0777563343803,138.936776912037,69.5077872914284,174.55833194064,0,0,9.13426070112019,18.5058498884511,5.39538933211532,8.03434794989835,4.26726265579221,10.7888244385696,0,0,0,0,0,0,0,0,451.852087779737,362.018823737207,447.053748907559,993.531149073403,447.878378590185,746.351707194743,169.634166622101,461.196870543285,17.360877434577,13.9093422146673,17.1814750382047,38.1781863715975,17.1876302429418,28.6401287079653,6.51388919883516,17.7092522909315,229.501987080253,183.037911570196,313.79496985698,717.762212248182,335.804075216359,561.561758278575,158.757717781252,435.666498530187,8.81783185528614,7.03260932018152,12.0586230227068,27.5776653552959,12.8856282894945,21.5467090320101,6.09336503248924,16.7204486456637,0,0,48.4335378281993,113.055248601843,42.5316369993405,67.0402319446203,36.2256567676749,94.4424034026829,0,0,0,0,0,0,0,0,933.716561522917,442.501599316651,2788.62205685918,2999.18908868897
"236",2009,2344,19.5833333333333,2735.10990472876,2191.07974463542,719.342048484672,1359.33333777256,211.74092981491,283.776821772432,99.8515453269314,218.924289025223,0,0,0,0,0,0,0,0,0,0,1.22248060266667,2.36261539694133,0.431639528054941,0.579965354112201,0.210329240307396,0.461558591113779,0,0,0,0,0,0,0,0,7377.60964229298,5497.22165589668,1427.98041706031,2901.83258535825,734.042691965773,1129.38477400757,696.709255397627,1805.95449480879,283.459560503469,211.212047007453,55.0436883069664,111.870939910593,28.2871211484219,43.5219263244886,26.8778500240002,69.6723438900577,20067.4758671712,14817.0038877517,4250.68438749725,8369.9811433777,2384.97907155668,3502.24237575306,1802.84336321052,4518.09591908947,771.023022152084,569.293028069355,165.275284993775,326.132146447995,93.4285320584034,137.387057453673,70.777038447655,177.539990538071,0,0,9.12784339222282,18.4972203454065,5.36321034504475,7.95231402388984,4.34976931612963,10.9842721620189,0,0,0,0,0,0,0,0,453.105980297003,362.63154147225,448.170227399291,996.170683180621,446.53801738693,740.535762481603,172.676796676728,468.342814992311,17.4090540325623,13.9328838083819,17.2245755671512,38.2801069859848,17.1365512845472,28.4176047257778,6.63092749980797,17.9842433927238,229.467357059397,182.813280834216,313.846470243493,717.884227957405,333.764624082184,555.32249519298,160.819261302444,440.161628381102,8.81650134708167,7.02397864694134,12.0607584706247,27.5827670458093,12.8076745755308,21.3078738260806,6.1727026265107,16.8935952860557,0,0,48.3679655987966,112.89240455153,42.1692664044749,66.1543240781988,36.8970098497024,96.0411121250755,0,0,0,0,0,0,0,0,939.343496560456,444.937068676053,2808.84213886434,3019.98317208459
"237",2009,2344,19.6666666666667,2717.93391718796,2176.91626507568,715.112405836858,1351.51826645463,209.211307008941,279.630648786563,100.104073113696,219.101107911776,0,0,0,0,0,0,0,0,0,0,1.21521143486318,2.34888971946446,0.426600942118051,0.571592987241861,0.210990542970422,0.462208168291903,0,0,0,0,0,0,0,0,7391.80843640678,5502.54016483205,1430.43879304213,2907.51646998615,731.658282616868,1120.85960231054,711.022652138044,1840.15514911427,284.005100879596,211.416392625946,55.1385947458063,112.09036585452,28.1952961022797,43.1935199940348,27.4304489652326,70.9929374085654,20042.5266061947,14783.8683232656,4243.45856100227,8357.46000930392,2368.88413806111,3464.06778664528,1834.91865783928,4593.16722488274,770.064460606663,568.019905774455,164.993494090552,325.64108025837,92.7932134388255,135.880319030475,72.0347407320926,180.483940769562,0,0,9.12121810231864,18.488177792066,5.33168993842593,7.87249780225238,4.43165972087034,11.1775496958705,0,0,0,0,0,0,0,0,454.327435069661,363.222023588827,449.242533973177,998.727748508295,445.202048466734,734.840619940292,175.672793284496,475.332205447761,17.455984319958,13.9555710741005,17.2659761373494,38.3788535601124,17.0856339682694,28.1996990637111,6.74617981539499,18.2532347525346,229.435577211341,182.59152876713,313.888315131493,717.990881452886,331.77047310946,549.252950128018,162.834627767802,444.499630968441,8.81528034631622,7.01545857679167,12.0625203533502,27.5872723773349,12.7314515044589,21.0755323534767,6.25027114478546,17.0607192201638,0,0,48.3014215834485,112.728002436638,41.8141815441698,65.2919786391581,37.5628530714337,97.6195841997445,0,0,0,0,0,0,0,0,944.985822298774,447.376581691858,2829.04886513427,3040.72412866924
"238",2009,2344,19.75,2701.0230772493,2162.99655923087,710.946124514133,1343.80453025531,206.743003230718,275.620432768299,100.305743224962,219.166114347907,0,0,0,0,0,0,0,0,0,0,1.20800351051469,2.33527329914555,0.421678394174449,0.563488770941239,0.21154333594876,0.462617867664271,0,0,0,0,0,0,0,0,7405.58672940723,5507.54528699715,1432.82266480746,2913.02179141439,729.306101586662,1112.52962501522,725.251188326553,1873.99824759428,284.534484930496,211.608697423566,55.2306255989437,112.302905431277,28.1047129783288,42.8726350615372,27.9797872374657,72.2997702687507,20017.7633281594,14750.9888715379,4236.30659967042,8344.99660367997,2353.13487352515,3426.95229959279,1866.70697163139,4667.30741382711,769.113044320386,566.756623758803,164.714525593262,325.152212913511,92.1715125380905,134.415331351579,73.2811419771455,183.391171376635,0,0,9.11442043430546,18.47875841251,5.30081162889717,7.79483291968419,4.51293721378412,11.3686866442717,0,0,0,0,0,0,0,0,455.517060758902,363.790518205301,450.273099208027,1001.2047813694,443.871960778898,729.265083340935,178.624902889468,482.174920148832,17.5016916824986,13.9774135449273,17.3057701314395,38.4745196124708,17.0349354602838,27.9863661575103,6.85975128912648,18.5166045926089,229.406448397061,182.372722764553,313.9206259698,718.082949281407,329.820157223157,543.348883285097,164.805691688152,448.6890850683,8.81416120176972,7.00705169917907,12.0639133423535,27.591211202751,12.656903041112,20.8495225583936,6.32614226429837,17.2221487856764,0,0,48.2339658276869,112.56216210078,41.466254202193,64.4525980662275,38.2232785366025,99.1783275366961,0,0,0,0,0,0,0,0,950.64313919606,449.819989747176,2849.24153728367,3061.41278614784
"239",2009,2344,19.8333333333333,2684.37798165679,2149.31987243763,706.843495695146,1336.19361034187,204.334500890884,271.740931067662,100.459038845122,219.125815101682,0,0,0,0,0,0,0,0,0,0,1.20086404941286,2.32177637241648,0.416869038836886,0.555642470301391,0.211992408728832,0.462800546200448,0,0,0,0,0,0,0,0,7418.94299523827,5512.23764179725,1435.13009637057,2918.34567417317,726.984226878135,1104.3885244456,739.390961137156,1907.47818148008,285.047654022654,211.788985198856,55.3197067696677,112.508448284417,28.015297709426,42.5590280085246,28.5257139619158,73.592624711221,19993.1893770777,14718.3664753537,4229.22893157343,8332.59343534831,2337.72387934293,3390.865214087,1898.21422026771,4740.5401377716,768.168901781501,565.503218245458,164.438399135308,324.665646536773,91.5631393826316,132.99088813946,74.5164755074202,186.262618758595,0,0,9.10747944271391,18.4689921245803,5.27055962452514,7.71925523886336,4.59360492340433,11.5577115342575,0,0,0,0,0,0,0,0,456.675413224076,364.337256310353,451.264019987364,1003.60386683705,442.548954671316,723.807668899834,181.535585144127,488.879877973199,17.5461974771883,13.9984200958165,17.3440381119359,38.5671851666747,16.9845018509558,27.7775493948465,6.97173606096458,18.7746943415282,229.379715559134,182.156845278436,313.943553715811,718.160988509349,327.912263521032,537.605965811239,166.734328844001,452.738362457909,8.81313411374779,6.99875733987878,12.064943246463,27.5946049470808,12.5839751452837,20.6296789423919,6.40038772209034,17.3782044207379,0,0,48.1656584127417,112.394997554641,41.1253546871147,63.6355928022218,38.8783756460519,100.71783346813,0,0,0,0,0,0,0,0,956.31505493936,452.267145831508,2869.41953528955,3082.04997703645
"240",2009,2344,19.9166666666667,2667.9987639741,2135.88510914009,702.804686540638,1328.68671940239,201.984310218744,267.987110006539,100.566351665069,218.986419697176,0,0,0,0,0,0,0,0,0,0,1.19379912810844,2.30840786934296,0.412170175633796,0.548044330129444,0.212342439031858,0.462768606643144,0,0,0,0,0,0,0,0,7431.87754995196,5516.61918541457,1437.35983518065,2923.48658338811,724.69114028661,1096.43073146168,753.438573005936,1940.59078334549,285.544620299297,211.957331111463,55.4057903795559,112.706935534259,27.926991753443,42.2524841096731,29.0680976843007,74.8713384186736,19968.8067285596,14686.0011087068,4222.2256328064,8320.25232082493,2322.64374879502,3355.77649616038,1929.44597842189,4812.88781962729,767.232108902168,564.259688234976,164.165120618696,324.181456235843,90.9678036525383,131.605809141042,75.7409614024287,189.099171253375,0,0,9.10041885518586,18.4589038318735,5.24091875774976,7.64570280442747,4.67366585262004,11.7446520936921,0,0,0,0,0,0,0,0,457.803007161473,364.862458695236,452.217118894649,1005.92681974159,441.233999394879,718.466686724059,184.407042817843,495.455138384244,17.5895214794811,14.018599209921,17.3808501026752,38.6569198634449,16.9343703631936,27.5731842445423,7.08221841548566,19.027812470183,229.355084751861,181.943813117477,313.957268843794,718.225376008641,326.045430450808,532.019822788552,168.622397575943,456.655578971539,8.8121877884059,6.99057230254715,12.0656166273808,27.5974681155049,12.5126157400499,20.4158342138442,6.47307859627897,17.5291967826629,0,0,48.0965588861717,112.226617173257,40.7913524965527,62.8403822203933,39.5282312081503,102.238577319081,0,0,0,0,0,0,0,0,962.001183860677,454.717904449004,2889.58230489207,3102.63653195607
"241",2010,2344,20,2650.77163321159,2121.56656016691,698.473751635137,1320.7998968207,199.300730724739,262.749801970957,101.070854762174,220.387769172009,0,0,0,0,0,0,0,0,0,0,1.18691811615083,2.29524859805259,0.406787492794582,0.53740398480585,0.213501803481384,0.465887147295429,0,0,0,0,0,0,0,0,7445.12681389357,5521.28113207683,1439.22249090663,2928.16212184671,721.038492624051,1082.04669353434,769.054573061261,1980.28842653441,286.053678207749,212.136450557469,55.4777789200495,112.887537367476,27.7862906925591,41.6982913225978,29.6709287893043,76.4038258807931,19945.1679387427,14654.1525909111,4214.24389312403,8306.74399152633,2303.36742336925,3301.37193411205,1965.56471870211,4905.09723513533,766.323895659421,563.036016404564,163.854474171381,323.652648128393,90.2082036455897,129.463433800301,77.1567974855808,192.714465186905,0,0,9.09420006595062,18.4493496772302,5.201702656816,7.52790011059338,4.76483065364297,11.9769752526201,0,0,0,0,0,0,0,0,459.134838536357,365.457552717107,453.429406659316,1008.4693225899,439.390627714105,709.112430340002,188.250679514349,506.320728271101,17.6406926089513,14.0414636725325,17.4276222330132,38.7550868817844,16.8639514338631,27.2147794224466,7.23001729256328,19.4455935020311,229.349772682855,181.74743393398,313.984263012028,718.285109190078,323.582535049121,523.352049548434,171.191853090848,463.727582396431,8.81198371910261,6.9830270992691,12.0667980635426,27.6001465560385,12.4183737970381,20.0837153458311,6.5719215718296,17.8012576753468,0,0,48.0326376753514,112.063072092647,40.3847653362678,61.6866530513955,40.2638111974439,104.129554181282,0,0,0,0,0,0,0,0,967.461955537567,457.085741038892,2908.87769205621,3122.42934253233
"242",2010,2344,20.0833333333333,2633.37388772386,2107.06835108465,694.074686093063,1312.82255846966,196.559339461901,257.213153746688,101.65247572124,222.11442359945,0,0,0,0,0,0,0,0,0,0,1.18001824361357,2.28208065178549,0.401292005459454,0.526142348505456,0.214825075794809,0.469693284198895,0,0,0,0,0,0,0,0,7458.48979092448,5526.03431166787,1441.01441700474,2932.75986834688,717.048232262063,1066.01907914387,785.219316136556,2022.10504690533,286.567105154939,212.319075318496,55.5470399210388,113.065127701725,27.6325726885161,41.0807510864687,30.29490975759,78.0179718996642,19921.63431035,14622.4461215747,4205.94224759886,8292.7882620014,2283.01707764385,3242.12317975241,2002.9842380903,5002.37311816906,765.419722391958,561.817802320203,163.531562798212,323.106645719265,89.4066212723856,127.131304624376,78.6235302824996,196.528261499979,0,0,9.08760317559787,18.439156640339,5.16001832314203,7.39885082692028,4.85912815644597,12.2214063304663,0,0,0,0,0,0,0,0,460.501580125437,366.058293514852,454.661181242049,1010.99737482445,437.354604664486,698.618488096755,192.317837961388,518.089826603812,17.693205043811,14.064545093332,17.4751414906437,38.8526937139194,16.7861315963426,26.8126146189644,7.38639898222906,19.8980598515568,229.342538874034,181.54526488288,314.003557527784,718.292708760338,320.959699958359,513.859527077209,173.938393900135,471.597031657688,8.81170581285068,6.97525944004138,12.0676813550757,27.6008159836287,12.3179860538739,19.7199257218475,6.67756340664796,18.1039281096767,0,0,47.9692977521424,111.898922271016,39.9603624522003,60.4449899843494,41.0224067164623,106.114741905332,0,0,0,0,0,0,0,0,972.857625219223,459.428164725776,2927.85964567044,3141.86327415535
"243",2010,2344,20.1666666666667,2616.18774101308,2092.77545651876,689.729944581599,1304.9221221246,193.893493601329,251.927329192723,102.161177319882,223.607198937717,0,0,0,0,0,0,0,0,0,0,1.17306906832534,2.26888157817331,0.395951621178716,0.515383104807356,0.216003592049407,0.473036070759492,0,0,0,0,0,0,0,0,7471.6833790051,5530.6527657628,1442.8215732628,2937.34816003586,713.184473743675,1050.59401833672,801.364116848198,2063.65605767675,287.074023907777,212.496523710513,55.6168698480163,113.242327026201,27.4837255011281,40.486425426885,30.9181269456543,79.6218886777535,19898.0401076043,14590.8080393284,4197.68568005439,8278.81714255537,2263.14034333558,3184.99516110783,2039.94870193024,5097.62452385975,764.51322131157,560.602215792743,163.210331904089,322.55997240531,88.6236679160806,124.882562173243,80.0723885057876,200.262466324204,0,0,9.08036036843965,18.428102117803,5.11934144301556,7.27441858317274,4.95257892462565,12.461745252884,0,0,0,0,0,0,0,0,461.824106068099,366.634344225794,455.81502218136,1013.41645877642,435.313648034555,688.408968478042,196.264568129837,529.25326926551,17.7440186423795,14.0866778815338,17.5196632810529,38.9461079425135,16.7081156809554,26.4213453915598,7.53816222040375,20.3272919177517,229.329488597102,181.334528411584,314.008858984834,718.251809889072,318.395594623144,504.656475903925,176.614227858641,479.124009355084,8.81120442799479,6.96716260685041,12.0680245782611,27.5996160244383,12.2198445978918,19.3672236981637,6.78049428502462,18.3934633506013,0,0,47.9045193227038,111.732209439052,39.5452928157688,59.2457450006669,41.7730517736264,108.061069498267,0,0,0,0,0,0,0,0,978.26907059437,461.774355987728,2946.81370176876,3161.18419896445
"244",2010,2344,20.25,2599.2253308052,2078.69633258948,685.442676249619,1297.10573225904,191.301413462649,246.879933798074,102.600803263103,224.881124058179,0,0,0,0,0,0,0,0,0,0,1.16609421918511,2.25567872115704,0.390759241196192,0.5051002652261,0.217042810285207,0.475939146301453,0,0,0,0,0,0,0,0,7484.64034021946,5535.08753397218,1444.61979006592,2941.87747156401,709.428621633551,1035.72402889594,817.472005324676,2104.89336427942,287.571851078006,212.666914597062,55.6863414555734,113.417234328577,27.3390345080929,39.9134877445059,31.5399280336188,81.2137283219102,19874.4405896783,14559.2776937271,4189.48640096047,8264.8564522303,2243.73160944264,3129.9175597784,2076.47576075726,5190.94495988562,763.606515566492,559.39076869488,162.891258163103,322.013635223856,87.859122354074,122.714445652423,81.5040619400745,203.920743431583,0,0,9.07259675048309,18.4163201217033,5.0796421552765,7.15443474301268,5.04520192893261,12.6981410187861,0,0,0,0,0,0,0,0,463.104669039643,367.186714952503,456.899287485227,1015.73597632746,433.275091248342,678.485443102882,200.100796002726,539.86557696892,17.7932199560384,14.1079008468938,17.5615087807112,39.0356908470657,16.6301853684017,26.0410331475455,7.68568787023534,20.7353816737058,229.313566251589,181.118635006345,314.002240721838,718.173971005369,315.890707932401,495.742109529484,179.220336315347,486.311436139359,8.81059269306951,6.95886763603222,12.0679074042155,27.5969908015517,12.1239684290321,19.0255800879222,6.88075162034939,18.6699744254761,0,0,47.8383994255589,111.563218764873,39.1394470435105,58.087621919798,42.5159682918267,109.969993820955,0,0,0,0,0,0,0,0,983.695786358442,464.124160061914,2965.73848693128,3180.39487595544
"245",2010,2344,20.3333333333333,2582.49654575695,2064.837648073,681.215440578797,1289.37938365997,188.781268372343,242.059108848991,102.975015156,225.950353546579,0,0,0,0,0,0,0,0,0,0,1.15911408824422,2.24249669471607,0.38570875585997,0.495269548613793,0.217948268337672,0.478425778656405,0,0,0,0,0,0,0,0,7497.30731935305,5539.30028919844,1446.38998984065,2946.30930426517,705.766128540198,1021.37017433812,833.527768803354,2145.77372028559,288.058536672963,212.828775389764,55.754722782121,113.588371616357,27.1979404678993,39.3604396163387,32.1597280440153,82.7918286224214,19850.8804352033,14527.8865316424,4181.35395660263,8250.92668343819,2224.78393308833,3076.82029860959,2112.58163246443,5282.42146483575,762.701321784319,558.18466926555,162.57471515196,321.468434892704,87.1127116407055,120.62420427691,82.9191849130626,207.506505364093,0,0,9.06441248246066,18.4039157423586,5.04089093535504,7.03873312387419,5.13701280878513,12.9307262843923,0,0,0,0,0,0,0,0,464.345120448504,367.716172647879,457.920732360568,1017.96298238209,431.244448314395,668.84665527769,203.835410989925,549.97582102938,17.8408801188557,14.1282434569689,17.6009375924009,39.1217135385292,16.5525524552129,25.6716305742004,7.82931699782664,21.1242119275889,229.296978595172,180.900241591792,313.985434126756,718.068478699797,313.445069627066,487.113900208658,181.758174218221,493.165714707666,8.8099553952349,6.95047661087994,12.0673963714834,27.5932971703755,12.0303589347741,18.6948988751451,6.97839103163876,18.9337061216141,0,0,47.7710343556706,111.392208481968,38.7426987828081,56.9693353955306,43.2513680993483,111.842912971862,0,0,0,0,0,0,0,0,989.137291900619,466.477428032536,2984.63293037365,3199.49815166491
"246",2010,2344,20.4166666666667,2566.00946926262,2051.20464302007,677.050323886303,1281.7481421318,186.331203242647,237.453513920068,103.287310419622,226.828254236649,0,0,0,0,0,0,0,0,0,0,1.15214638018861,2.22935764197451,0.380794764979266,0.485868106120662,0.218725529384043,0.480518731284886,0,0,0,0,0,0,0,0,7509.64175715453,5543.2609402883,1448.11700970954,2950.61356711477,702.185444439718,1007.49978339441,849.51776235666,2186.25852475619,288.532445498149,212.980949938388,55.8214320193026,113.754583496308,27.0599992191954,38.8260232960733,32.7770021049327,84.3547053796801,19827.3960816496,14496.6598702962,4173.29584858694,8237.0442611854,2206.28944934949,3025.63412335625,2148.28129633745,5372.13532523503,761.799039954572,556.984890232733,162.260997270848,320.925014476493,86.3841269952794,118.609119781879,84.3183437918868,211.022941174817,0,0,9.05588920408187,18.3909733421586,5.0030590535521,6.92715176284869,5.22802468935472,13.1596204440001,0,0,0,0,0,0,0,0,465.547011597157,368.22331036709,458.884922961779,1020.10288284894,429.225949540112,659.489508766715,207.476401982887,559.628330196363,17.8870587343486,14.1477284978868,17.6381636332252,39.2043837618325,16.475379426251,25.3130196254973,7.9693560939955,21.4954834451926,229.281374222837,180.681425194762,313.959871793753,717.942785475074,311.05833091945,478.767961776012,184.229541700083,499.695777269339,8.80935587615166,6.9420693340861,12.0665465437804,27.588821532379,11.9390029745245,18.375031884563,7.07348140897004,19.1850004066745,0,0,47.7025182866478,111.219413347438,38.3549091302096,55.8896157735707,43.9794539086554,113.681170151154,0,0,0,0,0,0,0,0,994.593125593202,468.834015040979,3003.49617797034,3218.49689560995
"247",2010,2344,20.5,2549.77055067657,2037.80126874095,672.948984319238,1274.21622821174,183.949351848439,233.052334766451,103.541025196948,227.527423195374,0,0,0,0,0,0,0,0,0,0,1.14520633016477,2.21628134187535,0.376012479131016,0.476874446612768,0.219380150461912,0.482240177427046,0,0,0,0,0,0,0,0,7521.61068296175,5546.94668625203,1449.78913289397,2954.76753149385,698.677592744889,994.085534866821,865.429863729066,2226.31383237139,288.992310768001,213.122562192446,55.8860195492951,113.914997096901,26.9248654170649,38.3091865933346,33.3912837325616,85.9010528544313,19804.0166370229,14465.6175938064,4165.31777790989,8223.22203689936,2188.23954321388,2976.29090827969,2183.5885529464,5460.16228099929,760.900788457483,555.792195575851,161.950329162049,320.383878463188,85.6730304748343,116.666518302433,85.7020792834469,214.473024304053,0,0,9.04709243146302,18.3775595331742,4.96611869156943,6.81953345203244,5.31824854410908,13.3849310464828,0,0,0,0,0,0,0,0,466.711634198937,368.708575649009,459.796396240791,1022.15970517203,427.222737579407,650.409422242431,211.030912112645,568.862966472426,17.9318054322055,14.1663731648066,17.6733612739079,39.2838562868698,16.3987869860998,24.9650251453075,8.10607917580566,21.8507255337907,229.26791509496,180.463752268622,313.92671164478,717.802702105623,308.72981959192,470.699271642924,186.636513450751,505.912615199248,8.80883878020348,6.93370599129386,12.0654024353843,27.5837872211192,11.8498749897675,18.0657872917388,7.16610219958877,19.4242783656118,0,0,47.6329427353367,111.045046062317,37.9759286566679,54.8472128620642,44.7004193562731,115.486053188256,0,0,0,0,0,0,0,0,1000.06284275839,471.193779642193,3022.32756193429,3237.39397629952
"248",2010,2344,20.5833333333333,2533.78484883023,2024.63038498559,668.912715845068,1266.78713810169,181.63385125867,228.845272439325,103.739343662276,228.059735346741,0,0,0,0,0,0,0,0,0,0,1.1383070239483,2.20328538902929,0.37135758023415,0.468268301030828,0.219917648417529,0.483611622468023,0,0,0,0,0,0,0,0,7533.18902316867,5550.34070243411,1451.39744295866,2958.75439689022,695.235611406578,981.104270214786,881.253356286937,2265.91017200784,289.437169114476,213.252965721768,55.9481431891019,114.068967067784,26.7922710913886,37.8090373044983,34.0021603570595,87.4297368752503,19780.7651624713,14434.7751244454,4157.42398260515,8209.46997127858,2170.62506815976,2928.72395880902,2218.51613867761,5546.57295747558,760.007453343703,554.607177843082,161.642878748146,319.845419157942,84.9790634533023,114.793782106775,87.070890853819,217.859529265685,0,0,9.03807491637757,18.363727341803,4.9300431018842,6.71572640652969,5.40769366525757,13.6067556711539,0,0,0,0,0,0,0,0,467.840075309486,369.172307852893,460.658879156689,1024.13646040056,425.237137559279,641.600811522909,214.505324291264,577.715563307605,17.9751619788392,14.1841904964536,17.7066737578178,39.3602468149098,16.3228644344596,24.62743339854,8.23973107008196,22.1913128587325,229.257375443156,180.248375251539,313.88686975881,717.652663046023,306.458598034197,462.9019131278,188.981360849907,511.82872006495,8.8084338546171,6.92543086102019,12.0639992716162,27.5783646957368,11.7629392271064,17.7669389140145,7.25634041559786,19.6520187335369,0,0,47.5623959436034,110.869299436352,37.6055999194743,53.8408990421575,45.4144495295265,117.258796447167,0,0,0,0,0,0,0,0,1005.54601274805,473.556582932586,3041.12655784277,3256.1922307125
"249",2010,2344,20.6666666666667,2518.05624870456,2011.69393543839,664.942505215565,1259.46375134905,179.382854172307,224.822530576856,103.885306513057,228.436388239255,0,0,0,0,0,0,0,0,0,0,1.13145969275882,2.19038537682597,0.366826105780939,0.460030506775826,0.220343468938832,0.48465383850937,0,0,0,0,0,0,0,0,7544.35810670029,5553.43098072072,1452.93525517809,2962.56203094379,691.854073584289,968.535991436916,896.978812060904,2305.02232232289,289.866303165017,213.371699155417,56.0075463897852,114.216027260706,26.6620072554519,37.3248047486383,34.6092688511889,88.9397862931992,19757.6598060311,14404.1442799388,4149.61753424709,8195.79573172687,2153.43653341305,2882.86825546284,2253.07583445753,5631.43328504704,759.119731894578,553.430291090144,161.338768683071,319.309939779541,84.3018538889382,112.988359060192,88.4252409217297,221.185047846577,0,0,9.02887952716771,18.3495197136616,4.89480669928839,6.61558468954531,5.49636808582016,13.8251836622063,0,0,0,0,0,0,0,0,468.933265245797,369.614770401847,461.475477189914,1026.03544879595,423.270881704337,633.057479794577,217.905344047711,586.218347729174,18.0171641185138,14.2011906139646,17.738220441836,39.4336437179535,16.2476782946366,24.3000070683037,8.37053059341443,22.5184816450661,229.25022902713,180.03611832736,313.841053891528,717.495972773435,304.243519183572,455.369297749982,191.266481924624,517.457584378423,8.80815930200961,6.91727560972621,12.0623642757882,27.5726810022704,11.6781518821435,17.4782347358458,7.34428794222991,19.8687387215476,0,0,47.4909624201976,110.692348459883,37.243759701909,52.8694720267977,46.121721463487,119.000582664491,0,0,0,0,0,0,0,0,1011.04221648527,475.922287850794,3059.8927488969,3274.89444037019
"250",2010,2344,20.75,2502.58760267152,1998.99306206128,661.039069115682,1252.24840126458,177.19453593177,220.974800910298,103.981817197151,228.667936589022,0,0,0,0,0,0,0,0,0,0,1.12467392118823,2.17759505980878,0.362414389403549,0.452142937332306,0.220662966979813,0.485386835448737,0,0,0,0,0,0,0,0,7555.10472874374,5556.20960404945,1454.39776341683,2966.18219536686,688.528804154499,956.363281773689,912.598001749984,2343.62908179493,290.279205569593,213.478458307196,56.0640446952736,114.355861036193,26.5339130239892,36.8558175205033,35.2122920889044,90.4303842057784,19734.7145134455,14373.7338096468,4141.90052058623,8182.20505614449,2136.66421172596,2838.66056194043,2287.27854415562,5714.80482533823,758.238159932871,552.261871481237,161.038083409431,318.777668533672,83.6410205132612,111.247766829826,89.7655578799485,224.452001696654,0,0,9.01954088076996,18.3349713649522,4.86038502507381,6.51896813327605,5.58427884955823,14.040297363353,0,0,0,0,0,0,0,0,469.992006370438,370.036169497502,462.248783257164,1027.85842516467,421.325226540377,624.772802268593,221.236064544372,594.400270610347,18.0578426792802,14.2173814399358,17.7681009811569,39.5041143926174,16.1732768175023,23.9824923574585,8.49867304847053,22.8333423552489,229.246702390708,179.827531003771,313.789792304407,717.334978903386,302.083273710569,448.094333048337,193.494352472836,522.813372255924,8.80802382656953,6.90926135037544,12.0605177757107,27.566826422011,11.5954629093849,17.1994033485216,7.43003965943008,20.0749813668664,0,0,47.4187228531528,110.51435195528,36.8902404656011,51.93175653647,46.8224044794035,120.712544410215,0,0,0,0,0,0,0,0,1016.55104509759,478.290758852742,3078.62580754159,3293.50332249093
"251",2010,2344,20.8333333333333,2487.38086745463,1986.52821582971,657.202890199741,1245.14294338186,175.067100873556,217.293246943929,104.031648388539,228.764327886685,0,0,0,0,0,0,0,0,0,0,1.11795784938137,2.16492651188668,0.358119002464349,0.444588430857064,0.220881388705148,0.485829836553549,0,0,0,0,0,0,0,0,7565.42024023123,5558.6720424899,1455.78169892946,2969.60979875745,685.256611508112,944.570764565452,928.103797937386,2381.71301027713,290.675544017192,213.573069129934,56.1175126579867,114.488272601185,26.4078653182831,36.4014827094366,35.8109552426888,91.9008580844512,19711.9397201706,14343.5499152107,4134.2742224047,8168.70210498206,2120.29824164651,2796.0395183922,2321.13437527343,5796.7451060669,757.363138410704,551.102157293126,160.740875993227,318.248772233578,82.9961768057319,109.569596510705,91.0922392065826,227.662655260314,0,0,9.0100869393865,18.3201106019933,4.82675472069544,6.4257422976858,5.67143226647366,14.2521732770995,0,0,0,0,0,0,0,0,471.017000830815,370.436672017142,462.980982827789,1029.60675731437,419.401066712843,616.739906372353,224.502030376682,602.287331131494,18.0972246387631,14.2327693860592,17.7963993681023,39.571711349639,16.0996943548464,23.6746259170648,8.62433267376225,23.1368921445759,229.246826703871,179.622940279503,313.733461285171,717.171239093064,299.976431133945,441.069569811923,195.667482795491,527.910617746905,8.80802862591072,6.90140064678167,12.0584742602585,27.5608608819677,11.5148175996411,16.9301596006658,7.51369177892735,20.2713039456845,0,0,47.3457540199197,110.335454165007,36.5448717186326,51.0266056975305,47.5166605811974,122.395765811639,0,0,0,0,0,0,0,0,1022.0720986158,480.661861613786,3097.32547739236,3312.02152121542
"252",2010,2344,20.9166666666667,2472.43723407047,1974.29926169206,653.43425128641,1238.14882054724,172.998787958966,213.769486306335,104.037448496011,228.734938175577,0,0,0,0,0,0,0,0,0,0,1.111318366107,2.15239028083683,0.353936699788374,0.437350720275453,0.221003855303878,0.486001260010872,0,0,0,0,0,0,0,0,7575.29968903229,5560.8164904855,1457.08501064908,2972.84219823793,682.035040383712,933.144608229032,943.490076499545,2419.26015495209,291.055128239039,213.65546225126,56.1678715780087,114.613160218381,26.2837693783862,35.9612668886837,36.4050220106598,93.3506692997962,19689.343004463,14313.5967409214,4126.73927945162,8155.28979095451,2104.32872157773,2754.94571718866,2354.65271869899,5877.3079543357,756.494958502184,549.951307755883,160.447174537604,317.723369058585,82.3669346499297,107.95151557078,92.4056545411921,230.819128652825,0,0,9.0005405050969,18.3049610165351,4.79389350060668,6.33577842021428,5.75783414773952,14.4608831389844,0,0,0,0,0,0,0,0,472.008876349646,370.81642196637,463.673951557981,1031.2815712265,417.499040349235,608.951837560842,227.707299331466,609.902891397175,18.1353341150723,14.2473599852602,17.8231876835425,39.636477793086,16.0269554076313,23.376141221513,8.74766501517913,23.430026939237,229.250486398772,179.422499731089,313.672311248869,717.00567833077,297.921476602836,434.287333893682,197.78837925842,532.763951690949,8.8081692597452,6.89369939960041,12.0562433815986,27.5548199964866,11.43615799147,16.6702096576896,7.59534036691892,20.4582674817642,0,0,47.2721287218237,110.155786274454,36.2074812839075,50.1529021985742,48.2046448733758,124.051284418982,0,0,0,0,0,0,0,0,1027.60498478747,483.035462773917,3115.99155638384,3330.45159978813
"253",2011,2344,21,2455.88432648389,1960.49009374429,647.14257021241,1223.47650979234,172.786820873608,213.691969296963,104.150830897879,232.198316611823,0,0,0,0,0,0,0,0,0,0,1.10163465617409,2.12805065499327,0.353565632086809,0.437192081109415,0.220730991012564,0.49134619518841,0,0,0,0,0,0,0,0,7585.80781482655,5563.41809117091,1453.34955157481,2958.62909548342,686.076750518876,936.708122952821,955.979070895779,2458.45804079936,291.458867236327,213.755419909994,56.0241123680001,114.065569659967,26.4395825111076,36.098718901283,36.8874983296285,94.8644017026664,19668.2297699527,14284.4354454354,4105.16764762724,8094.46865685801,2111.00652636344,2758.51908716204,2378.55171644767,5959.97838372617,755.683775724444,548.830883487634,159.608997178681,315.352323271314,82.6242683993336,108.08397438008,93.3393722701288,234.047775935777,0,0,8.96585652262372,18.1881666194622,4.81257018753054,6.34840276991871,5.82119694926666,14.6721817289509,0,0,0,0,0,0,0,0,473.368022346372,371.378049337127,463.440768988359,1027.75319168973,420.574486319486,611.488463863604,228.146500266503,613.981276451112,18.1875547083806,14.2689386059043,17.8143745731723,39.5012575807157,16.1452870711657,23.473983362645,8.7648865826323,23.5876555186048,229.308600359249,179.26415796745,312.743764140002,712.895549232751,299.114434299877,434.616258221077,197.746511767187,534.729810067607,8.81040211280662,6.88761565507904,12.0206714556654,27.3971810157501,11.4821697134956,16.6832115173276,7.59401435385589,20.5345797155954,0,0,47.069139159029,109.368945057345,36.2620922966028,50.0972494660353,48.65763731503,125.529661882702,0,0,0,0,0,0,0,0,1032.74682757715,485.212572868568,3133.30959003995,3347.29202620696
"254",2011,2344,21.0833333333333,2439.60142768379,1946.91131925798,640.869766606976,1208.74011657538,172.649252514303,213.747868481935,104.246765412281,235.742162233552,0,0,0,0,0,0,0,0,0,0,1.09164243020687,2.10291644296039,0.353379338962544,0.43736561639316,0.220476106057101,0.497080549718274,0,0,0,0,0,0,0,0,7595.76601637447,5565.60132409891,1449.19416326592,2943.02065760068,690.511886056604,941.116853260369,967.970279126942,2497.2468810674,291.841477264647,213.839303210446,55.8641570556882,113.464170182029,26.610559020538,36.268741327131,37.3508128156406,96.3624422555945,19647.5828432977,14255.6927197705,4082.93172181356,8031.06448771235,2119.10679238786,2764.93594916618,2401.7122647275,6042.57229883343,754.89050882819,547.726541355029,158.744908647275,312.880412206976,82.9374539972589,108.32817972215,94.2439763851073,237.272824226042,0,0,8.92831132918466,18.0631521015499,4.83450434729106,6.3675330707469,5.88281595011458,14.8836278288989,0,0,0,0,0,0,0,0,474.705023460538,371.925889623238,463.030266104017,1023.68925218662,423.94881411729,614.729868186253,228.564987685804,618.129584715245,18.2389244594131,14.2899875047279,17.7987428715221,39.3454441404742,16.2750886171272,23.5988707477079,8.78131589867863,23.7479797434704,229.397204674984,179.125537732518,311.786816382797,708.570153496928,300.600897351331,435.540949541152,197.557637580258,536.505635418561,8.81380645346963,6.88228964324959,11.9840053544997,27.231260562785,11.5394449163171,16.719074265467,7.58704854547575,20.6036106383595,0,0,46.8563681426498,108.540001294601,36.3450335487729,50.1000473617678,49.0930510312435,126.994995062398,0,0,0,0,0,0,0,0,1037.87156171622,487.377256570372,3150.59095917799,3364.014279355
"255",2011,2344,21.1666666666667,2423.72834659047,1933.69861486108,634.81670818963,1194.54752008733,172.444683300552,213.677238775411,104.314929446217,239.085530213598,0,0,0,0,0,0,0,0,0,0,1.08165347310441,2.07805299349432,0.353077668751362,0.437321315553006,0.220252663215376,0.50273281020284,0,0,0,0,0,0,0,0,7605.13564108359,5567.34131798182,1445.02798372041,2927.42041611541,694.782177672636,945.224583215888,979.695658887142,2535.48296109246,292.201473229588,213.906156557973,55.7037667787324,112.863060733896,26.7751825628033,36.4271588895166,37.8038960021756,97.8392218081471,19627.2696180522,14227.300286006,4061.14250309859,7968.82254726992,2126.85613380899,2770.73441996196,2424.8643724217,6124.83080858407,754.110062882909,546.635658010497,157.898006213057,310.453449283336,83.2370708176431,108.548465476801,95.1482971165901,240.484959116235,0,0,8.89011849425381,17.9382544378446,4.8556253308421,6.38517465596849,5.94438777142332,15.0946494524835,0,0,0,0,0,0,0,0,475.988734548413,372.443716014968,462.520916958342,1019.5051684044,427.225872227562,617.85967512594,229.163343463474,622.588699589344,18.2882467220641,14.3098832217486,17.7793087005117,39.1850033582642,16.4011519348649,23.7194636972331,8.80464692524282,23.9202246487039,229.50707539654,179.000474884283,310.858100586364,704.322692873147,302.115979445127,436.498916440542,197.40316640942,538.331901610164,8.81802788290001,6.87748452791691,11.94842179286,27.0683266259005,11.5978155047007,16.756206508978,7.58140273284133,20.6745753709551,0,0,46.643852725928,107.71676964923,36.4256115667459,50.0979535922714,49.5290980091276,128.459903338967,0,0,0,0,0,0,0,0,1043.01046061676,489.545043666037,3167.93924442686,3380.73765803517
"256",2011,2344,21.25,2408.25180248708,1920.83960243192,628.974394810891,1180.87649055483,172.178068715485,213.489971108597,104.356372205399,242.235478991572,0,0,0,0,0,0,0,0,0,0,1.07172615709932,2.05356060487549,0.352662344250447,0.437065247452162,0.220047641978505,0.508260429993821,0,0,0,0,0,0,0,0,7613.96361323559,5568.67590038269,1440.86405115457,2911.85973810233,698.903073945823,949.058613091741,991.174826821262,2573.19747333469,292.540658037089,213.957433348037,55.5434442624507,112.263449000693,26.9340469381457,36.5750218094368,38.2474995952003,99.295933482192,19607.2575663264,14199.2318348426,4039.78548384681,7907.70796912774,2134.26273420247,2775.93289677597,2447.99528112784,6206.73142542009,753.341188121921,545.557222608432,157.06773610598,308.070098383977,83.5234310949449,108.745537746023,96.0518411188076,243.683308424475,0,0,8.85150921855567,17.8137731844256,4.87593106030584,6.40134898838317,6.00583863967689,15.305052117569,0,0,0,0,0,0,0,0,477.220512043424,372.931784886544,461.923519784517,1015.21468615856,430.405426635133,620.870995026551,229.920868373713,627.321399511822,18.3355736126673,14.3286356072742,17.7564869276658,39.0204633814015,16.5234675344227,23.8354969428306,8.83408483289108,24.1029613927392,229.632910443398,178.885799427329,309.946988106472,700.135810215684,303.648168695347,437.476945003672,197.292866925839,540.225928411822,8.82286268672056,6.87307851278673,11.9135122634825,26.9077122906003,11.6568395002497,16.794100935995,7.57745161297247,20.7481377903321,0,0,46.431501639978,106.899122077413,36.5037650230841,50.0909511882426,49.965709543041,129.924186296765,0,0,0,0,0,0,0,0,1048.16295529429,491.715759993691,3185.35068282022,3397.45973945219
"257",2011,2344,21.3333333333333,2393.15948347105,1908.32274871291,623.334349019603,1167.70599258663,171.85411367031,213.195389818304,104.37214162545,245.198932357263,0,0,0,0,0,0,0,0,0,0,1.06190631365063,2.02951625228511,0.352136679307301,0.436605793284269,0.219850562502518,0.513630204663146,0,0,0,0,0,0,0,0,7622.28992968634,5569.63755009983,1436.71197852752,2896.36280018599,702.886891096791,952.641590001192,1002.4265980091,2610.42037963268,292.860568430316,213.99438146801,55.3835606000615,111.666266495244,27.0876257416311,36.7132016696373,38.6823448487458,100.733723815156,19587.5192486271,14171.4649895729,4018.84758080695,7847.68912043531,2141.33526175714,2780.5503013381,2471.09361127339,6288.2542454382,752.582830282633,544.490375399711,156.253599316819,305.72914778392,83.7968661070265,108.920123400486,96.9541681178541,246.867099618195,0,0,8.81267306992748,17.6899535564933,4.89542816995778,6.41608786470881,6.06710933760781,15.514677220285,0,0,0,0,0,0,0,0,478.401791891273,373.390476744173,461.248027419255,1010.83098149574,433.488218538494,623.75930602263,230.819059957146,632.294188475553,18.3809603025464,14.3462592809616,17.7306599675286,38.8523305080837,16.6420634757599,23.9467963257717,8.86891912916147,24.2949041005864,229.770268491511,178.778870227559,309.045251340424,695.995946800604,305.187507719867,438.46325770362,197.23392410059,542.200495437931,8.82814022218927,6.86897012126253,11.8789605329073,26.7488965994275,11.7161345668782,16.8323053264195,7.57547071608218,20.8247875979318,0,0,46.219268292973,106.086994590956,36.5794392679518,50.079034448415,50.4028128481173,131.387633541574,0,0,0,0,0,0,0,0,1053.32849215996,493.889233277474,3202.82169572289,3414.17815500553
"258",2011,2344,21.4166666666667,2378.43985837406,1896.13720901956,617.88853992405,1155.01602280352,171.477289323765,212.802299302586,104.363279695928,247.982679583816,0,0,0,0,0,0,0,0,0,0,1.05223016272147,2.00597907958733,0.351505030770057,0.435952787185277,0.219652932720886,0.51881620154554,0,0,0,0,0,0,0,0,7630.14916814156,5570.25454404116,1432.57888876718,2880.94843791584,706.743544046081,955.992508382757,1013.46888271319,2647.18021843773,293.162532940019,214.018087361914,55.2243911501274,111.072239519227,27.2363003941717,36.8424297811827,39.1091185545461,102.153685272351,19568.031203319,14143.9804615031,3998.31678704786,7788.73685431448,2148.08266871496,2784.60580288303,2494.14920204014,6369.38164915228,751.834087937907,543.434375281632,155.45513818107,303.429481322888,84.0577184113872,109.072959345597,97.8548847437898,250.035648252006,0,0,8.77376683575731,17.5669975530386,4.91412885259499,6.42942942591523,6.12815225338481,15.7233947545326,0,0,0,0,0,0,0,0,479.534053881229,373.820262081017,460.503571306965,1006.36652042907,436.475620927803,626.52181651564,231.841313273742,637.476823596349,18.4244636475659,14.3627723199105,17.7021787019898,38.6810837988585,16.7569921666769,24.0532542856641,8.90851217490201,24.4948917456842,229.915401277672,178.677467421888,308.14653891853,691.892527261179,306.725397408928,439.447419903926,197.231484978654,544.264772177661,8.83371647506605,6.8650740626538,11.8445224756471,26.5914732362789,11.7753704940057,16.8704189904531,7.57565735562071,20.9048760029192,0,0,46.0071392395738,105.280370302774,36.6525867612677,50.0622088498593,50.8403327684285,132.850029016811,0,0,0,0,0,0,0,0,1058.50653323273,496.065293760755,3220.34888804388,3430.89061052568
"259",2011,2344,21.5,2364.08210430884,1884.27276850303,612.629358293263,1142.78755981259,171.051834383105,212.318992292262,104.330819439456,250.593369139751,0,0,0,0,0,0,0,0,0,0,1.04272552924324,1.98299269105773,0.350772570035633,0.435117154889925,0.219448015965704,0.52379888613593,0,0,0,0,0,0,0,0,7637.57109968897,5570.55142037776,1428.46981304043,2865.63093107705,710.480872512887,959.127155883078,1024.31860424774,2683.50395005374,293.447695418995,214.029493825522,55.066130824282,110.481919296039,27.3803726470631,36.9633142817443,39.5284698672602,103.55685026674,19548.7734962865,14116.7617081944,3978.1820358183,7730.82421529787,2154.5140945811,2788.11867445333,2517.15305574854,6450.09820180962,751.094195193382,542.388586667016,154.671931121632,301.170067028994,84.3063381053444,109.204786964415,98.7536423935141,253.188354128083,0,0,8.73491827817681,17.4450687335947,4.93204962824579,6.44141656242659,6.18893006635624,15.931100130075,0,0,0,0,0,0,0,0,480.618804719279,374.221686226801,459.698474270761,1001.83300072269,439.369492021272,629.157189534942,232.972802407436,642.842132102232,18.4661415377746,14.3781956765608,17.6713629683747,38.5071728372918,16.8683247268233,24.1548192600196,8.95229463811569,24.7018811338691,230.06518490619,178.579748576011,307.246137593198,687.817588585043,308.25450497281,440.420293557431,197.288911249571,546.424755371151,8.83947142030579,6.86131954768746,11.810016925567,26.4351362736167,11.834265674631,16.9080910044902,7.5781403245641,20.9886325063026,0,0,45.7951290602703,104.479271742166,36.7231672298854,50.0404909194711,51.2781927591753,134.311153496448,0,0,0,0,0,0,0,0,1063.69655672313,498.243774639454,3237.92904787553,3447.59489578408
"260",2011,2344,21.5833333333333,2350.07600880454,1872.71976111295,607.549577441216,1131.00248162666,170.581763731914,211.753274524419,104.275781973507,253.037506108776,0,0,0,0,0,0,0,0,0,0,1.03341341421866,1.96058810070734,0.349945001672223,0.434110473785481,0.219230529584211,0.528563994217054,0,0,0,0,0,0,0,0,7644.58149497691,5570.54959012905,1424.3881817481,2850.4209788943,714.105046645117,962.058674765153,1034.99164691537,2719.41685897329,293.717046016766,214.029423504439,54.9089129369641,109.895719394954,27.5200801380724,37.0763616687344,39.9410082762748,104.944187354427,19529.7291271393,14089.7944819936,3958.43302366769,7673.92605549869,2160.63875700534,2791.10813833506,2540.09724201727,6530.39047382223,750.362498872962,541.352462138013,153.903585827305,298.949942313012,84.5430786004786,109.316346126064,99.6501335428617,256.324694369458,0,0,8.69623099371949,17.3242983981479,4.94920979388274,6.45209494414161,6.24941407254487,16.1377100811967,0,0,0,0,0,0,0,0,481.657558915404,374.59535079243,458.84028024936,997.241300972229,442.172000872677,631.66520474233,234.20030474043,648.365730876855,18.506052163064,14.3925524657655,17.6385026995161,38.3310157712967,16.9761442812002,24.2514826856519,8.99975875034534,24.914936147231,230.217027043909,178.484189886551,306.340676130319,683.765319154677,309.768635927355,441.373958902817,197.408094014324,548.683811478879,8.84530545634315,6.85764802940037,11.7753142977817,26.2796624618943,11.8925821993745,16.9450172190359,7.5829919784664,21.0761857154694,0,0,45.5832740737354,103.683751577662,36.7911477173187,50.0139079046264,51.7163158833095,135.770787092003,0,0,0,0,0,0,0,0,1068.89805716881,500.424512432047,3255.5591423991,3464.28889319555
"261",2011,2344,21.6666666666667,2336.41187780803,1861.46899337305,602.642316025368,1119.64348714918,170.0708773786,211.112490014564,104.199173573743,255.321448898506,0,0,0,0,0,0,0,0,0,0,1.02430947772801,1.93878651771648,0.349028310506598,0.432944579465847,0.21899635625725,0.533101452931397,0,0,0,0,0,0,0,0,7651.20288723325,5570.26791598112,1420.3362777534,2835.32660703605,717.620957500755,964.798109008459,1045.50281713259,2754.94247749601,293.971450495982,214.018601133231,54.7528266086388,109.313950543387,27.6556113690349,37.1819977874985,40.3473020816929,106.316598242943,19510.8834674304,14063.066402277,3939.0600499669,7618.01868217119,2166.46585035574,2793.59322050189,2562.97479677767,6610.24685223238,749.638436934269,540.325526011049,153.14973306183,296.768200370992,84.7682926921344,109.408369539045,100.544087864095,259.444216155872,0,0,8.65778909469628,17.204791598756,4.9656300811444,6.46151131268749,6.30958253274568,16.3431586554137,0,0,0,0,0,0,0,0,482.651821187431,374.941896115984,457.935797954663,992.601455664253,444.885472497503,634.046444612531,235.512019423696,654.025733426752,18.5442533370964,14.4058672903377,17.6038595977829,38.152998350766,17.0805400022269,24.3432669270637,9.05045134003019,25.1332165048381,230.368776642041,178.389529559063,305.427835688641,679.731606188517,311.262594489198,442.301616031017,197.589766222735,551.04322000164,8.85113593646163,6.85401102763149,11.7403254597056,26.1248938416375,11.9501205046375,16.9809364919605,7.59024022933546,21.1675841920792,0,0,45.3716263592714,102.893883774286,36.8565024623492,49.9824972111144,52.1546257929972,137.228711723267,0,0,0,0,0,0,0,0,1074.11054548124,502.607347322537,3273.23631052986,3480.97058377157
"262",2011,2344,21.75,2323.08048418066,1850.51170128675,597.901015507226,1108.69404783335,169.522767944384,210.403540611546,104.101984067023,257.451407684527,0,0,0,0,0,0,0,0,0,0,1.01542484548407,1.91760086196191,0.348028647746038,0.431631393076793,0.218742379895624,0.537404770572454,0,0,0,0,0,0,0,0,7657.45499498928,5569.7230339931,1416.3154663838,2820.3536415933,721.032439217109,967.354727383689,1055.86584557343,2790.10257928506,294.211666474147,213.997665895893,54.5979256033233,108.736838828238,27.787114231425,37.2805802316079,40.7478784536184,107.674917499921,19492.2239500015,14036.5667173171,3920.05393778616,7563.07967646968,2172.00449584756,2795.59267757556,2585.77964841543,6689.6574044737,748.921526532826,539.307365187337,152.410023610154,294.623983190958,84.9823306205653,109.481579908177,101.435269390246,262.546531484736,0,0,8.61965991227175,17.0866307020283,4.98133212727468,6.46971280959549,6.36941966384417,16.5473947961951,0,0,0,0,0,0,0,0,483.60307808752,375.261991841874,456.991150930923,987.922680837691,447.512319915005,636.302132629374,236.897440765805,659.802539965793,18.5808021755803,14.4181658790863,17.5676690550521,37.9734749083049,17.1816044920429,24.4302190481679,9.10396897285971,25.3559697098393,230.518670251762,178.29473501233,304.50617745751,675.713763351539,312.732077732615,443.19749148711,197.833694332925,553.502514209325,8.85689510615294,6.85036886895872,11.7049951076832,25.9707272778055,12.0067153126292,17.0156271077365,7.59987590328771,21.2628095270121,0,0,45.1602504839065,102.109758726181,36.9192125384811,49.9463056753244,52.5930472954389,138.684712545491,0,0,0,0,0,0,0,0,1079.33354872538,504.792123299072,3290.95785292006,3497.63804630292
"263",2011,2344,21.8333333333333,2310.07301377022,1839.83950519387,593.319416442418,1098.13835683498,168.940828697205,209.63290689214,103.985185134402,259.433442697359,0,0,0,0,0,0,0,0,0,0,1.00676696496511,1.89703737166332,0.346952205159601,0.430182729816251,0.218466313195456,0.541470394840764,0,0,0,0,0,0,0,0,7663.35517012696,5568.92969427633,1412.326437208,2805.50620559976,724.342498154865,969.736355456878,1066.09339426994,2824.91718532185,294.438360638315,213.96718451529,54.4442376177142,108.164544761564,27.9147047992628,37.3724110856444,41.143223681061,109.019912736397,19473.7397391827,14010.2860518828,3901.40594939278,7509.08770148799,2177.26368962992,2797.1249217135,2608.5065389296,6768.61373108507,748.211351350597,538.297619455303,151.684125018068,292.516474147909,85.1855380522035,109.536687009779,102.32347348694,265.631311504305,0,0,8.58189682043933,16.9698790884942,4.99633786917231,6.47674621236154,6.42891459956494,16.7503798416768,0,0,0,0,0,0,0,0,484.512789129934,375.556326965229,456.011826514064,983.213396053544,450.054972083116,638.433964616883,238.347226760465,665.678619326033,18.6157547553861,14.4294747043058,17.5301420307844,37.7927691987242,17.2794310072105,24.5124043204325,9.15995290536305,25.5825226826317,230.665275296406,178.19896810729,303.574966062225,671.710252195094,314.173568595507,444.056744721833,198.138874625005,556.059828125308,8.86252792354469,6.84668935073852,11.6692949806428,25.8171037564216,12.0622315270562,17.0489031906836,7.61186027671528,21.361789654875,0,0,44.9492200819579,101.331478203754,36.979265523116,49.9053888617059,53.0315069003633,140.138579332507,0,0,0,0,0,0,0,0,1084.56660988433,506.97868829768,3308.72122227278,3514.2894569488
"264",2011,2344,21.9166666666667,2297.3810162087,1829.44436841666,588.891536179759,1087.96128089745,168.328261835373,208.806669274583,103.84972878869,261.273462839588,0,0,0,0,0,0,0,0,0,0,0.998340380470306,1.87709705827013,0.34580510633176,0.428610134895172,0.218166540159072,0.545297127520493,0,0,0,0,0,0,0,0,7668.91880645854,5567.90107202278,1408.36941670484,2790.78715973836,727.553519200158,971.9496774937,1076.19707405461,2859.40458876729,294.652124443371,213.927663203367,54.291772453459,107.597180205422,28.0384752464427,37.4577485143719,41.5337838187447,110.352285517384,19455.4214299831,13984.2161766336,3883.10771162578,7456.02233107797,2182.25225825618,2798.20795635372,2631.15094616415,6847.10882019174,747.507550038427,537.295972630315,150.971718713201,290.444891401379,85.3782543453815,109.574385185273,103.208523865669,268.698280915811,0,0,8.54454181743639,16.8545845493405,5.0106690331489,6.48265729554192,6.48806043379708,16.952085224163,0,0,0,0,0,0,0,0,485.382379201268,375.825600903196,455.002726144984,978.481253789929,452.51581363639,640.443960315667,239.85307265913,671.638297798176,18.6491658229342,14.4398206387215,17.4914669822602,37.611175523877,17.3741111370985,24.5899005093541,9.21808423186696,25.8122736592386,230.807437387633,178.101553031254,302.634008799491,667.720427862062,315.584233001776,444.875374394355,198.503713188935,558.712215652884,8.86799003520329,6.84294650716613,11.6332176818691,25.6639986132358,12.1165602860972,17.0806111112245,7.62613198567227,21.4644110994126,0,0,44.7386147842614,100.559150826634,37.0366551311251,49.8598103282345,53.469933293179,141.590107677846,0,0,0,0,0,0,0,0,1089.80928755726,509.16689431229,3326.52401323158,3530.92308785217
"265",2012,2344,22,2284.95400868059,1819.25484344422,584.538330633432,1078.0947973407,167.684939314732,207.902695119299,103.706485739124,263.004295098458,0,0,0,0,0,0,0,0,0,0,0.99014899439085,1.85779099878385,0.344586999011871,0.426867714653667,0.217861204068921,0.54894242332156,0,0,0,0,0,0,0,0,7674.3293432585,5566.77280472714,1404.28827365841,2776.09788214363,730.654048577638,973.870366089,1086.22543383048,2893.71811306207,294.860005919589,213.884313369579,54.1345327089338,107.030960615457,28.1579844495508,37.5318016594888,41.9214288973851,111.677941815058,19437.6153065769,13958.576486308,3864.7341054915,7403.59639318685,2186.93824149627,2798.4846885533,2653.81855317166,6925.52730228177,746.823427374397,536.310854209419,150.256478828054,288.398235521968,85.5592237643673,109.580681821461,104.094550273182,271.762504653528,0,0,8.50764180722475,16.74090876323,5.02425447543302,6.48662270552684,6.54710425748529,17.1533992274721,0,0,0,0,0,0,0,0,486.239212247552,376.08455006543,453.979229189223,973.757238532013,454.913555526386,642.268318514886,241.432317419387,677.765576029353,18.6820867447112,14.44976987876,17.4522354128077,37.4298852052099,17.4663633414824,24.6602581839764,9.27902897879902,26.0484481148315,230.949445000973,178.006024960592,301.679615780788,663.74567672235,316.956033264184,445.590470031236,198.940093533809,561.518948960555,8.87344621120971,6.83927616537132,11.5966214744275,25.5114653092244,12.1693929464045,17.1083354571007,7.64314723718766,21.5729492220547,0,0,44.5286474545427,99.7936890310374,37.0906985672676,49.8029770338861,53.9100077915165,143.046171223844,0,0,0,0,0,0,0,0,1095.04298741476,511.348588709412,3344.30220863108,3547.47648533632
"266",2012,2344,22.0833333333333,2272.46056884483,1808.7904871893,579.728271668192,1068.13305456244,166.986693414355,206.726206972926,103.62590683945,264.821802468607,0,0,0,0,0,0,0,0,0,0,0.982098326429727,1.83912238339369,0.343257942220311,0.42456060750749,0.217688581336588,0.552814550540694,0,0,0,0,0,0,0,0,7680.9071842442,5566.50171723102,1398.98691790729,2760.7628958874,733.555270074158,974.577294312791,1096.48455299842,2928.93120476816,295.112737089341,213.873897754463,53.9303999634284,106.43994899275,28.269809184747,37.5590705114347,42.3179542615303,113.038245134161,19422.8534198926,13934.9777825055,3843.24429149053,7349.82397002891,2191.00815570763,2795.24688840081,2677.29361883917,7006.67293930167,746.256268678098,535.404153769576,149.42157913304,286.300401157115,85.7161930587259,109.449527448793,105.01220257285,274.933810818639,0,0,8.47049836442746,16.62915590385,5.03644278146675,6.48241372088131,6.60789430429713,17.3609499951519,0,0,0,0,0,0,0,0,487.270778573402,376.435262046001,452.993818747068,969.194533956681,457.359208602955,643.419441894799,243.253179237765,684.734440937956,18.721721197501,14.4632447930534,17.4144671001103,37.2547880331067,17.5604500503348,24.7047560434687,9.34924831840787,26.3169259001696,231.127973618963,177.939537432003,300.683284585398,659.790203736614,318.247776928469,445.763054891353,199.545292207037,564.926006862102,8.88030558214074,6.83672160766039,11.5584114635364,25.3596660873454,12.2191479107241,17.1152217107948,7.66664151277073,21.7045266150364,0,0,44.3201490001719,99.0406172046101,37.1363413909015,49.6865942234017,54.3643829233931,144.557684532383,0,0,0,0,0,0,0,0,1100.13495361927,513.46515533162,3361.60157293152,3563.49892488486
"267",2012,2344,22.1666666666667,2260.2441569932,1798.57838355676,575.080830153928,1058.51736542809,166.259367008333,205.517473782122,103.522973972083,266.496694628028,0,0,0,0,0,0,0,0,0,0,0.974114728472007,1.82091472725032,0.341873596133357,0.422183240943434,0.21748476239904,0.556429362857613,0,0,0,0,0,0,0,0,7687.27376285795,5566.07721752806,1393.80114670324,2745.65985385106,736.371809283019,975.176460402923,1106.67543848813,2963.94500351062,295.357351220918,213.857587797028,53.7306893438389,105.857839686866,28.3783670381068,37.5821793176371,42.7118344465635,114.390843237845,19408.1339856811,13911.4965240839,3822.14672505479,7296.94094770741,2194.78782563745,2791.65620216097,2700.64556568524,7087.23299162222,745.6907407656,534.501965779199,148.601759579209,284.237013030114,85.8619137448145,109.304718407887,105.925120919483,278.08243991442,0,0,8.43253787488878,16.5179273615999,5.04800406539212,6.47737619373463,6.66833383146881,17.5670975355585,0,0,0,0,0,0,0,0,488.25764842219,376.759772394043,451.937120928455,964.579218043339,459.708598296865,644.447781354255,245.099386772366,691.692826188099,18.7596383398229,14.4757129987385,17.3739556348344,37.0776601510436,17.6508358611397,24.7445292853628,9.42043572841665,26.584990119463,231.298889513449,177.866658970773,299.676365490621,655.839863512787,319.508065972945,445.890852910033,200.199487785451,568.393258487701,8.88687245974508,6.83392150010872,11.5197920928873,25.2080569788038,12.2676912079897,17.1203797756539,7.69201341573798,21.8384054423098,0,0,44.1118419355353,98.2930413083067,37.1792211172019,49.5667983767729,54.8182962058839,146.064767730158,0,0,0,0,0,0,0,0,1105.23747517764,515.583620549362,3378.93636650942,3579.49387450479
"268",2012,2344,22.25,2248.30085273529,1788.61402673054,570.590493068261,1049.23587535032,165.506257465033,204.281242310115,103.398905572496,268.035189456201,0,0,0,0,0,0,0,0,0,0,0.966230664358923,1.80318365686076,0.340436424460934,0.419742923842009,0.217248511417248,0.559790073150548,0,0,0,0,0,0,0,0,7693.41534699192,5565.49110238838,1388.71902013816,2730.76933414972,739.101025093519,975.664141470098,1116.80094301681,2998.75642494802,295.593320704778,213.835068316064,53.5349449809885,105.283889787456,28.4835568861151,37.6009860703406,43.1031795490129,115.735617822456,19393.4701975494,13888.1407585088,3801.43784415769,7244.93802651474,2198.28917996317,2787.73156510221,2723.87523257563,7167.21429526357,745.1273505607,533.604599434627,147.79688924958,282.207720683722,85.9968452531744,109.146986025653,106.833336400023,281.208653570888,0,0,8.394038626307,16.4074354701934,5.05893907974466,6.47153895616946,6.72841986106154,17.7718389848968,0,0,0,0,0,0,0,0,489.201929578762,377.059125900542,450.820450430336,959.924154434678,461.965851005131,645.359002435074,246.966821600771,698.63622309201,18.7959191561398,14.4872146383557,17.3311357653562,36.8989960533275,17.7376793184634,24.7797958741114,9.4924331252836,26.8524678191855,231.462567521403,177.788230233878,298.657801023539,651.897102707617,320.735292850882,445.973657522488,200.900363224489,571.916002979173,8.8931612458636,6.83090814210153,11.4807227424104,25.0567321523301,12.3149611284071,17.1238018592253,7.71917389533088,21.9744050809369,0,0,43.9036720249777,97.5510279011998,37.2193719214736,49.4437003170297,55.271722174158,147.567352075468,0,0,0,0,0,0,0,0,1110.35009572504,517.703839964466,3396.30347565606,3595.45952963384
"269",2012,2344,22.3333333333333,2236.62646660228,1778.89274348,566.251877074322,1040.27701247911,164.730441879034,203.021908339769,103.254873709175,269.443305708091,0,0,0,0,0,0,0,0,0,0,0.958471554087504,1.7859389026699,0.338949656354804,0.417247072175485,0.216979225316684,0.562901274212525,0,0,0,0,0,0,0,0,7699.32134418209,5564.7374468021,1383.73013916453,2716.07507364519,741.74089088347,976.03780348773,1126.86377989749,3033.36278369631,295.820238561513,213.806111663217,53.3427698319502,104.717477261332,28.5853011781581,37.6153943094318,43.4920943224319,117.072465902063,19378.8727631074,13864.9167930424,3781.11335188538,7193.80464800836,2201.52348390678,2783.49078037964,2746.98347510351,7246.62335351562,744.566509471271,532.712297070786,147.006808668564,280.2121246129,86.1214215697427,108.977018097123,107.736880683138,284.312700516286,0,0,8.35522614088617,16.2978479811876,5.06925352458615,6.46493128632313,6.78815167919283,17.9751744808547,0,0,0,0,0,0,0,0,490.105541065776,377.334273337672,449.653540055647,955.240320355723,464.134633688707,646.158097223307,248.851827769495,705.56060718496,18.8306373783695,14.4977862420924,17.2863815054323,36.7192177894385,17.8211213294797,24.8107479042383,9.56510019007766,27.1192046389799,231.619314033253,177.704943145753,297.627296360875,647.964519748462,321.928194237592,446.011482636296,201.645402219025,575.489429996041,8.89918371251197,6.82770811848192,11.4411920955838,24.9057916105514,12.3609091914711,17.1254886622988,7.7480262681641,22.1123407486761,0,0,43.6956239641665,96.8146609768017,37.2568239916453,49.3174072904504,55.7246323520445,149.065364503056,0,0,0,0,0,0,0,0,1115.47237993505,519.825674779964,3413.70004351051,3611.39425299358
"270",2012,2344,22.4166666666667,2225.21660244076,1769.40974290998,562.059739971167,1031.62951090511,163.934788367508,201.743535684683,103.092005768115,270.72686469227,0,0,0,0,0,0,0,0,0,0,0.950857001139743,1.76918537606743,0.337417025174258,0.414703043943765,0.216676806190391,0.565768633931179,0,0,0,0,0,0,0,0,7704.98378608764,5563.81220822255,1378.82549110917,2701.56350219965,744.289912404849,976.295912669896,1136.86646751818,3067.76167404018,296.037798634728,213.770562517377,53.1538197908012,104.158083130244,28.6835427883323,37.6253458988136,43.8786760402659,118.401295225389,19364.3503048729,13841.8294895845,3761.16835193462,7143.52926507188,2204.50139230334,2778.95061707539,2769.97117881895,7325.4663913556,744.008548792673,531.825245489486,146.231335016662,278.249786684783,86.2360532803591,108.795462656855,108.635786551785,287.39481871775,0,0,8.31628253772668,16.1892962792927,5.07895664241049,6.45758249645254,6.84753031480988,18.1771064610497,0,0,0,0,0,0,0,0,490.970235918982,377.586085184407,448.44474976841,950.537084022709,466.218219227546,646.849505014646,250.751164896704,712.462386871582,18.8638603609482,14.5074612551425,17.2400141556998,36.538685609811,17.9012876708614,24.8375562289258,9.63831256725998,27.3850628393554,231.769384414943,177.617367389775,296.585133479017,644.044765043946,323.085809196366,446.004523214544,202.431972670903,579.108724903053,8.9049496712637,6.82434331739608,11.4012110022563,24.7553373581847,12.4054985381299,17.1254478599735,7.77846942172007,22.2520275379253,0,0,43.4877125547378,96.0840359367728,37.2916052402144,49.1880238926144,56.176996312714,150.558729607232,0,0,0,0,0,0,0,0,1120.60391191064,521.948991378521,3431.12343842442,3627.29655299549
"271",2012,2344,22.5,2214.0667158919,1760.16016081186,558.008982591329,1023.28241356687,163.121975243805,200.449887666327,102.911387841641,271.891500819501,0,0,0,0,0,0,0,0,0,0,0.943402021033266,1.75292423825735,0.335842554129155,0.412118024763132,0.216341538940157,0.568398607688623,0,0,0,0,0,0,0,0,7710.39680137838,5562.71282844554,1373.99725151512,2687.2232407484,746.7470388234,976.43773885965,1146.81130263525,3101.95087395582,296.245775338526,213.72832258825,52.9677961287569,103.60527226308,28.7782416041436,37.6308134955084,44.2630134653543,119.722020588224,19349.9097727845,13818.8825632791,3741.59748639884,7094.09960108308,2207.23302116981,2774.12693738967,2792.83926501181,7403.74940820961,743.45373555711,530.943587432329,145.470267445817,276.320240161353,86.341130321916,108.602932870091,109.530088146416,290.455237450847,0,0,8.27735579655298,16.0818833905417,5.08806004562075,6.44952165001858,6.90655805123394,18.3776390213418,0,0,0,0,0,0,0,0,491.797627108815,377.815366128153,447.201301431087,945.822500621806,468.219557475927,647.437232040718,252.661948940764,719.338340653662,18.8956500767788,14.516270594883,17.1923113125619,36.357709327253,17.9782917152735,24.8603750549382,9.71195958954817,27.6499188908587,231.912998239928,177.525976738591,295.532000535299,640.140465669553,324.207429559705,445.953116833741,203.257396026737,582.769146660559,8.91046755848787,6.82083194194655,11.3608059250457,24.6054705090031,12.4487020236708,17.1236926198023,7.81040047474035,22.3932834004689,0,0,43.2799745369108,95.3592545195355,37.3237426364061,49.0556528537642,56.6287825825457,152.047371271583,0,0,0,0,0,0,0,0,1125.74429295801,524.073660744882,3448.57121786231,3643.16506005032
"272",2012,2344,22.5833333333333,2203.17214664558,1751.13908537748,554.094654278713,1015.2250834203,162.294497651911,199.144438614955,102.714065419621,272.942661788332,0,0,0,0,0,0,0,0,0,0,0.936117647786062,1.73715344057517,0.334230450039232,0.409498967027534,0.215974029405869,0.570798287418707,0,0,0,0,0,0,0,0,7715.55635542463,5561.43803431268,1369.23868352428,2673.04484654183,749.111621661033,976.463256997406,1156.70034734313,3135.92830636307,296.444013655983,213.679342959054,52.7844416549808,103.058683625546,28.8693729523342,37.6317967752379,44.6451863457335,121.034562343639,19335.5566470401,13796.0787306716,3722.39501157326,7045.50279075154,2209.72797590479,2769.03474797085,2815.58869106231,7481.478198158,742.902280327034,530.067427273168,144.723389996142,274.422995134748,86.4370230670334,108.400009005195,110.419820991029,293.494178100438,0,0,8.23856426912028,15.9756878734557,5.09657717502536,6.44077742350483,6.96523816916702,18.576777592194,0,0,0,0,0,0,0,0,492.589199440817,378.022861859675,445.929395560893,941.103457434673,470.141310242154,647.924910023039,254.581623226439,726.185587230044,18.9260635744646,14.5242429119453,17.1435113486079,36.1765538873075,18.0522357736052,24.879344189784,9.78594316490653,27.9136623253937,232.050346456181,177.431161991526,294.468903125906,636.254185736396,325.292573914743,445.857725201443,204.118986150467,586.466071494739,8.91574471071666,6.81718900726811,11.3200155302453,24.4562897626645,12.4905012176785,17.1202408885019,7.84371626890508,22.5359308211355,0,0,43.0724644433935,94.6404221235019,37.3532628437813,48.9203953650237,57.0799591344897,153.531213588147,0,0,0,0,0,0,0,0,1130.89314072199,526.199558262045,3466.04111141331,3658.99851591801
"273",2012,2344,22.6666666666667,2192.52815625318,1742.34158601955,550.311954307702,1007.44720582859,161.454680018986,197.83039460858,102.501045323351,273.885614336182,0,0,0,0,0,0,0,0,0,0,0.929011716924165,1.72186841117431,0.332584975737185,0.40685252505976,0.215575126779533,0.572975216767197,0,0,0,0,0,0,0,0,7720.45991377937,5559.98758409342,1364.54400188494,2659.02048691166,751.383356483355,976.373018972539,1166.53541911488,3169.69198576749,296.632416209591,213.623614342115,52.6035355272056,102.51801779534,28.9569253627366,37.628317523315,45.0252650283767,122.338844351585,19321.2952017695,13773.4198997546,3703.55488978612,6997.72554798359,2211.99539712025,2763.68828044492,2838.22045143057,7558.65838206102,742.354347325815,529.196838319967,143.990475136959,272.557545017985,86.5240840848249,108.187241528587,111.305022045303,296.511855423238,0,0,8.20000252283709,15.8707688429621,5.10452261145872,6.43137794523411,7.02357463829791,18.7745285439443,0,0,0,0,0,0,0,0,493.346326214073,378.209268206118,444.634366021729,936.385864651095,471.985897956011,648.315871325589,256.507918289158,733.001544009301,18.955153618353,14.531404941121,17.093819349687,35.9954466932297,18.1232128858546,24.8945919264444,9.86017623398896,28.1761941426603,232.181600378471,177.333247639098,293.397057648599,632.388382382392,326.340953815123,445.718910029052,205.014091979207,590.195038877898,8.92078771014323,6.81342698080521,11.2788865912161,24.3078897135628,12.5308851053209,17.1151144615435,7.8783150053514,22.6797985792081,0,0,42.8652494683574,93.9276446622216,37.3801929794091,48.7823515019017,57.5304939595783,155.010181912765,0,0,0,0,0,0,0,0,1136.05008778057,528.326563362808,3483.53099752684,3674.79575888099
"274",2012,2344,22.75,2182.12995691404,1733.76273522544,546.656232391841,999.938789230528,160.604686299403,196.510710677568,102.273297150999,274.725448599592,0,0,0,0,0,0,0,0,0,0,0.922089450297521,1.70706257051278,0.330910365771683,0.404185017417315,0.215145866429807,0.574937253741571,0,0,0,0,0,0,0,0,7725.10618837784,5558.36207691736,1359.90825939109,2645.1436850477,753.562238041771,976.168055359101,1176.31809136921,3203.23998805729,296.810933509844,213.561159756949,52.4248889169411,101.983027232412,29.0408988479726,37.6204158698371,45.4033104777074,123.634792817946,19307.1287040476,13750.9073126678,3685.07086155122,6950.75429356737,2214.04399657187,2758.1010539398,2860.73557543117,7635.29542871709,741.810062084177,528.331868297556,143.27128654936,270.723371484038,86.602649520079,107.965153506399,112.185729629559,299.508478381073,0,0,8.16174565480049,15.767169648618,5.11191162598311,6.4213507018574,7.08157189202338,18.9708989069007,0,0,0,0,0,0,0,0,494.070282078606,378.375237964054,443.320801704794,931.674801519559,473.755535861813,648.613204163309,258.438819011813,739.783893870264,18.9829691825368,14.5377817638982,17.0434117853125,35.8145832170459,18.1913082102603,24.9062371631162,9.93458150762299,28.4374255332794,232.306917651467,177.232504171833,292.317814791921,628.545378591705,327.352446159165,445.537315252766,205.940127000078,593.951780420345,8.92560261373354,6.80955625523614,11.2374710485691,24.1603598056542,12.5698490255802,17.1083382972051,7.91409737534268,22.8247228543315,0,0,42.6584057572371,93.2210263883671,37.404561076957,48.6416204717799,57.9803554682876,156.484203604388,0,0,0,0,0,0,0,0,1141.21478054553,530.454559268203,3501.03888552978,3690.55571263457
"275",2012,2344,22.8333333333333,2171.97273496027,1725.39762616117,543.122988054453,992.690163509167,159.746529498375,195.188106834935,102.031754566487,275.467082302499,0,0,0,0,0,0,0,0,0,0,0.915353931306032,1.69272775092409,0.329210767745675,0.401502406398059,0.214687424283051,0.576692460773013,0,0,0,0,0,0,0,0,7729.49492905226,5556.56279720754,1355.327244215,2631.40910477142,755.648522240294,975.84979342322,1186.04970113018,3236.5704336185,296.979555944895,213.492028553146,52.2483410894306,101.453508041269,29.1213034447381,37.6081471478875,45.7793745669013,124.922335645272,19293.059577623,13728.5416622674,3666.93650644457,6904.57525950887,2215.88208870862,2752.28592935822,2883.13512309524,7711.3946702507,741.269517730879,527.472543826418,142.565581475109,268.919948504829,86.6730403032051,107.734242688241,113.061983273935,302.484250747499,0,0,8.1238527607646,15.6649208066427,5.11875986645512,6.41072248585423,7.13923465111536,19.1658961580174,0,0,0,0,0,0,0,0,494.762253969713,378.521386509072,441.992650758013,926.974638544506,475.452264557162,648.819796650872,260.372535344411,746.530556002431,19.0095558709691,14.543397023991,16.9924405095749,35.6341316915457,18.2566001955965,24.914391094993,10.0090903418671,28.6972767585874,232.426446463848,177.129157961589,291.232600812979,624.727346533087,328.327068865654,445.313652723533,206.89459042589,597.732237761007,8.93019511513927,6.80558552812957,11.1958237533874,24.0137836911189,12.6073937362039,17.0999399642697,7.95096737226108,22.9705479103093,0,0,42.4520155137923,92.520668299665,37.4263963720866,48.4983007590256,58.4295127881872,157.953208569274,0,0,0,0,0,0,0,0,1146.38687829758,532.583432764619,3518.56290039986,3706.27737710961
"276",2012,2344,22.9166666666667,2162.0516706731,1717.24138733781,539.70786924985,985.691976844086,158.882080621743,193.865083137464,101.777316492476,276.115264878206,0,0,0,0,0,0,0,0,0,0,0.908806510225386,1.67885455400354,0.327490196621877,0.398810285543886,0.214201078450695,0.578249012258089,0,0,0,0,0,0,0,0,7733.62674525864,5554.59158248309,1350.7973876114,2617.81236460347,757.642692102568,975.419986240016,1195.7313596325,3269.68147615866,297.138306931018,213.416291331126,52.0737558791094,100.929292854359,29.198157908415,37.5915791772123,46.1535004827734,126.201402003108,19279.0895430994,13706.3231912887,3649.14529535889,6859.17457685576,2217.51761926425,2746.25515793497,2905.42018062168,7786.96131504181,740.732780378709,526.618874232671,141.873112734001,267.146745753454,86.7355632460399,107.494983370892,113.933823550211,305.439371616855,0,0,8.08636987926777,15.5640424779537,5.12508310680022,6.39951935747103,7.19656778007623,19.3595280490807,0,0,0,0,0,0,0,0,495.423350727073,378.648296607306,440.653311579405,922.289142870398,477.077976706979,648.938373737621,262.30747611106,753.23966009437,19.034956287045,14.5482731122059,16.9410362542398,35.4542371570456,18.319161606725,24.9191586330937,10.083641731632,28.9556761590395,232.540328814167,177.023399594667,290.142870192887,620.936296445827,329.264959422566,445.048689922682,207.875083083158,601.532574295244,8.93457067017742,6.80152212211569,11.1540006474655,23.8682388022046,12.6435245891013,17.0899491679665,7.98883290063198,23.117126542551,0,0,42.2461645987088,91.826666870241,37.4457295046307,48.3524902205673,58.8779359982047,159.417129690827,0,0,0,0,0,0,0,0,1151.56605231739,534.713074006208,3536.10126953347,3721.95982057351
"277",2013,2344,23,2152.39514717384,1709.2430643758,536.207423807158,978.764452932595,158.001477565651,192.443312781979,101.542020087922,276.827552636458,0,0,0,0,0,0,0,0,0,0,0.902426851821164,1.66535081123942,0.325729273259583,0.395907090092025,0.213747175115614,0.579913003747502,0,0,0,0,0,0,0,0,7737.95612685644,5552.80094181322,1345.86676631153,2603.88439356782,759.491340876289,974.371438640294,1205.4839061825,3303.23639728217,297.304648695419,213.347492053052,51.8837674447892,100.392343487262,29.2694041347586,37.5511653809677,46.5303461749196,127.497556488307,19266.2634876876,13684.9858119544,3630.50571715673,6813.34890622985,2218.79756741815,2738.58565709505,2927.92714294351,7863.82402108722,740.239996230998,525.799057598562,141.148079584322,265.357364346976,86.7842307377267,107.191669551798,114.814383655125,308.445346483008,0,0,8.04915670245042,15.4637816436972,5.13053048826386,6.38442492871031,7.25434680173799,19.5560433398472,0,0,0,0,0,0,0,0,496.109429325037,378.785673005379,439.300918106711,917.578785790519,478.641854975715,648.652870223249,264.311657109607,760.310348002248,19.06131654492,14.5535513324139,16.8891280946096,35.2733807897795,18.3793451314695,24.9084030786231,10.1608484787318,29.2279533734814,232.66226859366,176.92653347683,289.033136473666,617.133969466419,330.142828676317,444.51001064174,208.921398523827,605.619120582973,8.93925580423305,6.79780037054253,11.1114066948075,23.7222548493005,12.6773473619977,17.0694412300187,8.02922242776435,23.2746873565298,0,0,42.0403674552224,91.134899278371,37.4599101445283,48.1790479152004,59.3307645550917,160.906580136452,0,0,0,0,0,0,0,0,1156.72214717246,536.834806013355,3553.55107480149,3737.53849540918
"278",2013,2344,23.0833333333333,2143.02833014132,1701.31908573781,532.339476904631,971.656055990943,157.085021730863,190.784230811153,101.368429680353,277.815883855304,0,0,0,0,0,0,0,0,0,0,0.896068554252457,1.65200973920298,0.323897626504215,0.392511312687195,0.213411559849393,0.582110919557029,0,0,0,0,0,0,0,0,7743.20860727839,5551.74137058723,1339.91808492311,2588.99805029492,761.117955155925,971.984474449649,1215.50120789089,3338.27458905879,297.506457392836,213.306781632116,51.6546442238506,99.818532489961,29.3320933279305,37.459169783628,46.9173836331294,128.850857188464,19256.0739862548,13665.5756283913,3609.29897491135,6765.35888018697,2219.46416868542,2727.21660324262,2951.13343280019,7944.58120601182,739.84851235389,525.053286918927,140.324377748484,263.484703300673,86.8089763288508,106.743640001058,115.722309927776,311.603794753593,0,0,8.011040423058,15.3622936942953,5.13457503314997,6.36067459600005,7.3137213111853,19.7616300520076,0,0,0,0,0,0,0,0,496.899122940142,378.976461700109,437.898966527984,912.758833307143,480.147161623834,647.497698814625,266.478375352572,768.272992540606,19.0916578568187,14.5608817384943,16.8353143041312,35.0883065427784,18.43727616306,24.8642459745124,10.2442945916012,29.534478568904,232.811724747053,176.852901853529,287.877922015994,613.255621107738,330.927632102959,443.35560708957,210.091583472043,610.371730500431,8.94499816103914,6.79497132541728,11.0670629723703,23.5733435715492,12.707593213465,17.0252829123627,8.07436551603773,23.45781891358,0,0,41.8336866597078,90.4390326101622,37.4649631839462,47.9417328459008,59.795508691444,162.465647183799,0,0,0,0,0,0,0,0,1161.8116972213,538.936155018344,3570.76016865116,3752.90950583734
"279",2013,2344,23.1666666666667,2133.857296971,1693.57679837616,528.605155084125,964.79011191964,156.161308474849,189.144481261574,101.177597372803,278.694277572254,0,0,0,0,0,0,0,0,0,0,0.889745386117528,1.63900226224816,0.322054034163893,0.389150777719886,0.213045929502428,0.584094501735024,0,0,0,0,0,0,0,0,7748.26925834117,5550.54718136188,1334.08549587783,2574.33115715456,762.656194320665,969.539027018911,1225.48991877874,3373.15670924384,297.700895699505,213.260898972367,51.4299663248476,99.2531527671493,29.3913767087469,37.3649200947953,47.3033067244971,130.19812116857,19245.9109199636,13646.2549692531,3588.49294303886,6718.17771960457,2219.91050353044,2715.75607205759,2974.19717308921,8024.65077010771,739.458043909387,524.310955918814,139.516086021777,261.643404973661,86.8251765149918,106.292117881852,116.624731675019,314.735533655116,0,0,7.9721789883193,15.2612663106464,5.13812295714503,6.33667542968558,7.37277449208285,19.9656875273506,0,0,0,0,0,0,0,0,497.655406659206,379.148333130629,436.449547646611,907.929885323065,481.572321176165,646.27087690257,268.630138362358,776.101768179176,19.1207155067712,14.567485313044,16.7796735316339,34.9028805335714,18.4921263138703,24.8173315309226,10.3271622195988,29.8358542731928,232.955438123981,176.774577662054,286.718336020254,609.400212080717,331.679094805534,442.169400745527,211.278180859974,615.105510661537,8.95051987094733,6.79196198432721,11.0225492390431,23.4253086332825,12.7365556235046,16.9798972346432,8.12013498253063,23.6402180347178,0,0,41.6274057132814,89.7494948707211,37.4675795455892,47.7039744403427,60.2592550215116,164.017359860726,0,0,0,0,0,0,0,0,1166.90916956975,541.038509362145,3587.97767677899,3768.225112406
"280",2013,2344,23.25,2124.88077078954,1686.01408405298,524.999964918652,958.158731960044,155.232451983184,187.525555729593,100.97068101617,279.468438407476,0,0,0,0,0,0,0,0,0,0,0.883487412438294,1.62633755162711,0.32019928876187,0.385827439156423,0.212650443274881,0.585870073911692,0,0,0,0,0,0,0,0,7753.11969547188,5549.20657019026,1328.35757829941,2559.86546974968,764.10413328911,967.031034680021,1235.44559152361,3407.86386248673,297.887257250737,213.209390547289,51.2092974978036,98.6955057093936,29.4471803433306,37.2682604450562,47.6879450408545,131.53862279623,19235.790675537,13627.0343615679,3568.08360423497,6671.79724007528,2220.14689024393,2704.21548797579,2997.12259420601,8104.04976673596,739.069220505225,523.572469063334,138.723055988586,259.833160167116,86.8332296469768,105.837545287549,117.521811666129,317.841222898332,0,0,7.93284073019199,15.1608976146566,5.14117119565176,6.3124364644969,7.43150458861094,20.168223075264,0,0,0,0,0,0,0,0,498.379693333493,379.301930908275,434.961452589279,903.099973154351,482.919854275283,644.976335043057,270.767030957968,783.803943030355,19.1485437787833,14.5733867846398,16.7225435435998,34.7174114844073,18.5439924379284,24.7678109556478,10.4094547546029,30.132359887323,233.094390875529,176.692722146153,285.554403730937,605.570918752091,332.39778746184,440.954417542805,212.479573851143,619.816277048407,8.95585866977512,6.78881696411416,10.9778665147173,23.278272296684,12.7642565881442,16.9334006485146,8.16646882311939,23.8217242922624,0,0,41.4214727247899,89.0662971346583,37.4678138318456,47.465872527786,60.7220158937885,165.561798904871,0,0,0,0,0,0,0,0,1172.01422912216,543.141765954566,3605.20123362945,3783.48447039041
"281",2013,2344,23.3333333333333,2116.09707745652,1678.62854472296,521.519499639501,951.754154082385,154.300393930175,185.928760027363,100.748783482794,280.143835119215,0,0,0,0,0,0,0,0,0,0,0.87731829395544,1.61402102762709,0.318334889570596,0.382543356714656,0.212225644612446,0.587444606801755,0,0,0,0,0,0,0,0,7757.74551939944,5547.71062139341,1322.72461781919,2545.58609223367,765.460696986563,964.458031900793,1245.36430372816,3442.37901920336,298.064988803509,213.151913802239,50.9922667161237,98.14502097001,29.4994629613031,37.1690962499549,48.0711482757301,132.871707917682,19225.726514642,13607.9221325325,3548.06619126477,6626.20794918194,2220.18298388908,2692.60528991076,3019.91349851668,8182.79377420523,738.682551679542,522.83814629658,137.945110049625,258.053608729871,86.8335085444914,105.380326240279,118.413696122285,320.9214652402,0,0,7.89324261914436,15.0613439434763,5.14372202900086,6.28796854688617,7.48991083469594,20.3692435791741,0,0,0,0,0,0,0,0,499.073236239182,379.437816757081,433.442174730323,898.275765339706,484.192015564972,643.617452016573,272.889106421943,791.385983180055,19.1751908257312,14.578607735617,16.6642122836091,34.5321557809716,18.5929611640633,24.7158142307971,10.4911743719776,30.4242439899661,233.229355313038,176.608262247967,284.386553353345,601.77054477396,333.084185439328,439.713256809906,213.694201359288,624.500590548779,8.96104423096231,6.78557187937733,10.9330312935307,23.13234248426,12.7907144422972,16.8858932194859,8.21330717795943,24.0022058700316,0,0,41.2158727339007,88.3894668574083,37.4657143149689,47.2275184484915,61.1837986419064,167.099034687819,0,0,0,0,0,0,0,0,1177.12655453711,545.245825067418,3622.42865636898,3798.68684203885
"282",2013,2344,23.4166666666667,2107.50422550016,1671.41756576728,518.15945181351,945.568769467943,153.366917643151,184.355232490107,100.51295633477,280.725711400646,0,0,0,0,0,0,0,0,0,0,0.871256525035094,1.60205510755003,0.316462793779909,0.379300591485096,0.211772362146001,0.588825512777807,0,0,0,0,0,0,0,0,7762.13559675334,5546.05276627821,1317.17835341481,2531.48084616019,766.72547363198,961.818791090977,1255.24256923499,3476.68683523727,298.233662595923,213.088216357522,50.7785585018007,97.6012322906107,29.5482087872651,37.0673804675712,48.4527828262954,134.196786961415,19215.7291307891,13588.9248146253,3528.43535290158,6581.39936407142,2220.02786034531,2680.93507668147,3042.57332290229,8260.89707580306,738.298448297839,522.108238606681,137.182047819375,256.304351827863,86.826363739921,104.920832305113,119.300517144515,323.976813453373,0,0,7.85356048903177,14.9627285008188,5.14578155926505,6.26328381189544,7.54799317986563,20.5687554655319,0,0,0,0,0,0,0,0,499.737156685325,379.556487713859,431.898119695766,893.462828658487,485.3908618249,642.197204190331,274.996391978746,798.853641248484,19.2006997301033,14.5831672629248,16.6049259310099,34.3473274914184,18.6391115142978,24.6614558529695,10.5723222406137,30.711727737557,233.360937080694,176.521935525647,283.215490359185,598.001541880642,333.738698466408,438.448155649616,214.920572015873,629.155649051639,8.96609982433032,6.78225506828023,10.8880707192023,22.9876135830338,12.8159449979452,16.8374610956072,8.26059286692064,24.1815554165531,0,0,41.0106184488856,87.719042119786,37.4613250331383,46.9889967378893,61.6446067393453,168.629129341499,0,0,0,0,0,0,0,0,1182.24583659506,547.350589890153,3639.65791809378,3813.83157820647
"283",2013,2344,23.5,2099.09996783074,1664.37836417595,514.91562007571,939.595137712826,152.433661357623,182.805960516439,100.264203278167,281.219097461192,0,0,0,0,0,0,0,0,0,0,0.865316377178709,1.59043978060467,0.3145852531381,0.376101144945869,0.211291638088706,0.59002049847201,0,0,0,0,0,0,0,0,7766.28150211595,5544.228365437,1311.71176361586,2517.53977713859,767.898579086635,959.11305646948,1265.07727238136,3510.77349598499,298.392954909959,213.018119959677,50.5679047539485,97.0637586032823,29.5934223310766,36.9631033850997,48.8327292749846,135.51332897734,19205.8070822868,13570.0474588639,3509.18528255246,6537.36024897603,2219.69008398116,2669.21372114332,3065.10518780418,8338.37281168814,737.917239187765,521.38294006167,136.433651089944,254.58496113067,86.8121260888975,104.459406997184,120.182394615992,327.007776199288,0,0,7.81393669538468,14.8651477407826,5.14735868551831,6.23839531264176,7.60575209870191,20.7667647406889,0,0,0,0,0,0,0,0,500.372465619646,379.658389053513,430.334775051707,888.665826345948,486.518297897522,640.71826615165,277.088893243448,806.21203865282,19.2251093341293,14.5870824747368,16.5448954131144,34.1631059758854,18.6825166694237,24.6048387024685,10.6528986936614,30.9950080233603,233.489607489227,176.434324668557,282.042109804041,594.266039494068,334.36169213354,437.161046941236,216.157269859758,633.779190757301,8.97104355839489,6.77888891868,10.8430192187293,22.8441675850341,12.8399623691471,16.7881787327374,8.3082716072022,24.3596863291968,0,0,40.8057435639366,87.0550677223491,37.4546871743014,46.7503863625479,62.1044406383854,170.152138301275,0,0,0,0,0,0,0,0,1187.37177683808,549.455966181785,3656.88712666903,3828.91810499215
"284",2013,2344,23.5833333333333,2090.88184358577,1657.50802169857,511.783915509573,933.826000306552,151.502126162952,181.281791028611,100.003481935714,281.628815231041,0,0,0,0,0,0,0,0,0,0,0.859508525791771,1.57917299643143,0.312704707850953,0.372946919787756,0.210784679987438,0.591037462014196,0,0,0,0,0,0,0,0,7770.17714784059,5542.23443063592,1306.31892178261,2503.75482461922,768.980567711819,956.341366320816,1274.8656265703,3544.62661991063,298.542631848497,212.94150979598,50.3600792169702,96.5322913808691,29.6351249639676,36.8562857967877,49.2108808027608,136.820857949834,19195.9670792379,13551.2938428608,3490.30980777685,6494.07877798483,2219.17774894136,2657.44944159104,3087.51192860283,8415.23307783062,737.539182165959,520.662395803338,135.699687281798,252.894985102593,86.791108363378,103.996368538656,121.059437419788,330.014821852979,0,0,7.77448515113374,14.7686755479266,5.14846444445825,6.21331676796643,7.66318846634758,20.963277038345,0,0,0,0,0,0,0,0,500.980077867206,379.743922870924,428.756823658704,883.888648460084,487.576105397191,639.183073978325,279.166597338076,813.465721514669,19.2484547868529,14.5903688201814,16.4843007552855,33.97964089136,18.7232450729603,24.5460564765732,10.73290334806,31.2742596242808,233.615724994483,176.345880570838,280.86743754947,590.565866143328,334.953502697232,435.853600563498,217.402958149847,638.369426392764,8.97588920560673,6.77549075465037,10.797916245513,22.7020749119026,12.8627795401429,16.7381104761439,8.35629215905195,24.5365301488292,0,0,40.6012982840785,86.3975925547313,37.445839963496,46.5117615015829,62.563298333577,171.668111329394,0,0,0,0,0,0,0,0,1192.50408675007,551.561862070712,3674.11451143018,3843.94591559546
"285",2013,2344,23.6666666666667,2082.84722334861,1650.80351999032,508.760365603294,928.254290133665,150.573686544773,179.783443566077,99.731706474911,281.959487555632,0,0,0,0,0,0,0,0,0,0,0.853840742148148,1.56825109021569,0.31082367610402,0.369839682183075,0.210252809583125,0.591884387035857,0,0,0,0,0,0,0,0,7773.81837234972,5540.06931809119,1300.9948334671,2490.11946297167,769.972334594225,953.504862817837,1284.60512568504,3578.23512921786,298.682533517072,212.85832270963,50.1548912640739,96.0065808880143,29.6733511628463,36.7469717042078,49.5871413283274,138.118947851498,19186.2143036199,13532.6667011326,3471.80248515165,6451.5427058863,2218.49852937716,2645.64988472115,3109.79613308852,8491.48904754777,737.164476336056,519.946710896041,134.979913105763,251.233955613143,86.763607188384,103.532013061986,121.931744891826,332.998383200285,0,0,7.73529688260591,14.6733678365059,5.14911130293809,6.18806229514237,7.7203034279916,21.1582976704387,0,0,0,0,0,0,0,0,501.560828077801,379.813457386568,427.168270825479,879.134555341791,488.565974144203,637.593892720706,281.229476453941,820.618727379911,19.270768156856,14.5930404468777,16.4232959610389,33.7970576995669,18.7613616397174,24.4851962847681,10.8123352413227,31.5496377634706,233.739558784161,176.25694779539,279.692569664211,586.902575101208,335.51445205859,434.527267850199,218.656381850171,642.924965219378,8.98064710859194,6.77207381484882,10.7528039525209,22.5613954018557,12.8844089403136,16.6873122666691,8.40460642055552,24.7120337163457,0,0,40.397344543564,85.7466668637195,37.4348215910117,46.2731924056952,63.0211759799149,173.177093688065,0,0,0,0,0,0,0,0,1197.64248676249,553.668187815343,3691.33840770836,3858.91456093098
"286",2013,2344,23.75,2074.9933439755,1644.26176758018,505.841116588361,922.873137602904,149.649599215139,178.311521244277,99.4497496929931,282.215545724919,0,0,0,0,0,0,0,0,0,0,0.848318413715805,1.55766910624276,0.308944682627343,0.366781041769565,0.209697425844136,0.592569265441765,0,0,0,0,0,0,0,0,7777.20262616441,5537.73249531626,1295.73530454863,2476.62842685475,770.875044919888,950.605152370475,1294.29350884478,3611.58914462648,298.812561960627,212.768538241642,49.9521808564811,95.4864256602934,29.7081457965939,36.6352229543759,49.9614241587218,139.407218619401,19176.5526536505,13514.1679002373,3453.6566738821,6409.73949654014,2217.65971756506,2633.82218794325,3131.96017000625,8567.15106906401,736.793271477569,519.235957055795,134.274077405619,249.601392907605,86.7299045109687,103.066617015993,122.799407927192,335.958861205315,0,0,7.69644413699478,14.5792659083291,5.14931268550314,6.16264621804471,7.77709830975549,21.3518316940834,0,0,0,0,0,0,0,0,502.115482882338,379.867333810652,425.572543905161,874.406284566053,489.489522769435,635.952860336772,283.277490729744,827.674642145858,19.2920788993261,14.5951104646675,16.3620128347355,33.6154617736643,18.7969285483127,24.4223403393696,10.891192942105,31.8212802971144,233.861306226346,176.167783835041,278.518630768204,583.277469876949,336.044858273156,433.183318640499,219.916367342792,647.444753047042,8.98532485055214,6.76864799256145,10.7077255923923,22.4221792901915,12.9048628477464,16.6358330630977,8.45316941603028,24.8861567905082,0,0,40.1939525616106,85.1023403967001,37.4216698044986,46.0347460027285,63.4780683422991,174.679126992697,0,0,0,0,0,0,0,0,1202.78670550113,555.774855637363,3708.55724517914,3873.82364302282
"287",2013,2344,23.8333333333333,2067.31733783322,1637.87962235122,503.02243453947,917.67587432658,148.731011249155,176.866520753762,99.1584449068421,282.401236585514,0,0,0,0,0,0,0,0,0,0,0.842944976052831,1.54742106784648,0.307070206598007,0.363772440410382,0.209119975432747,0.593100035842866,0,0,0,0,0,0,0,0,7780.32870834803,5535.22434628704,1290.53682620739,2463.27748208471,771.690076924801,947.644192772551,1303.92873133705,3644.6798892477,298.932671037256,212.672171144985,49.7518141460222,94.9716637260019,29.7395619335257,36.5211149058578,50.3336508766506,140.685332478859,19166.9849491992,13495.7985853031,3435.86559745907,6368.65642791278,2216.66825649012,2621.97303167149,3154.00621346961,8642.22875211056,736.425675938143,518.530178280125,133.581923540582,247.996809677275,86.6902688551475,102.600439185035,123.662509925844,338.896628352887,0,0,7.65798375435573,14.4863991859911,5.14908261571657,6.13708291438138,7.83357455097274,21.5438839810309,0,0,0,0,0,0,0,0,502.644751101842,379.905871927282,423.972577302467,869.706139041319,490.348314202332,634.262020099728,285.310590789045,834.636651827108,19.3124142483029,14.5965911601675,16.3005642445341,33.4349417814053,18.8300058370234,24.3575672031342,10.9694746477439,32.0893097032273,233.98110716585,176.078575146192,277.346742487135,579.691628956348,336.545043493748,431.822873418374,221.181820728026,651.928017859512,8.98992780455289,6.76522045174115,10.662724305608,22.2844681605167,12.9241536943484,16.5837160763168,8.50193923023656,25.0588699583247,0,0,39.9911980899904,84.4646609932575,37.4064223341459,45.7964863746913,63.9339691599121,176.174249914786,0,0,0,0,0,0,0,0,1207.93647914807,557.881779589867,3725.76953808305,3888.67280970035
"288",2013,2344,23.9166666666667,2059.81625767448,1631.65391052155,500.300705549748,912.656034958328,147.818967628508,175.448841536844,98.8585876926674,282.520629321936,0,0,0,0,0,0,0,0,0,0,0.8377222778395,1.53750020595377,0.305202642136432,0.360815146247075,0.208521928618905,0.593484533656367,0,0,0,0,0,0,0,0,7783.19654174152,5532.54600608265,1285.39647429656,2450.06323247014,772.418974578154,944.624200597627,1313.50893986311,3677.49959926084,299.042857782385,212.569265031213,49.5536796280141,94.4621652056853,29.767659022605,36.4047328719041,50.7037503930985,141.952990526762,19157.5131071898,13477.559304549,3418.4223956888,6328.28067908271,2215.53076834596,2610.10868411623,3175.93626432137,8716.73104580467,736.061763372785,517.829395632347,132.90319139718,246.419714433829,86.6449564189245,102.133722418462,124.521127619625,341.812031653251,0,0,7.61995999658091,14.3947874931723,5.14843543152065,6.11138669037946,7.88973365165278,21.7344592831885,0,0,0,0,0,0,0,0,503.149292453348,379.929374713209,422.370885644306,865.036060803656,491.143867898579,632.523345340271,287.328720013847,841.507589492518,19.3317995511723,14.5974941742287,16.239046931193,33.2555725191873,18.8606518742296,24.2909527420853,11.0471782717003,32.353834885175,234.099055871729,175.9894507081,276.177999234262,576.145928879191,337.015339877976,430.446930695287,222.451725359696,656.374222665171,8.99445959256637,6.76179614797714,10.6178421899634,22.1482958319251,12.942294292889,16.5309998210912,8.55087691328533,25.2301528231774,0,0,39.789160161938,83.8336734852672,37.3891172083705,45.5584751424619,64.3888714483383,177.662498778535,0,0,0,0,0,0,0,0,1213.09155089243,559.988875450872,3742.97387685985,3903.46175018913
"289",2014,2344,24,2052.79605455554,1625.71989787124,497.370224586063,907.502177465892,146.885758526939,173.823854742591,98.614898854966,283.011189330584,0,0,0,0,0,0,0,0,0,0,0.832574328545443,1.52754158319589,0.303286497631378,0.357426958517123,0.208024042311329,0.594551207376574,0,0,0,0,0,0,0,0,7786.4903999119,5530.27815191045,1279.55903421951,2435.85413110982,772.915450087003,940.272894035501,1323.27881741539,3711.86383068604,299.169413080727,212.482130447234,49.3287480912641,93.9143785502464,29.7867993965598,36.237044490194,51.0811538525349,143.280170673473,19149.9022365924,13460.8229693644,3399.36559987238,6285.80908639867,2213.82639514894,2594.71269053907,3198.4287380861,8795.54627691631,735.769352050054,517.186358564894,132.162407806153,244.761654414581,86.5775086289652,101.5288679273,125.401736418156,344.896081609354,0,0,7.58171304390323,14.3010244480121,5.14640319472747,6.07732785364529,7.94713537320507,21.9349280560344,0,0,0,0,0,0,0,0,503.679751185567,379.968893175119,420.695553590697,860.133366809631,491.789922461386,629.861483970822,289.457958723401,849.30435010178,19.3521806408789,14.5990125361857,16.1746972631494,33.0672563995669,18.8855540984165,24.1888805243066,11.1291470317812,32.6539154682487,234.235063075357,175.91842096084,274.973485305079,572.489318533045,337.391147740897,428.473057281612,223.810676891423,661.486261159494,8.99968521669539,6.75906707118012,10.5715836162845,22.0078560446314,12.9568038810498,16.4553164090252,8.60323211193294,25.4270046403822,0,0,39.5851362884997,83.190276606375,37.3626517181836,45.2593202195929,64.8529523158574,179.223258115256,0,0,0,0,0,0,0,0,1218.24727265184,562.105130902561,3760.15313206194,3918.25022689085
"290",2014,2344,24.0833333333333,2046.26418532346,1620.07225158046,494.204448921711,902.181884492056,145.925074670376,171.976401240758,98.4313560803362,283.902016935667,0,0,0,0,0,0,0,0,0,0,0.827381203044251,1.51745431757275,0.301316948403367,0.353575818785966,0.207640279930718,0.596380679887541,0,0,0,0,0,0,0,0,7790.34675750349,5528.5231397295,1272.96599136986,2420.5636898874,773.157955874938,934.465542670697,1333.28318143808,3748.07142373044,299.317580506365,212.414700072681,49.0747591643479,93.3249623712467,29.7961530997589,36.0132431823253,51.4675888572159,144.678390932912,19144.3554724711,13445.7460515096,3378.47139457211,6240.92299542868,2211.47794949283,2575.42790366789,3221.5551447928,8879.16127499582,735.556246745221,516.607078972968,131.350929774788,243.010270781229,86.4849226688877,100.771903393491,126.307134806401,348.167820951946,0,0,7.5421995693532,14.2039145664037,5.14286598691744,6.03409745704407,8.00599404365036,22.1466216655791,0,0,0,0,0,0,0,0,504.243063069102,380.029701371966,418.911947802664,854.948343779454,492.27416104163,626.181975924526,291.704059322603,858.052128604651,19.3738240008179,14.6013488838178,16.1061844639238,32.8680827673261,18.9042395227445,24.0477229136959,11.2156020621468,32.9905200266284,234.390515746824,175.865838370547,273.724156180361,568.693846897226,337.661531286273,425.830068104061,225.26723023602,667.333833365785,9.0056579665537,6.75704676366242,10.5236010177827,21.8620744181696,12.9672625188853,16.3539319702217,8.65933352538208,25.6521030096992,0,0,39.3786966280285,82.532052287939,37.3261082904627,44.8927977643887,65.3275230959483,180.865267799742,0,0,0,0,0,0,0,0,1223.4035601126,564.232018260544,3777.29887709665,3933.02671354337
"291",2014,2344,24.1666666666667,2039.856855613,1614.54496223938,491.151969069067,897.044309029011,144.969832740097,170.180677437074,98.2338735719214,284.690626620577,0,0,0,0,0,0,0,0,0,0,0.822216326643048,1.50763868061195,0.299360206525045,0.34982533415212,0.207232966146362,0.598024717966362,0,0,0,0,0,0,0,0,7793.98187768692,5526.61552518887,1266.48547653129,2405.49268115306,773.313285039729,928.672710998104,1343.23887798318,3784.03512559029,299.457247636985,212.341406471431,48.82508133968,92.7439805422692,29.8021482406323,35.7900032182433,51.8521425087445,146.067203720692,19138.8573378632,13430.7577678238,3357.98853865697,6196.83253033746,2208.97286184644,2556.32815732912,3244.53805171463,8961.94998245772,735.345009665065,516.03120485378,130.555282112318,241.289760014942,86.3862604029095,100.022234593414,127.206983508652,351.407412756417,0,0,7.50209871441354,14.1072898500982,5.13894148819067,5.99122518602974,8.06452234572912,22.3564663299257,0,0,0,0,0,0,0,0,504.782532591686,380.077161821175,417.101526748865,849.783032413569,492.697128890396,622.498129405359,293.919740675493,866.563193214752,19.3945512988403,14.6031723896506,16.0366389354323,32.6696622604041,18.9205692490425,23.9063944738539,11.3008859537889,33.3180274856187,234.543391256938,175.811530251841,272.474683207435,564.93312197094,337.901729709864,423.191199131797,226.722196097606,673.099608338138,9.01153169756046,6.75496015859035,10.4756113339839,21.7176245273551,12.9765596434094,16.2527018592277,8.71537113883594,25.8740535579768,0,0,39.1729257433993,81.8809172735904,37.2877112744871,44.5299608111871,65.8009446206266,182.497220333839,0,0,0,0,0,0,0,0,1228.56548844545,566.359208480541,3794.42561224566,3947.7152820614
"292",2014,2344,24.25,2033.574930161,1609.13784945203,488.208936727788,892.083687537866,144.021346205644,168.435871644976,98.023542342737,285.382968521612,0,0,0,0,0,0,0,0,0,0,0.81710543485367,1.49809807589159,0.297416243548236,0.346173996202249,0.206802303676175,0.599488343097574,0,0,0,0,0,0,0,0,7797.37863506598,5524.54438599197,1260.10779271513,2390.62548063458,773.38080602111,922.891008256432,1353.13969078121,3819.72970153292,299.587756487478,212.261829991384,48.5793443312234,92.1708347987084,29.8047605043232,35.5671940802255,52.2345759517531,147.44563882552,19133.4226227412,13415.8675834429,3337.91185478691,6153.52805383744,2206.319782443,2537.41626350243,3267.3821662193,9043.93663489381,735.136209067113,515.459099872874,129.775271334918,239.599755242404,86.2818562286383,99.2799692087117,128.101464716366,354.615798802086,0,0,7.46165350032057,14.0113404114085,5.1346269258546,5.94870434578729,8.1227149333755,22.5644681947399,0,0,0,0,0,0,0,0,505.298825105859,380.111496782984,415.2708000728,844.642586921257,493.059745967298,618.811584843108,296.106250686893,874.853244004997,19.4143880988573,14.6044915932777,15.9663107408226,32.4721929192593,18.9345786068731,23.7649583125201,11.3850467282627,33.6370410570312,234.694834824664,175.756582705133,271.225823230999,561.210026599542,338.11364874317,420.559978859837,228.175063429447,678.780362758101,9.01735041086119,6.75284898567851,10.4276437038057,21.5746173173224,12.9847684864843,16.1517617418398,8.77132544905964,26.0927327946579,0,0,38.9677783231753,81.2368302479418,37.2475176554465,44.1708235614175,66.2732513577221,184.119338759199,0,0,0,0,0,0,0,0,1233.73281719258,568.486627502777,3811.53167077941,3962.31608654384
"293",2014,2344,24.3333333333333,2027.41881881677,1603.85039874701,485.371575635586,887.294320144793,143.080794694158,166.741120078127,97.8013947827329,285.984704729191,0,0,0,0,0,0,0,0,0,0,0.812068748349751,1.48883371484676,0.295485620449489,0.342620349770184,0.206348840122531,0.600777405294128,0,0,0,0,0,0,0,0,7800.52393655875,5522.30168370426,1253.82484079802,2375.94948507406,773.36076334432,917.118526908371,1362.98023707919,3855.13263750492,299.7086040007,212.17566178303,48.3372389423306,91.6050426068132,29.8039992622677,35.3447422528682,52.614682298075,148.812830345003,19128.062979963,13401.0827750808,3318.23553617031,6110.99882344567,2203.52675511935,2518.69435236557,3290.09162350195,9125.14328824896,734.930292675968,514.891043613124,129.010679399279,237.939846495318,86.1720211491695,98.5451885130936,128.990738466269,357.793836589859,0,0,7.42105991798052,13.9162160009998,5.12992451574578,5.9065307188611,8.18056765026136,22.77063319069,0,0,0,0,0,0,0,0,505.792501072509,380.132876780735,413.42527376323,839.531163573473,493.362892375673,615.12367818701,298.26466084764,882.936309373966,19.4333559346755,14.6053130464785,15.8954114206413,32.2758344753134,18.9463013868827,23.6234658158144,11.4681256208815,33.9480997072411,234.845712645475,175.701826764945,269.978472002262,557.526906919866,338.298783182443,417.939205712159,229.625346594903,684.374139136042,9.02314738707323,6.75074517460211,10.379732588595,21.4331430829136,12.9919464957043,16.0512192376695,8.82717792073404,26.3080658278755,0,0,38.7632421586656,80.5997678217698,37.2055776102102,43.8153918340337,66.7444708314726,185.731828126071,0,0,0,0,0,0,0,0,1238.90531227147,570.614202387074,3828.61550289618,3976.82934027975
"294",2014,2344,24.4166666666667,2021.38856285693,1598.68182949317,482.636191982833,882.670595182613,142.149238771423,165.095518623151,97.5684098713817,286.501230201973,0,0,0,0,0,0,0,0,0,0,0.807122142134357,1.47984509259525,0.293569268379475,0.339162948889276,0.205873369556076,0.601898323421271,0,0,0,0,0,0,0,0,7803.40792104477,5519.88167340622,1247.62982589623,2361.45445417167,773.254030667255,911.354429529819,1372.75583290202,3890.22388851617,299.819411296632,212.082681117373,48.0985058366911,91.0462119534722,29.7998980869839,35.1226153625173,52.9922814635778,150.168007066921,19122.7875430297,13386.408874019,3298.95331153981,6069.23329967653,2200.60131612356,2500.16402091725,3312.67008135146,9205.59010900995,734.727611418531,514.327248595105,128.261270072183,236.309592627891,86.0570465902913,97.8179531223648,129.874946312193,360.942310558921,0,0,7.38047721881727,13.8220351408401,5.12483997352676,5.86470192306128,8.23807725293901,22.9749670198616,0,0,0,0,0,0,0,0,506.264041867017,380.141436725106,411.569639996613,834.452149627837,493.607456066582,611.435565111807,300.39589632847,890.824964912074,19.4514733015094,14.6056419327368,15.8241212769234,32.080717136455,18.9557716760541,23.4819614251833,11.5501582371889,34.2516865650782,234.996672778313,175.647892919052,268.733594670586,553.885652111608,338.458315274313,415.331094899881,231.072586988051,689.879969810319,9.02894752566004,6.74867294970962,10.3319151076839,21.2932745412405,12.9981391120632,15.9511595583574,8.88291104914673,26.5200157635254,0,0,38.5593290746543,79.9697184477388,37.1619367036408,43.4636651168936,67.2146250588376,187.33487841164,0,0,0,0,0,0,0,0,1244.08274478444,572.741861008164,3845.67565641779,3991.25530220356
"295",2014,2344,24.5,2015.48388532321,1593.63113481791,479.999181625124,878.207005246541,141.227628436882,163.498130252088,97.3255158263512,286.937683052971,0,0,0,0,0,0,0,0,0,0,0.802277808128921,1.47113026722247,0.291668377129324,0.335800338743464,0.205376877446962,0.602857935514344,0,0,0,0,0,0,0,0,7806.02350085727,5517.28056461015,1241.51708031175,2347.13212835889,773.061977875605,905.598720221883,1382.46241826985,3924.98573470071,299.919906055783,211.982742357814,47.8629287663051,90.4940267011267,29.7925096454107,34.900813398018,53.3672173032231,151.510486971737,19117.6032799314,13371.8499203016,3280.05854425491,6028.21932611738,2197.55054575145,2481.82641349705,3335.12077337411,9285.29554319146,734.528433019327,513.76787004366,127.526792754664,234.708528280472,85.9372063962049,97.0983061123495,130.754213386283,364.061938609742,0,0,7.34003362335582,13.7288901297656,5.11938173279346,5.82321704299014,8.29524126386993,23.1774752279528,0,0,0,0,0,0,0,0,506.713864487437,380.137285025577,409.707887178498,829.408289331069,493.794350392693,607.748276810968,302.500754374387,898.530470454397,19.4687562210944,14.605482417318,15.7525935953135,31.8869464229828,18.9630245342372,23.3404847850787,11.6311752599168,34.5482341870841,235.148179932655,175.595242515549,267.492190041655,550.287749058944,338.59317348645,412.737371406096,232.516352250217,695.297704186219,9.03476868150579,6.74665003673254,10.2842296680519,21.1550689359166,13.0033820268605,15.8516490780427,8.93850833016737,26.7285770688788,0,0,38.3560699129682,79.3466791734257,37.1166370223136,43.1156377080618,67.6837313377475,188.928666029981,0,0,0,0,0,0,0,0,1249.2648904124,574.869531918329,3862.7107671957,4005.59427055321
"296",2014,2344,24.5833333333333,2009.70423815122,1588.69711881398,477.457035873584,873.89816077903,140.316811512765,161.947991923311,97.073592769724,287.298955401167,0,0,0,0,0,0,0,0,0,0,0.797544874624161,1.46268612162954,0.289784294781404,0.332531040583383,0.204860490113617,0.603663361231394,0,0,0,0,0,0,0,0,7808.36593103771,5514.49620391031,1235.48189763952,2332.97587681756,772.786349561286,899.852037916008,1392.09648430993,3959.40262647179,300.009905969258,211.875762767063,47.6303282266214,89.9482331017786,29.7819010292129,34.6793607716422,53.7393548184447,152.839671314806,19112.5153259905,13357.4087009298,3261.54432345682,5987.94429366928,2194.38111708508,2463.68229560141,3357.44656068962,9364.27648517772,734.332954788853,513.213015039719,126.806986000931,233.13617023304,85.8127587128534,96.3862758772981,131.628650401088,367.153378622272,0,0,7.29983163647318,13.6368516926554,5.11356023077141,5.78207628935896,8.35205783587938,23.3781632770178,0,0,0,0,0,0,0,0,507.142335149771,380.12051188762,407.843403337871,824.401800126574,493.924528550721,604.062768751396,304.579921898209,906.062904223486,19.4852187640376,14.6048379660605,15.6809586122549,31.6946076276933,18.9680965509071,23.1990726198639,11.7112031252462,34.8381297113524,235.300548064378,175.544197184812,266.255258775909,546.734333842625,338.704086773038,410.159355890998,233.9562357612,700.62784956559,9.04062291730047,6.74468879322407,10.2367147450231,21.0185700191841,13.0077032657461,15.7527386322811,8.99395424087149,26.9337694585628,0,0,38.1535099093357,78.7306526662795,37.0697181971143,42.7712997529595,68.1518030008979,190.513355330567,0,0,0,0,0,0,0,0,1254.45152886581,576.997144231702,3879.71955012665,4019.84657705381
"297",2014,2344,24.6666666666667,2004.04884665398,1583.87843140414,475.006345519402,869.738800712103,139.417542247156,160.44412105166,96.8134755627626,287.589705538764,0,0,0,0,0,0,0,0,0,0,0.792929984222678,1.45450860808882,0.28791843959863,0.329353539950562,0.204325429041984,0.60432187782571,0,0,0,0,0,0,0,0,7810.43240408324,5511.52777779745,1229.5203762106,2318.98037367118,772.429155781296,894.115472247517,1401.65500192845,3993.46101475937,300.089303168307,211.761711088791,47.4005554689776,89.4086273904932,29.7681495564324,34.4582992459468,54.1085774239723,154.155038134073,19107.5272974021,13343.0869732427,3243.40354723015,5948.39528883775,2191.09934265411,2445.73212160286,3379.64998225212,9442.54844817932,734.141315670303,512.662751102953,126.10158073153,231.592023145982,85.683947790422,95.6818787525662,132.498355598227,370.217235036785,0,0,7.25995298132919,13.5459732801883,5.10738726539328,5.74128068686038,8.40852562801175,23.5770366175908,0,0,0,0,0,0,0,0,507.549781727629,380.091196711957,405.979073434054,819.434479025821,493.998994547609,600.37996173974,306.633992419676,913.431296710258,19.5008735277706,14.6037116296668,15.609327248781,31.5037698985663,18.9710262680755,23.0577603149253,11.7902646740233,35.1217200017925,235.453970760334,175.494966300316,265.023776353909,543.22624112162,338.791633842682,407.598043723733,235.391856125992,705.871425064947,9.04651767096387,6.74279726364786,10.1894078457134,20.8838099526007,13.0111250810065,15.654466553387,9.04923422009029,27.1356322836404,0,0,37.9517044917126,78.121644555576,37.0212183063968,42.4306381837898,68.6188501284635,192.089100075237,0,0,0,0,0,0,0,0,1259.64244338744,579.124627530781,3896.70079060393,4034.01258159587
"298",2014,2344,24.75,1998.51674474233,1579.17359584819,472.643803198172,865.723799655188,138.53048870458,158.98552083194,96.5459561782909,287.814368512739,0,0,0,0,0,0,0,0,0,0,0.788437735299706,1.44659293926304,0.286072243755523,0.326266282887943,0.203772977689388,0.604840828531378,0,0,0,0,0,0,0,0,7812.22173459782,5508.37558221966,1223.62929259564,2305.14134927895,771.99259539841,888.390432162992,1411.13536521199,4027.14919855207,300.15805210812,211.640598693798,47.1734876624827,88.8750462556814,29.751339823853,34.2376828841519,54.4747847790776,155.456136418191,19102.6415355412,13328.8856383197,3225.62898713746,5909.55920554544,2187.71120936702,2427.97608426705,3401.73329486942,9520.12570762693,733.953605626233,512.117112854171,125.410302728566,230.075583892916,85.5510053325324,94.9851209339162,133.363416297567,373.254064386561,0,0,7.22046229192011,13.4562942445799,5.10087555519798,5.70083184145629,8.46464371656552,23.7741007800055,0,0,0,0,0,0,0,0,507.936503053043,380.049413408949,404.117355844293,814.507780858882,494.018804995845,596.700763230101,308.663480026446,920.643746606945,19.5157319939012,14.6021062478911,15.5377940455715,31.3144892423936,18.9718542506775,22.9165827383333,11.8683796886107,35.3993161032562,235.608544502607,175.447668164707,263.798676501307,539.764047563073,338.85628099482,405.05416907901,236.822855846656,711.029844476294,9.05245664949529,6.74097999338063,10.1423448733808,20.7508109778329,13.0136654050228,15.556861132619,9.10433461761455,27.3342200323503,0,0,37.7507162349145,77.5196616119106,36.9711744665209,42.0936374035548,69.0848800888622,193.656044570805,0,0,0,0,0,0,0,0,1264.8374204189,581.251911824894,3913.65333839849,4048.09266880418
"299",2014,2344,24.8333333333333,1993.1068052888,1574.58103234679,470.366204699875,861.848172993499,137.65623955693,157.571184893133,96.271785885529,287.977166161392,0,0,0,0,0,0,0,0,0,0,0.784071055476975,1.43893375087836,0.284247110433556,0.323267674900037,0.203204454408387,0.605227547523532,0,0,0,0,0,0,0,0,7813.73408946536,5505.04082619471,1217.80599235268,2291.45538191568,771.478994560221,882.678540855584,1420.5353415812,4060.45717870619,300.216159200642,211.51247203448,46.9490237154748,88.3473588567286,29.7315613408382,34.0175740113761,54.8378908774305,156.74258051248,19097.85931625,13314.8048889381,3208.21334234718,5871.42283750149,2184.22240833803,2410.41415569022,3423.69850835032,9597.0214312892,733.769873679695,511.576107700067,124.732874730143,228.586345143037,85.4141516479155,94.2960000647581,134.223910257614,376.264380317727,0,0,7.1814102099067,13.3678424884927,5.0940383873932,5.66073174805155,8.52041152199792,23.9693614586942,0,0,0,0,0,0,0,0,508.302776614142,379.995234651976,402.260347787783,809.622882820494,493.985068184243,593.026081366029,310.668831625914,927.707525703536,19.52980482397,14.6000246129606,15.4664396735772,31.1268110024663,18.9706230519865,22.7755747828441,11.9455653640984,35.6711972729099,235.764288345962,175.402347977291,262.580839325536,536.34811025872,338.89841323378,402.52825892293,238.248900037393,716.104817638477,9.05844058501287,6.73923871905189,10.095559672416,20.6195868943649,13.0153390456328,15.4599426942522,9.1592426450835,27.5295985420208,0,0,37.5506123665226,76.9247103023043,36.919623285279,41.7602798429284,69.5498980001185,195.214324665493,0,0,0,0,0,0,0,0,1270.03624934528,583.378927532245,3930.5761025293,4062.08724529716
"300",2014,2344,24.9166666666667,1987.81776611898,1570.09907813769,468.170449374779,858.107080172309,136.795310312872,156.200101348552,95.9916772608439,288.082116612026,0,0,0,0,0,0,0,0,0,0,0.779831513859254,1.43152523861782,0.282444382492954,0.320356082152062,0.202621190816413,0.605489299732825,0,0,0,0,0,0,0,0,7814.97075919634,5501.52546613513,1212.0482964179,2277.91972540165,770.890758527688,876.98155373308,1429.85302826597,4093.37651899439,300.263674029351,211.377406279335,46.7270806952919,87.82546021902,29.708906675986,33.7980400603,55.1978223790742,158.014044800212,19093.1810274139,13300.8443345588,3191.1492844377,5833.97295335335,2180.63836016995,2393.04612072834,3445.54741610285,9673.24779647662,733.590134737014,511.039720635407,124.069018165704,227.123798278786,85.2735966262241,93.6145065327602,135.079906859623,379.248658110315,0,0,7.14283594864079,13.2806366446004,5.08688934314729,5.62098263432288,8.57582874981616,24.1628245881862,0,0,0,0,0,0,0,0,508.648864813999,379.928735186804,400.409840726975,804.780736874041,493.898940977705,589.356832968186,312.650437603474,934.629173229854,19.5431020999261,14.5974695967272,15.3953330601408,30.9407718702733,18.967377095344,22.6347716748192,12.0218367183063,35.9376146063263,235.921160345906,175.358992885181,261.37108355307,532.9786005088,338.918359300913,400.020677848568,239.669675164369,721.098268510412,9.06446786594556,6.73757294683296,10.049083730551,20.4901443588241,13.0161586479655,15.3637253183753,9.21394632784255,27.7218418526624,0,0,37.3514627637374,76.3367956783077,36.8666011958254,41.4305464056603,70.0139071182503,196.764068616762,0,0,0,0,0,0,0,0,1275.23872230847,585.505605482119,3947.46804700143,4075.99673753601
"301",2015,2344,25,1982.75927506741,1565.65192261119,465.472247445368,853.392161806014,135.903344305515,154.346791900938,95.8341700772251,289.442060883561,0,0,0,0,0,0,0,0,0,0,0.775553707532229,1.42305302841028,0.280576896188905,0.316454994033346,0.202260239653051,0.608041910566635,0,0,0,0,0,0,0,0,7816.93916237221,5498.70053808207,1205.23429322892,2261.69789230852,769.991515541332,868.346978011952,1439.59049870533,4131.09250845226,300.339303227177,211.268868025998,46.4645262635587,87.2000945404449,29.6742658845661,33.4652940311797,55.5739310390511,159.470398345277,19090.846066988,13288.7816806169,3171.40723485118,5789.91314352634,2176.26628089311,2367.78848980088,3468.61922800364,9762.38901088142,733.500430001682,510.576253947428,123.302102275164,225.404947598192,85.1022528097512,92.6244215379755,135.983656039554,382.737315322883,0,0,7.10336320146716,13.1825920607382,5.07784029190135,5.56261502830477,8.63399605996355,24.3861455504082,0,0,0,0,0,0,0,0,509.076512874309,379.940106567835,398.473014865,799.299255962669,493.666742313535,583.787150657792,314.865844873314,944.18227007431,19.5595330357568,14.5979065029473,15.3209074676343,30.7301497969577,18.958518713285,22.4209767531249,12.1070883236921,36.3051221777195,236.10677962931,175.343725115037,260.099816070938,529.151109837592,338.807458170319,396.175880653394,241.250497673758,727.87339885859,9.07159966327382,6.7369863344476,10.000242126757,20.3430922003412,13.0119510873897,15.2161460244154,9.27479660594908,27.9825290928103,0,0,37.1476235536612,75.6879164350186,36.8004821802504,40.9645056570222,70.4968227684088,198.518489081286,0,0,0,0,0,0,0,0,1280.40054722734,587.591781960367,3964.18323729375,4089.55116949803
"302",2015,2344,25.0833333333333,1977.83839712072,1561.24526214564,462.559860695163,848.254033075543,134.994919590245,152.279760949403,95.7319593913441,291.375504167765,0,0,0,0,0,0,0,0,0,0,0.771148178609928,1.41401650779988,0.278686058234117,0.312116485421532,0.202009302381835,0.6117060730312,0,0,0,0,0,0,0,0,7819.29623160435,5496.24068599952,1197.94336136478,2244.22690774945,768.905792836194,858.2610494176,1449.55192151379,4171.34309128796,300.429865596429,211.174356575267,46.1836220242299,86.5265937227317,29.6324370119312,33.0766129491673,55.9586667139801,161.024444143599,19089.7199879264,13277.7229137713,3150.41885256229,5742.73868393126,2171.3946108319,2338.62909516613,3492.2580135026,9857.74460109778,733.457172234761,510.151358212873,122.487201295266,223.565305301981,84.9114159255996,91.4817472347222,136.909575627364,386.468759053469,0,0,7.06253629481943,13.0784957218464,5.06763993305546,5.49504231696881,8.69349293041424,24.6242083808123,0,0,0,0,0,0,0,0,509.53664690182,379.985680920679,396.460668978749,793.465664218601,493.325633204318,577.237992529126,317.179311163469,954.843545369316,19.577212134084,14.5996575420519,15.2435778553796,30.5059870508057,18.9454750658793,22.1695603379693,12.19610531007,36.7152014699129,236.302930427684,175.340579326848,258.791576254594,525.092319263964,338.610059650053,391.648694232873,242.907336274793,735.505951217855,9.07913609807803,6.73686546800005,9.94997809918515,20.18714476443,13.0044196130872,15.0423548601704,9.33856519355982,28.2761531561558,0,0,36.9415011003145,75.009884573475,36.7265510998346,40.4311502178611,70.9891752462792,200.374024302841,0,0,0,0,0,0,0,0,1285.54280084621,589.656234503557,3980.78228797657,4102.84152739033
"303",2015,2344,25.1666666666667,1972.99053985321,1556.91695967198,459.753324067507,843.30144177795,134.094408979775,150.289733200921,95.6143732137656,293.157238200685,0,0,0,0,0,0,0,0,0,0,0.766706897577842,1.40513594118482,0.276817950891812,0.307935062754552,0.201737344294467,0.615145131569567,0,0,0,0,0,0,0,0,7821.48059775202,5493.66152279993,1190.78775226802,2227.06028725613,767.761060711315,848.353538083554,1459.45821126494,4211.27086064145,300.513792436994,211.07526100062,45.9079064456291,85.8647970439716,29.5883333484145,32.694807650504,56.3412733182004,162.566046168918,19088.5857616351,13266.6996090833,3129.84522426697,5696.4601114642,2166.40668145341,2310.04056330876,3515.73091226034,9951.83810936967,733.413601281903,509.727824995895,121.688261020364,221.760419081076,84.716073493082,90.3614468677497,137.829073387023,390.151060189113,0,0,7.02114580440433,12.9750283150557,5.05715849211398,5.42875603090238,8.75261787825697,24.8595998697004,0,0,0,0,0,0,0,0,509.974017800135,380.0161673876,394.424343936191,787.655469440502,492.928089920862,570.764552868851,319.448658393172,965.0759269373,19.5940166363534,14.6008288804591,15.1653246915957,30.2827195324474,18.9302614620027,21.921048321992,12.2834254841764,37.1088024148044,236.495719369493,175.336175072811,257.484494540935,521.080209917647,338.387710228404,387.189865068294,244.549151985797,742.959930013404,9.08654336483168,6.73669624928708,9.89975731985342,20.0329886852882,12.9959279390861,14.8711861324571,9.40175478768712,28.5629143412969,0,0,36.7361116686671,74.3399626839813,36.651241095911,39.9078752475681,71.4800964598826,202.213448686026,0,0,0,0,0,0,0,0,1290.68958454843,591.720893431362,3997.34174463848,4116.00913311387
"304",2015,2344,25.25,1968.22030785469,1552.66988871378,457.049433453684,838.528889301818,133.203025689618,148.374276390084,95.4826558997751,294.796201765333,0,0,0,0,0,0,0,0,0,0,0.76226450617116,1.39643488630655,0.274970968606355,0.303904531325757,0.201443681269154,0.618358365730544,0,0,0,0,0,0,0,0,7823.45808302148,5490.94015162326,1183.75374259898,2210.1738866666,766.552628823344,838.612488732294,1469.29820437904,4250.82966507193,300.58977058338,210.970701568079,45.6368546051708,85.2137791574959,29.5417747663279,32.3194181523936,56.7213217815592,164.093430276263,19087.4716196165,13255.730652243,3109.6829781175,5651.06835276354,2161.31213797539,2282.01483176281,3539.04560870383,10044.7184234863,733.370801844899,509.306379914835,120.905158008184,219.989944469864,84.5165988184269,89.2632032628117,138.742448001939,393.786121153742,0,0,6.97943758458072,12.8724036781248,5.04639341829186,5.36372234453313,8.81136445543606,25.0923393942405,0,0,0,0,0,0,0,0,510.389376934505,380.032007463319,392.370908767812,781.876038713248,492.476155609295,564.369288255992,321.676183026148,974.911742954496,19.6099754112223,14.6014374811023,15.0864118701443,30.0606303671002,18.9129563964409,21.6755351757594,12.36913711587,37.4871670501291,236.687342401165,175.332098220052,256.180115350404,517.117715154497,338.143423931027,382.80149226372,246.177103242894,750.233889098672,9.09390583530748,6.73653960985981,9.84963919433241,19.8807368122752,12.9865918446616,14.7027205693968,9.46441001784689,28.8427574104956,0,0,36.5314257843395,73.6781097259137,36.5746302461752,39.3945276695693,71.9696748275337,204.037319362772,0,0,0,0,0,0,0,0,1295.8406724184,593.785678009581,4013.86012372271,4129.05508569087
"305",2015,2344,25.3333333333333,1963.53145161932,1548.50626632458,454.444971517587,833.930831569756,132.321838567002,146.530982961565,95.3379747593324,296.300859882876,0,0,0,0,0,0,0,0,0,0,0.757848714992,1.38793123579279,0.2731444205907,0.3000193143966,0.201128182238216,0.621347656447656,0,0,0,0,0,0,0,0,7825.20177897974,5488.05884631601,1176.83015610492,2193.54828446428,765.277661841975,829.028666073188,1479.06249799355,4289.97894955065,300.656766170561,210.85999721048,45.3700390936951,84.5727957148674,29.4926523816133,31.9500889589657,57.0984505832612,165.60503690399,19086.4001313434,13244.8309717341,3089.92765350018,5606.55243984411,2156.11964755516,2254.54308442306,3562.2086869586,10136.4298798632,733.32964108137,508.887596545823,120.137726481247,218.253463309115,84.3133273983855,88.1866701091216,139.649955477749,397.37566818361,0,0,6.93760908440639,12.7707884922268,5.03534637419388,5.29991003206501,8.86972714569233,25.3224448090776,0,0,0,0,0,0,0,0,510.783302292122,380.033532564797,390.306068448822,776.133246572918,491.971497082017,558.053766086416,323.86385010974,984.379936197559,19.6251106658857,14.6014960775508,15.0070585971231,29.8399453642727,18.8936238999314,21.4330811876069,12.4533157327904,37.8514073110766,236.879462263684,175.329531024591,254.879894316155,513.207070229174,337.8795336429,378.484879395638,247.792141725398,757.328341092928,9.1012873946733,6.73644097388508,9.7996796983857,19.7304751437201,12.976500950907,14.5370083425735,9.52656755465364,29.1157023348948,0,0,36.3274439407338,73.0242998368347,36.4967858411661,38.8909457543068,72.4579848522374,205.846150685855,0,0,0,0,0,0,0,0,1300.99584544489,595.850509666244,4030.33608312334,4141.98056525912
"306",2015,2344,25.4166666666667,1958.92703159216,1544.42778299778,451.936733928916,829.501729819602,131.451792587901,144.757479483245,95.1814292842779,297.679248145262,0,0,0,0,0,0,0,0,0,0,0.753481859026251,1.37963848270668,0.27133821044482,0.296274269372959,0.20079111230541,0.624116770699665,0,0,0,0,0,0,0,0,7826.69049600451,5485.00392747369,1170.00780272592,2177.16765170613,763.934666286693,819.594801245236,1488.74311923309,4328.68310178252,300.713965059363,210.742622343226,45.1071085393725,83.9412400599897,29.4409088594773,31.5865401391576,57.4723530736708,167.099496063959,19085.3894036248,13234.0123912544,3070.57399100383,5562.90004619158,2150.83710207384,2227.61601032497,3585.22584224799,10227.0129421344,733.290814686319,508.471929174157,119.385769527589,216.550504480222,84.1065647566571,87.1314819698676,140.551817335476,400.921277567639,0,0,6.8958209028492,12.6703139894469,5.02402200411264,5.23729003439831,8.92770122056924,25.5499327678043,0,0,0,0,0,0,0,0,511.15624649612,380.020996392962,388.23462601718,770.431850895428,491.415563566677,551.818962361506,326.013357940652,993.50655429206,19.6394397908511,14.6010144173999,14.9274494505274,29.6208474473276,18.8723196380235,21.1937239075155,12.5360266049413,38.2025238645611,237.073332627108,175.32934793525,253.585177757758,509.349943277251,337.597846017218,374.240711546368,249.395053931987,764.245249931611,9.10873621093862,6.736433939085,9.74993059697075,19.5822678695226,12.9657246684023,14.3740758634552,9.58825770945045,29.3818248044073,0,0,36.1241874812416,72.3785160882148,36.4177673569873,38.3969621401329,72.9450898711724,207.640420879169,0,0,0,0,0,0,0,0,1306.15488950808,597.91531131235,4046.76839055728,4154.78680720714
"307",2015,2344,25.5,1954.40948726368,1540.43565818871,449.521544479148,825.236079146614,130.593716739926,143.051433297727,95.0140539705276,298.938983351592,0,0,0,0,0,0,0,0,0,0,0.749181557498421,1.37156626805842,0.269552708324419,0.292664623665858,0.200433064459761,0.626671041971347,0,0,0,0,0,0,0,0,7827.90810289186,5481.76528054122,1163.2792290874,2161.01925377187,762.523271036128,810.30526564504,1498.33339096028,4366.91122005904,300.760747463135,210.618188348935,44.8477780524145,83.3186241322399,29.3865299885738,31.2285548044993,57.8427723302021,168.575618478549,19084.4535906474,13223.2839945019,3051.61606610331,5520.09773276917,2145.47169696049,2201.22392047216,3608.10196712851,10316.5044674264,733.254866488711,508.059726809952,118.649064257534,214.880553414034,83.8965894917056,86.0972588092001,141.448223950757,404.424385919612,0,0,6.85420155816475,12.571080727455,5.01242741088249,5.17583524744515,8.98528268758115,25.7748190034183,0,0,0,0,0,0,0,0,511.508558154965,379.994589384453,386.16059298032,764.775647666472,490.809643976249,545.665372901465,328.126167179353,1002.31496058772,19.652976180216,14.5999998175296,14.8477386173914,29.4034825952902,18.8490931128109,20.9574824234437,12.6173258633597,38.5414142102768,237.269851961218,175.332157338231,252.297198210712,505.547504294285,337.299717672458,370.069150581902,250.986476494946,770.987775617657,9.1162868047508,6.73654188063024,9.70043927520579,19.4361600247957,12.9543151228235,14.2139294415196,9.64950502327824,29.6412464220081,0,0,35.9216947205336,71.7407479624673,36.3376276875467,37.9124053236368,73.4310431504341,209.420574258671,0,0,0,0,0,0,0,0,1311.31759459486,599.980007086649,4063.1559129307,4167.4750923054
"308",2015,2344,25.5833333333333,1949.98072841194,1536.53071276192,447.196270171692,821.128437601554,129.748335584334,141.410558227854,94.8368231821384,300.087287007772,0,0,0,0,0,0,0,0,0,0,0.744961564794738,1.36372108291459,0.267788592703954,0.289185889722512,0.200054875436288,0.629016977669997,0,0,0,0,0,0,0,0,7828.84266867713,5478.33573431052,1156.6384057225,2145.09283507892,761.043955885816,801.155677565132,1507.82774590906,4404.63671300316,300.796654975134,210.486419698327,44.5918172481636,82.7045548855508,29.3295342606913,30.8759640071816,58.2094940327889,170.032380270168,19083.6035583798,13212.652596968,3033.0474503076,5478.13124164464,2140.03003696475,2175.35688396673,3630.84126986794,10404.9381027635,733.222213978944,507.65125131521,117.927368028119,213.243063450408,83.683657365723,85.0836112634085,142.33933914046,407.886305492025,0,0,6.81285363532007,12.4731647368755,5.00057150552573,5.11552025161416,9.04246821242417,25.9971186172813,0,0,0,0,0,0,0,0,511.840508036133,379.954456240176,384.087331177261,759.167667584988,490.154938125075,539.593153934256,330.203538542386,1010.82613052024,19.6657302373028,14.5984578375802,14.7680553384143,29.1879673908051,18.823990400128,20.7243627660061,12.6972619486024,38.868884067313,237.469632261807,175.338354443959,251.017069698681,501.8005065316,336.986147182337,365.96994281149,252.566919109579,777.559979392923,9.12396268996901,6.73677998313726,9.6512485601686,19.2921806217513,12.9423106872008,14.0565594181734,9.71032914897388,29.894123379097,0,0,35.7200161442538,71.1109882350571,36.2564146867784,37.4371013372129,73.9158894030096,211.187024807222,0,0,0,0,0,0,0,0,1316.48375382516,602.044522040703,4079.49760142854,4180.04673405127
"309",2015,2344,25.6666666666667,1945.64221057785,1532.71342884345,444.957832990875,817.173448984505,128.916279155037,139.832618942528,94.6506552839133,301.13100609493,0,0,0,0,0,0,0,0,0,0,0.740832462754998,1.35610684278503,0.266046729734703,0.285833801510931,0.199657558855985,0.631161943617449,0,0,0,0,0,0,0,0,7829.48575882668,5474.71055231158,1150.08047208933,2129.38012564409,759.497837771155,792.142596514131,1517.22157102186,4441.8369337757,300.82136352709,210.347134408648,44.3390404830914,82.0987153765178,29.2699646629349,30.5286350024607,58.5723404968271,171.468908965512,19082.8474300002,13202.123132462,3014.86134110488,5436.98573049808,2134.51822087622,2150.00483375736,3653.44737313303,10492.3446286912,733.19316926503,507.246692254685,117.220423464187,211.6374649147,83.4680045801485,84.0901447373384,143.225303986229,411.308237448133,0,0,6.77185871756637,12.3766224199159,4.98846449168106,5.05632107844983,9.09925505355454,26.2168463407955,0,0,0,0,0,0,0,0,512.152309989145,379.900709840357,382.017667147753,753.61033119006,489.452607672986,533.602226460905,332.246564424793,1019.05890987402,19.6777101785549,14.5963928145901,14.6885082975679,28.9743949760704,18.7970561079438,20.4943619211069,12.7758768261497,39.1856572977789,237.673055061809,175.348164254825,249.745786873094,498.109355034833,336.657850727031,361.942507039698,254.136783946336,783.9665850533,9.13177852570098,6.73715689155769,9.60239669032578,19.1503452864362,12.9297388870364,13.9019435482487,9.77074559796006,30.1406372874316,0,0,35.5192106236172,70.4892305952305,36.1741723776143,36.9708750810088,74.3996660453009,212.940159186538,0,0,0,0,0,0,0,0,1321.65316273095,604.108781913263,4095.7924801142,4192.50306896973
"310",2015,2344,25.75,1941.39499657161,1528.98399849645,442.803218484622,813.365859607688,128.098091534664,138.315434024426,94.4564161803712,302.076631924461,0,0,0,0,0,0,0,0,0,0,0.736802202993108,1.34872534263268,0.264328093129205,0.282604274797002,0.199242255332791,0.633113923016737,0,0,0,0,0,0,0,0,7829.83187412525,5470.88702846615,1143.60153226309,2113.87445688494,757.886512733467,783.263297555542,1526.51108064857,4478.4928449422,300.834661830358,210.200228508045,44.0892990308797,81.5008500377782,29.2078826080094,30.186462580226,58.9311658121275,172.884470669673,19082.1910214678,13191.6989610095,2997.05066343718,5396.64595259841,2128.94190622463,2125.15764351829,3675.92339399905,10578.7522562313,733.167955807946,506.846178725853,116.527962382383,210.06317209017,83.2498502780643,83.1164623853964,144.106239934083,414.691283327066,0,0,6.73128112959907,12.2814942060235,4.97611748896801,4.99821500748413,9.15564100718953,26.4340167912224,0,0,0,0,0,0,0,0,512.444136807465,379.833441656396,379.953981101094,748.105564292824,488.703804591618,527.692342916267,334.256195219609,1027.03024453479,19.6889226429764,14.5938082630369,14.6091890370587,28.762839485366,18.7683344715799,20.2674703942299,12.8532069982182,39.4923847358581,237.880315395298,175.361675150972,248.484229774034,494.474167055496,336.31532458658,357.986009730003,255.696380897927,790.212785634212,9.1397418054704,6.73767600159779,9.5539174998547,19.010658581812,12.9166188003204,13.7500498869751,9.83076632680861,30.3809877536289,0,0,35.3193426681403,69.8754680896152,36.0909418270232,36.5135513363165,74.8824042014344,214.680339187993,0,0,0,0,0,0,0,0,1326.82561878813,606.17271299554,4112.03963818006,4204.84545007625
"311",2015,2344,25.8333333333333,1937.23981029768,1525.34236621242,440.729482508402,809.700531600477,127.294238654567,136.856878240686,94.2549225603509,302.930318101077,0,0,0,0,0,0,0,0,0,0,0.732876573106615,1.34157664902733,0.262633699666702,0.279493375199181,0.198810190795189,0.634881313389675,0,0,0,0,0,0,0,0,7829.87796431475,5466.86413759946,1137.19848011717,2098.57043792153,756.211925119264,774.515587246696,1535.69320408878,4514.58869810426,300.836432689144,210.045662607664,43.8424743878142,80.9107522701817,29.1433629098155,29.849361993535,59.2858515313404,174.278457801558,19081.6382195195,13181.382135336,2979.60815536772,5357.09640741859,2123.30636463959,2100.80519029007,3698.27201459491,10664.1868981407,733.146722944858,506.449789597625,115.849709105819,208.519589056429,83.0293986853698,82.1621675410893,144.98225153142,418.036455517493,0,0,6.69117112455818,12.1878076509303,4.96354221801192,4.94118038899698,9.21162435701586,26.6486446881367,0,0,0,0,0,0,0,0,512.716133494803,379.752730379688,377.898282717301,742.654894528391,487.909692096488,521.86313994133,336.233262332069,1034.75538883487,19.6993732018447,14.5907072063696,14.5301748669755,28.5533597527675,18.7378701591907,20.0436742405259,12.9292843886384,39.7896521948583,238.091459521616,175.378867604005,247.233169455134,490.894823998095,335.95889785167,354.099427359837,257.245941472535,796.304082713985,9.14785430663792,6.73833656294539,9.50584063581383,18.8731160052568,12.9029630820262,13.6008391853054,9.89040027175261,30.615386206851,0,0,35.1204801406226,69.2696918742288,36.0067618682517,36.0649555979372,75.3641295880579,216.407903966782,0,0,0,0,0,0,0,0,1332.00092106746,608.236242037727,4128.23822350625,4217.07524146197
"312",2015,2344,25.9166666666667,1933.17708281903,1521.78826517471,438.733756192079,806.172452858633,126.505115315704,135.4548840693,94.0469448295714,303.697897446427,0,0,0,0,0,0,0,0,0,0,0.729059583991608,1.33465942760485,0.260964562017384,0.27649729529758,0.19836264336713,0.636472762719749,0,0,0,0,0,0,0,0,7829.62301872765,5462.64224222772,1130.86885352597,2083.46369155318,754.476264829259,765.897660541588,1544.7654887046,4550.1117330455,300.826637271987,209.883450635956,43.5984726894975,80.3282543218658,29.0764898355285,29.5172634593655,59.6363029549616,175.650377573127,19081.1913003144,13171.1736248358,2962.52643804848,5318.32146206288,2117.61652742517,2076.93740283841,3720.49554267524,10748.6724120821,733.129558131959,506.057562115602,115.185383173612,207.006114400873,82.8068408736783,81.2268655937959,145.853428773877,421.34468664648,0,0,6.65156748420155,12.0955799416519,4.95075075163997,4.88519649098817,9.26720382900194,26.8607450381529,0,0,0,0,0,0,0,0,512.968427859454,379.658648716565,375.852273518755,737.259528364082,487.071456995112,516.114175835996,338.178497884503,1042.24809289216,19.7090667657616,14.5870924380817,14.4515312595848,28.3460022696327,18.7057087473095,19.8229565059277,13.0041371006383,40.0779876676094,238.306416182292,175.399637864116,245.993275029548,487.371016129814,335.588775934411,350.281597932429,258.785630852465,802.246155771328,9.15611329134197,6.73913458936671,9.45819182950648,18.7377057075178,12.8887796354158,13.4542668690203,9.94965381264875,30.8440508810862,0,0,34.9226924675605,68.6718903188235,35.92166966208,35.6249147312866,75.8448632682675,218.123172012403,0,0,0,0,0,0,0,0,1337.17887000843,610.299296198393,4144.38743769199,4229.19381415718
"313",2016,2344,26,1928.97347059276,1517.9169017745,436.278779694148,802.85665683576,126.291983304063,136.150749079409,93.0505234577829,301.588686613146,0,0,0,0,0,0,0,0,0,0,0.725737242329863,1.3292438194104,0.26048704044974,0.277798589948646,0.196375847673116,0.632452573561554,0,0,0,0,0,0,0,0,7830.30729421135,5459.25558682743,1124.12442462689,2069.54788033412,756.063188498445,769.058048556588,1549.77916480966,4571.21651724764,300.852928230343,209.753329919642,43.3386285170919,79.7918124559518,29.1376668131294,29.6390955725057,59.8303346588294,176.466611512947,19083.6871623981,13163.1896189071,2944.36682029789,5282.73613877457,2121.41493982661,2085.19182765229,3731.86750909301,10795.8043820063,733.225459494205,505.750803662284,114.480596890704,205.618240470686,82.9553464339583,81.5478936490664,146.300694901395,423.193181668231,0,0,6.61634394773262,12.0166384244148,4.96007621242915,4.90470730104596,9.29736113864053,26.984734807561,0,0,0,0,0,0,0,0,513.461473448056,379.689572414434,374.135368156177,732.758304287003,488.663079636343,518.495369489512,337.903697230228,1041.31307720956,19.7280103762111,14.5882805756808,14.3855426869685,28.1730212122811,18.7668619245269,19.91449905988,12.9937224878315,40.0426032978885,238.575453044698,175.465504361891,244.900972175753,484.379294760831,336.740705108108,351.905087893627,258.735226603791,802.282129539394,9.16645012368836,6.74166528536198,9.4162175790906,18.6227504437522,12.9330509980744,13.5166926839536,9.94783093075713,30.8458447947626,0,0,34.7491955061724,68.1520204351976,35.9980692899148,35.736882893792,76.1510714289089,219.222563410245,0,0,0,0,0,0,0,0,1342.1579322017,612.280787169065,4159.88029422611,4240.76814820729
"314",2016,2344,26.0833333333333,1924.90831955528,1514.13201365469,433.83315880158,799.719810913706,126.180192418851,137.219035543967,91.9176445075554,298.957601512011,0,0,0,0,0,0,0,0,0,0,0.722377602762031,1.32410366850835,0.260233837822894,0.27989902398124,0.19409903959598,0.627324934414085,0,0,0,0,0,0,0,0,7830.77172035546,5455.74746210935,1117.33577354921,2055.95584459245,758.212288887512,774.437643765436,1553.69341532126,4588.46062445705,300.870772225495,209.618542157888,43.0770919738835,79.2678718309547,29.2205133314211,29.8464554689538,59.9819955113888,177.134066071306,19087.0679756904,13155.8896104107,2926.31373691203,5248.38634716489,2127.00333242146,2099.70584160623,3741.00585355291,10835.2832209864,733.355361956454,505.470325488348,113.780116425668,204.278680535223,83.1739214140918,82.1138504167579,146.660717965445,424.742670390957,0,0,6.58114380730277,11.9403035147508,4.97354984987439,4.93891672017667,9.32192489092263,27.089513300507,0,0,0,0,0,0,0,0,513.977375558949,379.732023102465,372.439884866622,728.42427668872,490.684731549598,522.491737155959,337.289382102028,1039.11679618569,19.7478321705597,14.5899115986832,14.3203773035469,28.0064659994266,18.8445269104565,20.0680727481666,12.9702654738917,39.9587659760395,238.878684104975,175.554531077992,243.866868772617,481.565704935837,338.230578694358,354.668011955939,258.373657155895,801.134320455157,9.17810075163963,6.74508583398744,9.37648020208821,18.5146414696392,12.9902996439376,13.622881662158,9.93405590138497,30.8021662170654,0,0,34.5815267432192,67.6537916352276,36.1063606300353,35.9588791613699,76.4208970076079,220.195238551949,0,0,0,0,0,0,0,0,1347.09973349896,614.245517022832,4175.25666715109,4252.24986949746
"315",2016,2344,26.1666666666667,1921.02797853512,1510.51616822677,431.506681932349,796.73916325416,126.050961678733,138.225195738969,90.8143015934654,296.400616125821,0,0,0,0,0,0,0,0,0,0,0.718932377975315,1.31899536409427,0.259954646233631,0.281903148088415,0.191857929777991,0.622259155504187,0,0,0,0,0,0,0,0,7830.80895862652,5451.93927356736,1110.61858069247,2042.50017427194,760.228087877466,779.591496831314,1557.34617012954,4604.78832497974,300.87220297942,209.472225464166,42.8182887236619,78.7491732429593,29.2982239662725,30.0451135870902,60.1235750479213,177.766202257614,19090.7057003019,13148.8058413914,2908.65681071363,5214.73465510388,2132.37218830046,2113.78457090859,3750.1517564766,10874.7621207579,733.495135236634,505.198155584674,113.094881006812,202.966208046093,83.383983338727,82.6629040070707,147.021061018275,426.292274796576,0,0,6.54530493926767,11.8641903120897,4.98645829838027,4.97206259995163,9.3461145518824,27.1930288220707,0,0,0,0,0,0,0,0,514.460797204617,379.756499671132,370.701090007674,724.081485925911,492.614818242855,526.398633272408,336.792439238217,1037.38422169342,19.7664060133178,14.5908520272821,14.2535452875803,27.8395707011479,18.9186719331842,20.2182048508526,12.951313391342,39.8927319484613,239.200806371386,175.65475405857,242.854446740073,478.816971914378,339.728213524436,357.431215004684,258.038625642837,800.048270910266,9.19047720980382,6.74893656100314,9.33757544620627,18.4090236630831,13.047844383236,13.7290789003798,9.92129962931146,30.7608590756,0,0,34.4146196249064,67.1621507442916,36.2123908744821,36.1760142344709,76.6905650867032,221.168130525212,0,0,0,0,0,0,0,0,1352.04634103448,616.210420078644,4190.64677479516,4263.7390913621
"316",2016,2344,26.25,1917.32120033561,1507.05949905523,429.292794829971,793.905646442979,125.905859694595,139.172592314381,89.7396105766969,293.915249179158,0,0,0,0,0,0,0,0,0,0,0.715447734890621,1.31395501676012,0.259648489719622,0.283810466692769,0.189654736937215,0.617265422656289,0,0,0,0,0,0,0,0,7830.48214490757,5447.87758389777,1103.98485281471,2029.20373870364,762.128001343486,784.542132885869,1560.76430022541,4620.28504100585,300.859646273707,209.316168851731,42.5626820330336,78.236596793797,29.3714679266313,30.2359361639496,60.2561048738281,178.366298587091,19094.55264761,13141.9038812082,2891.3812705483,5181.75520653574,2137.52368920933,2127.43468127202,3759.29053782933,10914.1932085546,733.642947064657,504.932971070877,112.424324195093,201.679824230324,83.5856134369525,83.1953099035816,147.381154168952,427.840138709403,0,0,6.50906533660949,11.7884882915799,4.99879851656362,5.0041524532266,9.36991777718545,27.2952280948519,0,0,0,0,0,0,0,0,514.912305493503,379.76303944487,368.926291318618,719.735959508523,494.454603173875,530.211451670105,336.398357060925,1036.06162796644,19.7837536937,14.5911032955419,14.1853273766057,27.6725668701487,18.9893453539892,20.3647180765468,12.9363085781693,39.8424364268745,239.535878412622,175.762364855177,241.855487016114,476.119604014941,341.222926747841,360.185197911999,257.733438134534,799.044183312724,9.20335121889877,6.75307113972907,9.29918731050148,18.3053783642854,13.1052748970467,13.8349194327227,9.90968881420486,30.7226985594615,0,0,34.248310543567,66.676806077207,36.3160958118891,36.3882769863478,76.9599150421134,222.140762486049,0,0,0,0,0,0,0,0,1356.99744483492,618.175403331179,4206.04820351346,4275.23477888103
"317",2016,2344,26.3333333333333,1913.77786941958,1503.75308126466,427.18542992089,791.210927905212,125.746374046681,140.064423085667,88.6927452207537,291.499196662743,0,0,0,0,0,0,0,0,0,0,0.71196007934634,1.30901004031065,0.259315405923259,0.285621735546523,0.18749120272518,0.612351834268848,0,0,0,0,0,0,0,0,7829.84454135748,5443.60175952951,1097.44311276068,2016.08311046383,763.925708557822,789.308065658641,1563.97197590238,4635.02895636787,300.835148525677,209.151884841736,42.3106012550116,77.7307807491303,29.4407710416602,30.4196354648224,60.3805131772369,178.937356630897,19098.5686421249,13135.1547102293,2874.47394525992,5149.42506652894,2142.46088860755,2140.66368933945,3768.4096156067,10953.5350422285,733.797253836867,504.673656966208,111.767941220577,200.418643159674,83.7789268448261,83.7113566505214,147.740508655924,429.384654359964,0,0,6.47261979319631,11.7133520313565,5.01057529370243,5.03520154563353,9.39332820806703,27.3960781482659,0,0,0,0,0,0,0,0,515.332662378532,379.751849954034,367.122317070619,715.393711635577,496.206235565465,533.927345893491,336.094352345156,1035.10127606129,19.7999044871579,14.5906733771107,14.1159859257002,27.5056855882414,19.0566296023904,20.5075028252303,12.9247597825997,39.806044663777,239.879018656654,175.874258116646,240.86375933943,473.463084748044,342.70583041398,362.921665030289,257.460273433427,798.136980328746,9.21653522112903,6.75737025760722,9.26107624211263,18.2033012781234,13.1622497900417,13.9400845006264,9.8993068794772,30.6882570905176,0,0,34.0824862244375,66.1975220854146,36.4174190633988,36.5956630818907,77.2288027081456,223.112701604882,0,0,0,0,0,0,0,0,1361.95274141818,620.140374405051,4221.45868249026,4286.73590548585
"318",2016,2344,26.4166666666667,1910.38879176802,1500.58876028007,425.178931794227,788.647291325945,125.573914905126,140.90373384899,87.6729261219534,289.150298227509,0,0,0,0,0,0,0,0,0,0,0.708498393371147,1.30418132400158,0.258956099376851,0.287338570615719,0.185368682236026,0.607524838763821,0,0,0,0,0,0,0,0,7828.9416075492,5439.14547341119,1090.99934860381,2003.15022580575,765.632074965307,793.904675410565,1566.99104415741,4649.09182108256,300.800456364819,208.980667202715,42.0622782636697,77.2321852503745,29.5065511438259,30.5968034465219,60.4976391630472,179.482131726838,19102.7194518794,13128.5335934962,2857.92288521806,5117.72353332308,2147.18744175829,2153.47969633001,3777.49814106027,10992.7515713934,733.956740309111,504.419262913915,111.125274386325,199.181865194067,83.964062175561,84.2113555678595,148.098702738612,430.924422230179,0,0,6.43612927185107,11.6389082469021,5.02179818914702,5.0652299283791,9.41634391703533,27.4955615858948,0,0,0,0,0,0,0,0,515.722764126397,379.723262157025,365.295479490261,711.060544899189,497.872387547091,537.54473170562,335.869098060635,1034.46052784457,19.8148928296927,14.5895749879393,14.045763497598,27.3391498460574,19.1206272372475,20.6464980681004,12.9162317105716,39.7819179246233,240.226183353989,175.987880581792,239.874565896582,470.83920813636,344.16954253375,365.633408003884,257.220444644515,797.337445883563,9.22987384917949,6.76173581425951,9.22306159770406,18.1024769268857,13.2184855003014,14.0442971024603,9.89020401578433,30.6579481466156,0,0,33.9170712460949,65.7241062590519,36.5163120814744,36.7981750485339,77.4970978925701,224.083552710821,0,0,0,0,0,0,0,0,1366.91193537712,622.105242401327,4236.87608773835,4298.24147099346
"319",2016,2344,26.5,1907.14561374365,1497.5590863093,423.268031126228,786.207593788924,125.389814639302,141.693420437597,86.6794164093213,286.866524258688,0,0,0,0,0,0,0,0,0,0,0.705085188231687,1.29948411839506,0.258571804826774,0.288963288295676,0.183288183017772,0.60278941874184,0,0,0,0,0,0,0,0,7827.81183630304,5434.53731134885,1084.65741554178,1990.41308916175,767.255552020824,798.34459142711,1569.84116038421,4662.53918234721,300.757048746846,208.803614247048,41.8178628821533,76.7411193485829,29.5691334019787,30.7679264231597,60.6082380826414,180.003141764033,19106.9761564401,13122.0196263623,2841.71721374921,5086.63186457501,2151.70748803323,2165.89126540961,3786.54685480502,11031.8117377901,734.120295314741,504.168985723972,110.495907331553,197.968766407538,84.1411769756721,84.6956360211874,148.455376138267,432.458235624816,0,0,6.39972480758859,11.5652588265147,5.03248040423376,5.0942612842381,9.4389667191348,27.5936744409656,0,0,0,0,0,0,0,0,516.08361383135,379.677709639524,363.451563410164,706.741973484862,499.45610509662,541.063074450311,335.712613930274,1034.10149754687,19.8287572617916,14.5878247870829,13.9748824226266,27.1731715887831,19.1814552185865,20.781683172979,12.9103408233063,39.7686001089834,240.574075174816,176.101168925451,238.884534226917,468.241776795902,345.608049136376,368.31424839723,257.01452122153,796.65274896318,9.24324041437193,6.76608853343336,9.18501368528865,18.0026670475009,13.2737510056087,14.1473197967953,9.88240186849477,30.6320463834754,0,0,33.7520226620135,65.2564034318127,36.612734065993,36.995822239282,77.7646835449968,225.052956374714,0,0,0,0,0,0,0,0,1371.87474044554,624.069918391911,4252.29844279287,4309.75050889635
"320",2016,2344,26.5833333333333,1904.04071509219,1494.6572272844,421.44780711533,783.885205677628,125.195329708375,142.436234991199,85.7115163156103,284.645959289181,0,0,0,0,0,0,0,0,0,0,0.701737683766585,1.29492912439455,0.258164123014092,0.290498714747107,0.181250413833672,0.598149319891479,0,0,0,0,0,0,0,0,7826.48781623433,5429.80154233582,1078.4195067801,1977.87660176018,768.802652225676,802.638158139491,1572.53998992856,4675.43081838287,300.706177778474,208.621658428271,41.5774409623134,76.257772804442,29.6287685394928,30.9334029424775,60.7129889407305,180.502683736827,19111.3143410297,13115.5951561675,2825.84694282739,5056.1329396816,2156.02551514878,2177.90728237199,3795.5478926996,11070.6889173278,734.286980801517,503.92214715286,109.879457919593,196.778685548002,84.3104424764131,85.1645400402608,148.810222534258,433.985059119922,0,0,6.36351235971297,11.4924845831049,5.04263740707059,5.12232155963319,9.46120136498715,27.6904236445291,0,0,0,0,0,0,0,0,516.416290224805,379.615704398863,361.595823364391,702.443143885442,500.960639049264,544.482640726012,335.616117815097,1033.99056492583,19.8415392300423,14.5854424462977,13.9035446831514,27.0079486667355,19.2392384137074,20.9130683575589,12.9067496293519,39.7647990528413,240.920028114395,176.21247191538,237.89137547672,465.666249177666,347.016534358939,370.958956002402,256.842470530364,796.087063608953,9.25653248454577,6.77036497214529,9.14684447343956,17.9036970334482,13.3278613014693,14.2489515709126,9.87589897390168,30.6107114493049,0,0,33.5873235820681,64.794288993667,36.7066517549315,37.1886206603896,78.0314544699217,226.020585685951,0,0,0,0,0,0,0,0,1376.84088030573,626.034315860347,4267.72391687029,4321.2620936267
"321",2016,2344,26.6666666666667,1901.06709745066,1491.87687813225,419.713648152612,781.673947764167,124.991642927458,143.134792789038,84.7685576190234,282.486784974092,0,0,0,0,0,0,0,0,0,0,0.698469017202191,1.29052360395537,0.257734860130363,0.291947995733525,0.179255836806018,0.59360729128981,0,0,0,0,0,0,0,0,7824.99733676145,5424.95891964385,1072.28662905516,1965.54340252923,770.278439288403,806.793926098828,1575.1034268328,4687.8212188836,300.648911173597,208.435597120273,41.3410526456275,75.7822483641199,29.6856516347518,31.0935626179823,60.8125028590923,180.982852076693,19115.713258151,13109.2451803097,2810.30278796113,5026.21091891773,2160.14622181769,2189.53681164611,3804.49457830876,11109.3603185646,734.455999619876,503.67817077654,109.275571092423,195.611010870216,84.4720382814767,85.6184167550147,149.162981544327,435.50400533837,0,0,6.32757787228702,11.4206492364073,5.05228563970631,5.14943765701644,9.48305470358509,27.785824346402,0,0,0,0,0,0,0,0,516.721915581965,379.537811773606,359.732992572817,698.168769770633,502.389283515042,547.804247657205,335.571864128118,1034.09784251818,19.853281854055,14.5824496867953,13.8319322537055,26.8436623282401,19.294103386362,21.0406850482859,12.9051604781387,39.7693660667488,241.26188702813,176.320469252691,236.893630012797,463.109367382171,348.391190095339,373.563148605593,256.70380824239,795.642231296382,9.26966725560361,6.7745144024005,9.10849781453135,17.8054416299885,13.3806700941054,14.3490239970726,9.87067653481573,30.594013428539,0,0,33.4229765313009,64.3376618229528,36.7980390613598,37.3765926482408,78.2973159636475,226.98614287,0,0,0,0,0,0,0,0,1381.81008936388,627.998351143633,4283.15082003498,4332.77534653907
"322",2016,2344,26.75,1898.21832296395,1489.21221056917,418.061228942117,779.568055102088,124.779865767937,143.791577492355,83.8499006906252,280.387271007329,0,0,0,0,0,0,0,0,0,0,0.69528884822989,1.28627192394351,0.257285963985444,0.293314513413172,0.177304697966126,0.589165217371637,0,0,0,0,0,0,0,0,7823.36397793033,5420.02710909266,1066.25882930105,1953.41427708145,771.686778748011,810.818920034249,1577.54573132595,4699.75991208452,300.586154915288,208.246109072096,41.1087010739633,75.314577465599,29.7399317382968,31.2486764159057,60.9073283343549,181.445551137797,19120.1553796416,13102.9570237554,2795.07607947182,4996.85107744469,2164.07445389385,2200.78902539423,3813.38130116891,11147.806619397,734.626678312157,503.436569599888,108.683915442898,194.465173717413,84.6261498914352,86.0576196510627,149.513434024026,437.014320936291,0,0,6.29198997836823,11.3498016669297,5.06144209677289,5.17563696731701,9.50453525303406,27.8798984458081,0,0,0,0,0,0,0,0,517.001640055698,379.444637770911,357.867310732771,693.923130307178,503.745317234247,551.029145289684,335.57304360612,1034.39683743239,19.8640293245441,14.5788697923397,13.7602081645224,26.6804771501454,19.346176139533,21.1645813546441,12.9053117095886,39.7812829437286,241.597942180938,176.424128071135,235.89052784351,460.568950412742,349.729090869172,376.123211514783,256.597682245365,795.318138923355,9.28257903679302,6.77849713982582,9.06994408011965,17.70781698806,13.4320649965196,14.4473981441929,9.86670164336704,30.5819473627268,0,0,33.2590000410096,63.8864405441843,36.8868765891555,37.5597664246602,78.5621830121642,227.949357325378,0,0,0,0,0,0,0,0,1386.78211292898,629.961943596486,4298.57759493896,4344.28943599829
"323",2016,2344,26.8333333333333,1895.48844791817,1486.65781885611,416.486485826069,777.562138052198,124.561040853123,144.408946750954,82.9549313591901,278.345765410697,0,0,0,0,0,0,0,0,0,0,0.692204022193042,1.28217615457939,0.256819450117174,0.294601792544147,0.175397059679101,0.584824259638847,0,0,0,0,0,0,0,0,7821.60775148635,5415.02115410299,1060.33543933438,1941.48859839393,773.030605806544,814.71892457176,1579.87968046496,4711.29182799204,300.518677886807,208.053772276023,40.8803617919577,74.8547371609916,29.791722149728,31.3989676196485,60.997956999415,181.892509066499,19124.6259094391,13096.7199887137,2780.15866565115,4968.03962479209,2167.81513494275,2211.67312705178,3822.20338471295,11186.0115720146,734.79844839227,503.196932596591,108.104179474131,193.340641542788,84.7729660121222,86.4825036095971,149.861396965912,438.515371362317,0,0,6.2568029189593,11.2799783142033,5.07012380899813,5.20094682154099,9.5256527394115,27.9726730277237,0,0,0,0,0,0,0,0,517.25662471521,379.336815356003,356.002550764069,689.71006385088,505.031937642888,554.158889679983,335.613676104435,1034.86408917618,19.8738262516474,14.574727082467,13.6885175250469,26.5185407908732,19.3955795784272,21.2848171858939,12.9069735355961,39.7996480461815,241.926858378804,176.522655773881,234.881841936169,458.04367739094,351.028064315826,378.636214351855,256.522960707135,795.113116702691,9.29521652782801,6.78228273158348,9.03117452298246,17.6107723318429,13.4819625556842,14.543961384233,9.86393066313206,30.5744485355773,0,0,33.0954249694535,63.4405595318085,36.9731511668985,37.7381756551049,78.8259794010934,228.909983405801,0,0,0,0,0,0,0,0,1391.75670740165,631.925015766696,4314.00280877608,4355.80357786553
"324",2016,2344,26.9166666666667,1892.87196092645,1484.20866921139,414.98559344454,775.651145559596,124.336144601684,144.989137851995,82.0830580404335,276.360685598648,0,0,0,0,0,0,0,0,0,0,0.689219175450631,1.27823661366471,0.25633733662792,0.295813416746789,0.173532830839061,0.580584987492591,0,0,0,0,0,0,0,0,7819.74569379942,5409.95390584565,1054.51529406006,1929.76472163638,774.312166621494,818.49874538776,1582.11671412717,4722.45765992131,300.44713465273,207.859080494589,40.6559911332297,74.4026652797676,29.8411096769599,31.5446218526641,61.0848292078391,182.325291610185,19129.1123326376,13090.5250303825,2765.54282530012,4939.7635416108,2171.3732046773,2222.19828299608,3830.9569613716,11223.9616260644,734.97082901974,502.958912250824,107.536068221095,192.236911597906,84.9126761661347,86.8934222602033,150.206718676058,440.006626320339,0,0,6.22205922665886,11.2112053922724,5.0783473986459,5.22539401844334,9.54641768043602,28.0641789349276,0,0,0,0,0,0,0,0,517.48802637859,379.214992055532,354.142047325241,685.532967909044,506.252205618904,557.195230480584,335.688508880389,1035.47882380127,19.8827170821679,14.5700464361864,13.6169886157927,26.3579839846533,19.4424313839072,21.4014599249876,12.9099441321246,39.8236630187718,242.247609320392,176.615456457714,233.867755058245,455.532890321526,352.286569907638,381.099830275299,256.478312061438,795.02430275474,9.30754029657279,6.78584828211889,8.9921961587204,17.5142823774354,13.5303035958886,14.6386242912509,9.86231230096341,30.5714064786942,0,0,32.9322911581667,62.9999652711143,37.0568553781417,37.9118589962612,79.0886368587302,229.867798264098,0,0,0,0,0,0,0,0,1396.73364037188,633.887493532447,4329.4251449862,4367.31703539666
"325",2017,2344,27,1890.36654461683,1481.86099006932,413.555415001887,773.849581881341,124.107663305748,145.538475106103,81.2269092954412,274.404366248902,0,0,0,0,0,0,0,0,0,0,0.68634582537466,1.27448878528713,0.255844856797522,0.296961555249485,0.171699866670388,0.576402759384394,0,0,0,0,0,0,0,0,7817.79771922959,5404.8424091733,1048.80465564954,1918.28931693028,775.543012205513,822.186143925353,1584.24394096305,4733.21630279556,300.372290354616,207.662688618289,40.4358324483209,73.9601632301211,29.8885397659742,31.6867094857643,61.1674476292587,182.742311966864,19133.6185898541,13084.3786660836,2751.23988209795,4912.1359323851,2174.78115687672,2232.43805912284,3839.57651553673,11261.4427159249,735.14397160134,502.722758968453,106.980034565838,191.158396770288,85.0465475969864,87.2932476125567,150.546844106054,441.479740039236,0,0,6.18786999752687,11.1438201979903,5.08619342773129,5.24915625579217,9.56669833431658,28.1539840968488,0,0,0,0,0,0,0,0,517.697396670931,379.080534112584,352.292798020594,681.414636055751,507.415498757666,560.15692037252,335.782073835281,1036.18787334192,19.8907614320248,14.5648803467423,13.5458905899534,26.1996832569187,19.4870918430476,21.5152300586323,12.9136291799532,39.8512846198199,242.559595822994,176.702299574156,232.851548319204,453.049255593276,353.508079732075,383.523341243554,256.454843159116,795.02414470263,9.31952732147177,6.78918493339073,8.95313514551215,17.4188341482945,13.5772214719555,14.7317433713194,9.86150473308964,30.5717618931514,0,0,32.7700605277888,62.5664090005097,37.1384580357098,38.0819596955457,79.3492092687283,230.81974481363,0,0,0,0,0,0,0,0,1401.71266212821,635.848983570745,4344.84330790469,4378.82723043693
