"","year","sim_id","time","N_1_1_1_1","N_1_1_1_2","N_1_1_2_1","N_1_1_2_2","N_1_1_3_1","N_1_1_3_2","N_1_1_4_1","N_1_1_4_2","N_1_2_1_1","N_1_2_1_2","N_1_2_2_1","N_1_2_2_2","N_1_2_3_1","N_1_2_3_2","N_1_2_4_1","N_1_2_4_2","N_2_1_1_1","N_2_1_1_2","N_2_1_2_1","N_2_1_2_2","N_2_1_3_1","N_2_1_3_2","N_2_1_4_1","N_2_1_4_2","N_2_2_1_1","N_2_2_1_2","N_2_2_2_1","N_2_2_2_2","N_2_2_3_1","N_2_2_3_2","N_2_2_4_1","N_2_2_4_2","N_3_1_1_1","N_3_1_1_2","N_3_1_2_1","N_3_1_2_2","N_3_1_3_1","N_3_1_3_2","N_3_1_4_1","N_3_1_4_2","N_3_2_1_1","N_3_2_1_2","N_3_2_2_1","N_3_2_2_2","N_3_2_3_1","N_3_2_3_2","N_3_2_4_1","N_3_2_4_2","N_4_1_1_1","N_4_1_1_2","N_4_1_2_1","N_4_1_2_2","N_4_1_3_1","N_4_1_3_2","N_4_1_4_1","N_4_1_4_2","N_4_2_1_1","N_4_2_1_2","N_4_2_2_1","N_4_2_2_2","N_4_2_3_1","N_4_2_3_2","N_4_2_4_1","N_4_2_4_2","N_5_1_1_1","N_5_1_1_2","N_5_1_2_1","N_5_1_2_2","N_5_1_3_1","N_5_1_3_2","N_5_1_4_1","N_5_1_4_2","N_5_2_1_1","N_5_2_1_2","N_5_2_2_1","N_5_2_2_2","N_5_2_3_1","N_5_2_3_2","N_5_2_4_1","N_5_2_4_2","N_6_1_1_1","N_6_1_1_2","N_6_1_2_1","N_6_1_2_2","N_6_1_3_1","N_6_1_3_2","N_6_1_4_1","N_6_1_4_2","N_6_2_1_1","N_6_2_1_2","N_6_2_2_1","N_6_2_2_2","N_6_2_3_1","N_6_2_3_2","N_6_2_4_1","N_6_2_4_2","N_7_1_1_1","N_7_1_1_2","N_7_1_2_1","N_7_1_2_2","N_7_1_3_1","N_7_1_3_2","N_7_1_4_1","N_7_1_4_2","N_7_2_1_1","N_7_2_1_2","N_7_2_2_1","N_7_2_2_2","N_7_2_3_1","N_7_2_3_2","N_7_2_4_1","N_7_2_4_2","N_8_1_1_1","N_8_1_1_2","N_8_1_2_1","N_8_1_2_2","N_8_1_3_1","N_8_1_3_2","N_8_1_4_1","N_8_1_4_2","N_8_2_1_1","N_8_2_1_2","N_8_2_2_1","N_8_2_2_2","N_8_2_3_1","N_8_2_3_2","N_8_2_4_1","N_8_2_4_2","HIV_neg_male","HIV_neg_female","HIV_pos_male","HIV_pos_female"
"1",1990,477,0,7722.42600555214,7763.97853925616,359.944039319842,681.909806164863,150.033511126695,213.32805481589,0,0,0,0,0,0,0,0,0,0,0,0,0.555342551799103,1.06727636668348,0.27054324597963,0.385285302738767,0,0,0,0,0,0,0,0,0,0,2509.62733425815,2543.87721691586,76.0701592244167,143.496871960794,24.4103065142626,34.6962255455891,0,0,96.4238955010921,97.7398307641609,2.9307203522222,5.52880855022183,0.940647139858844,1.33703228765075,0,0,33593.0737654788,34124.9443880173,1195.17005105822,2250.17833236019,426.743217519295,604.12490460253,0,0,1290.6547563481,1311.13654875584,46.2641256256696,87.1452352585433,16.6296531931029,23.5495903540911,0,0,0,0,1.85398689065971,3.53754709427372,0.757701930439548,1.07458408984667,0,0,0,0,0,0,0,0,0,0,247.06656094647,250.488781514159,31.4520506141849,60.2690216558798,21.4592424532171,30.5174626321228,0,0,9.49261823748043,9.62418222766863,1.2038925840638,2.30641958008454,0.818020719731301,1.16317559487803,0,0,749.657016319325,761.655590513208,64.7298071255746,126.848232009331,49.3170614949986,70.6459945193303,0,0,28.8027174907057,29.2640367903258,2.48070915226352,4.86048007329593,1.88401975050312,2.69863724522951,0,0,0,0,7.09863453728881,14.3051141181611,4.93211762273501,7.14256118408734,0,0,0,0,0,0,0,0,0,0,0,0,0,0
"2",1990,477,0.0833333333333333,7713.74342014522,7747.28558173957,370.35252110087,701.253224755519,152.218759438182,216.954128221592,0,0,0,0,0,0,0,0,0,0,0,0,0.563096096565168,1.08315277793354,0.274489040073476,0.391853048246151,0,0,0,0,0,0,0,0,0,0,2511.82266645745,2543.38627635174,79.3325204006684,149.529639214235,25.0136923679442,35.6390861732767,0,0,96.5082436748971,97.7209680425902,3.05624498493698,5.76096074766439,0.963896717090613,1.37336332190059,0,0,33523.8077544297,34018.5513294815,1239.88058376938,2333.18627918068,436.046881288558,618.752646417287,0,0,1287.99374522779,1307.04874485746,47.9898482564851,90.3513970160444,16.9933566904848,24.121534893298,0,0,0,0,1.89230882389053,3.61407588156743,0.774275300102105,1.10071605573896,0,0,0,0,0,0,0,0,0,0,244.662207763466,248.862412888747,32.013680551924,61.6089018191965,21.5294404516042,30.9656150958209,0,0,9.40024037646287,9.56169450850321,1.22540373717382,2.35771295605843,0.820675317032498,1.18022476848733,0,0,746.828732191224,757.995256798031,66.5570333911696,130.497872298983,50.5605686421728,72.619825560202,0,0,28.6940528751837,29.1234008104445,2.5507444178805,5.00032382097283,1.93146307914235,2.77394341031965,0,0,0,0,7.26477638231731,14.6621102886395,5.06488218645296,7.35354122456521,0,0,0,0,0,0,0,0,0,0,2.75872400610876,1.60588469330661,1.03244359630955,0.960695877287305
"3",1990,477,0.166666666666667,7705.29816630255,7730.91577531381,380.550304021501,720.255841544277,154.490731192225,220.703869249249,0,0,0,0,0,0,0,0,0,0,0,0,0.572383753381362,1.10170393420815,0.278503602002969,0.398531159519297,0,0,0,0,0,0,0,0,0,0,2513.40743548136,2542.28162106986,82.4761761248261,155.36182390908,25.6314139996234,36.6033974638833,0,0,96.5691330351097,97.6785254201299,3.17722869774896,5.98544190273245,0.987698755034101,1.41052117297408,0,0,33455.3395320036,33913.2051163652,1283.77990530624,2414.90647506977,445.749231220789,633.959519661568,0,0,1285.36338418804,1303.00116253849,49.6847750668059,93.5087984299238,17.3725096714019,24.7159620492248,0,0,0,0,1.93708672977198,3.70198871262185,0.791258029487464,1.12749299680176,0,0,0,0,0,0,0,0,0,0,242.422746630447,247.328698747105,32.6447715726649,63.0604074660553,21.6471370144455,31.4584659010597,0,0,9.31419787378935,9.50276672401676,1.24957851864973,2.41328729570631,0.825141061888155,1.19897792397787,0,0,743.962009653358,754.359490881798,68.3709325428835,134.150388174549,51.8022353767456,74.6199774067503,0,0,28.5839113932939,28.9837087655529,2.62026718952932,5.14027290588736,1.97883769133775,2.85025462977225,0,0,0,0,7.43449139007965,15.026974475184,5.20033707550909,7.56930857343228,0,0,0,0,0,0,0,0,0,0,5.49140735481991,3.20161126157104,2.0752866253269,1.9395123118821
"4",1990,477,0.25,7697.06589786614,7714.84352176537,390.541284092896,738.922736519611,156.8457430509,224.572777470819,0,0,0,0,0,0,0,0,0,0,0,0,0.582892751121919,1.12239996740272,0.282612890361854,0.40535359984552,0,0,0,0,0,0,0,0,0,0,2514.50137108748,2540.68710429903,85.5109306458261,161.010632902563,26.2635707767725,37.5898770957437,0,0,96.6111637904848,97.6172615358921,3.29404524909835,6.20290812627004,1.01205724776113,1.44853364318454,0,0,33387.584333048,33808.8171139561,1326.87805706371,2495.34992013218,455.837074325459,649.72996478325,0,0,1282.76041650942,1298.99039630792,51.349276080906,96.6178373786072,17.7666119233223,25.3322838670895,0,0,0,0,1.98696687929728,3.79897460149287,0.808749613793367,1.15504653893948,0,0,0,0,0,0,0,0,0,0,240.334850173537,245.879554600305,33.3344110381255,64.6063306441444,21.8092546641869,31.9945415464796,0,0,9.23397867419167,9.44708825514469,1.27599757013627,2.47248102004338,0.831300767437356,1.21937902613317,0,0,741.057177802063,750.743227361886,70.1764072412264,137.812839430746,53.0452308064014,76.6487639678045,0,0,28.4723056901817,28.8447660346908,2.68946549044327,5.28059820403293,2.02626431639388,2.9276589921557,0,0,0,0,7.6086471227502,15.4012417824216,5.33855552957314,7.789982863571,0,0,0,0,0,0,0,0,0,0,8.19982416561584,4.78774911623846,3.13068592162968,2.93793866435352
"5",1990,477,0.333333333333333,7689.02490381292,7699.0459712729,400.329215023545,757.258801934015,159.280230052086,228.556479194179,0,0,0,0,0,0,0,0,0,0,0,0,0.594363760833482,1.1447994161901,0.286834830258649,0.412344053234946,0,0,0,0,0,0,0,0,0,0,2515.20839618487,2538.70997676996,88.4459831735582,166.492209717749,26.9102693845813,38.599175543662,0,0,96.6383288253794,97.5412971344636,3.40704550341165,6.41397526282655,1.03697642477064,1.48742590037234,0,0,33320.4688738069,33705.3106996002,1369.18515189145,2574.52790747154,466.297510012186,666.048718826106,0,0,1280.1820265961,1295.01350219757,52.983724380508,99.678923331197,18.1751740993542,25.969923354045,0,0,0,0,2.04083334960339,3.90311953072346,0.826816918138092,1.18346646378926,0,0,0,0,0,0,0,0,0,0,238.386539421779,244.507875145479,34.0730927589488,66.2316230744145,22.0129333559903,32.5724102034952,0,0,9.15912252995135,9.39438610472103,1.3042956373715,2.5347156652854,0.839045460910978,1.24137354394916,0,0,738.114908665369,747.142187486763,71.9773837438007,141.490781357023,54.2924711548709,78.7084062690317,0,0,28.359261586689,28.7064082213068,2.75848983375537,5.42151276252256,2.07385406750786,3.00624107310252,0,0,0,0,7.78788944308641,15.7860722475401,5.47963207758045,8.01571210290164,0,0,0,0,0,0,0,0,0,0,10.8856064506687,6.36481875178513,4.20058053742458,3.95732126585988
"6",1990,477,0.416666666666667,7681.15579438612,7683.50269331629,409.917724346276,775.268767507886,161.790738389517,232.650719132762,0,0,0,0,0,0,0,0,0,0,0,0,0.606581723159406,1.16853436834671,0.291181178084711,0.419518266587287,0,0,0,0,0,0,0,0,0,0,2515.61860517479,2536.44298607793,91.2899265786327,171.821635491385,27.5716258550076,39.6318909547951,0,0,96.6540897107659,97.454195726774,3.51655734513083,6.61921886851904,1.06246083738952,1.52722105860808,0,0,33253.9298980484,33602.6197256397,1410.71137271254,2652.45202030552,477.117926709115,682.900810553852,0,0,1277.62578411689,1291.06793870574,54.5884960619259,102.692477259276,18.5977175930178,26.6283142933824,0,0,0,0,2.09776617644776,4.01283798203707,0.845502158280978,1.21281076374345,0,0,0,0,0,0,0,0,0,0,236.567033712585,243.207408461917,34.8525543783889,67.9231574372566,22.2555222026613,33.1906908409178,0,0,9.08921523404215,9.34442006389111,1.33415530453706,2.59948668009609,0.848274085461361,1.26490881707731,0,0,735.136155834683,743.552779604021,73.7769552253493,145.188479857083,55.5466313107897,80.8010225683624,0,0,28.2448157215366,28.5684973283098,2.82745873419618,5.56318007669834,2.12170887232584,3.08608154714024,0,0,0,0,7.97268396220531,16.1823188392123,5.62367495231487,8.24666297253276,0,0,0,0,0,0,0,0,0,0,13.5502582262815,7.93329763263477,5.28671491896525,4.99887915433583
"7",1990,477,0.5,7673.44119748552,7668.19535871108,419.310329140313,792.957224134782,164.373916799685,236.851350548806,0,0,0,0,0,0,0,0,0,0,0,0,0.619367920180187,1.19329753571487,0.295659007388293,0.426885927085739,0,0,0,0,0,0,0,0,0,0,2515.81014958932,2533.96637232922,94.0507656589017,177.01296273284,28.247766085209,40.6885807619344,0,0,96.661449153484,97.3590402660241,3.62288634375454,6.81917544783997,1.08851538615767,1.56794063264318,0,0,33187.9127954045,33500.6870619642,1451.46697007374,2729.13412293164,488.28599099857,700.271547852479,0,0,1275.08959092089,1287.15151079956,56.1639701410681,105.658931296489,19.033774132519,27.3069007713114,0,0,0,0,2.15700545285877,4.1268138267584,0.864829149724198,1.24311356189713,0,0,0,0,0,0,0,0,0,0,234.866604097004,241.972637337742,35.6656179022844,69.6694900637689,22.5345672463838,33.8480590871513,0,0,9.02388298774349,9.29697815249234,1.36530085390408,2.66635428367453,0.858893048090532,1.28993429463917,0,0,732.122099315632,739.972004158244,75.5775140446507,148.909111564998,56.8101603626479,82.9286235267357,0,0,28.129013432451,28.4309181079334,2.89646379319303,5.70572178765296,2.16992205770031,3.16725699472607,0,0,0,0,8.16335119163462,16.5905855695238,5.77080039028939,8.48301347134283,0,0,0,0,0,0,0,0,0,0,16.1951697377483,9.49362584248399,6.39066220683532,6.06371983099183
"8",1990,477,0.583333333333333,7665.86554903994,7653.10752015928,428.510445859294,810.328639050734,167.026511600337,241.154329445028,0,0,0,0,0,0,0,0,0,0,0,0,0.63257457619474,1.21883343641119,0.300271698527042,0.434451916374478,0,0,0,0,0,0,0,0,0,0,2515.85054659652,2531.3492533659,96.7359283129058,182.079235652404,28.9388256669836,41.7697690342832,0,0,96.6630012711023,97.258486370237,3.72631615740788,7.01434319262854,1.11514531960883,1.609604826283,0,0,33122.3706416183,33399.4635830502,1491.4622576997,2804.58635215285,499.789644223615,718.146513293387,0,0,1272.571644163,1283.2623309955,57.710528387989,108.578728421968,19.4828856540135,28.0051370078968,0,0,0,0,2.21792693089886,4.24396007759775,0.884807428640133,1.2743903518445,0,0,0,0,0,0,0,0,0,0,233.276473616801,240.798697396626,36.5060783185418,71.4606952341503,22.8478038625692,34.5432523982958,0,0,8.96278856913759,9.2518734733515,1.39749397796034,2.73493708371278,0.870815939789354,1.31640174289179,0,0,729.074105211099,736.397387302389,77.3808452268219,152.654905708381,58.0852913671874,85.0931074422468,0,0,28.0119072071549,28.2935755109771,2.96557329284136,5.84922313900548,2.21857871689936,3.24983971428421,0,0,0,0,8.36009057870663,17.0112672706859,5.92112877911665,8.72494791286122,0,0,0,0,0,0,0,0,0,0,18.8216269741221,11.0462099282481,7.51384041390666,7.15285027234462
"9",1990,477,0.666666666666667,7658.4148674347,7638.22437667486,437.521400308379,827.387370618899,169.745360622778,245.555707622301,0,0,0,0,0,0,0,0,0,0,0,0,0.646079401437768,1.24492945275934,0.305019890774926,0.442217520405541,0,0,0,0,0,0,0,0,0,0,2515.79807569615,2528.65109909958,99.3522902280307,187.032533904642,29.6449496506693,42.8759539697003,0,0,96.6609852552001,97.1548189685198,3.82710945266983,7.20518361550369,1.1423562305054,1.65223282621525,0,0,33057.2631761409,33298.9070919116,1530.70760413458,2878.82109955624,511.617095425381,736.511556188528,0,0,1270.07039702245,1279.39877801568,59.2285550063301,111.452321786822,19.9446040389512,28.7224870591844,0,0,0,0,2.28001746295312,4.3633782424574,0.905436184790361,1.30664301040901,0,0,0,0,0,0,0,0,0,0,231.788708483954,239.681290150252,37.3685823524197,73.2881830844114,23.1931459661651,35.2750734728718,0,0,8.90562715206561,9.20894087162116,1.43052911306949,2.80490506514532,0.883963133490026,1.34426538582691,0,0,725.993685103413,732.826910522653,79.1882234806544,156.427292085804,59.3740542711298,87.2962577285577,0,0,27.8935551227978,28.1563919828799,3.03483592524376,5.99373866810121,2.26775619756134,3.3338976204124,0,0,0,0,8.5630044950519,17.4445894857698,6.0747811312375,8.97265231580258,0,0,0,0,0,0,0,0,0,0,21.4308222772307,12.5914270227348,8.65753028077189,8.26718901045258
"10",1990,477,0.75,7651.07655588504,7623.53256732496,446.346435795688,844.137680313917,172.527388040255,250.051626803657,0,0,0,0,0,0,0,0,0,0,0,0,0.659781142405329,1.27140850153517,0.30990220260471,0.450181350670198,0,0,0,0,0,0,0,0,0,0,2515.70299840142,2525.92301790645,101.906201699641,191.884019422772,30.3662915337583,44.0076131154971,0,0,96.657332233492,97.050001726416,3.92550890904956,7.39212330649833,1.17015402143923,1.69584300769377,0,0,32992.5559101906,33198.9813821564,1569.21342268961,2951.85099128737,523.756815488745,755.352786312925,0,0,1267.58452443378,1275.55946075067,60.7184362477562,114.28017394425,20.4184908973925,29.45842458285,0,0,0,0,2.34285509820565,4.4843252134263,0.926707175589936,1.33986353740703,0,0,0,0,0,0,0,0,0,0,230.396122837929,238.616607840609,38.2485210039085,75.1445371144253,23.56867534911,36.0423925872558,0,0,8.8521226467627,9.16803404710006,1.46422930504718,2.87597333603331,0.898261385045013,1.37348200258213,0,0,722.882460745988,729.258948646342,81.0004972294946,160.227030144389,60.6782885719096,89.5397419252341,0,0,27.7740194893808,28.0193050818823,3.10428402215459,6.13929716960809,2.31752458097306,3.41949420192639,0,0,0,0,8.77211762047904,17.8906408965745,6.2318765398944,9.22631102638297,0,0,0,0,0,0,0,0,0,0,24.0238636784212,14.1296283991304,9.82289125429465,9.40757693620859
"11",1990,477,0.833333333333333,7643.83925575151,7609.02001836786,454.988718598551,860.58374055039,175.36960050523,254.638314300206,0,0,0,0,0,0,0,0,0,0,0,0,0.673596570054814,1.29812404049172,0.314915670177529,0.458339909797058,0,0,0,0,0,0,0,0,0,0,2515.60845846853,2523.20870441515,104.403513947625,196.643981970083,31.1030119667806,45.165206264021,0,0,96.6536998580847,96.9457134614337,4.02173821006958,7.57555565001039,1.19854485817695,1.74045304936151,0,0,32928.2194694581,33099.6555480309,1606.99016106344,3023.68886758996,536.197532467148,774.656569228952,0,0,1265.11289783303,1271.74319175018,62.1805600128815,117.062756068299,20.9041173958248,30.2124326648992,0,0,0,0,2.4060957164494,4.60619088715652,0.948606450846271,1.37403628906843,0,0,0,0,0,0,0,0,0,0,229.092207802982,237.601278627803,39.1419486209718,77.0233906645954,23.9726322848999,36.84414831504,0,0,8.80202497413643,9.12902344826131,1.49844309682572,2.9478973752185,0.913643479880449,1.40401096042502,0,0,719.742138632422,725.692223782391,82.8181495584343,164.054303441582,61.9996542149028,91.8251124142142,0,0,27.6533658726797,27.882265709346,3.17393589702413,6.28590532743087,2.3679470956742,3.5066885467871,0,0,0,0,8.98738987826801,18.3493951399462,6.39253076120531,9.48610478620315,0,0,0,0,0,0,0,0,0,0,26.6017819348742,15.6611420636888,11.0109736911053,10.5747855353785
"12",1990,477,0.916666666666667,7636.69268497002,7594.6757750908,463.451343779154,876.729642881453,178.269082798759,259.31207811553,0,0,0,0,0,0,0,0,0,0,0,0,0.687457076694786,1.32495443948549,0.320056262466927,0.466688252775423,0,0,0,0,0,0,0,0,0,0,2515.551473771,2520.54548284684,106.849609450083,201.321891908592,31.8552778160788,46.3491793734459,0,0,96.6515104148774,96.8433882298372,4.11600318671013,7.75584281574438,1.22753513700195,1.78608008777141,0,0,32864.228869771,33000.9032247036,1644.04828919157,3094.3477588129,548.928226134328,794.409520766741,0,0,1262.65455732829,1267.94895803359,63.6153153838057,119.800547036938,21.4010640562139,30.9840036147505,0,0,0,0,2.46945788005325,4.7284728661019,0.971116411257792,1.40914062846393,0,0,0,0,0,0,0,0,0,0,227.871052954081,236.632305965844,40.0454937845653,78.9192909303171,24.4034050297258,37.679348040587,0,0,8.75510704837359,9.0917939429726,1.53304110072846,3.02046779977136,0.930047838285194,1.43581424066937,0,0,716.57448241693,722.125755029448,84.6413650963875,167.90882312808,63.3396434820755,94.1538070955702,0,0,27.5316620346153,27.7452361774574,3.24379841531002,6.43355169382487,2.41908056859458,3.59553536517925,0,0,0,0,9.20873110068924,18.8207354752906,6.55685450012284,9.75220842012288,0,0,0,0,0,0,0,0,0,0,29.1655383318791,17.1862756298322,12.2227322943982,11.7695259558094
"13",1991,477,1,7626.55636924489,7575.48053216111,474.603068800638,897.601417410702,181.222287799232,264.119752633876,0,0,0,0,0,0,0,0,0,0,0,0,0.701664294753954,1.35254854793799,0.325294171283816,0.475280383325499,0,0,0,0,0,0,0,0,0,0,2514.832213387,2516.78227497669,109.942095940389,207.131063639257,32.6241628291039,47.5703751314797,0,0,96.6238752807052,96.6987997654598,4.23510946164958,7.97960846579555,1.25716580550934,1.8331413886172,0,0,32790.6825418236,32886.7175695821,1689.7696366474,3180.22588175616,561.93869968106,814.757680160761,0,0,1259.82908018814,1263.56175046214,65.3831752817165,123.123716171971,21.9089159608909,31.7788118001965,0,0,0,0,2.53396493293018,4.85338505230564,0.994142014411441,1.44533664302819,0,0,0,0,0,0,0,0,0,0,226.610945762634,235.623668122185,41.0361103391984,81.0021347145959,24.8498756836436,38.5697861296377,0,0,8.70669250851402,9.05304043816058,1.57098112653484,3.1002093757974,0.947050742034131,1.46972235319911,0,0,713.183536278374,718.24259994975,86.6562569979388,172.126964160848,64.6946845686891,96.5405551112467,0,0,27.4013791139961,27.5960390466096,3.32102245655569,6.59515883318229,2.4707886728459,3.68659714578508,0,0,0,0,9.43568322623905,19.3057580570238,6.72438132363949,10.0259880832555,0,0,0,0,0,0,0,0,0,0,31.7552648837076,18.6474157523146,13.4787395285997,12.946767985562
"14",1991,477,1.08333333333333,7616.34383372657,7556.19570326931,485.688492806538,918.38093618851,184.257968676002,269.05162138065,0,0,0,0,0,0,0,0,0,0,0,0,0.716574652344363,1.38140223290671,0.330662770077212,0.484075112212424,0,0,0,0,0,0,0,0,0,0,2514.18179785741,2513.07482569037,113.00929691261,212.906735681806,33.4165788838367,48.829668050751,0,0,96.5988852759337,96.5563536350402,4.35325381971896,8.20210505545628,1.28770282067995,1.88167013276986,0,0,32716.9042781866,32772.2278367547,1735.16791912651,3265.64235934585,575.318907846791,835.674766208367,0,0,1256.99469064754,1259.16285978903,67.1389482814388,126.429812153704,22.4311584523237,32.5958047707015,0,0,0,0,2.60083934559851,4.98259878644521,1.01778422074609,1.48250259101605,0,0,0,0,0,0,0,0,0,0,225.421174405929,234.650814087609,42.0555683771998,83.1362596794106,25.3218810934938,39.4942590852341,0,0,8.66098035639895,9.01566180512554,1.6100248696259,3.18191258029484,0.965027256786249,1.50492755339793,0,0,709.754036323169,714.342003178247,88.6871889238671,176.393884409287,66.0716882733755,98.9783935751293,0,0,27.269614895856,27.4461717783389,3.39885939526395,6.75863060111035,2.52333550040926,3.77960807895039,0,0,0,0,9.66880934241493,19.8038157872306,6.89572235269475,10.3065352955347,0,0,0,0,0,0,0,0,0,0,34.3334012903732,20.0989618855569,14.7625851356221,14.1506733851992
"15",1991,477,1.16666666666667,7606.2301844958,7537.11288491613,496.537456136727,938.768598995913,187.37331873755,274.101209800846,0,0,0,0,0,0,0,0,0,0,0,0,0.732009030672949,1.4112008323403,0.336171178450466,0.493079118726238,0,0,0,0,0,0,0,0,0,0,2513.67667112203,2509.52660017952,116.015430449155,218.586747651319,34.2324914176355,50.1267956014776,0,0,96.5794774989773,96.4200251367001,4.46905999318911,8.42094168047798,1.31914499013447,1.93165637251378,0,0,32643.468973497,32658.3762651288,1779.68636384172,3349.6185245705,589.058850248677,857.139830009155,0,0,1254.17347642891,1254.78848837744,68.8612283345274,129.68120420163,22.9674143844776,33.4341831140477,0,0,0,0,2.66942893617024,5.11496675997804,1.04207125604654,1.52066073726707,0,0,0,0,0,0,0,0,0,0,224.304218002315,233.716778210355,43.0947774155177,85.3043582805518,25.8193716019058,40.4516000802373,0,0,8.61806584387771,8.97977462837589,1.64982297920978,3.26491245149165,0.983975513663619,1.54138541911076,0,0,706.29894394425,710.441693136131,90.7238577739099,180.690295121828,67.4721285176811,101.467713826649,0,0,27.1368673728176,27.2963155271786,3.47691315985425,6.92322566662291,2.57677719318385,3.87458293095527,0,0,0,0,9.90833974278853,20.3152333499989,7.07102417978346,10.5939629673654,0,0,0,0,0,0,0,0,0,0,36.8983855383675,21.5446231571155,16.0741989545498,15.3848239112452
"16",1991,477,1.25,7596.20577673399,7518.22162015323,507.154045286312,958.76983486049,190.564568300792,279.263804458477,0,0,0,0,0,0,0,0,0,0,0,0,0.747815872201081,1.44168315571998,0.34182283900476,0.502297205678732,0,0,0,0,0,0,0,0,0,0,2513.34373341084,2506.16418582539,118.966667584776,224.181802757201,35.0717155254432,51.4618147953194,0,0,96.5666854996896,96.2908358001451,4.5827637595096,8.63652733138418,1.35148529542749,1.98310243574987,0,0,32570.3594244559,32545.1440170605,1823.33778380795,3432.17055856461,603.145411002788,879.137080909381,0,0,1251.36477659021,1250.43791245345,70.5504918173631,132.878487944703,23.5171847502628,34.2933481400561,0,0,0,0,2.73918619964838,5.24954366988725,1.06701219668725,1.55982510209618,0,0,0,0,0,0,0,0,0,0,223.255768830599,232.819801417578,44.1494964399574,87.4996221326905,26.3416402120271,41.4418755975773,0,0,8.5777834631414,8.94531132148804,1.69021253876185,3.34894733068933,1.00386855274875,1.57909847652526,0,0,702.819563142318,706.540629302401,92.7667873461856,185.01646541523,68.8970569987352,104.009517773368,0,0,27.0031866463294,27.1464303146321,3.55520369179989,7.08895408814859,2.63115377571919,3.97155979039481,0,0,0,0,10.1543706403885,20.8402111495816,7.25039857768438,10.8884514812582,0,0,0,0,0,0,0,0,0,0,39.4510234398117,22.9846336829713,17.4145541909442,16.6499618198973
"17",1991,477,1.33333333333333,7586.26184783899,7499.51237500106,517.542241448905,978.389944474755,193.82804289897,284.534787165359,0,0,0,0,0,0,0,0,0,0,0,0,0.763870427482832,1.47263289746874,0.347618204256934,0.511730287827863,0,0,0,0,0,0,0,0,0,0,2513.2052953312,2503.00942256176,121.868672795051,229.701734404378,35.9341140947783,52.8348240603328,0,0,96.561366487284,96.1696247505559,4.6945816128756,8.84923787832444,1.38471853054731,2.03601221168935,0,0,32497.5616389919,32432.5155592645,1866.1349981195,3513.31482736163,617.565756212355,901.650999679885,0,0,1248.56805356669,1246.11053520194,72.2072157308288,136.022266592353,24.0799809993966,35.1727111202805,0,0,0,0,2.8096639300079,5.38555263199304,1.0926059377317,1.59999650421131,0,0,0,0,0,0,0,0,0,0,222.271917480742,231.958336949866,45.2161152396562,89.7162341051523,26.8879920200278,42.4650832911364,0,0,8.53998301001531,8.91221245546195,1.73105490224342,3.43379371518907,1.0246798460217,1.61806659191706,0,0,699.317292763765,702.638061377595,94.8161668278087,189.372133808138,70.3474471054811,106.604783584479,0,0,26.8686264619126,26.996487312982,3.63373808625417,7.25580554396561,2.68650228725813,4.0705758402108,0,0,0,0,10.4069128163974,21.378801394273,7.43395684597231,11.1901811273678,0,0,0,0,0,0,0,0,0,0,41.9920731317487,24.4192172023837,18.7845508750894,17.946784584299
"18",1991,477,1.41666666666667,7576.39037324936,7480.97638807591,527.705931412284,997.634115070953,197.160155715141,289.909626997772,0,0,0,0,0,0,0,0,0,0,0,0,0.780069092263687,1.50386933239819,0.353555637043113,0.521376535356936,0,0,0,0,0,0,0,0,0,0,2513.27989713226,2500.0802591019,124.726655773949,235.15559427122,36.8195915447035,54.2459597384445,0,0,96.5642328077817,96.0570816061999,4.8047127262748,9.05941941050948,1.41884106711209,2.0903910232388,0,0,32425.0642487134,32320.4780508921,1908.09081626821,3593.06784610517,632.307320970497,924.6663269513,0,0,1245.78287059682,1241.80586325566,73.8318770831747,139.113149547519,24.6553245608803,36.0716928667961,0,0,0,0,2.88049354172898,5.52234943416992,1.11884443447443,1.64116667021285,0,0,0,0,0,0,0,0,0,0,221.34909339415,231.131010560966,46.2915499743252,91.949209206589,27.4577519512174,43.5211715069054,0,0,8.50452729943374,8.88042522953078,1.77223167249254,3.51926012839655,1.04638360141217,1.65828772648401,0,0,695.793598128447,698.733478240639,96.8719227420325,193.756619698111,71.8241939085004,109.254454160109,0,0,26.7332431190707,26.8464668841307,3.71251335870498,7.42375362118948,2.74285677799077,4.17166691393821,0,0,0,0,10.6659122922492,21.9309425221322,7.62180733055352,11.4993288364119,0,0,0,0,0,0,0,0,0,0,44.5222511605371,25.8485887041147,20.1850268415503,19.2759522403201
"19",1991,477,1.5,7566.584001079,7462.60560245751,537.64891062077,1016.50742522325,200.557406362335,295.383878867735,0,0,0,0,0,0,0,0,0,0,0,0,0.796326837632511,1.53524308579169,0.359631809934595,0.531231883939487,0,0,0,0,0,0,0,0,0,0,2513.58269480546,2497.39115857004,127.545389544416,240.551682413296,37.7280903582143,55.6953937894194,0,0,96.5758667786106,95.9537620634389,4.91333963487865,9.26738937263694,1.45385072404506,2.1462455423216,0,0,32352.8582294739,32209.0210509598,1949.2180258107,3671.44625892194,647.357812374461,948.168067212902,0,0,1243.00888098626,1237.52349545408,75.4249524222826,142.151751645651,25.2427469592833,36.9897238830998,0,0,0,0,2.95137525806368,5.65940632025779,1.14571411231986,1.683320034258,0,0,0,0,0,0,0,0,0,0,220.484039567159,230.336602101395,47.3731948505124,94.1943213462814,28.0502696957227,44.6100497456481,0,0,8.47129119351152,8.84990276357387,1.81364284069015,3.60518429896854,1.06895495554403,1.69975834066645,0,0,692.249994899329,694.826583220991,98.9337552867371,198.168880028421,73.328112315586,111.959429228605,0,0,26.5970948515443,26.6963576295157,3.79151784270602,7.59275799670565,2.80024823706828,4.27486719222304,0,0,0,0,10.9312600358978,22.4964753201199,7.81405412776675,11.8160664334467,0,0,0,0,0,0,0,0,0,0,47.0422348196583,27.2729550921042,21.6167627645928,20.6380909088264
"20",1991,477,1.58333333333333,7556.83596447848,7444.39257460387,547.374888579356,1035.01485217419,204.016377009156,300.953179409595,0,0,0,0,0,0,0,0,0,0,0,0,0.812573909644727,1.5666306900226,0.365842199864678,0.54129066587356,0,0,0,0,0,0,0,0,0,0,2514.12596044888,2494.95362066205,130.329244599865,245.897605280665,38.659586946851,57.1833313055112,0,0,96.5967399134044,95.860107958978,5.02062953068809,9.47343876597106,1.48974661214007,2.20358369860422,0,0,32280.936542159,32098.1361448774,1989.52937861992,3748.46681134613,662.705204506253,972.141484955903,0,0,1240.24581430658,1233.26310849406,76.9869173024969,145.138692093932,25.8417896327621,37.9262442259989,0,0,0,0,3.02206553529648,5.79629117330068,1.17319762139825,1.72643597325752,0,0,0,0,0,0,0,0,0,0,219.673776841515,229.574021725591,48.4588574479623,96.4480042770305,28.6649240303099,45.7316004853808,0,0,8.44016022953419,8.82060318395706,1.85520429649809,3.69142934576317,1.09237014388364,1.7424738512729,0,0,688.688031258097,690.917262568157,101.001182660125,202.60757850393,74.8599372924458,114.720558089831,0,0,26.4602411424788,26.5461551786575,3.87073289432047,7.76276710023865,2.85870459936014,4.38020892403909,0,0,0,0,11.2028040218574,23.075163084569,8.01079573613416,12.1405588199767,0,0,0,0,0,0,0,0,0,0,49.5526657583253,28.6925161235189,23.0804890817459,22.033797467304
"21",1991,477,1.66666666666667,7547.14000181342,7426.33039142349,556.887493447273,1053.1612780286,207.533729040375,306.613243468435,0,0,0,0,0,0,0,0,0,0,0,0,0.828752977981122,1.59792986105758,0.372181484901464,0.551546119398806,0,0,0,0,0,0,0,0,0,0,2514.91953691569,2492.77665589769,133.0822219159,251.200331701264,39.6140874416864,58.7100076016325,0,0,96.6272303903226,95.7764654913961,5.12673551493353,9.6778342731133,1.52652897538242,2.26241457144357,0,0,32209.2938066188,31987.8166057075,2029.03757678671,3824.14632271398,678.33773452419,996.57210207891,0,0,1237.49346386757,1229.02444391479,78.518245739133,148.074593410883,26.4520037928354,38.8807034146366,0,0,0,0,3.09236625750045,5.93264955017057,1.2012752189978,1.77049057906956,0,0,0,0,0,0,0,0,0,0,218.915571492814,228.84228872663,49.5466992787138,98.7072600350133,29.3011261200263,46.8856895972496,0,0,8.41102937466107,8.79248881032881,1.89684554022663,3.7778802524548,1.11660663121567,1.78642903417534,0,0,685.109271669397,687.005556359749,103.073581149258,207.07114867909,76.420324803385,117.53863358591,0,0,26.322742100629,26.3958610714007,3.95013443343564,7.93372054141052,2.91825078021735,4.48772219535542,0,0,0,0,11.4803595752242,23.6667090105327,8.21212404711464,12.4729625736593,0,0,0,0,0,0,0,0,0,0,52.0541532717176,30.107465230355,24.5768924915187,23.4636439318463
"22",1991,477,1.75,7537.4902999983,7408.41261143216,566.190275212276,1070.95149389536,211.106200553476,312.359861533414,0,0,0,0,0,0,0,0,0,0,0,0,0.844817306917394,1.62905644156786,0.378643758813664,0.561990668239855,0,0,0,0,0,0,0,0,0,0,2515.97115696059,2490.86711802452,135.80797941863,256.466237731666,40.5916242165589,60.2756853886154,0,0,96.6676353141661,95.7030979926346,5.23179760328021,9.88081996186033,1.56419905934897,2.32274828377481,0,0,32137.9260735755,31878.0571577313,2067.75526163495,3898.50166433538,694.243899257711,1021.44569569141,0,0,1234.7516779537,1224.80729901374,80.0194097824613,150.960080586677,27.0729503022281,39.8525603538913,0,0,0,0,3.16211788345881,6.06819318462663,1.22992548425575,1.81545758998464,0,0,0,0,0,0,0,0,0,0,218.206912065629,228.140517175665,50.6351931642568,100.969592610762,29.9583208835842,48.0721731083792,0,0,8.38380213589904,8.76552560386417,1.9385080429783,3.86444131467798,1.14164316651403,1.83161828571621,0,0,681.515285897565,683.091637634675,105.150212627828,211.557837796098,78.009853702522,120.414388980121,0,0,26.1846580383695,26.2454819561766,4.02969400066147,8.10555079579327,2.97890874733592,4.59743480974261,0,0,0,0,11.7637158502536,24.2707672248119,8.41812393772904,12.8134253252481,0,0,0,0,0,0,0,0,0,0,54.547276711847,31.5179900741924,26.1066207913507,24.9281806909883
"23",1991,477,1.83333333333333,7527.88143991702,7390.6332081948,575.286708652309,1088.39020363079,214.730603835697,318.188897157151,0,0,0,0,0,0,0,0,0,0,0,0,0.860728986524457,1.65994144721735,0.38522274186091,0.572616195039623,0,0,0,0,0,0,0,0,0,0,2517.28674956366,2489.2300224385,138.509859086892,261.701152761232,41.5922526975521,61.8806522920944,0,0,96.7181824858312,95.640198162227,5.33594375571148,10.0826190377162,1.60275899047495,2.38459590911546,0,0,32066.8306058718,31768.8537501975,2105.69500250332,3971.5497370602,710.41245151558,1046.74829562165,0,0,1232.02035141958,1220.61151815357,81.4908790822491,153.795780219557,27.7041995420113,40.8412832467507,0,0,0,0,3.23119281070519,6.2026888668385,1.25912602957373,1.86130931257351,0,0,0,0,0,0,0,0,0,0,217.545486863947,227.467902186983,51.7230819834107,103.232943595405,30.6359879994505,49.2909034115777,0,0,8.35838969525454,8.73968263954649,1.9801436594331,3.95103366305802,1.16745982400895,1.8780358629027,0,0,677.907638799145,679.175792431326,107.230250694339,216.065748505894,79.629027805394,123.3484951843,0,0,26.0460490795124,26.095028823039,4.1093797619857,8.27818480958752,3.04069759961161,4.70937218243847,0,0,0,0,12.0526420855978,24.8869534351036,8.62887287282227,13.1620851523416,0,0,0,0,0,0,0,0,0,0,57.0325878529659,32.9242730799842,27.670287591276,26.4279396525185
"24",1991,477,1.91666666666667,7518.30834478077,7372.98651683097,584.180196151104,1105.48202732869,218.403822874326,324.096284436808,0,0,0,0,0,0,0,0,0,0,0,0,0.876457307052559,1.69052834527817,0.391911964294684,0.583414280267405,0,0,0,0,0,0,0,0,0,0,2518.87072825665,2487.86884560655,141.190913941108,266.910405471217,42.6160482645882,63.5252183669679,0,0,96.779041480266,95.5878995715913,5.43929090252503,10.2834355915644,1.64221165868371,2.44796937819239,0,0,31996.0056728944,31660.2033449941,2142.86928576865,4043.30744909196,726.832396160568,1072.46618173739,0,0,1229.29941779155,1216.43698460427,82.9331204610685,156.582319661058,28.3453312701609,41.8463494999424,0,0,0,0,3.29948929633574,6.33594823096175,1.28885411293739,1.90801741824132,0,0,0,0,0,0,0,0,0,0,216.92916248275,226.823707144705,52.8093394967478,105.495630820496,31.3336424425454,50.5417348155245,0,0,8.33471008488785,8.71493161539639,2.02171312064897,4.03759290164539,1.19403802607769,1.92567609815446,0,0,674.287881008294,675.258400881113,109.312804938868,220.592877784322,81.2782783282405,126.341558608178,0,0,25.9069748014292,25.9445162772468,4.18915744139874,8.4515454963022,3.10363366023273,4.82355725841434,0,0,0,0,12.346893297626,25.5148546661597,8.84444061316346,13.5190701066685,0,0,0,0,0,0,0,0,0,0,59.5106131774709,34.3264919343007,29.2684768532923,27.9634372633901
"25",1992,477,2,7508.22981030163,7354.38942800118,593.634838340794,1123.50611202093,222.112442069642,330.055068749831,0,0,0,0,0,0,0,0,0,0,0,0,0.891983528603474,1.72075662586431,0.398684372723615,0.594332577351494,0,0,0,0,0,0,0,0,0,0,2520.54503038088,2486.47983601278,144.028239677044,272.3862561242,43.6610324893018,65.2051191588536,0,0,96.8433708453714,95.5345316017369,5.54864291101354,10.4944975558032,1.68248078768844,2.51270431452832,0,0,31923.1817195989,31548.1861522642,2181.58508905755,4117.58316699058,743.458004201604,1098.50914661079,0,0,1226.50167984951,1212.13309361296,84.434744321868,159.465960241445,28.994568396937,42.8642490855773,0,0,0,0,3.36693434228842,6.46773933280285,1.31901931040718,1.95540968965706,0,0,0,0,0,0,0,0,0,0,216.319437753225,226.144945439664,53.907454053749,107.774853696619,32.0426799030608,51.8056274378273,0,0,8.3112840384673,8.68885248462007,2.06373567030623,4.12478269579119,1.22104980616446,1.97381346233106,0,0,670.609984056088,671.260474849782,111.438222860624,225.203310247416,82.9537172412563,129.384557461051,0,0,25.7656667333559,25.790909467358,4.27057747587896,8.62809590357764,3.16756833864761,4.93964541897944,0,0,0,0,12.6458930046764,26.1530811758158,9.06442480570272,13.8834791634624,0,0,0,0,0,0,0,0,0,0,62.004752568484,35.7590628605822,30.9170883682053,29.5741246017337
"26",1992,477,2.08333333333333,7496.58110524475,7332.68813005545,605.169335635511,1145.0104081862,225.852598803981,336.039725239602,0,0,0,0,0,0,0,0,0,0,0,0,0.907828236743649,1.75145524847018,0.405495785243527,0.605277045987101,0,0,0,0,0,0,0,0,0,0,2521.90072429884,2484.39827610436,147.362249866092,278.689948104693,44.7260480217205,66.914444651261,0,0,96.8954587736833,95.454554741289,5.67708330063366,10.7373750204311,1.72352139178546,2.57857252747243,0,0,31843.7916242524,31424.9113778415,2226.43379954949,4201.96706156504,760.266990934414,1124.77936988609,0,0,1223.45166687709,1207.39666793425,86.1721817509639,162.738331026343,29.6510091048788,43.8911230108671,0,0,0,0,3.43519563249068,6.60065073753761,1.34947188924131,2.00317144218417,0,0,0,0,0,0,0,0,0,0,215.644009414482,225.310345467371,55.0592413291229,110.130329467843,32.7478106416127,53.0467480352934,0,0,8.28533356758904,8.65678579721357,2.10781963774553,4.21490264350316,1.2479126644524,2.02108289611264,0,0,666.780675876185,667.021708796348,113.689424866588,230.028689148153,84.6468554100715,132.456461978922,0,0,25.6185412462266,25.6280491961356,4.35682643420756,8.81289618210224,3.23217778323447,5.05683430880541,0,0,0,0,12.948821771253,26.7993363224301,9.28787064468526,14.2531987536154,0,0,0,0,0,0,0,0,0,0,64.5611058585288,37.2908950953253,32.6486507912293,31.3418362546634
"27",1992,477,2.16666666666667,7485.01012966168,7311.1892625009,616.446392162184,1166.08037987489,229.664790620125,342.131242069574,0,0,0,0,0,0,0,0,0,0,0,0,0.924160063219184,1.78298655091982,0.412417028013373,0.61639082164945,0,0,0,0,0,0,0,0,0,0,2523.48064000368,2482.54583475609,150.655643524214,284.935833773451,45.8194557024773,68.6697783424306,0,0,96.9561616616161,95.3833809823213,5.80397050607337,10.9780453070126,1.76565558765937,2.64621298277628,0,0,31764.7773800222,31302.3698316148,2270.37119620573,4284.81962936352,777.391417441026,1151.54165665041,0,0,1220.4160930874,1202.68841414213,87.8748537568964,165.952389220827,30.319797455552,44.9372968483477,0,0,0,0,3.50485029363179,6.73593392764981,1.38044268850613,2.05176881363914,0,0,0,0,0,0,0,0,0,0,215.014678603129,224.512576050664,56.2263241415727,112.514900510079,33.4748980448061,54.324665965864,0,0,8.26115422272961,8.62613419908115,2.15248789091921,4.30613279750564,1.27561231893822,2.06975420676153,0,0,662.946782398892,662.784819782518,115.940533782932,234.86650402256,86.3710806814677,135.586161514538,0,0,25.4712395739841,25.4652610443541,4.44306710697085,8.99816288086551,3.29797323983428,5.17622693847195,0,0,0,0,13.2567897559891,27.4567167264247,9.51624060209879,14.6314049811472,0,0,0,0,0,0,0,0,0,0,67.109739910024,38.8171893744945,34.417888392855,33.1501031742458
"28",1992,477,2.25,7473.50897350978,7289.88409857596,627.470322512606,1186.72191774061,233.544987247868,348.324453296302,0,0,0,0,0,0,0,0,0,0,0,0,0.940827708330531,1.81509576568729,0.419453842979322,0.627681130380728,0,0,0,0,0,0,0,0,0,0,2525.30076750712,2480.93746419876,153.913519220703,291.132663977941,46.9413354683322,70.4715498672263,0,0,97.0260938709901,95.321584813452,5.92949938452154,11.2168429342594,1.80888654545722,2.7156423329709,0,0,31686.1290486619,31180.549451849,2313.41136642478,4366.16003267908,794.818181448233,1178.77970631019,0,0,1217.39457666457,1198.0078688042,89.543286185004,169.108844918238,31.0004331439569,46.002149790141,0,0,0,0,3.57540219484176,6.87275918391929,1.41194836533833,2.10122316965848,0,0,0,0,0,0,0,0,0,0,214.429238117497,223.750232899261,57.4054727700256,114.923306455555,34.2238038971847,55.6394293883439,0,0,8.23866120054778,8.59684373512346,2.19761637791002,4.39827111742638,1.30414355532562,2.11982930299484,0,0,659.108744364653,658.54968007634,118.191773011328,239.716704602629,88.1267052055958,138.774278100906,0,0,25.3237786505813,25.3025401043384,4.52930805380321,9.18389400109177,3.36496648312297,5.29784682997105,0,0,0,0,13.5698665140911,28.1253269943024,9.74959187118945,15.0182050738315,0,0,0,0,0,0,0,0,0,0,69.6511870733356,40.3381907807899,36.2256579998686,34.9997785141777
"29",1992,477,2.33333333333333,7462.07035683029,7268.76457085018,638.245338836917,1206.9407895921,237.489255126346,354.614291434118,0,0,0,0,0,0,0,0,0,0,0,0,0.957706605823757,1.84757191442582,0.426608529659218,0.639150831145838,0,0,0,0,0,0,0,0,0,0,2527.3740188888,2479.58499923217,157.140532179765,297.288429964108,48.0917789635164,72.3201907070066,0,0,97.1057515045541,95.269620946615,6.05384790070333,11.4540734659658,1.85321786560141,2.78687727882699,0,0,31607.8388016518,31059.4403166206,2355.56836636634,4446.00754299899,812.534477726566,1206.47752283267,0,0,1214.38681684959,1193.35465070312,91.1780040789321,172.208412926237,31.6924269235386,47.0850722717156,0,0,0,0,3.64644635266552,7.01044532631337,1.44399460675894,2.15154215214532,0,0,0,0,0,0,0,0,0,0,213.885691602859,223.022057907063,58.5939513218841,117.351066851171,34.994364260618,56.9910510064134,0,0,8.21777779872049,8.56886606687258,2.24310005603555,4.49114559015598,1.33350015578492,2.17130871645179,0,0,655.26712230042,654.316341136583,120.443118452182,244.578843427371,89.9140171667675,142.0214047588,0,0,25.1761800123066,25.1398883532105,4.6155483313234,9.3700722966035,3.43316838179608,5.42171640896082,0,0,0,0,13.8880445618039,28.805142882054,9.98798291585383,15.413707443666,0,0,0,0,0,0,0,0,0,0,72.1859547100104,41.8541353320867,38.0727712013878,36.8916780050466
"30",1992,477,2.41666666666667,7450.68754604377,7247.82318474199,648.775556109563,1226.74264734814,241.493753982874,360.995783900032,0,0,0,0,0,0,0,0,0,0,0,0,0.97469404654137,1.88023999893027,0.43388085146373,0.650799538803615,0,0,0,0,0,0,0,0,0,0,2529.71070707199,2478.49765106104,160.34093109797,303.41042660494,49.2708900768072,74.21613720286,0,0,97.1955308013124,95.2278432910263,6.17717852400199,11.6900159124023,1.8986536031923,2.85993468939939,0,0,31529.9005777751,30939.0342918959,2396.85620029066,4524.38150285497,830.527795203709,1234.61941313559,0,0,1211.39258078416,1188.72844731521,92.7795308863059,175.251811306461,32.3953005047865,48.1854659181075,0,0,0,0,3.71765182859518,7.14843243777451,1.47657917645798,2.2027234136359,0,0,0,0,0,0,0,0,0,0,213.382226145132,222.326916737524,59.7894493394298,119.794377264333,35.7863986476123,58.3795182744407,0,0,8.19843436295293,8.5421576112859,2.28885025523976,4.58461022396982,1.36367525553761,2.22419199852314,0,0,651.422572784351,650.085004181655,122.694346515983,249.452150008762,91.7332742726826,145.328096393727,0,0,25.0284688858477,24.9773135220991,4.70177934076486,9.55666812865213,3.50258864751629,5.54785665452543,0,0,0,0,14.2112560770085,29.4960380998105,10.2314708097355,15.8180183346987,0,0,0,0,0,0,0,0,0,0,74.7145276100513,43.3652509259357,39.9600001497112,38.8265852631245
"31",1992,477,2.5,7439.35427716252,7227.05293885197,659.064998615779,1246.13303541569,245.554731877475,367.464047773697,0,0,0,0,0,0,0,0,0,0,0,0,0.99170519583255,1.91295457029616,0.441268694728506,0.662624447678358,0,0,0,0,0,0,0,0,0,0,2532.3189683648,2477.68244178523,163.518596874115,309.505318530592,50.4787843504441,76.159831803708,0,0,97.2957443712332,95.1965216469922,6.29963970000205,11.9249252445803,1.94519824849027,2.93483165365175,0,0,31452.3097833284,30819.3247237217,2437.28880697997,4601.30129667014,848.785907354396,1263.18997799731,0,0,1208.4116919925,1184.12900298391,94.3483879267389,178.239760245054,33.1085862006941,49.3027432101981,0,0,0,0,3.78874790654407,7.2862596400721,1.5096940818147,2.25475729533415,0,0,0,0,0,0,0,0,0,0,212.917187417667,221.663779332265,60.9900195044329,122.250013497526,36.5997170541072,59.804801692579,0,0,8.18056733208295,8.5166787918558,2.33479227816697,4.67854135778501,1.3946616161253,2.27847804251361,0,0,647.575828053124,645.855994047164,124.945074976324,254.335594727531,93.5847000234032,148.694864133418,0,0,24.8806734047804,24.8148280917055,4.78798639930061,9.7436419240298,3.57323569085748,5.67628688124037,0,0,0,0,14.5393860724359,30.1978056843584,10.4801095665289,16.2312396927317,0,0,0,0,0,0,0,0,0,0,77.2373703741004,44.8717582401732,41.8880831482977,40.8052568262774
"32",1992,477,2.58333333333333,7428.06470901015,7206.44727663676,669.117602444862,1265.11739403176,249.668523599554,374.014288056636,0,0,0,0,0,0,0,0,0,0,0,0,1.00867066599739,1.94559580287488,0.4487684622437,0.674620825015432,0,0,0,0,0,0,0,0,0,0,2535.20502815874,2477.14447826432,166.677065179915,315.579178509206,51.7155884300244,78.1517236654277,0,0,97.4066314038146,95.1758522282241,6.42136670743308,12.1590338524359,1.99285670783831,3.01158550585857,0,0,31375.0631021625,30700.3062430326,2476.88004676368,4676.78632762759,867.296871758729,1292.1741124339,0,0,1205.44402308303,1179.55611142015,95.885093894555,181.172981169216,33.8318269137176,50.4363275010205,0,0,0,0,3.85951568631262,7.42355155281834,1.54332685320112,2.30762841454258,0,0,0,0,0,0,0,0,0,0,212.489064822097,221.031708024032,62.194038741092,124.715271881724,37.4341246911402,61.2668604778988,0,0,8.164118667171,8.49239358189065,2.38086390184492,4.77283536087491,1.42645180911177,2.33416530375501,0,0,643.727682460528,641.629742265903,127.194789682602,259.227930741793,95.4684806366771,152.122170484199,0,0,24.732824089293,24.6524486422089,4.87414976762847,9.93094578773929,3.64511650315069,5.80702455350102,0,0,0,0,14.8722806068415,30.9101713214089,10.7339490464198,16.6534677310486,0,0,0,0,0,0,0,0,0,0,79.7549287337352,46.37387122291,43.8577281976176,42.8284254162246
"33",1992,477,2.66666666666667,7416.81336686577,7186.00002822539,678.937219576655,1283.70106432239,253.831547227181,380.641794054892,0,0,0,0,0,0,0,0,0,0,0,0,1.02553368986306,1.97806491491686,0.456375517574742,0.68678256802432,0,0,0,0,0,0,0,0,0,0,2538.37351078688,2476.88726954495,169.819558166346,321.637541697367,52.9814396380188,80.1922697141694,0,0,97.5283695733279,95.1659698579056,6.54248286381443,12.3925536089641,2.04163428956291,3.09021386910385,0,0,31298.1582759294,30581.9745410582,2515.64368882971,4750.85599177485,886.049023758671,1321.5569999632,0,0,1202.48948730527,1175.00960707315,97.3901643645376,184.052195747074,34.5645759028189,51.5856528060026,0,0,0,0,3.92977831469981,7.56000253510081,1.57746199159614,2.36131745877421,0,0,0,0,0,0,0,0,0,0,212.096473321405,220.429843519322,63.4001615591429,127.187897094242,38.2894267612565,62.7656483740084,0,0,8.14903515350098,8.46926896594453,2.42701358065231,4.86740585226865,1.45903840177977,2.39125202530686,0,0,639.878977608338,637.406767819029,129.442874426083,264.127741013114,97.3847626524935,155.610425289062,0,0,24.5849532748967,24.4901951136956,4.96024579855218,10.1185253119525,3.71823656418343,5.94008513037572,0,0,0,0,15.2097560890053,31.6328085083605,10.9930338786507,17.084791527611,0,0,0,0,0,0,0,0,0,0,82.2676312955704,47.871797731398,45.8696172690106,44.8968037911657
"34",1992,477,2.75,7405.59509483592,7165.7053612274,688.527621189646,1301.88929234891,258.040301302379,387.341936467317,0,0,0,0,0,0,0,0,0,0,0,0,1.04224787488357,2.01028050833294,0.464084505820784,0.699102609323703,0,0,0,0,0,0,0,0,0,0,2541.82770036398,2476.91299388238,172.949012788734,327.685453933145,54.2764851529412,82.2819349105882,0,0,97.6610850607136,95.1669582280874,6.66310060281326,12.6256777080433,2.09153667431552,3.17073466762859,0,0,31221.593919458,30464.3261809104,2553.59339952147,4823.52965441678,905.030971299706,1351.32410821672,0,0,1199.54803145642,1170.48935789129,98.8641113365395,186.878124976697,35.3063965950365,52.7501636437008,0,0,0,0,3.99939328247682,7.69536418589364,1.61208198993014,2.41580246229193,0,0,0,0,0,0,0,0,0,0,211.73813821161,219.857393387951,64.6072801855037,129.66602008369,39.1654321502599,64.3011183720198,0,0,8.13526781548726,8.44727449756818,2.47319891128652,4.96218131031461,1.49241410062767,2.44973642124903,0,0,636.030589736754,633.187660631923,131.688635876522,269.033477988114,99.3336514813397,159.159982823436,0,0,24.4370946279516,24.3280901720436,5.04624789571602,10.3063211020588,3.7925997863971,6.07548195444945,0,0,0,0,15.5516065765934,32.3653505461427,11.2574027729767,17.5252920936476,0,0,0,0,0,0,0,0,0,0,84.7758910166014,49.3657400533868,47.9244100451004,47.0110881066255
"35",1992,477,2.83333333333333,7394.40502069648,7145.55774442402,697.89250013347,1319.68723203631,262.291362584923,394.110165124921,0,0,0,0,0,0,0,0,0,0,0,0,1.05877566715491,2.04217604670457,0.471889544499457,0.711573161099325,0,0,0,0,0,0,0,0,0,0,2545.56973108478,2477.22269305882,176.068103685291,333.727510669768,55.6008810804205,84.4211919978218,0,0,97.8048598651473,95.1788573657075,6.78332234491223,12.8585821467772,2.14256988069679,3.25316611870337,0,0,31145.369386616,30347.358461141,2590.74273327457,4894.82663146332,924.231590430354,1381.46118517594,0,0,1196.61963072773,1165.99526007976,100.307442881746,189.651488465181,36.0568624212463,53.9293148996082,0,0,0,0,4.06824720787843,7.82943681561222,1.64716792072992,2.47105954982557,0,0,0,0,0,0,0,0,0,0,211.412883917635,219.313623867939,65.8144948079363,132.148111341478,40.061955738827,65.8732258966117,0,0,8.12277148619647,8.42638198443938,2.5193854874896,5.05710327386452,1.52657184125541,2.5096168003396,0,0,632.183420616242,628.973069378421,133.931321389882,273.943492309257,101.315210995113,162.771140332019,0,0,24.2892827957204,24.1661587403413,5.13212719798729,10.4942698803967,3.86820849928282,6.21322619613111,0,0,0,0,15.8976086506928,33.1073986404232,11.5270882172747,17.9750419281742,0,0,0,0,0,0,0,0,0,0,87.2801063200316,50.8558952847606,50.0227467891479,49.1719604750389
"36",1992,477,2.91666666666667,7383.23852097359,7125.55191177685,707.035473377186,1337.09994799843,266.58138371473,400.942006641867,0,0,0,0,0,0,0,0,0,0,0,0,1.07508680021,2.07369731311245,0.479784423243575,0.724185969034095,0,0,0,0,0,0,0,0,0,0,2549.60077569106,2477.81646438748,179.179266818585,339.767897330932,56.9547917201078,86.6105215475531,0,0,97.9597390452434,95.2016710096953,6.90324139739415,13.0914272624471,2.19474023836612,3.33752673590304,0,0,31069.4846375572,30231.0692810552,2627.10512333811,4964.76617018034,943.640020439714,1411.95425503861,0,0,1193.70428360399,1161.5272329257,101.720662780146,192.373003684167,36.8155566384685,55.1225716762313,0,0,0,0,4.13625055409478,7.96206082837381,1.68270006165519,2.52706372254196,0,0,0,0,0,0,0,0,0,0,211.119622783778,218.797851724352,67.0210838915513,134.632934218851,40.9788205594517,67.4819317811641,0,0,8.11150437666207,8.40656517556669,2.56554575745338,5.15212454503254,1.56150487238052,2.57089168165232,0,0,628.338388683052,624.763689504083,136.170136507184,278.856061030458,103.329463206187,166.444136666819,0,0,24.1415530657848,24.0044275387222,5.21785325198887,10.6823055709746,3.94506343716469,6.35332680187984,0,0,0,0,16.2475263423642,33.8585300743633,11.8021161496901,18.4341045441416,0,0,0,0,0,0,0,0,0,0,89.7806622229679,52.3424557096339,52.1652512137315,51.3800915254913
"37",1993,477,3,7370.21336429611,7103.06181822371,717.173052004577,1356.21878513987,270.938109001257,407.920437467659,0,0,0,0,0,0,0,0,0,0,0,0,1.09128835679528,2.10514053917862,0.487814113362401,0.737084846402998,0,0,0,0,0,0,0,0,0,0,2553.63335262964,2478.2472827297,182.580994513237,346.313138258636,58.3456353849568,88.8702782287644,0,0,98.1146770999968,95.2182237393551,7.03432779679531,13.3436792003726,2.24833348254464,3.42460070758607,0,0,30989.9353065556,30109.4172221104,2666.45027529998,5039.79586801331,963.354858038887,1443.09734478886,0,0,1190.6481392697,1156.85315528098,103.248644388652,195.290561802718,37.5863279012074,56.3414176508046,0,0,0,0,4.20379953823624,8.09434736266463,1.71883939730076,2.584323686562,0,0,0,0,0,0,0,0,0,0,210.856366468888,218.331176282262,68.2738016688221,137.235746825513,41.9374730116098,69.1973533703747,0,0,8.10139008714491,8.38863474116769,2.61347406216128,5.25166441728994,1.5980304367552,2.63623241140251,0,0,624.436418757257,620.463722182831,138.477475691885,283.908509843401,105.387769961198,170.215282636491,0,0,23.9916356951867,23.8392158219446,5.30620686713306,10.8757011462226,4.02359829102694,6.49716956500048,0,0,0,0,16.6019922512892,34.6218932924783,12.0837747688522,18.9064405983094,0,0,0,0,0,0,0,0,0,0,92.2326547144235,53.7333098655824,54.3129445575306,53.4951912564741
"38",1993,477,3.08333333333333,7354.69628097053,7077.2219510061,728.671477774029,1377.68003411009,275.389607862502,415.098387314217,0,0,0,0,0,0,0,0,0,0,0,0,1.10792832368396,2.13745968449955,0.495998131181813,0.7503272376518,0,0,0,0,0,0,0,0,0,0,2557.63482317692,2478.42402361058,186.368619903017,353.529461413441,59.7846997390541,91.2201590407157,0,0,98.2684199974519,95.2250144066371,7.18025004289677,13.6217348600535,2.30378368246316,3.51514581987645,0,0,30905.3518981684,29980.3861633014,2709.94337351807,5121.92855840601,983.469479580242,1475.07229265904,0,0,1187.39858063417,1151.89556449204,104.936229988133,198.481661496493,38.3727876120491,57.5929154893757,0,0,0,0,4.27273535202349,8.22948767989033,1.75565887323114,2.64305160835776,0,0,0,0,0,0,0,0,0,0,210.619390806535,217.913903971888,69.6002853209044,140.012398184004,42.9440526290859,71.0394755103464,0,0,8.09228552909468,8.37260245483333,2.66423181079407,5.3578664336532,1.63638281272335,2.70640084880559,0,0,620.453732991269,616.041055213383,140.877671478777,289.151231932676,107.496693231922,174.106019689576,0,0,23.8386171084232,23.6692897875203,5.3981226723681,11.076390993099,4.10406358996314,6.64557246759223,0,0,0,0,16.9612672323944,35.3987502724425,12.3725622452918,19.3936558144404,0,0,0,0,0,0,0,0,0,0,94.6210961316482,54.9977554962303,56.4535977222153,55.4678310052146
"39",1993,477,3.16666666666667,7339.20391258814,7051.55342121433,739.888222047428,1398.65996335183,279.898726719488,422.364720257644,0,0,0,0,0,0,0,0,0,0,0,0,1.12491130796658,2.1703352271626,0.504275122172147,0.763719248607393,0,0,0,0,0,0,0,0,0,0,2562.01577661427,2478.96711460897,190.145139537858,360.744954545739,61.2655943467837,93.6388341771822,0,0,98.4367432344009,95.2458808312895,7.32575371295414,13.8997739280746,2.36084459645422,3.6083401155152,0,0,30821.1037049681,29852.0911938825,2752.51028862889,5202.48539858957,1003.85290891356,1507.48902848985,0,0,1184.16190007551,1146.96625551521,106.588414403739,201.61262357554,39.1698263148258,58.8618394463896,0,0,0,0,4.34271227983445,8.36629111708282,1.79294513478251,2.70257476770226,0,0,0,0,0,0,0,0,0,0,210.408724899606,217.514559745433,70.9398893253784,142.811157575562,43.9700198673572,72.9144002782741,0,0,8.08419182809714,8.35725899429631,2.71549193234967,5.46491376713812,1.67547479692554,2.77782016599281,0,0,616.469812958356,611.625388425581,143.272695739115,294.398937119408,109.641857208589,178.071168288793,0,0,23.6855510877727,23.499632711874,5.48983540801039,11.2772605483536,4.18591044382532,6.79681085201564,0,0,0,0,17.3243094474812,36.1845372691745,12.6668338908505,19.8906919872377,0,0,0,0,0,0,0,0,0,0,97.007001093058,56.2598339877398,58.6413992574025,57.4868870397962
"40",1993,477,3.25,7323.73177625766,7026.05098080871,750.827800229893,1419.16479480504,284.461230037601,429.713884705746,0,0,0,0,0,0,0,0,0,0,0,0,1.14210348962673,2.20354485891359,0.512648197581986,0.777264178219411,0,0,0,0,0,0,0,0,0,0,2566.77236825668,2479.87154500983,193.913795930301,367.964973290865,62.7879953279104,96.1263564949421,0,0,98.6194990918976,95.2806304936281,7.47096260089046,14.1780009637378,2.41950394884958,3.70418588367346,0,0,30737.194436148,29724.5333631482,2794.16621679228,5281.48796522641,1024.49264957708,1540.33185028501,0,0,1180.93824012135,1142.06526866527,108.205766868919,204.684251575522,39.9769652805328,60.1475894206869,0,0,0,0,4.41329855544085,8.50405058702133,1.83071132367811,2.76290922260419,0,0,0,0,0,0,0,0,0,0,210.224109867039,217.133505006327,72.2904639491188,145.629104349595,45.0162519329878,74.8238941845566,0,0,8.07709903780607,8.34261824525189,2.76717186269533,5.57269423460159,1.71534003536049,2.85055799943452,0,0,612.485449567976,607.216991028354,145.662609540936,299.65082898888,111.822910610126,182.110040161394,0,0,23.5324680210859,23.3302549384413,5.5813475646132,11.4782795588769,4.26912541236649,6.95085842464504,0,0,0,0,17.691155080194,36.9792747937908,12.9666105730983,20.3976073705294,0,0,0,0,0,0,0,0,0,0,99.3906662919476,57.5196503167204,60.8770882114784,59.5530027652987
"41",1993,477,3.33333333333333,7308.27558405365,7000.70959391417,761.494620761324,1439.20061917948,289.072973095683,437.140416383821,0,0,0,0,0,0,0,0,0,0,0,0,1.15939495947774,2.23690487623825,0.521117548696441,0.790961694886796,0,0,0,0,0,0,0,0,0,0,2571.90033784917,2481.1319131632,197.677558428071,375.194421483392,64.3516546790621,98.6828555544829,0,0,98.8165238841321,95.3290558536223,7.61599010592634,14.4566033214929,2.47975235057463,3.80268832591116,0,0,30653.6279820472,29597.7138927947,2834.92623466095,5358.95777664248,1045.37647110264,1573.5853239534,0,0,1177.72775025853,1137.19265088097,109.78885242037,207.697347316407,40.7937356635647,61.449575151649,0,0,0,0,4.48414246592036,8.64218678758636,1.86896083592622,2.82405908819542,0,0,0,0,0,0,0,0,0,0,210.065288975984,216.771056239731,73.6501896019166,148.463774964327,46.0834783557453,76.769519909682,0,0,8.07099729439488,8.32869236756371,2.81920175848186,5.68111328285251,1.7560065109196,2.92467418158714,0,0,608.501478198887,602.816222600519,148.047299941684,304.905885648256,114.039551615521,186.222040569804,0,0,23.3794000047824,23.1611702828144,5.67265494941164,11.6794091120371,4.35369695931655,7.10769248321202,0,0,0,0,18.0617732537414,37.7828736316702,13.2719137729129,20.9144599955855,0,0,0,0,0,0,0,0,0,0,101.772385505101,58.7773114650882,63.161401657454,61.6668289664224
"42",1993,477,3.41666666666667,7292.83121454413,6975.52440738871,771.892991946054,1458.77340496998,293.729898018121,444.638934641464,0,0,0,0,0,0,0,0,0,0,0,0,1.17669495224777,2.27026265011424,0.529681285262181,0.804808854734384,0,0,0,0,0,0,0,0,0,0,2577.39513253463,2482.74255019489,201.439151543403,382.437798785536,65.9563918920223,101.308531141387,0,0,99.0276426830543,95.3909391040612,7.7609403076836,14.73575296074,2.54158298266692,3.90385531364123,0,0,30570.4083325693,29471.6340961154,2874.80528816228,5434.91626906923,1066.49240431078,1607.23427995837,0,0,1174.5305837987,1132.3484526204,111.338231457586,210.65270998156,41.6196783351431,62.7672161052555,0,0,0,0,4.55495598669346,8.7802226221616,1.90769022339756,2.88602001880293,0,0,0,0,0,0,0,0,0,0,209.932005848652,216.427487282877,75.0175265536807,151.313094713952,47.1723086220092,78.7526686269546,0,0,8.06587674766216,8.31549188249376,2.87152255548026,5.7900913493505,1.79749760526966,3.00022198175847,0,0,604.518767369681,598.423517204412,150.426515783694,310.162907532774,116.291510238789,190.406643417528,0,0,23.2263804085571,22.9923954223624,5.7637480645797,11.8806034780379,4.4396147763415,7.26729296340875,0,0,0,0,18.4360818394062,38.5951597393371,13.5827632037512,21.4413047579211,0,0,0,0,0,0,0,0,0,0,104.152449624692,60.0329261079829,65.4950745870798,63.8290235764707
"43",1993,477,3.5,7277.39469421785,6950.4907315699,782.027126082406,1477.88900402628,298.428031570841,452.204140392679,0,0,0,0,0,0,0,0,0,0,0,0,1.19392891059883,2.30349195714707,0.538335906548475,0.818800678512497,0,0,0,0,0,0,0,0,0,0,2583.25198748486,2484.69760130031,205.201074117297,389.699232557033,67.6020877107531,104.003648179079,0,0,99.2526724163447,95.4660552939891,7.90590869337793,15.0156076565365,2.60499136007874,4.00769719694081,0,0,30487.5395235468,29346.2953247836,2913.81818391394,5509.3847796963,1087.82873963422,1641.26381269705,0,0,1171.34689581762,1127.5327258163,112.854459408611,213.551135463994,42.4543438268879,64.0999414572564,0,0,0,0,4.62550478461492,8.91776746768171,1.94689079388689,2.94878114592405,0,0,0,0,0,0,0,0,0,0,209.824003623124,216.103031231826,76.3911812613296,154.175331799856,48.2832503163279,80.7745817992945,0,0,8.06172752878981,8.30302574596332,2.92408466926254,5.89956208810678,1.83983279568708,3.07724894255925,0,0,600.538210916108,594.0393724478,152.799891604354,315.420549668174,118.578536946662,194.663374469955,0,0,23.0734435748229,22.8239494759721,5.85461302743373,12.0818113526889,4.52686934684318,7.42964179687027,0,0,0,0,18.8139571254486,39.41588958794,13.8991755267098,21.9781917963521,0,0,0,0,0,0,0,0,0,0,106.53114664503,61.2866043810004,67.8788400906893,66.0402517076015
"44",1993,477,3.58333333333333,7261.96218178098,6925.60402406112,791.901142742411,1496.55315595896,303.163483448667,459.830814551036,0,0,0,0,0,0,0,0,0,0,0,0,1.21103599819264,2.33648901877214,0.547076691466256,0.832930630033759,0,0,0,0,0,0,0,0,0,0,2589.4659944867,2486.99109466317,208.965616435616,396.982506345483,69.2886786932303,106.768532312967,0,0,99.4914245026043,95.5541749766744,8.05098280747467,15.2963120821918,2.66997512587676,4.11422663856387,0,0,30405.0255911096,29221.6989238754,2951.97958077939,5582.38453051643,1109.37402628628,1675.65928072181,0,0,1168.176841402,1122.74552214793,114.338086402502,216.39341574468,43.2972923054902,65.4471901069642,0,0,0,0,4.69559976544246,9.05450385308839,1.98654993190082,3.01232668038251,0,0,0,0,0,0,0,0,0,0,209.741024361852,215.797882256912,77.7700771535002,157.049057387203,49.4167246688447,82.8363700437162,0,0,8.05853972761753,8.29130141830499,2.97684686807738,6.00947082706946,1.88302825222679,3.15579760380499,0,0,596.560721225674,589.664339984447,155.166968293606,320.677349615851,120.900392927946,198.991796743812,0,0,22.9206245587748,22.6558536390645,5.94523236536111,12.2829769337532,4.61545157317278,7.5947223523302,0,0,0,0,19.1952420050308,40.2447631829056,14.2211632978982,22.525165149955,0,0,0,0,0,0,0,0,0,0,108.90876163432,62.5384576666245,70.3134295805646,68.3011857233532
"45",1993,477,3.66666666666667,7246.52995160566,6900.85987255247,801.519072874896,1514.77149349527,307.932443769821,467.513815729724,0,0,0,0,0,0,0,0,0,0,0,0,1.22796654022111,2.36916841626824,0.555898086423697,0.847191092275779,0,0,0,0,0,0,0,0,0,0,2596.03216941375,2489.61700874775,212.734879827142,404.29109249342,71.0161512505825,109.603564913174,0,0,99.7437074437267,95.655066795085,8.19624299601675,15.577999048956,2.73653382543483,4.22345842573077,0,0,30322.87052794,29097.8461890892,2989.30398259513,5653.93661274889,1131.11706882092,1710.40630438456,0,0,1165.02057396872,1117.98689139743,115.789656982917,219.180338287978,44.1480934505256,66.8084105964005,0,0,0,0,4.76508839466075,9.19017375426228,2.02665241079119,3.07663750471548,0,0,0,0,0,0,0,0,0,0,209.68280859624,215.512197978577,79.1533235220366,159.933102910854,50.573082564845,84.9390330097389,0,0,8.05630337514588,8.2803249555462,3.02977507296688,6.11977291971342,1.92709745256073,3.23590626514653,0,0,592.587222426943,585.299015578383,157.527214291612,325.931756099688,123.256840598571,203.39149577852,0,0,22.7679588667135,22.4881308018483,6.03558583132742,12.4840410231803,4.70535241285999,7.76251887226407,0,0,0,0,19.5797542702258,41.0814373020362,14.5487340121266,23.0822615396451,0,0,0,0,0,0,0,0,0,0,111.285576730011,63.7885983615534,72.7995730865285,70.612505264451
"46",1993,477,3.75,7231.09438117735,6876.25398172263,810.884862011865,1532.54954663619,312.731181114775,475.248078519339,0,0,0,0,0,0,0,0,0,0,0,0,1.24468017589558,2.40146011942932,0.564793951697996,0.86157367316384,0,0,0,0,0,0,0,0,0,0,2602.94550172537,2492.56932151515,216.510792961811,411.628179053362,72.7845364599344,112.509178467619,0,0,100.009328726728,95.7684993728562,8.34176302578435,15.8607905294395,2.80466870958299,4.3354092960532,0,0,30241.0782518014,28974.738336255,3025.80573216196,5724.06197390271,1153.04692423879,1745.49076403769,0,0,1161.87824405579,1113.25688027826,117.209709871158,221.912685539397,45.0063263521357,68.1830610496052,0,0,0,0,4.83384849120214,9.32456871738712,2.06718120643039,3.14169217274983,0,0,0,0,0,0,0,0,0,0,209.649095267157,215.246101810198,80.5401909129256,162.8265261065,51.7526167289109,87.0834750747298,0,0,8.05500844125172,8.27010109942424,3.08284140919645,6.23043243442787,1.97205164969876,3.31760958795742,0,0,588.618645056382,580.944031138137,159.88004190756,331.182151226402,125.647636823438,207.86206841816,0,0,22.6154822511384,22.3208052432619,6.12565103132582,12.6849418821243,4.79656261914128,7.93301604414288,0,0,0,0,19.9672924909955,41.925534981596,14.8818895971337,23.6495096891772,0,0,0,0,0,0,0,0,0,0,113.661871119598,65.0371396711299,75.3379996242042,72.9748973103762
"47",1993,477,3.83333333333333,7215.65194108029,6851.78216274207,820.00237300822,1549.8927461656,317.556040796692,483.02861201056,0,0,0,0,0,0,0,0,0,0,0,0,1.26114441953983,2.43330716124232,0.573757736516943,0.876069424326938,0,0,0,0,0,0,0,0,0,0,2610.20099225751,2495.84204776422,220.295126058777,418.996693179822,74.5939055425007,115.48585243361,0,0,100.28809627573,95.8942427489888,8.48761062423901,16.1447985473096,2.87438256281315,4.45009778050231,0,0,30159.6525820897,28852.3764789112,3061.49900635214,5792.78140687109,1175.15289905541,1780.89879814342,0,0,1158.74999842137,1108.5555315737,118.598777772177,224.591234501252,45.8715794068001,69.5706091080908,0,0,0,0,4.90178342173555,9.45752217448499,2.10811806728778,3.20746761504167,0,0,0,0,0,0,0,0,0,0,209.639621859311,214.999685219781,81.9300907691221,165.728582779528,52.9555714429897,89.270518248133,0,0,8.05464483985185,8.26063336428433,3.13602342186292,6.34142106571028,2.01790024496268,3.40093909007259,0,0,584.65592176375,576.600048114892,162.22482043135,336.426868419442,128.072527839349,212.40311389573,0,0,22.4632305457429,22.1539023773203,6.21540392831006,12.8856159207026,4.88907254672444,8.10619865986806,0,0,0,0,20.3576405202989,42.7766528425765,15.2206261264023,24.2269299162595,0,0,0,0,0,0,0,0,0,0,116.037921022152,66.2841954269782,77.9294375821372,75.3890562485072
"48",1993,477,3.91666666666667,7200.19918529636,6827.44032308851,828.875388827057,1566.80642719857,322.403443080971,490.850498287001,0,0,0,0,0,0,0,0,0,0,0,0,1.27733323665849,2.46466333956203,0.582782656199788,0.890669061451716,0,0,0,0,0,0,0,0,0,0,2617.7936892091,2499.42927453543,224.089505181951,426.399324695167,76.4443654410896,118.534109182008,0,0,100.579819834618,96.0320697381216,8.63384802289733,16.4301260737605,2.94567953523916,4.56754404985826,0,0,30078.5972177312,28730.7616073395,3096.39781136401,5860.11553911366,1197.42454607596,1816.61680111457,0,0,1155.63597919466,1103.88288333133,119.957387185827,227.216756311181,46.7434502022425,70.9705318564362,0,0,0,0,4.96881733674856,9.58890183677009,2.14944409733503,3.27393985627748,0,0,0,0,0,0,0,0,0,0,209.654124566139,214.773010048413,83.3225553953888,168.638698985904,54.1821519835972,91.5009147815537,0,0,8.05520243523916,8.25192412615812,3.18930330384397,6.45271706116355,2.06465115022337,3.48592362928687,0,0,580.699983166102,572.267751035258,164.56088888795,341.66420985591,130.531244401429,217.014225177006,0,0,22.311239506119,21.9874485046335,6.30481933238275,13.0859983686051,4.98287196611495,8.28205128516504,0,0,0,0,20.7505719473947,43.6343683271288,15.5649335292355,24.8145337236065,0,0,0,0,0,0,0,0,0,0,118.413999674755,67.5298799054472,80.5746151207961,77.8556839476384
"49",1994,477,4,7183.3238775474,6800.73525685603,839.201238625457,1586.06764289194,327.252181456851,498.681535868075,0,0,0,0,0,0,0,0,0,0,0,0,1.29333161356501,2.49565448912706,0.591820039990588,0.905301305048362,0,0,0,0,0,0,0,0,0,0,2625.31618414744,2502.69208845351,228.276640859451,434.443206677701,78.3313685974954,121.647085710571,0,0,100.868846119891,96.1574322666457,8.79517983811761,16.7401002992623,3.01838431795019,4.68748357996436,0,0,29993.2616300792,28602.4158538982,3135.15995717833,5933.49176738418,1219.78014731765,1852.52259867929,0,0,1152.35751017988,1098.95162366889,121.464463672132,230.074556989799,47.6187440194954,72.3780520123126,0,0,0,0,5.03516410560731,9.7189926131341,2.19098518193114,3.34085607066816,0,0,0,0,0,0,0,0,0,0,209.626935553336,214.471127564564,84.7507683794756,171.61001956303,55.4133734181078,93.7439442226743,0,0,8.05415817657997,8.24032530235669,3.24395806639933,6.56636666798887,2.11158106480197,3.57139310344612,0,0,576.668675110243,567.815256445972,166.960745672397,347.009504281571,133.013973240092,221.6795760119,0,0,22.1563526639564,21.816376450569,6.3966836109955,13.2905223184538,5.07758641976211,8.45997018018538,0,0,0,0,21.1451123636393,44.4967354496431,15.9136593128548,25.410574773174,0,0,0,0,0,0,0,0,0,0,120.821044220634,68.8046488062863,83.3095103292351,80.437567227043
"50",1994,477,4.08333333333333,7165.55832463731,6772.60269296109,850.334852784931,1606.62525060735,332.128958279146,506.556021316274,0,0,0,0,0,0,0,0,0,0,0,0,1.30967673699124,2.52716533207368,0.600886300487927,0.919988604078182,0,0,0,0,0,0,0,0,0,0,2632.87770941679,2505.81875637711,232.706870839426,442.891158405096,80.2603680824716,124.831704033579,0,0,101.159372012898,96.2775638483418,8.96586089033517,17.0656165620739,3.09270671558655,4.81018276603363,0,0,29905.3599078331,28470.101942068,3176.03349976698,6010.12154404234,1242.29948065142,1888.71825261958,0,0,1148.98044769892,1093.86790093461,123.052762010377,233.057602922156,48.5005419423909,73.7971160681509,0,0,0,0,5.10243976393834,9.85039524884441,2.23279947345997,3.4082970214467,0,0,0,0,0,0,0,0,0,0,209.584230208964,214.131736888223,86.2172979341229,174.646893227286,56.6584316329273,96.0142208523079,0,0,8.05251775922128,8.22728535359178,3.30008564465705,6.68253544147728,2.15904073551901,3.65790477822068,0,0,572.59340365366,563.291727257464,169.397949317613,352.420195168486,135.523371014288,226.402925361206,0,0,21.999776679733,21.6425751333467,6.48998095411879,13.4975529071298,5.17331776918085,8.64009946659599,0,0,0,0,21.5414843924798,45.3641432220912,16.2671287207825,26.0155709503583,0,0,0,0,0,0,0,0,0,0,123.247513763223,70.0971169667349,86.1231985504825,83.1150808414083
"51",1994,477,4.16666666666667,7147.81713105271,6744.66090911007,861.172521478803,1626.67306039636,337.046767157224,514.493111401956,0,0,0,0,0,0,0,0,0,0,0,0,1.32631090761213,2.55911023136063,0.610015066735122,0.934778169437392,0,0,0,0,0,0,0,0,0,0,2640.73761583355,2509.21614237921,237.133326459524,451.352023543049,82.2357271073825,128.09487687011,0,0,101.461362186751,96.4080968515378,9.13640631362437,17.3916465931449,3.16881491523294,4.93590802533695,0,0,29817.915227789,28338.6804246039,3215.99765532236,6085.18627635681,1265.03294963484,1925.27819921536,0,0,1145.62094408815,1088.81846549983,124.606237954902,235.980789147661,49.3908150991479,75.2306379821322,0,0,0,0,5.1704987605022,9.98291209855905,2.27500745433759,3.47643341550838,0,0,0,0,0,0,0,0,0,0,209.568555719017,213.816907407869,87.7016570763268,177.716968469241,57.9306508210254,98.3336769572625,0,0,8.05191590617438,8.2151890854097,3.35689768929719,6.79997783312969,2.20753813446949,3.74629460181127,0,0,568.528505737115,558.783518535324,171.825459269454,357.820454840001,138.065304802996,231.193657242399,0,0,21.843599248619,21.4693624536373,6.582903819661,13.7041763145663,5.27029009147832,8.82279746616915,0,0,0,0,21.9402576218538,46.2376485803675,16.6260540909839,26.6306437108692,0,0,0,0,0,0,0,0,0,0,125.673646029217,71.3876125199061,88.9942115695052,85.8495482343071
"52",1994,477,4.25,7130.09445834478,6716.90327707,871.718752973721,1646.21733808017,342.001162876362,522.48686073877,0,0,0,0,0,0,0,0,0,0,0,0,1.34310529836505,2.59127889142536,0.619209206741037,0.949672718404742,0,0,0,0,0,0,0,0,0,0,2648.90125388638,2512.88841417483,241.559704030274,459.83200666359,84.2578152451042,131.437681347369,0,0,101.77502221578,96.5491914065096,9.30695731391344,17.7184275378696,3.24672323960674,5.06470093841307,0,0,29730.9237590974,28208.1441522597,3255.06742111331,6158.70779570769,1287.96840863035,1962.18686847075,0,0,1142.27885217687,1083.80304267819,126.125454097226,238.844930167553,50.2890964361494,76.6780197705199,0,0,0,0,5.23895975267854,10.1159344885104,2.31761860419778,3.54527562158354,0,0,0,0,0,0,0,0,0,0,209.579300911625,213.526204165943,89.2014572390639,180.8167368336,59.2303310396489,100.703102209458,0,0,8.05232913541535,8.2040197860421,3.41430250982315,6.91855922579286,2.25708489784555,3.836593004938,0,0,564.474293345417,554.290843847262,174.243504078675,363.209989054233,140.639531813406,236.051382545611,0,0,21.6878323575963,21.2967466170496,6.67546121440471,13.9103817599879,5.36849420667849,9.00804949929467,0,0,0,0,22.3414473681759,47.1172128300349,16.9904177166199,27.2557875155815,0,0,0,0,0,0,0,0,0,0,128.099750388558,72.6762822805909,91.9235898254203,88.6419618876841
"53",1994,477,4.33333333333333,7112.38483559284,6689.32354966116,881.977959901984,1665.26424179733,346.987801765738,530.531426546982,0,0,0,0,0,0,0,0,0,0,0,0,1.35995435781305,2.62349798065798,0.628468674838961,0.964671379351669,0,0,0,0,0,0,0,0,0,0,2657.37250189275,2516.83830112501,245.989349821301,468.336713667578,86.3269956143683,134.861159008075,0,0,102.100501111144,96.7009523796734,9.4776417562586,18.0461737063966,3.32644574639289,5.19660170076169,0,0,29644.3826333358,28078.4869395058,3293.25770482992,6230.70792510686,1311.09401290007,1999.42901581506,0,0,1138.95406177124,1078.82139481091,127.610969976959,241.65084070083,51.1949301523126,78.1386755222791,0,0,0,0,5.30751340698512,10.2489660897029,2.36063396973342,3.61482395074707,0,0,0,0,0,0,0,0,0,0,209.615916488933,213.259235122685,90.7146814344206,183.943231754749,60.5577237937014,103.123229337974,0,0,8.05373634220776,8.19376239269127,3.47222271656635,7.03816586353322,2.30769079310638,3.92882823398187,0,0,560.431166122936,549.814017291743,176.652121696922,368.588237559221,143.24581402386,240.975724191142,0,0,21.532491361628,21.1247396917458,6.76765482352303,14.1161482481416,5.46792113300792,9.19584137148433,0,0,0,0,22.7450097184715,48.002703216184,17.3602023050682,27.8909959370137,0,0,0,0,0,0,0,0,0,0,130.526129339342,73.9632705122041,94.9123524060947,91.4933036067112
"54",1994,477,4.41666666666667,7094.68309755109,6661.91579779104,891.954466898557,1683.81983058483,352.002434433754,538.621061156959,0,0,0,0,0,0,0,0,0,0,0,0,1.37677067706945,2.6556231418051,0.637791409845735,0.979770772512314,0,0,0,0,0,0,0,0,0,0,2666.15407558624,2521.06740279469,250.425307932147,476.871235682757,88.443629168791,138.366327170594,0,0,102.437903215671,96.8634412288719,9.64857598687068,18.3750797705787,3.4079963965832,5.33164956276374,0,0,29558.2897289262,27949.7033493416,3330.58331070369,6301.20844632656,1334.39820102516,2036.98970260394,0,0,1135.64649137141,1073.87331299892,129.063341529594,244.399334398218,52.1078710431291,79.6120306728913,0,0,0,0,5.37590611559017,10.3815979894108,2.40404889344612,3.68507185111176,0,0,0,0,0,0,0,0,0,0,209.677902366016,213.015640854342,92.2396185998645,187.093934560091,61.9130431917402,105.594744328444,0,0,8.05611831264465,8.18440309571889,3.53059269043661,7.15870122800041,2.35936414990032,4.02302674488992,0,0,556.399592165758,545.353432175019,179.051202337821,373.954433531241,145.883909121508,245.966304999028,0,0,21.3775942456711,20.9533567891797,6.85948065942895,14.3214468563679,5.56856173804596,9.38615890722347,0,0,0,0,23.1508569495896,48.8939166742114,17.7353888549334,28.5362591682554,0,0,0,0,0,0,0,0,0,0,132.953079472252,75.2487192763857,97.9615013136714,94.4045477845029
"55",1994,477,4.5,7076.98435774682,6634.67438309457,901.652512108815,1701.89006614155,357.040904955389,546.750111242123,0,0,0,0,0,0,0,0,0,0,0,0,1.39348272731509,2.68753545614378,0.647173711799516,0.994965467047171,0,0,0,0,0,0,0,0,0,0,2675.24767566852,2525.57633741412,254.87033980112,485.440183042914,90.6080759189069,141.954183238504,0,0,102.787293873038,97.0366817075001,9.81986557482062,18.7053220574453,3.49138910318345,5.46988299700767,0,0,29472.6435665843,27821.7885890272,3367.0589264971,6370.23107703256,1357.86969479513,2074.85429610163,0,0,1132.35608415463,1068.95861309673,130.483120588389,247.091222968809,53.0274844989987,81.0975220036607,0,0,0,0,5.4439328584289,10.5134977139841,2.44785413199088,3.75600723024162,0,0,0,0,0,0,0,0,0,0,209.764802049209,212.795089874407,93.7748333864299,190.266731318171,63.2964715946734,108.1182917586,0,0,8.05945750765528,8.17592915888028,3.58935741891285,7.28008437530582,2.41211207803276,4.11921340911431,0,0,552.380098202164,540.909550164853,181.440509674383,379.307633422138,148.553565332564,251.02274037554,0,0,21.2231612473978,20.7826156473645,6.95092987703652,14.5262418829311,5.67040654040629,9.57898767007369,0,0,0,0,23.5588645461997,49.7905906924276,18.1159556741473,29.191562788825,0,0,0,0,0,0,0,0,0,0,135.38089181411,76.5327685408345,101.072023623319,97.376663221073
"56",1994,477,4.58333333333333,7059.2839752,6607.59392412178,911.076250377746,1719.48081632169,362.099147971702,554.913014926708,0,0,0,0,0,0,0,0,0,0,0,0,1.41003216600905,2.71913722625347,0.656610677645339,1.01024850941629,0,0,0,0,0,0,0,0,0,0,2684.65415953741,2530.36491303055,259.326951364798,494.047732569795,92.8206967401922,145.625710376952,0,0,103.14870602584,97.2206664404262,9.99160634569806,19.0370603506958,3.57663780269965,5.61133991840162,0,0,29387.4431891951,27694.7383907875,3402.69911195906,6437.79744739171,1381.49749279441,2113.00846259568,0,0,1129.08280335991,1064.07713112884,131.870854434461,249.727315275216,53.9533462676543,82.5945973858134,0,0,0,0,5.51142872054954,10.6443961663626,2.4920371530586,3.82761398601546,0,0,0,0,0,0,0,0,0,0,209.876195934938,212.597273252036,95.3191291619616,193.459859704565,64.7081659563239,110.694480968424,0,0,8.063737805536,8.16832871255571,3.64847107083149,7.40224788852786,2.46594071213816,4.21741175160933,0,0,548.373258507808,536.482888970194,183.819705168319,384.646751058909,151.254516230761,256.14463078098,0,0,21.0692144313041,20.6125361575065,7.04198970935317,14.7304921586355,5.77344551027449,9.77431267392176,0,0,0,0,23.9688793059067,50.6924158905993,18.5018773810345,29.856886541572,0,0,0,0,0,0,0,0,0,0,137.809852301952,77.8155563353609,104.244894029783,100.410615123486
"57",1994,477,4.66666666666667,7041.57752301233,6580.66926441668,920.229756297858,1736.59785842553,367.173185877069,563.104299043396,0,0,0,0,0,0,0,0,0,0,0,0,1.42637134135012,2.75034805899375,0.666096589342837,1.02561189522713,0,0,0,0,0,0,0,0,0,0,2694.37370270871,2535.4322880043,263.797420032404,502.69767437613,95.0818549264956,149.381882740141,0,0,103.522146417676,97.4153630905079,10.1638854084258,19.3704396741969,3.66375651671815,5.75605788693533,0,0,29302.6880491512,27568.5489002828,3437.51828749496,6503.9290769801,1405.2708639091,2151.43816055774,0,0,1125.82662795955,1059.22871900466,133.227085354732,252.308416439894,54.8850422139751,84.1027155267779,0,0,0,0,5.57826105849916,10.7740755331568,2.53658328333421,3.89987336456997,0,0,0,0,0,0,0,0,0,0,210.011695104577,212.42189972118,96.8715124817681,196.67185780746,66.1482637066419,113.323891968601,0,0,8.06894426353969,8.16159056583511,3.70789562795678,7.52513590533759,2.52085543866183,4.31764417863692,0,0,544.379684370636,532.074010601154,186.188371048832,389.970589980184,153.986476085004,261.331554676039,0,0,20.9157772839386,20.4431399129342,7.13264435097272,14.9341522903497,5.8776678906871,9.97211811265147,0,0,0,0,24.3807267895871,51.5990476253992,18.8931240639248,30.5322032923805,0,0,0,0,0,0,0,0,0,0,140.240242225548,79.0972188917926,107.481077331885,103.507367036386
"58",1994,477,4.75,7023.86076628794,6553.89544996759,929.117026521217,1753.24688170498,372.259126736003,571.318577209295,0,0,0,0,0,0,0,0,0,0,0,0,1.44246166058909,2.78110228008898,0.675625131044393,1.04104683726623,0,0,0,0,0,0,0,0,0,0,2704.40591101646,2540.7770824044,268.283815033148,511.39344676998,97.3919166182982,153.223668261144,0,0,103.907599904059,97.6207186385907,10.3367819298926,19.7055916220784,3.7527593697078,5.9040742162807,0,0,29218.3779305118,27443.2165997648,3471.53072606269,6568.64735792917,1429.17934215311,2190.12963545695,0,0,1122.58754966837,1054.41324156596,134.552350324615,254.835327191852,55.8221681292965,85.621345778854,0,0,0,0,5.64432444056193,10.9023613995434,2.58147632637751,3.97276470290629,0,0,0,0,0,0,0,0,0,0,210.170937183812,212.268692557349,98.4311673851201,199.901526888664,67.6168868774342,116.007079976139,0,0,8.07506295878594,8.15570408651853,3.76759989555239,7.64870268407116,2.57686105481512,4.41993215231583,0,0,540.40001651441,527.683512872887,188.546026416972,395.277866371083,156.749137072676,266.583063802684,0,0,20.7628744228057,20.2744498826637,7.22287557690783,15.137173542412,5.9830620905464,10.1723871794194,0,0,0,0,24.7942160663058,52.5101134803919,19.2896609226262,31.2174785579964,0,0,0,0,0,0,0,0,0,0,142.672338527507,80.377890729549,110.781530279779,106.66788223876
"59",1994,477,4.83333333333333,7006.12964221848,6527.26770886684,937.741981934116,1769.43348968549,377.353162280704,579.55054801192,0,0,0,0,0,0,0,0,0,0,0,0,1.45827212933347,2.81134661593041,0.685189577628963,1.05654399838933,0,0,0,0,0,0,0,0,0,0,2714.74992124797,2546.39747759602,272.788016746048,520.138169362622,99.7512511489872,157.152031152239,0,0,104.305033318977,97.8366632098161,10.510367871014,20.0426356206003,3.84366060352464,6.05542607112649,0,0,29134.5128793764,27318.7382396136,3504.75054572299,6631.97353918254,1453.21272146176,2229.06941459154,0,0,1119.36557026862,1049.63057395651,135.847180715608,257.308843255675,56.7643295395427,87.1499679487198,0,0,0,0,5.7095361258635,11.0291156938497,2.6266990978459,4.04626607228516,0,0,0,0,0,0,0,0,0,0,210.353582661204,212.137386864488,99.9974318236757,203.147897131703,69.1141457313121,118.744579520066,0,0,8.08208084681515,8.15065909687351,3.82755859509415,7.77291128494016,2.63396190840163,4.52429634861113,0,0,536.434918260121,523.312021714088,190.892141726323,400.567229749201,159.542166961119,271.898679022114,0,0,20.6105313336185,20.106490115879,7.31266329894588,15.3395046314507,6.0896155955983,10.3751019072765,0,0,0,0,25.209143923871,53.4252199326713,19.6914479906954,31.9126701329258,0,0,0,0,0,0,0,0,0,0,145.106414075605,81.6577047303283,114.147203291651,109.893125029144
"60",1994,477,4.91666666666667,6988.38024103847,6500.7814318454,946.10846984313,1785.16320249204,382.451565895204,587.794993212019,0,0,0,0,0,0,0,0,0,0,0,0,1.47377794525447,2.84103796202781,0.694782976454585,1.07209371558817,0,0,0,0,0,0,0,0,0,0,2725.40449707994,2552.29131095812,277.311735824422,528.934675814167,102.160231403993,161.167934361966,0,0,104.714399160911,98.0631137128249,10.6847087150855,20.3816801763718,3.9364745923408,6.21015056277772,0,0,29051.0931376327,27195.1107733794,3537.19170248724,6693.9287111383,1477.36105025428,2268.24430171333,0,0,1116.16069906458,1044.88059912616,137.112102013914,259.729754754837,57.7111415048169,88.6880720993806,0,0,0,0,5.77383171038263,11.1542298947146,2.67223394434435,4.12035490018028,0,0,0,0,0,0,0,0,0,0,210.559311378837,212.027727028288,101.569774865405,206.410194454158,70.6401421459207,121.536908314089,0,0,8.08998562675408,8.14644577578725,3.88775148681727,7.89773229220415,2.69216202824857,4.63075680637914,0,0,532.485068991632,518.960183802482,193.226152591006,405.837282717463,162.365207018927,277.277886418426,0,0,20.4587741192405,19.9392854589754,7.40198609612055,15.5410924852586,6.19731488820914,10.5802430199528,0,0,0,0,25.6252989054956,54.3439587484893,20.0984398814221,32.6177277471897,0,0,0,0,0,0,0,0,0,0,147.542737927878,82.9367922097158,117.579042125552,113.184061971611
"61",1995,477,5,6968.36361498065,6471.49369747422,955.710385981956,1803.26728525562,387.484253138144,596.228323955224,0,0,0,0,0,0,0,0,0,0,0,0,1.48899760551817,2.8708524413066,0.704266724864621,1.08800467424008,0,0,0,0,0,0,0,0,0,0,2735.98369946612,2558.01407555938,282.154970491514,538.370794924415,104.602431474637,165.324556920531,0,0,105.120869034524,98.2829914804744,10.8713292446772,20.745321404516,4.03056811530833,6.37029637539055,0,0,28963.2985663533,27066.6742630067,3572.30415689946,6761.43544116606,1501.34779525915,2308.33252133059,0,0,1112.78774214151,1039.94585306904,138.479554610466,262.364421796783,58.6517938175071,90.2621725970139,0,0,0,0,5.83707311914703,11.2799976192371,2.71755462073265,4.19623578216298,0,0,0,0,0,0,0,0,0,0,210.662243507009,211.986135684268,103.14857380569,209.888733215019,72.1297437736492,124.560576084839,0,0,8.09394081302984,8.14484775572372,3.94819920034296,8.03084162610064,2.74897933569742,4.74603936269576,0,0,528.482242445142,514.555878935168,195.583012410841,411.237727674067,165.184755852592,282.806828294667,0,0,20.3049814367686,19.7700649376923,7.49218952830861,15.7476814603114,6.30488161666851,10.7910976098914,0,0,0,0,26.0400128186046,55.2740172556465,20.5067158721013,33.3423277756398,0,0,0,0,0,0,0,0,0,0,150.062432897418,84.0883778771351,121.194333203879,116.208890249363
"62",1995,477,5.08333333333333,6947.72769464168,6441.57308373244,965.417813126554,1821.61514424334,392.513053942926,604.737810569797,0,0,0,0,0,0,0,0,0,0,0,0,1.50433970108296,2.90099292701264,0.713735807023648,1.10405125982923,0,0,0,0,0,0,0,0,0,0,2746.80912481784,2563.92203342067,287.102365403274,548.029743671396,107.097476370724,169.59800750753,0,0,105.536799188224,98.50998466933,11.0619598823161,21.1175440563324,4.12669684466288,6.53494213316427,0,0,28874.6499121017,26937.5814911733,3607.50058186085,6829.33565191402,1525.3954210548,2348.88497899791,0,0,1109.38196962177,1034.98589243564,139.850236519431,265.014434632381,59.5949565367414,91.854693228969,0,0,0,0,5.90045453699549,11.4065115760547,2.76302420656165,4.27305170294982,0,0,0,0,0,0,0,0,0,0,210.761310346773,211.97218515571,104.745003031714,213.443808416308,73.6358065692887,127.680240139155,0,0,8.09774748956665,8.14431174021124,4.00932638702281,8.16688824868772,2.80642855167761,4.86498804879182,0,0,524.467813041269,510.154158635148,197.932395039361,416.665566675026,168.018106672239,288.435411322792,0,0,20.1507429448299,19.6009437201461,7.58210767123165,15.9553195333325,6.41297639387029,11.0057541867188,0,0,0,0,26.4549097842308,56.2095697267135,20.9188665002787,34.0796540109986,0,0,0,0,0,0,0,0,0,0,152.605178844704,85.2055214060384,124.909452565069,119.207803802392
"63",1995,477,5.16666666666667,6927.07687251921,6411.81262525544,974.826711031522,1839.43998147718,397.553663790208,613.271417856856,0,0,0,0,0,0,0,0,0,0,0,0,1.51974449551707,2.93118675598171,0.723227388936995,1.12014908569427,0,0,0,0,0,0,0,0,0,0,2757.98683466795,2570.13541805116,292.075039033216,557.757233934177,109.65074190191,173.976818311898,0,0,105.966264675715,98.748712843087,11.2535702677337,21.4924172884499,4.22506807340513,6.70364610744065,0,0,28786.4521987511,26809.3634333904,3641.85526969394,6895.7678135959,1549.57006749215,2389.7095563492,0,0,1105.99352166272,1030.05953978926,141.188601685017,267.608149824837,60.54321720084,93.4581285244713,0,0,0,0,5.96387895830433,11.5329398812414,2.80878555172473,4.35048247006377,0,0,0,0,0,0,0,0,0,0,210.890722508757,211.972900209803,106.358776539021,217.021165302025,75.1766743241485,130.849801017131,0,0,8.1027200777033,8.14433919989627,4.07112053240891,8.30379345854461,2.86520912048708,4.98584698685339,0,0,520.460621986366,505.775123697131,200.264591457117,422.079511805663,170.873546324116,294.140204786542,0,0,19.9967825473265,19.4326941112168,7.67136716509896,16.1624232194175,6.52191571010328,11.2233191951071,0,0,0,0,26.8706165389299,57.1483451286635,21.3358666332733,34.8270707835525,0,0,0,0,0,0,0,0,0,0,155.149304086315,86.3226298892697,128.694410655136,122.271190707392
"64",1995,477,5.25,6906.40743613659,6382.20785049999,983.941565170852,1856.74802367023,402.601815995845,621.82317002074,0,0,0,0,0,0,0,0,0,0,0,0,1.5351202253241,2.9612822398521,0.732740646175386,1.13629568178292,0,0,0,0,0,0,0,0,0,0,2769.51326557708,2576.65010859022,297.074506673344,567.555903187955,112.262185541264,178.461923063836,0,0,106.409128583958,98.9990176716908,11.4462181886914,21.8700418261238,4.32568030687994,6.87644443542663,0,0,28698.7070788247,26682.0181018274,3675.38322816613,6960.75420787585,1573.86127857524,2430.79251598688,0,0,1102.62246176677,1025.16671875365,142.495215274502,270.146401911052,61.4961714846594,95.0719477362989,0,0,0,0,6.02711783998064,11.6589164283949,2.85483817684337,4.4285262785228,0,0,0,0,0,0,0,0,0,0,211.049817188091,211.988630205499,107.988474264486,220.62006491174,76.7523633493229,134.071483265925,0,0,8.1088331115954,8.14494355771096,4.13352723357695,8.44152898324372,2.92532197124927,5.10870149167154,0,0,516.46204312622,501.419040946459,202.579904929246,427.478026710823,173.751151401822,299.91947658111,0,0,19.8431530293083,19.265326362761,7.75997988575576,16.3689343194933,6.63170268857118,11.4437270872271,0,0,0,0,27.2870637125272,58.0901550167725,21.7576593976545,35.5845144296838,0,0,0,0,0,0,0,0,0,0,157.695170832236,87.4397815440362,132.550527184834,125.399880638911
"65",1995,477,5.33333333333333,6885.71577161236,6352.75439753814,992.766761754744,1873.5453815867,407.653338092543,630.387180527084,0,0,0,0,0,0,0,0,0,0,0,0,1.55039205391836,2.99115478099256,0.74227284871241,1.15248623679681,0,0,0,0,0,0,0,0,0,0,2781.38485108629,2583.46196738213,302.102177367871,577.428180443441,114.931833639837,183.054279222925,0,0,106.865253883897,99.2607401797912,11.639957402976,22.2505104611359,4.42853467748659,7.05337414468835,0,0,28611.4161331681,26555.5434693262,3708.09925805607,7024.31690205076,1598.25884733856,2472.12038644794,0,0,1099.268850682,1020.30735144156,143.770634857273,272.630017689691,62.4534243738211,96.6956299383266,0,0,0,0,6.08998725747179,11.7841448159479,2.901176682906,4.50717552710492,0,0,0,0,0,0,0,0,0,0,211.237964944941,212.019684023684,109.632880101005,224.239934683856,78.3628610379104,137.347333253188,0,0,8.11606240732454,8.14613668135522,4.19649993357638,8.58007298277052,2.98676690604475,5.23363007349445,0,0,512.473411666134,497.086220216067,204.878507193864,432.859529905777,176.650952565886,305.771598258265,0,0,19.6899056911999,19.098852379056,7.84795266248467,16.5747928916496,6.74233871998692,11.6669162944424,0,0,0,0,27.7041478575712,59.0347563603947,22.184186311049,36.3519174191307,0,0,0,0,0,0,0,0,0,0,160.243133325279,88.5570563629312,136.479103344645,128.594729092088
"66",1995,477,5.41666666666667,6864.99835255891,6323.44800190146,1001.30659669108,1889.83806147534,412.704145858209,638.957646908012,0,0,0,0,0,0,0,0,0,0,0,0,1.56549825594011,3.02070089456819,0.751819981591142,1.16871434094647,0,0,0,0,0,0,0,0,0,0,2793.5980499426,2590.56687085766,307.159366085141,587.376313282715,117.659770574534,187.754867728266,0,0,107.334504514928,99.5337219332641,11.8348380983805,22.6339090791316,4.53363453198642,7.23447314757649,0,0,28524.5808560112,26429.9374526943,3740.01795936763,7086.47774945863,1622.75280336486,2513.6799478569,0,0,1095.93274582827,1015.48135781278,145.015410622716,275.059816210874,63.4145897039275,98.3286634982985,0,0,0,0,6.15233761143454,11.908382584742,2.94779243086294,4.58641875212569,0,0,0,0,0,0,0,0,0,0,211.454565888611,212.066334473554,111.290947569534,227.880337829532,80.0081370802338,140.679247248291,0,0,8.12438491628674,8.14792905259686,4.25999859778602,8.71940886211947,3.04954303398321,5.3607055124467,0,0,508.496025083504,492.77700593583,207.160465565764,438.222412531926,179.572932899703,311.695021056703,0,0,19.5370903838633,18.9332853936498,7.93528831941855,16.7799379366917,6.85382339582901,11.8928283098193,0,0,0,0,28.1217410282836,59.9818663578041,22.6153861721256,37.1292071125275,0,0,0,0,0,0,0,0,0,0,162.793538571547,89.6745358241538,140.481424514155,131.85661489225
"67",1995,477,5.5,6844.25173817447,6294.28449434257,1009.56527667804,1905.63196702361,417.750244123422,647.52885202033,0,0,0,0,0,0,0,0,0,0,0,0,1.58038875715267,3.04983591472114,0.761376976013474,1.18497226475693,0,0,0,0,0,0,0,0,0,0,2806.14936220813,2597.96072700074,312.247297043087,597.402375834392,120.446134169611,192.564692897569,0,0,107.816746003843,99.8178057103087,12.030907017618,23.0203169617748,4.64098525738653,7.41978023903894,0,0,28438.2026434981,26305.1979016251,3771.15372518325,7147.25837893128,1647.33341654639,2555.45823564871,0,0,1092.61420085651,1010.68865524853,146.230085147089,277.436608377924,64.3792903061046,99.9705462181784,0,0,0,0,6.21404970207994,12.0314351847374,2.9946741537054,4.66624134011192,0,0,0,0,0,0,0,0,0,0,211.699048776722,212.128819621566,112.961786599853,231.540960970258,81.6881486966476,144.068982124795,0,0,8.13377869058165,8.15032981833177,4.32398920417433,8.85952479215465,3.11364897340976,5.4899952683272,0,0,504.531141930439,488.491773353083,209.425754525425,443.565047809552,182.517025644565,317.688264875959,0,0,19.3847554625933,18.7686398241465,8.0219861206381,16.9843077623153,6.96615442048792,12.1214072667665,0,0,0,0,28.5396947222145,60.9311685585791,23.051194537905,37.9163050624138,0,0,0,0,0,0,0,0,0,0,165.346726456787,90.7923027656152,144.5587614636,135.186439774205
"68",1995,477,5.58333333333333,6823.47256816065,6265.2597950898,1017.54692354662,1920.93290510291,422.787724522127,656.095162425238,0,0,0,0,0,0,0,0,0,0,0,0,1.59502303902876,3.07849069578368,0.7709380286377,1.20125134363578,0,0,0,0,0,0,0,0,0,0,2819.03534565502,2605.63949348803,317.36711062487,607.508284063609,123.291108963758,197.484781864993,0,0,108.311846094741,100.112836198398,12.2282077194613,23.4098073674336,4.75059402470532,7.60933507740914,0,0,28352.282784341,26181.3225888189,3801.52074194345,7206.68019064293,1671.99119280203,2597.44253568327,0,0,1089.31326528965,1005.92915817182,147.41519339583,279.761196778845,65.3471578518849,101.62078515656,0,0,0,0,6.27502910594425,12.1531473213134,3.04180880752997,4.74662651496144,0,0,0,0,0,0,0,0,0,0,211.97086899893,212.207345441891,114.644643415411,235.221596065524,83.4028469412296,147.518171930002,0,0,8.1442228055447,8.15334689241878,4.38844296805678,9.00041300946846,3.17908309588457,5.62156211457266,0,0,500.579981935883,484.230923316499,211.67427186093,448.885802111634,185.483113308214,323.74990361338,0,0,19.2329477910414,18.6049310717951,8.10804239006391,17.1878404100047,7.07932757507149,12.3525993780585,0,0,0,0,28.9578451814592,61.8823211238317,23.4915431768498,38.7131263538128,0,0,0,0,0,0,0,0,0,0,167.903030124702,91.9104411997737,148.712372161566,138.585127127876
"69",1995,477,5.66666666666667,6802.65755869998,6236.36990914087,1025.25557805414,1935.74659086152,427.812763787874,664.651027380577,0,0,0,0,0,0,0,0,0,0,0,0,1.60936831051077,3.10660872403869,0.780496866210343,1.21754229791953,0,0,0,0,0,0,0,0,0,0,2832.25262975357,2613.59919339367,322.519869790734,617.695809747851,126.194919802999,202.516183704111,0,0,108.819675286482,100.41866059768,12.4267808208287,23.8024480618324,4.86246954498788,7.80317815288719,0,0,28266.822451856,26058.3092016791,3831.13298884477,7264.76435109552,1696.7168707713,2639.62038063243,0,0,1086.02998421665,1001.20277772843,148.571262693403,282.034375486823,66.3178327349088,103.278896498496,0,0,0,0,6.33520128765243,12.2733954066404,3.08918226994713,4.82755615175613,0,0,0,0,0,0,0,0,0,0,212.269506775317,212.302088374325,116.338882061387,238.922123829615,85.1521820944359,151.028343176469,0,0,8.15569729052714,8.15698705395864,4.45333563043751,9.14206917426694,3.24584373498689,5.75546472327122,0,0,496.643726042396,479.994877349319,213.905853458244,454.18304516107,188.471027219654,329.878551612878,0,0,19.081712742629,18.4421753321949,8.19345107923201,17.3904740477797,7.19333669850862,12.5863524174461,0,0,0,0,29.3760180008586,62.8349640471059,23.9363596538548,39.519579082988,0,0,0,0,0,0,0,0,0,0,170.462776319742,93.0290361347048,152.943503571021,142.053620899604
"70",1995,477,5.75,6781.80350007606,6207.61092327389,1032.69520270112,1950.07865148551,432.821622494103,673.190978208373,0,0,0,0,0,0,0,0,0,0,0,0,1.62339838629302,3.13414432558067,0.79004687978324,1.2338353983192,0,0,0,0,0,0,0,0,0,0,2845.79792303182,2621.83592390153,327.706564913321,627.966590543324,129.157826986486,207.659968117311,0,0,109.340107115449,100.735128955718,12.6266641794129,24.1983017001833,4.97662188422569,8.00135073869848,0,0,28181.8227003156,25936.1553383992,3860.00423783255,7321.53178998552,1721.50141881095,2681.97954701095,0,0,1082.76439815233,996.509421636561,149.698812717036,284.256929933899,67.2909639629183,104.944405448844,0,0,0,0,6.39450863759522,12.3920829330994,3.13677967906821,4.90901118053582,0,0,0,0,0,0,0,0,0,0,212.594465856912,212.413197379906,118.043971389536,242.642502210377,86.9361067410955,154.600925850313,0,0,8.16818307896837,8.16125602627415,4.51864695706492,9.28449192485038,3.31392930562027,5.89175808611975,0,0,492.723516635836,475.784074080446,216.12028343238,459.455156747314,191.480548099214,336.072854355283,0,0,18.9310942093727,18.2803894581722,8.27820415588368,17.5921472284076,7.30817370811066,12.8226153635182,0,0,0,0,29.7940308588603,63.788723510166,24.3855672213115,40.3355641957566,0,0,0,0,0,0,0,0,0,0,173.026285652311,94.1481734374459,157.253393086557,145.592884786939
"71",1995,477,5.83333333333333,6760.90725447312,6178.97900320225,1039.86968462137,1963.93463004843,437.810643765334,681.709627681791,0,0,0,0,0,0,0,0,0,0,0,0,1.63709258126342,3.16106090170459,0.799581259210316,1.25012063095686,0,0,0,0,0,0,0,0,0,0,2859.6680196337,2630.345864222,332.928118658623,638.322140109164,132.180121445932,212.917224063818,0,0,109.873018407525,101.062094471666,12.8278930780807,24.5974262115623,5.09306227951487,8.20389483984793,0,0,28097.2844618848,25814.8585046597,3888.14805374476,7377.00319719907,1746.33603172047,2724.5080519935,0,0,1079.51654291971,991.848994059947,150.798355495922,286.429636789198,68.2662090397166,106.61684611784,0,0,0,0,6.45290754816999,12.5091359124238,3.18458577658099,4.99097199256135,0,0,0,0,0,0,0,0,0,0,212.945272211061,212.540796032043,119.759472182255,246.382755014335,88.7545786257139,158.237264267186,0,0,8.18166195788645,8.16615855725457,4.58436024283161,9.42768243773,3.38333841478908,6.03049392956643,0,0,488.820457851636,471.598965691195,218.317304082513,464.700533231168,194.511406834162,342.331479341196,0,0,18.7811346136518,18.1195908232591,8.36229198577258,17.7927991394039,7.42382862797313,13.0613380508619,0,0,0,0,30.211696201167,64.7432161630262,24.8390847149,41.160975334446,0,0,0,0,0,0,0,0,0,0,175.593872870683,95.2679396967942,161.643269986498,149.203901436901
"72",1995,477,5.91666666666667,6739.9657540626,6150.47039097889,1046.78283847951,1977.31998936607,442.776251997206,690.201669465016,0,0,0,0,0,0,0,0,0,0,0,0,1.65043467535519,3.18732927473994,0.809093116248169,1.26638784853771,0,0,0,0,0,0,0,0,0,0,2873.85980467702,2639.12528230471,338.185390763682,648.763857910175,135.262120050315,218.289058258941,0,0,110.418289483956,101.399413754179,13.030500405403,24.9998751710789,5.21180295992734,8.41085313683905,0,0,28013.2085443956,25694.4161111764,3915.57779467901,7431.19902013132,1771.21212723236,2767.1941500749,0,0,1076.28644956446,987.221395513616,151.870395418722,288.553263849282,69.2432338383673,108.295761401004,0,0,0,0,6.51036567916986,12.624498605405,3.2325852210251,5.07341881149441,0,0,0,0,0,0,0,0,0,0,213.321472726688,212.684984600216,121.485024811176,250.14296105339,90.6075631517461,161.938627480181,0,0,8.19611651813272,8.17169849941495,4.65046183680156,9.57164400797033,3.45406995865908,6.17172111278998,0,0,484.935615957136,467.440014475469,220.49662533239,469.917593600871,197.563285507091,348.653107479461,0,0,18.6318749228981,17.9597971895296,8.44570369465537,17.992369835649,7.54028962707691,13.3024708405037,0,0,0,0,30.6288237297351,65.698053106836,25.2968264839129,41.995698727356,0,0,0,0,0,0,0,0,0,0,178.165847133751,96.3884220889027,166.114356867158,152.887671667087
"73",1996,477,6,6717.53536848466,6120.10462101489,1054.3272930994,1991.95819181119,447.698095449093,698.781938533108,0,0,0,0,0,0,0,0,0,0,0,0,1.66349802387894,3.2134050434015,0.818537437325569,1.28283821498124,0,0,0,0,0,0,0,0,0,0,2888.33525115381,2648.17666359581,343.489350240494,659.381497535717,138.399387635044,223.816246831949,0,0,110.974459286283,101.747182298074,13.234906692119,25.4091032330015,5.33267286725011,8.62379649471924,0,0,27928.4504338122,25573.794029437,3942.77339567952,7485.72797919218,1796.0382120475,2810.4898341206,0,0,1073.03014385991,982.586893156704,152.933331993415,290.689860806588,70.2184604114851,109.998842091688,0,0,0,0,6.56678163132167,12.7393167653806,3.28060756113151,5.15717884206194,0,0,0,0,0,0,0,0,0,0,213.677535896442,212.876736589714,123.224328595753,254.039410065751,92.474163117494,165.837048781819,0,0,8.2097973693295,8.17906590479214,4.71709578349199,9.72083111035552,3.52532754783718,6.32047229563359,0,0,481.070781949563,463.324307246299,222.646550785467,475.136647606461,200.624972990779,355.097926094412,0,0,18.4833839493804,17.8016650598252,8.52799093361399,18.1920192046205,7.65712915820646,13.5483106117008,0,0,0,0,31.0444704403799,66.6583135589671,25.7574683492711,42.8466426180337,0,0,0,0,0,0,0,0,0,0,180.763123047165,97.4380690736426,170.704557927857,156.406020428556
"74",1996,477,6.08333333333333,6695.00773252285,6089.79873530412,1061.62445007762,2006.15618091924,452.597930176082,707.342255458759,0,0,0,0,0,0,0,0,0,0,0,0,1.67642039656542,3.23920613087257,0.827948598024684,1.2992667822934,0,0,0,0,0,0,0,0,0,0,2903.14947725977,2657.50731199712,348.84283602804,670.113718826719,141.600056317527,229.468780878186,0,0,111.543645543729,102.105680730938,13.4412219287456,25.8227480745683,5.45598519471505,8.84156839074385,0,0,27844.0975536615,25453.9649734203,3969.28419258962,7539.05379613485,1820.88962405023,2853.95081900109,0,0,1069.78940655911,977.982860184047,153.96987677971,292.780151051992,71.1948318560207,111.708701213799,0,0,0,0,6.62236183710436,12.852692899737,3.32878822851558,5.2414380253731,0,0,0,0,0,0,0,0,0,0,214.059483790211,213.084131382341,124.973413487494,257.954752917108,94.3760990712959,169.802078652487,0,0,8.22447275009561,8.18703433174294,4.78410788200644,9.87074939416101,3.59793945534552,6.47177656469895,0,0,477.220781552708,459.234343576472,224.777196984423,480.331256719339,203.703703129403,361.612986020287,0,0,18.3354628902666,17.6445220395863,8.60954220071005,18.3907369132871,7.77462364897575,13.7968376597355,0,0,0,0,31.4591508119535,67.6184663022986,26.2220448693597,43.7070799722038,0,0,0,0,0,0,0,0,0,0,183.365581786071,98.4862746768702,175.379654732117,159.988458917935
"75",1996,477,6.16666666666667,6672.42934402599,6059.61696245906,1068.64766689568,2019.8605260309,457.47274841001,715.873221613661,0,0,0,0,0,0,0,0,0,0,0,0,1.68915073839417,3.26463339152264,0.837324928951612,1.31566116726043,0,0,0,0,0,0,0,0,0,0,2918.29832133845,2667.11133940955,354.245259273666,680.957213875563,144.864498322136,235.246537422277,0,0,112.125688358798,102.474682822589,13.6494235508816,26.2406824952645,5.58175435467683,9.06416418964939,0,0,27760.1914894875,25334.9634982354,3995.106919346,7591.14182903363,1845.76129922547,2897.55076581368,0,0,1066.56583545557,973.410624256755,154.97989718347,294.822778068238,72.1721508998842,113.424309676509,0,0,0,0,6.67707621466644,12.9645260759004,3.37712082833177,5.32615341238836,0,0,0,0,0,0,0,0,0,0,214.468405760893,213.306349649327,126.732326441231,261.886371817063,96.3141412119487,173.8313101793,0,0,8.24018451511201,8.19557230033353,4.85150003374999,10.021298943452,3.67193531732481,6.62554279630777,0,0,473.38695668936,455.170131535371,226.888638675726,485.498333252715,206.79959897854,368.194482217158,0,0,18.188163304046,17.4883684388505,8.69036060341443,18.5884053811121,7.89277812255944,14.0479076186241,0,0,0,0,31.8727224247837,68.577977401481,26.6905035819963,44.5766545202112,0,0,0,0,0,0,0,0,0,0,185.972852952273,99.5355373795242,180.139768108275,163.644006672649
"76",1996,477,6.25,6649.79793317515,6029.55631598323,1075.40097378151,2033.07698549202,462.318918237833,724.369373833037,0,0,0,0,0,0,0,0,0,0,0,0,1.70164647060428,3.28961283609785,0.846662465195397,1.33201476411099,0,0,0,0,0,0,0,0,0,0,2933.77628660415,2676.9830573548,359.696217795391,691.911310582343,148.192865146276,241.150542550005,0,0,112.720376536193,102.853970012594,13.859496121639,26.6628807386704,5.70998624148606,9.29162351563365,0,0,27676.7344591502,25216.7883156465,4020.25478658373,7642.0125076943,1870.64545964497,2941.27879655983,0,0,1063.35951576838,968.870135878323,155.963892875867,296.818510218576,73.150113716857,115.14524269011,0,0,0,0,6.73089958766308,13.0747680531328,3.42559311564021,5.41130918348071,0,0,0,0,0,0,0,0,0,0,214.90380051942,213.543600074319,128.50121581068,265.835523648945,98.2882883403001,177.926661669881,0,0,8.25691340414841,8.20468782852586,4.91927809566629,10.1725282448087,3.74731534858191,6.78184469075099,0,0,469.570670915317,451.132225689137,228.980599263543,490.635906571695,209.912389820513,374.840533927718,0,0,18.0415375803859,17.3332255649395,8.77043577006458,18.7849497548164,8.01158257756821,14.3014495479896,0,0,0,0,32.2850166485826,69.5364905228803,27.1627434087573,45.4552281547658,0,0,0,0,0,0,0,0,0,0,188.585261753435,100.585930663492,184.986176254205,167.373591307333
"77",1996,477,6.33333333333333,6627.11120277485,5999.61379128424,1081.8883133462,2045.8112129258,467.132889335125,732.825328002559,0,0,0,0,0,0,0,0,0,0,0,0,1.71387337288762,3.31408438130861,0.85595649352733,1.34831998968335,0,0,0,0,0,0,0,0,0,0,2949.57845722034,2687.11731284427,365.195403251725,702.975481195342,151.585362851466,247.181873290786,0,0,113.327521201612,103.243344314889,14.0714278029419,27.0893225798042,5.84068884011984,9.52398794148365,0,0,27593.7282179039,25099.4377359642,4044.7407229273,7691.68588473899,1895.5345219332,2985.12423710356,0,0,1060.17051494257,964.361330127738,156.922352973824,298.768101792764,74.1284237826151,116.87108297626,0,0,0,0,6.78381471899261,13.1833843148451,3.47419263377503,5.49688914538828,0,0,0,0,0,0,0,0,0,0,215.365182043281,213.796055422093,130.280209180786,269.803337210106,100.29854157988,182.08992841058,0,0,8.27464074353352,8.2143875542214,4.98744712557329,10.3244808782702,3.82407984669817,6.94075125858491,0,0,465.773206268577,447.12115966759,231.052806204557,495.742117660638,213.041748099595,381.549306296756,0,0,17.8956349769266,17.1791139207681,8.84975748752416,18.9802994591583,8.13102485068315,14.5573942708552,0,0,0,0,32.6958642013168,70.4936465846225,27.6386595584291,46.342656017813,0,0,0,0,0,0,0,0,0,0,191.203127272979,101.637528968834,189.920159317723,171.178171459819
"78",1996,477,6.41666666666667,6604.3668450828,5969.78638065292,1088.11354905311,2058.06876924739,471.911189398943,741.235776796352,0,0,0,0,0,0,0,0,0,0,0,0,1.72580374866904,3.33799886762714,0.865201818073356,1.36456861481233,0,0,0,0,0,0,0,0,0,0,2965.70039317335,2697.50939093397,370.742582205461,714.149312322479,155.042240153758,253.341647157048,0,0,113.946951762631,103.642624573787,14.2852096300977,27.5199921767048,5.97387176995673,9.76130058833184,0,0,27511.1741356289,24982.9097394053,4068.57739701848,7740.18166620812,1920.42108880906,3029.07660934236,0,0,1056.99888561642,959.884129401277,157.8557568691,300.672294160522,75.1067915643996,118.601420488107,0,0,0,0,6.83581049932386,13.2903510215366,3.52290691371602,5.58287699103645,0,0,0,0,0,0,0,0,0,0,215.852080157155,214.063858440144,132.069419313505,273.790834985036,102.34490724955,186.322801550642,0,0,8.29334846846438,8.22467696200933,5.0560116093336,10.4771963493769,3.90222930355935,7.10232754174836,0,0,461.995772793031,443.137449173208,233.104990683667,500.815205015113,216.187294584972,388.31899947604,0,0,17.7505019851943,17.0260533204536,8.92831568781762,19.1743876553731,8.2510908122229,14.815673956445,0,0,0,0,33.1050965300643,71.4490862458769,28.1181437101195,47.2387867742189,0,0,0,0,0,0,0,0,0,0,193.826762891724,102.690407481651,194.94299915038,175.058733358106
"79",1996,477,6.5,6581.56255220993,5940.07108267897,1094.08046699889,2069.85512611613,476.650425634102,749.595492134632,0,0,0,0,0,0,0,0,0,0,0,0,1.73741566614499,3.36131682431729,0.874392870387042,1.38075190246223,0,0,0,0,0,0,0,0,0,0,2982.13808675899,2708.15497451837,376.337587732114,725.432491389556,158.563782928137,259.631017454221,0,0,114.578514236846,104.05164491919,14.5008351903283,27.9548775517621,6.10954607420464,10.0036059461516,0,0,27429.0732270165,24867.2020051551,4091.77721937751,7787.51921457962,1945.2979519306,3073.12563505022,0,0,1053.84466678125,955.438444529103,158.764574300663,302.531815891589,76.0849346331606,120.335852557993,0,0,0,0,6.88688119019381,13.3956537376441,3.57172355992595,5.66925641173044,0,0,0,0,0,0,0,0,0,0,216.364041327,214.34712419346,133.868946722414,277.798941719108,104.427398266439,190.626875355683,0,0,8.31301915351684,8.23556047287251,5.12497555909204,10.6307104164788,3.98176445975468,7.26663489077507,0,0,458.239511292573,439.181592820496,235.136887940402,505.853500378799,219.348599776765,395.147843120794,0,0,17.6061824364175,16.8740629215663,9.00610045992549,19.3671510767707,8.37176441911453,15.076221909573,0,0,0,0,33.5125465951138,72.4024512942128,28.6010840286197,48.1434625539,0,0,0,0,0,0,0,0,0,0,196.456476335004,103.744642031761,200.055979433721,179.016289920402
"80",1996,477,6.58333333333333,6558.69602787534,5910.46491261408,1099.79278064049,2081.17567302195,481.347283771742,757.899325350941,0,0,0,0,0,0,0,0,0,0,0,0,1.74869187732802,3.38400670556436,0.883523857682834,1.39686079386621,0,0,0,0,0,0,0,0,0,0,2998.88789875081,2719.05008565324,381.980307383911,736.824787446056,162.150306494587,266.051166340949,0,0,115.222068799356,104.470252512118,14.7183001615602,28.3939698564523,6.24772392431083,10.2509496081213,0,0,27347.4261977282,24752.3119542947,4114.35235336645,7833.71756402241,1970.15808881424,3117.26123364291,0,0,1050.70788555489,951.0241764246,159.649265767972,304.347383332957,77.0625775537988,122.07398382199,0,0,0,0,6.93702535624329,13.4992856287005,3.62063035756851,5.75601123877256,0,0,0,0,0,0,0,0,0,0,216.900629020889,214.645943648542,135.678883082904,281.828497479614,106.546035608913,195.003658706878,0,0,8.33363602651003,8.24704158189122,5.19434264357335,10.7850555898242,4.06268636151334,7.43373140391833,0,0,454.505498762454,435.254073604103,237.148237483295,510.855420775942,222.525187255489,402.034089350875,0,0,17.4627177102076,16.7231612815363,9.08310205716477,19.5585297223118,8.49302784173947,15.3389723009979,0,0,0,0,33.9180497376329,73.3533862261897,29.0873652909848,49.0565190974873,0,0,0,0,0,0,0,0,0,0,199.092569913028,104.800308954642,205.260385726021,183.051878835458
"81",1996,477,6.66666666666667,6535.76499713148,5880.96491084778,1105.25413452596,2092.03572296809,485.998527597855,766.142207818884,0,0,0,0,0,0,0,0,0,0,0,0,1.75961900780918,3.40604356168287,0.892588865356004,1.41288603845213,0,0,0,0,0,0,0,0,0,0,3015.94650842387,2730.19103988043,387.670673602162,748.326035810318,165.802149421433,272.603299159272,0,0,115.8774878626,104.898305789798,14.9376019449365,28.837262782988,6.38841838245704,10.5033780535473,0,0,27266.2334803161,24638.2367832326,4136.31472339423,7878.79543169488,1994.99466058285,3161.47352076556,0,0,1047.58855856172,946.641217368886,160.510282840218,306.119701036837,78.0394518059005,123.815426173843,0,0,0,0,6.9862450667373,13.6012461061534,3.66961534125982,5.84312553636699,0,0,0,0,0,0,0,0,0,0,217.461423854694,214.960386497632,137.499313672498,285.880267796938,108.700849130957,199.454584207312,0,0,8.35518297410393,8.25912296675459,5.26411628136434,10.9402615191399,4.14499639257489,7.60367227483854,0,0,450.794752625597,431.355359864048,239.13878348677,515.819462419926,225.7165366234,408.976007082582,0,0,17.3201468973234,16.5733663947394,9.15931091159004,19.7484666219983,8.61486157535712,15.6038599501471,0,0,0,0,34.3214443229904,74.3015394421855,29.5768690153625,49.9777858961489,0,0,0,0,0,0,0,0,0,0,201.735340727455,105.857484979367,210.557505615373,187.16656107777
"82",1996,477,6.75,6512.76721476155,5851.56815011096,1110.46810769468,2102.44051760579,490.600998499242,774.319151584289,0,0,0,0,0,0,0,0,0,0,0,0,1.77018690637525,3.42740796496404,0.901581929381443,1.42881828707623,0,0,0,0,0,0,0,0,0,0,3033.31087101792,2741.57440757544,393.408655508583,759.936124898128,169.519668200895,279.288639467437,0,0,116.544654442018,105.335672980573,15.158739350077,29.2847520594803,6.53164319743643,10.7609384576438,0,0,27185.4952647793,24524.973492059,4157.67602234815,7922.77122779976,2019.80100943985,3205.75280656763,0,0,1044.48669310678,942.289452100217,161.34806843599,307.849462140949,79.0152956937802,125.559798706797,0,0,0,0,7.0345452577644,13.7015397367583,3.7186668363837,5.93058366033961,0,0,0,0,0,0,0,0,0,0,218.046023510943,215.290503593563,139.330319186526,289.954952237157,110.891877878655,203.981016073611,0,0,8.37764453868223,8.27180658131136,5.33429971038324,11.0963553213708,4.22869628684913,7.77651009381456,0,0,447.108234471529,427.485905977724,241.108275300224,520.744195478512,228.922086416557,415.971877169864,0,0,17.1785069433265,16.4246957190848,9.23471765269505,19.9369076350223,8.73724455048464,15.8708201387118,0,0,0,0,34.7225722231266,75.2465641726751,30.0694736095354,50.9070863589051,0,0,0,0,0,0,0,0,0,0,204.385080880924,106.916247130959,215.948628941479,191.361419602035
"83",1996,477,6.83333333333333,6489.70047278637,5822.27174181802,1115.43821687211,2112.39523203184,495.151615031468,782.425250016713,0,0,0,0,0,0,0,0,0,0,0,0,1.78038808620653,3.44808508456424,0.910497095587633,1.44464816872538,0,0,0,0,0,0,0,0,0,0,3050.9781801919,2753.19698002821,399.194251581001,771.654984432281,173.303232459566,286.108424432169,0,0,117.2234607135,105.782230800669,15.3817123141882,29.7364349979354,6.67741262100116,11.023678515032,0,0,27105.2115255182,24412.5189094724,4178.44771851118,7965.66306483176,2044.5706560084,3250.08959382309,0,0,1041.40228821128,937.968758771715,162.16305708333,309.537348717935,79.9898542511969,127.306727649386,0,0,0,0,7.08193318500426,13.8001753043594,3.76777349021208,6.01837030344057,0,0,0,0,0,0,0,0,0,0,218.65404253429,215.636329115658,141.171977194304,294.053191923946,113.119170156139,208.584257169148,0,0,8.40100591049425,8.28509373878718,5.40489604362024,11.2533618682903,4.31378813139335,7.95229511613427,0,0,443.446853429941,423.646152870885,243.056467987217,525.628259436434,232.141236946445,423.019988180241,0,0,17.0378327781979,16.2771661956485,9.30931312729636,20.1238012707949,8.86015424061851,16.1397884484271,0,0,0,0,35.121279210127,76.1881192520439,30.5650545234744,51.8442379883916,0,0,0,0,0,0,0,0,0,0,207.042077683271,107.97667264283,221.435048031126,195.637558162922
"84",1996,477,6.91666666666667,6466.56260707353,5793.07284154974,1120.16791943929,2121.90497921623,499.64737250715,790.455678475147,0,0,0,0,0,0,0,0,0,0,0,0,1.79021726424664,3.46806391993946,0.919328463281517,1.46036634784121,0,0,0,0,0,0,0,0,0,0,3068.94583552471,2765.05574026709,405.027483279601,783.482575144989,177.153220756208,293.063900661524,0,0,117.913806764709,106.237863333211,15.6065216575529,30.1923100993727,6.82574124669131,11.2916462800695,0,0,27025.3820446397,24300.8697142639,4198.64106193009,8007.48876595765,2069.29729651677,3294.47457586211,0,0,1038.33533550813,933.679009776825,162.955675158829,311.184032091558,80.962879140008,129.055846293897,0,0,0,0,7.1284179741949,13.8971650347528,3.81692428991884,6.10647052385837,0,0,0,0,0,0,0,0,0,0,219.285111998849,215.997882462487,143.024363214639,298.17557598081,115.382783316494,213.26555515105,0,0,8.42525291487355,8.29898518450743,5.47590831034862,11.4113040328878,4.40027435876191,8.1310754965934,0,0,439.811469181324,419.836528356559,244.983122895997,530.470359055699,235.373353065047,430.118632793798,0,0,16.8981574320115,16.1307942616941,9.38308842064122,20.3090985328651,8.98356676706935,16.4107006225967,0,0,0,0,35.5174152535156,77.1258697284801,31.0634844084367,52.7890525679029,0,0,0,0,0,0,0,0,0,0,209.706613854811,109.038838879507,227.018057952202,199.996100261806
"85",1997,477,7,6443.6517823788,5764.17073128238,1124.79461029035,2131.23284067838,504.038530352673,798.350019484057,0,0,0,0,0,0,0,0,0,0,0,0,1.79959113340382,3.4872217270611,0.927983641510086,1.47586010197795,0,0,0,0,0,0,0,0,0,0,3087.2188263216,2777.16991807324,410.876040787999,795.373608281215,181.052904985879,300.134936391359,0,0,118.61588429273,106.703309417144,15.8319238563523,30.6506341092004,6.97598457720879,11.564066157527,0,0,26946.2442349418,24190.3170927546,4218.07398400088,8048.03789727075,2093.77973897702,3338.66511717171,0,0,1035.29495681463,929.431392963632,163.718844652921,312.781289108108,81.926496183385,130.797646705684,0,0,0,0,7.17367459629595,13.9920329960479,3.86574827531151,6.19443624756356,0,0,0,0,0,0,0,0,0,0,219.905762676935,216.351026427424,144.860846067313,302.281361656695,117.628401451368,217.950366530681,0,0,8.44909961621452,8.31255352825468,5.54631739132621,11.5686236275899,4.48608373969655,8.3100096544031,0,0,436.202282813354,416.059991215046,246.87308470966,535.245161983022,238.595344134005,437.235307839378,0,0,16.7594886307797,15.9856935983169,9.4554628973998,20.4918294491239,9.10660119841973,16.6823174490539,0,0,0,0,35.9091593606162,78.0567527534757,31.5616950198791,53.7375825985218,0,0,0,0,0,0,0,0,0,0,212.420887836829,110.133820066245,232.788597735519,204.56857196767
"86",1997,477,7.08333333333333,6422.42816101522,5736.55119792673,1129.9644325734,2141.62309102359,508.107911142738,805.850274498119,0,0,0,0,0,0,0,0,0,0,0,0,1.80832411886797,3.50535944488612,0.93604262722648,1.49062436608414,0,0,0,0,0,0,0,0,0,0,3105.72082778202,2789.54121054647,416.570431544548,807.079486174015,184.90432943289,307.193425219272,0,0,119.326760776672,107.178634257756,16.0513956022242,31.1018387602736,7.12436995096132,11.8360048829357,0,0,26869.0076339852,24082.3235346068,4235.86255737353,8086.28269346561,2117.07525069807,3381.53014203184,0,0,1032.32762460131,925.28209954557,164.418229819687,314.289025131237,82.8438082780304,132.48780371265,0,0,0,0,7.21608992982732,14.0824733296452,3.9124877506232,6.28014197519259,0,0,0,0,0,0,0,0,0,0,220.365679760695,216.586355005605,146.558000272773,306.17903978391,119.60870630657,222.290243540373,0,0,8.46677070433612,8.32159521573344,5.61139906897667,11.7179944518182,4.56178381124597,8.47581177420072,0,0,432.619225481427,412.332066136015,248.654049153185,539.838112835617,241.688804864533,444.207590607174,0,0,16.6218237289371,15.8424606890571,9.52366582854731,20.667605922297,9.2247390507558,16.9484431976488,0,0,0,0,36.288331574499,78.9673635576576,32.0452721342334,54.6713356406688,0,0,0,0,0,0,0,0,0,0,215.384730004056,111.409832389266,239.173967286769,209.984170174777
"87",1997,477,7.16666666666667,6401.16573591197,5709.05579421269,1134.90263895642,2151.58363160787,512.13036607151,813.283110109843,0,0,0,0,0,0,0,0,0,0,0,0,1.81698332611389,3.52333068628689,0.944005941928373,1.50525520483335,0,0,0,0,0,0,0,0,0,0,3124.34265462154,2801.97972819736,422.289824576163,818.844460783376,188.797179347862,314.348634260562,0,0,120.042241143299,107.656541997199,16.2718324268131,31.5553259359831,7.27435345787507,12.1116733289134,0,0,26792.3428109824,23975.2199739588,4253.15031942375,8123.58069003747,2140.30439170031,3424.40947515309,0,0,1029.3822597679,921.16700131899,165.098206446851,315.760109621868,83.7586546893234,134.178798172052,0,0,0,0,7.2576059643198,14.1713499913554,3.95920058304834,6.36605770876965,0,0,0,0,0,0,0,0,0,0,220.861845851064,216.847594118669,148.272932936326,310.110968507546,121.646025048231,226.732255771658,0,0,8.48583453224915,8.33163242754042,5.67716605848025,11.8686870126914,4.63966698427758,8.64552724475159,0,0,429.068231294669,408.640567961359,250.411781269473,544.388749057905,244.776772917593,451.204309879873,0,0,16.4853907228555,15.7006273605586,9.59098478794644,20.8417751823444,9.34267685066452,17.2155204233342,0,0,0,0,36.6644453612912,79.8731777171077,32.5309624298691,55.611682663239,0,0,0,0,0,0,0,0,0,0,218.355010946524,112.687308998776,245.655787778434,215.493312912746
"88",1997,477,7.25,6379.85906198026,5681.67863663052,1139.61226681283,2161.11881384149,516.102872149625,820.643671242169,0,0,0,0,0,0,0,0,0,0,0,0,1.82551792039128,3.54104501999005,0.951874613371535,1.51975275368624,0,0,0,0,0,0,0,0,0,0,3143.10235913675,2814.50205709473,428.0372227751,830.674807918033,192.734246252786,321.605693514753,0,0,120.763018990716,108.137669898759,16.4933496279703,32.0113364949694,7.42604218192911,12.3912683904062,0,0,26716.2344283818,23868.989031422,4269.94573700585,8159.94497003117,2163.46097386299,3467.29328082557,0,0,1026.45827303334,917.085430539354,165.75909519691,317.195033478974,84.6707911324392,135.870242048043,0,0,0,0,7.29824800663361,14.2586839708327,4.00587520684577,6.45216696983369,0,0,0,0,0,0,0,0,0,0,221.392279149495,217.133439450503,150.00437992546,314.075351586243,123.736630137973,231.272945723882,0,0,8.50621495632603,8.34261504976101,5.74357004365751,12.0206326993993,4.7195910364851,8.81902424803171,0,0,425.549673600973,404.98530443163,252.146439647841,548.896092361314,247.860587215004,458.225946620089,0,0,16.3502039571486,15.5601862259009,9.65742595393388,21.0143001534833,9.46046588830704,17.483568139485,0,0,0,0,37.0373641474303,80.773888998989,33.0186255185007,56.558406779166,0,0,0,0,0,0,0,0,0,0,221.332205158125,113.966398715976,252.23624875201,221.097760138223
"89",1997,477,7.33333333333333,6358.50324063468,5654.41435167193,1144.09635470999,2170.2330427424,520.022515483365,827.927236716697,0,0,0,0,0,0,0,0,0,0,0,0,1.83388647829213,3.55842812528268,0.959648210477458,1.53411516462583,0,0,0,0,0,0,0,0,0,0,3162.01529245011,2827.122231326,433.815149472503,842.575808398408,196.717966614234,328.969142503468,0,0,121.489684133597,108.622557174519,16.7160441131926,32.4700731491493,7.57952961154702,12.6749643480546,0,0,26640.6690534266,23763.6151528625,4286.25734250637,8195.38887541777,2186.53912906087,3510.17215838837,0,0,1023.55514830054,913.036789591366,166.401219486323,318.59429796067,85.5799855761421,137.561763868605,0,0,0,0,7.33804011182227,14.3444979843665,4.05250132515971,6.53845486982591,0,0,0,0,0,0,0,0,0,0,221.955204659714,217.44273284135,151.751298250388,318.070750681874,125.877348449261,235.909450689965,0,0,8.52784377859685,8.3544985840418,5.81057118132026,12.1737766235751,4.80143494940697,8.99619374576757,0,0,422.063951103471,401.366158508866,253.858137592493,553.35917473213,250.941267392598,465.272674885714,0,0,16.216278750595,15.4211327882945,9.72299376895677,21.1851441404054,9.57814525733114,17.7525936204528,0,0,0,0,37.4069593563415,81.6692017011058,33.508119982251,57.5112880142644,0,0,0,0,0,0,0,0,0,0,224.31676179941,115.247243092812,258.917400833773,226.799212463091
"90",1997,477,7.41666666666667,6337.09385177878,5627.25801148167,1148.35793596882,2178.93076395817,523.886487539285,835.12921492628,0,0,0,0,0,0,0,0,0,0,0,0,1.84205538284197,3.57541912876046,0.967325210693218,1.54833908845431,0,0,0,0,0,0,0,0,0,0,3181.09449668169,2839.8521063817,439.625719669189,854.551891220532,200.750466238667,336.443006342287,0,0,122.222737671052,109.111659331384,16.9399971285604,32.9317059474264,7.73489733689863,12.962915777684,0,0,26565.6348789453,23659.0843454379,4302.09369522229,8229.9259292652,2209.53328590791,3553.03710751619,0,0,1020.67243192885,909.020540847096,167.024903995035,319.958411685612,86.4860173540364,139.253007397045,0,0,0,0,7.37700517867882,14.4288159606318,4.09906967086441,6.62490781362677,0,0,0,0,0,0,0,0,0,0,222.549030246732,217.774443629371,153.512828858535,322.096021626714,128.065481982695,240.639415912127,0,0,8.55065982689951,8.36724343070341,5.87813667487961,12.3280751746657,4.88509587494097,9.176946153209,0,0,418.61147496631,397.783071887496,255.546954451914,557.777051173962,254.019560210193,472.344405787462,0,0,16.0836309007278,15.2834648075428,9.78769137343879,21.3542713172197,9.69574362946857,18.0225940850187,0,0,0,0,37.7731099732337,82.5588305969251,33.9993035991088,58.4701035317348,0,0,0,0,0,0,0,0,0,0,227.309107165102,116.529977176122,265.701176642668,232.599321611641
"91",1997,477,7.5,6315.62688218512,5600.20506603558,1152.4000343669,2187.21645301889,527.69207818213,842.245135459111,0,0,0,0,0,0,0,0,0,0,0,0,1.84999728937324,3.5919680278568,0.974903309262037,1.56242008589955,0,0,0,0,0,0,0,0,0,0,3200.35110291106,2852.70173748392,445.470711640888,866.606778925311,204.83360755964,344.030875841621,0,0,122.962607276957,109.605362707066,17.165277002848,33.3963778454106,7.89221685866016,13.2552606151825,0,0,26491.1214398225,23555.3839081596,4317.46335111963,8263.56976935559,2232.43813935984,3595.87948441694,0,0,1017.8097218406,905.036196313727,167.630473490266,321.287888059848,87.3886760011832,140.943629956904,0,0,0,0,7.41516507841157,14.5116626213097,4.14557178992207,6.71151322785322,0,0,0,0,0,0,0,0,0,0,223.172320268484,218.127648814257,155.288260599937,326.150253496223,130.298726144995,245.460905660096,0,0,8.5746079417662,8.38081412659471,5.94623939299251,12.4834936829987,4.97048600894132,9.36120793330191,0,0,415.192658439035,394.236029801485,257.212945508584,562.148808110733,257.095987026374,479.440832535015,0,0,15.9522762851924,15.147181716309,9.85152098445233,21.5216470502444,9.813281069215,18.2935584208318,0,0,0,0,38.1357018972298,83.4425004431281,34.492033527667,59.4346278713209,0,0,0,0,0,0,0,0,0,0,230.309647619983,117.814730388135,272.589412160349,238.499700867982
"92",1997,477,7.58333333333333,6294.0986910214,5573.25131009925,1156.22566106346,2195.09460930352,531.4366743824,849.270647861064,0,0,0,0,0,0,0,0,0,0,0,0,1.85769032852532,3.6080343508347,0.982379579635798,1.57635284224726,0,0,0,0,0,0,0,0,0,0,3219.7945369943,2865.67957604982,451.351603851825,878.743562150203,208.969013221099,351.735947402292,0,0,123.709655107777,110.103992018529,17.3919405619101,33.8642075612429,8.05155048969313,13.5521216824074,0,0,26417.1194653975,23452.5022921543,4332.37484256916,8296.33410723943,2255.24863852037,3638.69098366465,0,0,1014.96666185012,901.083312264581,168.21825204492,322.583243700607,88.28776078847,142.633301735678,0,0,0,0,7.4525407150064,14.5930632549571,4.19199993463665,6.79825942532796,0,0,0,0,0,0,0,0,0,0,223.823782398151,218.501522962114,157.07701124042,330.232736035936,132.575126682583,250.372356172405,0,0,8.59963847011681,8.39517895722259,6.01485714152939,12.6400051700701,5.05753094336227,9.54891979404259,0,0,411.807910342688,390.725052358584,258.856147439081,566.47356915432,260.170868957723,486.561454275904,0,0,15.822230611476,15.0122842871633,9.91448410457582,21.6872381189088,9.93076999553172,18.5654680969622,0,0,0,0,38.4946277142345,84.3199459389762,34.9861664181918,60.4046330348781,0,0,0,0,0,0,0,0,0,0,233.318771007289,119.101626951186,279.583858022887,244.501930838945
"93",1997,477,7.66666666666667,6272.50596457878,5546.39284032495,1159.83781152695,2202.56974876865,535.117756312777,856.201517175593,0,0,0,0,0,0,0,0,0,0,0,0,1.8651171201646,3.62358549426613,0.989750664494743,1.59013142293634,0,0,0,0,0,0,0,0,0,0,3239.43277759172,2878.79271462229,457.269622221489,890.964795969905,213.158097704953,359.561076599974,0,0,124.4641877164,110.607819772611,17.6200349402052,34.3352932670322,8.21295256490232,13.8536087376099,0,0,26343.6206948551,23350.4289259402,4346.83665719182,8328.23268235509,2277.9599669672,3681.46360978463,0,0,1012.14293457085,897.161482525959,168.78856221602,323.844996660336,89.183079970333,144.321704698078,0,0,0,0,7.48915211103833,14.6730434557741,4.23834692999842,6.88513543625428,0,0,0,0,0,0,0,0,0,0,224.502250137377,218.895325129592,158.878604061695,334.342920026468,134.893025453896,255.372516485798,0,0,8.62570659338952,8.41030945435575,6.08397176648573,12.7975888281008,5.14616759154751,9.74003442193809,0,0,408.4576286762,387.2501848803,260.476584421916,570.750499822573,263.244358237476,493.705605595059,0,0,15.6935091712583,14.8787742614291,9.97658175558777,21.8510128967359,10.0482163802723,18.8382982928866,0,0,0,0,38.8497862838241,85.1909114271244,35.4815585425174,61.379888637152,0,0,0,0,0,0,0,0,0,0,236.336848598722,120.390786466093,286.686193535046,250.607566333742
"94",1997,477,7.75,6250.84567794816,5519.62601877126,1163.23946299807,2209.64639791915,538.732894255157,863.033620651451,0,0,0,0,0,0,0,0,0,0,0,0,1.87226394774487,3.63859532252929,0.997012924934431,1.60374947532969,0,0,0,0,0,0,0,0,0,0,3259.27257780374,2892.04709751237,463.22578042929,903.27258233338,217.402094710508,367.50882425342,0,0,125.226464567745,111.11707435925,17.8495991256182,34.80971574774,8.37647048865665,14.1598202383176,0,0,26270.6177183077,23249.1540650437,4360.85721968815,8359.27922237616,2300.56752563785,3724.18965274516,0,0,1009.33825530956,893.27033269916,169.341724338854,325.073664892097,90.0744501311221,146.008531649483,0,0,0,0,7.52501848594734,14.7516289193336,4.28460606762354,6.97213087307565,0,0,0,0,0,0,0,0,0,0,225.206667391823,219.308387440152,160.692648074687,338.480383828228,137.251013189636,260.460396908634,0,0,8.65277173490992,8.42617995710688,6.15356839538019,12.9562287365252,5.23634238082748,9.93451450812214,0,0,405.142195409386,383.811489690529,262.074273097518,574.978810951625,266.316465565894,500.872482329005,0,0,15.5661266403533,14.7466540336891,10.0378146681003,22.0129414820054,10.1656207931784,19.1120188860534,0,0,0,0,39.2010823756419,86.0551506207757,35.9780659152663,62.3601620464924,0,0,0,0,0,0,0,0,0,0,239.364236829307,121.682324419639,293.898038729813,256.818142256133
"95",1997,477,7.83333333333333,6229.11506953573,5492.94744852943,1166.433573033,2216.32909006552,542.27974644745,869.762945656579,0,0,0,0,0,0,0,0,0,0,0,0,1.87912022740758,3.65304325770148,1.00416252401654,1.61720034415463,0,0,0,0,0,0,0,0,0,0,3279.31961414173,2905.44766252982,469.220906696075,915.668625252398,221.702075953708,375.581487684108,0,0,125.996703762455,111.631945496992,18.0806649861491,35.2875405162557,8.54214545411517,14.4708445377239,0,0,26198.1038696866,23148.6686906098,4374.44488035621,8389.48741731247,2323.06692049321,3766.86167063163,0,0,1006.55236795115,889.40951626493,169.878056079707,326.269765245881,90.9616957146053,147.693485575017,0,0,0,0,7.56015831491451,14.8288453294894,4.33077104349456,7.05923585015461,0,0,0,0,0,0,0,0,0,0,225.936077546273,219.74010714219,162.518825136466,342.644811759256,139.647897126978,265.635233799373,0,0,8.68079714013975,8.44276730679289,6.22363494332341,13.115913032364,5.32801001419337,10.1323313989603,0,0,401.861973528162,380.409040849771,263.649225511626,579.157759989441,269.387078872874,508.061159356338,0,0,15.4400969651841,14.6159264494653,10.0981833939462,22.1729957470375,10.2829791184604,19.3865951320437,0,0,0,0,39.5484263968562,86.9124263672017,36.4755443846472,63.3452184991188,0,0,0,0,0,0,0,0,0,0,242.401278551227,122.976352543171,301.220962457644,263.135177483863
"96",1997,477,7.91666666666667,6207.31161552072,5466.35394934234,1169.4230780302,2222.62236149083,545.756056847757,876.385587534147,0,0,0,0,0,0,0,0,0,0,0,0,1.88567796689071,3.66691335425808,1.011195514853,1.63047719236289,0,0,0,0,0,0,0,0,0,0,3299.57863635859,2918.99848323996,475.255671133917,928.154287254335,226.058970451711,383.78113293703,0,0,126.775087793632,112.152589698732,18.3132583184128,35.7688199769944,8.71001318117427,14.7867611179505,0,0,26126.0731188558,23048.9644075053,4387.60790346753,8418.87089315279,2345.45394974699,3809.47247168156,0,0,1003.78504081354,885.57871066842,170.397871982804,327.433812446806,91.844648536932,149.376278954278,0,0,0,0,7.59458938728039,14.9047182394322,4.37683589300568,7.14644090050581,0,0,0,0,0,0,0,0,0,0,226.689612371392,220.189938563782,164.356876871878,346.835972179091,142.082668314982,270.896453885007,0,0,8.70974945045747,8.46005053782347,6.29416161161322,13.2766330693327,5.42113221939376,10.3334637290205,0,0,398.617304241176,377.042918993451,265.201452045199,583.28665209298,272.455982199743,515.270608393075,0,0,15.3154332554586,14.4865946068989,10.1576884180305,22.3311493799142,10.4002832758561,19.6619883447973,0,0,0,0,39.8917341106793,87.7625104017668,36.9738497279266,64.3348212197233,0,0,0,0,0,0,0,0,0,0,245.448304308229,124.272979176381,308.656490521915,269.560178760128
"97",1998,477,8,6185.6553666713,5439.95564959188,1172.33514938101,2228.86459150013,549.099556603395,882.867963625234,0,0,0,0,0,0,0,0,0,0,0,0,1.89183589730507,3.68014781961046,1.01799568631681,1.64351645693471,0,0,0,0,0,0,0,0,0,0,3320.11178424845,2932.81968311343,481.228025535857,940.607238482992,230.447561466851,392.095163866699,0,0,127.56400417154,112.683622300308,18.543455202572,36.2488520060678,8.87910209254216,15.107084688408,0,0,26055.0713657649,22950.9144121717,4399.7077836768,8446.79439118023,2367.46322380362,3851.88233248143,0,0,1001.05724790205,881.811465540206,170.876535526531,328.541320518188,92.7129123137999,151.051427453506,0,0,0,0,7.62788387370078,14.9789839120002,4.42230759111636,7.23348823071019,0,0,0,0,0,0,0,0,0,0,227.425524494937,220.650295059997,166.167015419774,351.028646641658,144.476161258682,276.196898707434,0,0,8.73802467045434,8.47773815914477,6.36362478100841,13.4374238760863,5.5126885796038,10.5361130904572,0,0,395.415165270322,373.729453491244,266.705000988158,587.337622549333,275.491822783352,522.481614009906,0,0,15.1924036049589,14.3592859066016,10.215334516903,22.486333522225,10.5163366270262,19.9374658549378,0,0,0,0,40.2287068455585,88.6036591873091,37.4687121874183,65.3264955665416,0,0,0,0,0,0,0,0,0,0,248.556847265786,125.587837223894,316.332824982314,276.17310534897
"98",1998,477,8.08333333333333,6164.38495692944,5413.87325001255,1175.30433894765,2235.41085200079,552.250233472413,889.18309962214,0,0,0,0,0,0,0,0,0,0,0,0,1.89759259551582,3.69289494824284,1.02444177572122,1.65625342880083,0,0,0,0,0,0,0,0,0,0,3340.93787347538,2946.99342120885,487.03074169703,952.895215726826,234.831395535442,400.495917896082,0,0,128.36417582408,113.228199984141,18.7671306506922,36.7225501409976,9.0480084919769,15.4307507639766,0,0,25985.6964325588,22855.4457641496,4410.10349334633,8472.63035555998,2388.80521649121,3893.93767897466,0,0,998.391958128253,878.143400018129,171.289298563601,329.568088313737,93.5551470117813,152.712906785724,0,0,0,0,7.65932547826728,15.0510316312111,4.46665209569243,7.32009443845645,0,0,0,0,0,0,0,0,0,0,228.105926750499,221.115131359824,167.907185244233,355.191471485246,146.755406970031,281.491104098468,0,0,8.76416711936113,8.49559790176056,6.43041317970249,13.5970840239397,5.59989464387613,10.7385453119859,0,0,392.261263045186,370.486720340545,268.13107675117,591.285308274719,278.452786090237,529.671459189085,0,0,15.0712272624058,14.2346948574262,10.2700176081225,22.6375751861764,10.6295432032198,20.2121612666313,0,0,0,0,40.5568927848367,89.4340994225703,37.9555085381112,66.3175994166753,0,0,0,0,0,0,0,0,0,0,251.780465627239,126.937395441416,324.381790254653,283.058774057191
"99",1998,477,8.16666666666667,6143.04350178772,5387.87353288232,1178.07741047224,2241.57665705965,555.332005082002,895.392131257501,0,0,0,0,0,0,0,0,0,0,0,0,1.90317294237022,3.70530487073216,1.03076325375912,1.66880174121343,0,0,0,0,0,0,0,0,0,0,3361.92231769887,2961.26482635711,492.875509566473,965.272173362539,239.260656809757,409.009583334873,0,0,129.170431728825,113.776530192329,18.9924238490943,37.1996750099878,9.21866600465127,15.7587683940296,0,0,25916.8195800134,22760.7429575581,4420.14686235404,8497.74347901869,2410.00809009665,3935.90094751978,0,0,995.745804239057,874.504759406356,171.688301250568,330.56668013711,94.392032091871,154.371003392676,0,0,0,0,7.68977104437854,15.121383350968,4.51085200111926,7.40674941067728,0,0,0,0,0,0,0,0,0,0,228.81684354462,221.59931556042,169.658667442598,359.373997769348,149.084174743797,286.876014172394,0,0,8.79148198132262,8.51420102178488,6.49763932633467,13.7575097063762,5.68899913059483,10.9444586661646,0,0,389.14177116578,367.281882436724,269.532310753296,595.186228151371,281.399181249715,536.875477985032,0,0,14.9513729981266,14.1115598050654,10.3237563633485,22.787043335058,10.7422052976316,20.4874234099035,0,0,0,0,40.8807025558061,90.2566893694373,38.4425129070467,67.3124826077256,0,0,0,0,0,0,0,0,0,0,255.013931853652,128.289853313529,332.543632311735,290.058244007802
"100",1998,477,8.25,6121.62850665989,5361.95338032601,1180.65717738895,2247.36643059599,558.342835654752,901.491375422588,0,0,0,0,0,0,0,0,0,0,0,0,1.90855298576674,3.71732861820772,1.03695904873699,1.68115863405342,0,0,0,0,0,0,0,0,0,0,3383.07294027603,2975.64117826953,498.762501060519,977.739268921013,243.736793392715,417.639346425895,0,0,129.983072471665,114.328892623024,19.2193416963057,37.6802714336782,9.39113018913112,16.0912599497385,0,0,25848.4323136419,22666.7954770793,4429.84489803194,8522.14569001908,2431.06860726755,3977.76570461583,0,0,993.118459868219,870.895139689175,172.073811299097,331.537547515258,95.2234362588295,156.025458312676,0,0,0,0,7.71930731204676,15.1901510768216,4.55489641202631,7.49343814943332,0,0,0,0,0,0,0,0,0,0,229.556809108343,222.102066038628,171.421429585124,363.576768675181,151.459531844791,292.349865555892,0,0,8.81991293935135,8.53351748800328,6.56530216406302,13.9187220323412,5.77989024008547,11.1537861723202,0,0,386.057246133779,364.114865083795,270.908842030163,599.03910729839,284.332102260556,544.092946954584,0,0,14.8328621937495,13.9898778795768,10.376556086873,22.9346892634912,10.8543647482031,20.7632251514954,0,0,0,0,41.2000250247232,91.0711713720362,38.9295797822815,68.3108982991504,0,0,0,0,0,0,0,0,0,0,258.257667324858,129.645326628275,340.82029834182,297.173078694858
"101",1998,477,8.33333333333333,6100.13773986414,5336.10991009478,1183.04643813961,2252.7846093279,561.28077758946,907.477265516206,0,0,0,0,0,0,0,0,0,0,0,0,1.91371362653544,3.72892658542369,1.04302748655147,1.69332043160047,0,0,0,0,0,0,0,0,0,0,3404.39640076254,2990.1286548633,504.691758817844,990.297284972821,248.261059456358,426.388013106549,0,0,130.802353923379,114.885524641684,19.4478860978097,38.1643698052643,9.56544917914619,16.4283332310529,0,0,25780.5269545987,22573.5936043055,4439.20452811471,8545.8488768124,2451.98372724652,4019.52580402573,0,0,990.509629987161,867.314167469451,172.446093521873,332.481140750712,96.0492358036089,157.676023558622,0,0,0,0,7.74800788982156,15.2574313540423,4.59877661537162,7.58014805640286,0,0,0,0,0,0,0,0,0,0,230.324492088174,222.622679389444,173.195447104496,367.800310064782,153.878957744828,297.911241098794,0,0,8.84940884090303,8.55352027446808,6.63340092081527,14.0807414328411,5.87247192796901,11.3664741125813,0,0,383.008192567912,360.985599239252,272.26083602281,602.842831617039,287.252375004969,551.32297531418,0,0,14.715714237483,13.8696464282344,10.4284231021318,23.0804704233359,10.9660531537201,21.0395329495208,0,0,0,0,41.5147657011019,91.8773110083002,39.4165631633208,69.3125974363227,0,0,0,0,0,0,0,0,0,0,261.512073460775,131.003926601513,349.213633813646,304.404820062045
"102",1998,477,8.41666666666667,6078.56920314492,5310.34044810903,1185.24797404539,2257.83563754567,564.143968194045,913.346348094342,0,0,0,0,0,0,0,0,0,0,0,0,1.91863968487347,3.74006678461047,1.04896647980054,1.7052828182637,0,0,0,0,0,0,0,0,0,0,3425.89837286148,3004.73250124519,510.663224765102,1002.94669852297,252.834539217912,435.258060451192,0,0,131.628494076713,115.446627773699,19.6780550649522,38.6519887548943,9.74166459903046,16.7700834337687,0,0,25713.0965123503,22481.1282978745,4448.23258936801,8568.86485668862,2472.75058888186,4061.17535986417,0,0,987.919046012846,863.761495363233,172.805409386108,333.397907726087,96.8693139546794,159.322461092291,0,0,0,0,7.77593576524322,15.3233081016258,4.64248552192212,7.66686832950926,0,0,0,0,0,0,0,0,0,0,231.118679671837,223.160519961842,174.980698457042,372.045120441406,156.340278943738,303.559008154023,0,0,8.8799230879635,8.57418495844792,6.7019349255757,14.2435872767115,5.96666141227854,11.5824796666028,0,0,379.995063679611,357.894017055145,273.588479686476,606.59643123411,290.160601764464,558.564537996617,0,0,14.5999465423923,13.7508628442085,10.4793645623395,23.2243497878661,11.077293574742,21.3163081191331,0,0,0,0,41.8248439714909,92.6748937976173,39.9033171067973,70.3173293709552,0,0,0,0,0,0,0,0,0,0,264.77753375652,132.365760379927,357.725398385275,311.754993724867
"103",1998,477,8.5,6056.92110997955,5284.64250794445,1187.26454849511,2262.52396441685,566.930626960874,919.095280078486,0,0,0,0,0,0,0,0,0,0,0,0,1.92331923544966,3.7507235906618,1.0547736493488,1.71704101807338,0,0,0,0,0,0,0,0,0,0,3447.58367658598,3019.45715579496,516.676759582291,1015.68773011565,257.458165336275,444.25167528431,0,0,132.46167812428,116.012372548716,19.9098434643465,39.1431370357421,9.91981226632102,17.1165946262933,0,0,25646.1345892915,22389.3911029186,4456.93582161272,8591.205356963,2493.36649689719,4102.70872508136,0,0,985.346462143051,860.236798520645,173.15201677597,334.288293161312,97.6835603531359,160.964542003291,0,0,0,0,7.8031450854709,15.3878546486285,4.68601730751443,7.75358957041978,0,0,0,0,0,0,0,0,0,0,231.938264900916,223.715011687072,176.777162395581,376.311665674263,158.841619128942,309.292272247079,0,0,8.91141314958134,8.59548940645776,6.77090350515853,14.4072776688148,6.06238726730978,11.8017691359824,0,0,377.018262409827,354.840048838188,274.891977678694,610.299066736923,293.057194997123,565.816500214634,0,0,14.4855745900787,13.633524449769,10.5293883028673,23.366295323059,11.1881018238913,21.5935077726017,0,0,0,0,42.1301911186545,93.4637227931223,40.3896960631125,71.3248422527445,0,0,0,0,0,0,0,0,0,0,268.054415473108,133.730931451434,366.357278062936,319.225112882202
"104",1998,477,8.58333333333333,6035.19187196345,5259.01377770554,1189.09890613378,2266.85404206067,569.639054684288,924.720828410227,0,0,0,0,0,0,0,0,0,0,0,0,1.92774313856949,3.76087685533687,1.06044640972695,1.72858992141473,0,0,0,0,0,0,0,0,0,0,3469.45636984702,3034.30633780727,522.732156354366,1028.52037845133,262.132731635567,453.370781041184,0,0,133.302061977507,116.582901867984,20.1432435434538,39.6378148535345,10.0999226775192,17.4679407766809,0,0,25579.6353139467,22298.3740880067,4465.32086194559,8612.88199895823,2513.82891306689,4144.12047749215,0,0,982.791652789877,856.7397722031,173.486169766004,335.152737992533,98.4918707167806,162.602045976737,0,0,0,0,7.82968240646109,15.4511351652798,4.7293671683769,7.84030351546386,0,0,0,0,0,0,0,0,0,0,232.782237802322,224.28563231008,178.58481614858,380.600375190396,161.381363382869,315.110343485093,0,0,8.94384022112517,8.61741355262115,6.84030591524947,14.5718293041589,6.15958805457756,12.024316656716,0,0,374.07814204408,351.823620831957,276.171549455329,613.950019367647,295.94240172655,573.0776353532,0,0,14.3726119543116,13.5176284110732,10.5785027287157,23.5062796106165,11.2984873973703,21.8710855037344,0,0,0,0,42.4307489535855,94.243616953565,40.8755551363074,72.3348833152179,0,0,0,0,0,0,0,0,0,0,271.34307079498,135.099539925803,375.110893790475,326.816681134632
"105",1998,477,8.66666666666667,6013.38008225436,5233.45210431693,1190.75377234275,2270.83032355227,572.267631330431,930.219868097064,0,0,0,0,0,0,0,0,0,0,0,0,1.93190452367226,3.77051092840942,1.06598205904996,1.73992421876814,0,0,0,0,0,0,0,0,0,0,3491.51985222651,3049.28314654809,528.829155426316,1041.44445910785,266.858908331795,462.617069540906,0,0,134.149776253771,117.158334810259,20.3782455027874,40.1360153541748,10.2820215897958,17.824186968056,0,0,25513.5932655116,22208.0697736396,4473.3942405024,8633.90628333989,2534.13544465488,4185.40540184936,0,0,980.254409680582,853.270129035964,173.808118451499,335.991678798347,99.2941463986187,164.234760609941,0,0,0,0,7.85558807237324,15.5132062493355,4.77253105646188,7.92700274504246,0,0,0,0,0,0,0,0,0,0,233.649674817602,224.871906683357,180.403633595481,384.911638772312,163.958117874704,321.012699304346,0,0,8.97716881814169,8.63993914100875,6.91014127152501,14.7372573454471,6.25821078120081,12.2501027713668,0,0,371.175007833445,348.844653178031,277.427426083273,617.548678944493,298.816330794285,580.346644327499,0,0,14.2610703633105,13.4031716598301,10.6267166910439,23.6442793839279,11.4084545157228,22.1489921283174,0,0,0,0,42.7264682663229,95.0144092480382,41.3607503413248,73.3471991850137,0,0,0,0,0,0,0,0,0,0,274.643838247296,136.471682872267,383.987811100416,334.531195432453
"106",1998,477,8.75,5991.48450302721,5207.95548146069,1192.23185300751,2274.45726163574,574.814814490677,935.589381084691,0,0,0,0,0,0,0,0,0,0,0,0,1.93579839548885,3.77961390538017,1.07137784092292,1.75103849438599,0,0,0,0,0,0,0,0,0,0,3513.77694663166,3064.39013960555,534.967455145654,1054.45963382977,271.637254375139,471.992026240225,0,0,135.004929413678,117.738769642166,20.6148379100714,40.6377257494255,10.4661304925939,18.1853903647625,0,0,25448.0034140789,22118.4710754672,4481.16237771605,8654.28957926011,2554.28383488755,4226.55847533447,0,0,977.734539560963,849.82759682688,174.118108837391,336.805547374317,100.090294023675,165.86248086043,0,0,0,0,7.88089726109482,15.5741181419617,4.81550549917191,8.01368048328714,0,0,0,0,0,0,0,0,0,0,234.539729953787,225.473401239624,182.233584283199,389.245805204594,166.570677187853,326.998954635795,0,0,9.01136643635784,8.66304951327049,6.98040851279179,14.9035753713933,6.35820965031412,12.4791132854213,0,0,368.309118750595,345.903058485921,278.659847607248,621.094533464487,301.678974896674,587.62217105374,0,0,14.1509597672146,13.2901508383542,10.6740393851142,23.7802751285056,11.5180029651548,22.4271762754377,0,0,0,0,43.0173076420098,95.7759451950161,41.8451387920367,74.3615361214978,0,0,0,0,0,0,0,0,0,0,277.957043889986,137.847454598116,392.989547772139,342.370148262378
"107",1998,477,8.83333333333333,5969.50405630838,5182.52204067763,1193.53583452914,2277.73930798839,577.279138161642,940.826455511032,0,0,0,0,0,0,0,0,0,0,0,0,1.93942134936625,3.78817707946975,1.07663098433022,1.76192728786115,0,0,0,0,0,0,0,0,0,0,3536.22996035742,3079.62939172996,541.146719157657,1067.56543158644,276.46822707247,481.496949535453,0,0,135.867610107191,118.324286078929,20.8530079818168,41.1429281266032,10.6522669754266,18.5516009509657,0,0,25382.861075636,22029.5712614271,4488.63158300141,8674.04311718233,2574.27195527034,4267.57485608064,0,0,975.231862466349,846.41191691895,174.416382782922,337.594770450317,100.88022519639,167.485008610093,0,0,0,0,7.90564073649076,15.6339156121394,4.85828748342234,8.10033046780613,0,0,0,0,0,0,0,0,0,0,235.451627698608,226.089719647729,184.07463301067,393.603182209881,169.217999269837,333.068839348295,0,0,9.04640327947272,8.68672944172775,7.05110638571652,15.0707953744201,6.45954510301968,12.7113384025314,0,0,365.480689306305,342.998740969316,279.869061026668,624.58716055177,304.53022741492,594.902814028483,0,0,14.0422884078768,13.1785622663794,10.7204802718406,23.914250753299,11.6271287398494,22.7055848297115,0,0,0,0,43.3032325957707,96.5280817801057,42.328578830124,75.377640195776,0,0,0,0,0,0,0,0,0,0,281.283002282097,139.226946868811,402.117579575202,350.335029141753
"108",1998,477,8.91666666666667,5947.43781490251,5157.15004255638,1194.66838387033,2280.68091250807,579.659211490999,945.928284966596,0,0,0,0,0,0,0,0,0,0,0,0,1.94277128626359,3.79619439397657,1.0817387447735,1.77258515726507,0,0,0,0,0,0,0,0,0,0,3558.88074581378,3095.0025533078,547.366583702873,1080.76126969621,281.352191746996,491.132970194458,0,0,136.737889506864,118.914947531037,21.0927418649793,41.6516002608326,10.8404450971323,18.9228622742865,0,0,25318.1618671973,21941.3639090651,4495.80805353847,8693.17798182101,2594.09779776906,4308.4498715004,0,0,972.746209997725,843.022842550942,174.703177949939,338.359769412057,101.663856202917,169.102152222098,0,0,0,0,7.92984560322842,15.6926388414863,4.90087433503823,8.18694681531781,0,0,0,0,0,0,0,0,0,0,236.384655892644,226.720498456815,185.926739342997,397.9840363529,171.899180553547,339.222175825422,0,0,9.08225198529476,8.71096496201564,7.12223342688265,15.2389277571689,6.56218286689587,12.9467718648669,0,0,362.689891484252,340.131595650419,281.055318326076,628.026218864828,307.369899129387,602.18713774216,0,0,13.9350628932014,13.0684019104874,10.7660490013885,24.0461932604221,11.7358246797987,22.9841633670551,0,0,0,0,43.5842147010653,97.270686366959,42.8109301600186,76.3952574788291,0,0,0,0,0,0,0,0,0,0,284.622017450319,140.610249127975,411.373345940457,358.427326060427
"109",1999,477,9,5925.33851963699,5131.70603931316,1195.67517233557,2283.31222170698,582.006556711324,950.838322415888,0,0,0,0,0,0,0,0,0,0,0,0,1.94593472330676,3.80355990633205,1.08679707526135,1.78290520958987,0,0,0,0,0,0,0,0,0,0,3581.95255281301,3110.76098976355,553.461205446903,1093.74646619456,286.314599497186,500.871477629624,0,0,137.624345227499,119.520411860074,21.3276700107462,42.1521851716285,11.0316455716883,19.2980721272113,0,0,25255.2935526877,21855.2870418933,4501.7359239122,8709.88417172409,2613.99389939148,4348.92874546548,0,0,970.330901060902,839.715624935126,174.941855757071,339.030867206771,102.450298542261,170.703905548594,0,0,0,0,7.95379676612829,15.7497374925805,4.9437125643773,8.27305330746743,0,0,0,0,0,0,0,0,0,0,237.387861775114,227.350453037927,187.81769735494,402.326436316068,174.690917597222,345.362835697358,0,0,9.12079702152676,8.73516881423197,7.19485341966982,15.4055996181921,6.6690511357246,13.1817452290137,0,0,359.961789139994,337.331746274141,282.21156570481,631.36058601888,310.227362074402,609.437618492296,0,0,13.8302462123849,12.9608271733114,10.8104729670863,24.1741410166149,11.8452123286293,23.2614800306381,0,0,0,0,43.8622245814097,98.0008385948649,43.2959955531539,77.4097382170824,0,0,0,0,0,0,0,0,0,0,287.930378480567,142.023890432295,420.635189407542,366.80546785156
"110",1999,477,9.08333333333333,5903.20394822851,5106.19378211633,1196.56039043205,2285.64286219218,584.318602391048,955.557582681669,0,0,0,0,0,0,0,0,0,0,0,0,1.94890579548823,3.81031167250056,1.09180074431389,1.79288569601219,0,0,0,0,0,0,0,0,0,0,3605.4227432027,3126.87852684953,559.445213872984,1106.54146052483,291.350799012748,510.705246035408,0,0,138.526107475078,120.139673409587,21.5583516028465,42.6454639781311,11.225689658186,19.6769528274011,0,0,25194.2059330342,21771.2766984464,4506.48523455355,8724.28219374136,2633.93678820039,4388.99380733493,0,0,967.984006996526,836.487806566366,175.135087654194,339.612667553939,103.23864387675,172.289578286255,0,0,0,0,7.9769849923161,15.804542622688,4.98678514020648,8.35864061542279,0,0,0,0,0,0,0,0,0,0,238.455720131199,227.982757912976,189.734365726982,406.624403472723,177.581954691284,351.50043851445,0,0,9.16182610140205,8.75946296859136,7.26846213003301,15.5705805094809,6.7797205803179,13.4166256602945,0,0,357.29881049788,334.595601937063,283.343075616912,634.589903388566,313.109718154257,616.645347348119,0,0,13.7279316616678,12.855700086576,10.8539542719122,24.2980805296267,11.955562832746,23.537194889842,0,0,0,0,44.1371898787918,98.7184197236323,43.7836430206448,78.4208477473417,0,0,0,0,0,0,0,0,0,0,291.210334789604,143.467170270548,429.909762688615,375.466889238705
"111",1999,477,9.16666666666667,5880.98183918607,5080.74101559231,1197.28536099988,2287.65349026107,586.542754506952,960.136347380652,0,0,0,0,0,0,0,0,0,0,0,0,1.95159974098001,3.81655428916759,1.09665107102755,1.80262049306307,0,0,0,0,0,0,0,0,0,0,3629.07070741403,3143.10612374315,565.481082539456,1119.43883424023,296.435808779132,520.661015866767,0,0,139.434700077175,120.763163632914,21.7910264172924,43.1426816557651,11.4216147567812,20.0605346819815,0,0,25133.5428442737,21687.9210345308,4511.00740024194,8738.16884637036,2653.69232062538,4428.87749355777,0,0,965.653422995649,833.285142084205,175.319337937539,340.174320034822,104.019712499375,173.868286340763,0,0,0,0,7.99911635415675,15.8575700023637,5.0296421771783,8.44414360733382,0,0,0,0,0,0,0,0,0,0,239.53849891209,228.632374474249,191.64741198888,410.937193393769,180.49442184414,357.729287418605,0,0,9.20342844590292,8.78442226572476,7.34193680170956,15.7361408485241,6.89121860025395,13.655012749346,0,0,354.677648235055,331.893288326636,284.457544601562,637.762509431998,315.989530115911,623.842401119865,0,0,13.627223740516,12.7518728312343,10.8967900228708,24.4198667347434,12.0658286816111,23.8125325527424,0,0,0,0,44.4070632564482,99.4258764869519,44.2699421167383,79.4325730430074,0,0,0,0,0,0,0,0,0,0,294.505115729146,144.91451382557,439.318322677863,384.261234370466
"112",1999,477,9.25,5858.67231236455,5055.34692582493,1197.852686577,2289.34863725717,588.677981898241,964.572403146655,0,0,0,0,0,0,0,0,0,0,0,0,1.95401926116787,3.8222835572133,1.10134563942189,1.81210547335789,0,0,0,0,0,0,0,0,0,0,3652.89633330031,3159.44377835237,571.566929416619,1132.43514067254,301.570292774166,530.739323517453,0,0,140.350118724934,121.390882449676,22.0256226439397,43.6437064484724,11.6194463239185,20.4488382714265,0,0,25073.3011010293,21605.214721104,4515.30797655281,8751.55454361528,2673.25965287036,4468.57656806669,0,0,963.339026671152,830.107426738107,175.4948210328,340.716222855126,104.793465218501,175.439893057866,0,0,0,0,8.02032441252042,15.9090062719928,5.07227229797417,8.52954706057408,0,0,0,0,0,0,0,0,0,0,240.635908559848,229.298674237323,193.558690308177,415.266268366274,183.428554956249,364.047809450459,0,0,9.2455929297868,8.81002255825338,7.41534866487577,15.9023370042582,7.00355429109469,13.896846834998,0,0,352.098020083894,329.225080304491,285.553998624949,640.878126600649,318.865276234984,631.028693517991,0,0,13.528111603853,12.6493559679076,10.9389428140071,24.5394888757878,12.1759518526757,24.0874899893381,0,0,0,0,44.6717527955619,100.12300412495,44.754753788922,80.4446619081285,0,0,0,0,0,0,0,0,0,0,297.814924986835,146.366028849825,448.86159835228,393.190104618821
"113",1999,477,9.33333333333333,5836.27554220757,5030.01073861279,1198.26494081223,2290.7328077254,590.723317447378,968.863630908294,0,0,0,0,0,0,0,0,0,0,0,0,1.95616732275,3.82749724997225,1.10588217763112,1.8213365384501,0,0,0,0,0,0,0,0,0,0,3676.8995110677,3175.89149864763,577.701003158083,1145.52718711742,306.754774696122,540.940669390846,0,0,141.272359199901,122.022830166108,22.2620734287473,44.148416263095,11.8192044435063,20.8418828067005,0,0,25013.4774999405,21523.1524531386,4519.39232620875,8764.44938469927,2692.63803303004,4508.08789854856,0,0,961.040694944906,826.954456700245,175.661744037472,341.238762333402,105.55986645242,177.004265783545,0,0,0,0,8.04072035642748,15.9590080504486,5.11466727718495,8.61483889853743,0,0,0,0,0,0,0,0,0,0,241.747679535279,229.98107061252,195.469800677792,419.612845316576,186.384614362633,370.454621925321,0,0,9.28830919696086,8.83624130846158,7.4887591855353,16.0692159051516,7.1167377007334,14.1420755260829,0,0,349.559613551152,326.591188978132,286.631662979199,643.936623606063,321.735487008662,638.203942547655,0,0,13.4305832452966,12.5481576076805,10.9803828860245,24.6569418092363,12.2858763018214,24.3620566768393,0,0,0,0,44.9311897334689,100.80963122407,45.2379384596443,81.4568603435772,0,0,0,0,0,0,0,0,0,0,301.139962337157,147.821819180272,458.540355467461,402.255086555983
"114",1999,477,9.41666666666667,5813.79176552536,5004.73172622367,1198.52467178172,2291.81048450858,592.677856679461,973.00800491357,0,0,0,0,0,0,0,0,0,0,0,0,1.95804709297391,3.83219469820686,1.11025855102322,1.83030965798768,0,0,0,0,0,0,0,0,0,0,3701.0800983851,3192.44927132932,583.88166567667,1158.71199408187,311.989653669764,551.265506903638,0,0,142.201416033488,122.65900627122,22.5003162135513,44.6566971174386,12.0209044255968,21.2396857036954,0,0,24954.0688427014,21441.7289684435,4523.26563727563,8776.86318542357,2711.82679202412,4547.40845315729,0,0,958.75830493292,823.826029788622,175.8203074131,341.742314094631,106.318883884105,178.561275746989,0,0,0,0,8.06039780700746,16.0077082539332,5.15682111606873,8.70000931045548,0,0,0,0,0,0,0,0,0,0,242.873560260353,230.679014882397,197.382128578005,423.977935754876,189.362869831119,376.948503590148,0,0,9.33156758142648,8.86305743374575,7.5622215890857,16.2368165751193,7.2307792511246,14.3906525983838,0,0,347.062091274254,323.991769995684,287.689927587914,646.937988248041,324.598749557121,645.367705975968,0,0,13.3346257029548,12.4482837307995,11.0210867939656,24.7722249587306,12.3955481341839,24.636215954828,0,0,0,0,45.1853235986791,101.485613285837,45.7193569058561,82.4689135524526,0,0,0,0,0,0,0,0,0,0,304.480424016281,149.281985108403,468.355392306925,411.457753635455
"115",1999,477,9.5,5791.22128821363,4979.50921287999,1198.63440367749,2292.58613176483,594.540758492306,977.003594739895,0,0,0,0,0,0,0,0,0,0,0,0,1.95966190621735,3.83637657452983,1.11447276063172,1.83902089239808,0,0,0,0,0,0,0,0,0,0,3725.43789871099,3209.11704277669,590.107382434424,1171.9867725988,317.275212673463,561.714235494309,0,0,143.137281674254,123.299408704816,22.7402923680114,45.1684422760886,12.2245571274303,21.6422623126236,0,0,24895.0719492488,21360.9390590681,4526.9329315113,8788.80549253292,2730.82533915122,4586.53529988781,0,0,956.491734452042,820.721945905265,175.970705303111,342.227243619431,107.07048829483,180.110798044191,0,0,0,0,8.07943529188498,16.0552193679141,5.19872960256992,8.78505032665684,0,0,0,0,0,0,0,0,0,0,244.013315867679,231.391994037456,199.296866648605,428.36236744924,192.36359182232,383.528377507694,0,0,9.37535905923246,8.89045122345875,7.63578169258839,16.4051709665592,7.34568940131693,14.642537339715,0,0,344.605093987645,321.426927857237,288.728327892773,649.88231251229,327.45371046912,652.519401729245,0,0,13.2402251733973,12.3497383523216,11.0610366730757,24.8853417412263,12.5049157139519,24.9099458039538,0,0,0,0,45.43411971857,102.150829466035,46.1988707360913,83.4805664956359,0,0,0,0,0,0,0,0,0,0,307.836502910203,150.746623562862,478.307537097799,420.79966708391
"116",1999,477,9.58333333333333,5768.56449111362,4954.34257953394,1198.59663867721,2293.06419808046,596.311245331105,980.848566506619,0,0,0,0,0,0,0,0,0,0,0,0,1.96101523051271,3.84004467458135,1.11852294057992,1.8474664140932,0,0,0,0,0,0,0,0,0,0,3749.97264132914,3225.89470150978,596.376712068808,1185.34890040533,322.611627934453,572.287194322479,0,0,144.07994572085,123.944033183657,22.9819467963765,45.6835513430197,12.4301693117124,22.0496256739306,0,0,24836.4836698957,21280.7775813892,4530.39907402711,8800.28560010503,2749.63315702712,4625.46560498282,0,0,954.24086248614,817.642007423761,176.113125900502,342.693906869427,107.814653373427,181.652711584346,0,0,0,0,8.0978987542061,16.1016367696241,5.24038987492484,8.86995539608114,0,0,0,0,0,0,0,0,0,0,245.16672678284,232.119528283964,201.21503743579,432.766807029832,195.387043236774,390.193292949786,0,0,9.41967519400604,8.91840424315626,7.7094787783406,16.5743048292367,7.46147832909337,14.8976938571137,0,0,342.188243594187,318.896720617931,289.746524915598,652.769777202457,330.299077712031,659.658329172806,0,0,13.1473671296631,12.2525237028137,11.1002194730795,24.9962989753629,12.6139297384441,25.1832196584539,0,0,0,0,45.6775566840979,102.805179232211,46.6763428435347,84.4915644359685,0,0,0,0,0,0,0,0,0,0,311.208388766501,152.215828318999,488.397645108856,430.2823768446
"117",1999,477,9.66666666666667,5745.82183483435,4929.23126775469,1198.41385876149,2293.24911936272,597.988603056979,984.541183625591,0,0,0,0,0,0,0,0,0,0,0,0,1.96211063778304,3.84320171960255,1.12240735515446,1.85564252529754,0,0,0,0,0,0,0,0,0,0,3774.68396471377,3242.782063657,602.688296371877,1198.79589942095,327.998978177806,582.98465717406,0,0,145.029394282876,124.592872643104,23.2252275575643,46.2019294037399,12.6377439995738,22.4617863206774,0,0,24778.3008952679,21201.2394640568,4533.66878294498,8811.31256571135,2768.24979654189,4664.19663075112,0,0,952.005569567881,814.586019494542,176.247751815265,343.1426509033,108.551355525712,183.186899013383,0,0,0,0,8.11584381063511,16.1470417249492,5.28180004318253,8.95471901782108,0,0,0,0,0,0,0,0,0,0,246.333587269944,232.861168494019,203.137514797113,437.191781102215,198.433472449389,396.942408018179,0,0,9.46450808107084,8.94689923662442,7.78334641590753,16.7442385218998,7.57815566207044,15.1560904118356,0,0,339.811146023017,316.401164429435,290.74428665774,655.600637774287,333.133621526327,666.783689120232,0,0,13.0560364310633,12.1566404028443,11.1386262438651,25.1051063361688,12.7225432732151,25.4560071701449,0,0,0,0,45.9156240632449,103.448579331464,47.1516377905347,85.5016534190227,0,0,0,0,0,0,0,0,0,0,314.596268403133,153.689690209473,498.626595686951,439.907422454002
"118",1999,477,9.75,5722.9938635834,4904.17478273317,1198.08852724885,2293.14532123049,599.572180846975,988.079807574399,0,0,0,0,0,0,0,0,0,0,0,0,1.96295178165377,3.84585120485617,1.12612439621631,1.86354567039294,0,0,0,0,0,0,0,0,0,0,3799.57140443314,3259.77886254211,609.040851521238,1212.3254167194,333.437252871591,593.806829139447,0,0,145.985609516123,125.245916837028,23.4700855325786,46.7234863004747,12.8472807854847,22.878752149291,0,0,24720.5205631031,21122.3197132088,4536.74663771554,8821.89522404096,2786.67487242503,4702.72573319915,0,0,949.785738039942,811.553790245264,176.374760390806,343.573814396044,109.280573707007,184.713246629927,0,0,0,0,8.13331746844858,16.1915036833665,5.32295893466644,9.03933648755172,0,0,0,0,0,0,0,0,0,0,247.513704046704,233.616493848005,205.06504182479,441.637693695268,201.503108261275,403.774974326206,0,0,9.50985029423619,8.97592003529906,7.85741315036138,16.9149876829312,7.695730282568,15.4176988330975,0,0,337.473393602005,313.940237423149,291.721472722841,658.375212820411,335.956174213318,673.894600732842,0,0,12.9662174143346,12.0620876121821,11.1762515449865,25.2117759117809,12.8307117445091,25.7282748535173,0,0,0,0,46.148320660029,104.080961464969,47.6246220718048,86.5105806329329,0,0,0,0,0,0,0,0,0,0,318.00032588919,155.168297310625,508.995289442749,449.676333752333
"119",1999,477,9.83333333333333,5700.08120832965,4879.17269570382,1197.62309018677,2292.757221125,601.061391042646,991.462898577145,0,0,0,0,0,0,0,0,0,0,0,0,1.96354237890722,3.84799727079478,1.12967258080981,1.87117244590585,0,0,0,0,0,0,0,0,0,0,3824.63438362647,3276.88474059815,615.433160064427,1225.93520747782,338.926359790375,604.753844143716,0,0,146.948569256677,125.903152027135,23.7164741204319,47.2481359826517,13.0587761262826,23.3005283232279,0,0,24663.1396633371,21044.0134161586,4539.63708676308,8832.04219926027,2804.90805916909,4741.05035956087,0,0,947.581252250457,808.545130922476,176.494323994709,343.987728109871,110.002289268208,186.231644297139,0,0,0,0,8.15035958052253,16.2350822277832,5.36386588968212,9.12380369189007,0,0,0,0,0,0,0,0,0,0,248.706894959622,234.385109597753,206.998246759038,446.104841628654,204.596155943389,410.690323065007,0,0,9.55569483489568,9.00545147232277,7.93170311333504,17.0865638210515,7.81421017449256,15.6824939847462,0,0,335.174567151977,311.513883235697,292.678020766359,661.093874052912,338.76562935406,680.99011658578,0,0,12.8778939741019,11.9688631652508,11.2130929253355,25.3163218178253,12.9383929098019,25.9999866607535,0,0,0,0,46.3756530364543,104.702270305855,48.0951643269065,87.518094716309,0,0,0,0,0,0,0,0,0,0,321.420742707393,156.651735114798,519.504645545016,459.590631475068
"120",1999,477,9.91666666666667,5677.08458934322,4854.22464582713,1197.01997760389,2292.08923015145,602.455708948907,994.689016193674,0,0,0,0,0,0,0,0,0,0,0,0,1.96388619432755,3.84964459545468,1.13305054894917,1.87851960829309,0,0,0,0,0,0,0,0,0,0,3849.87220584164,3294.09924340876,621.86406361384,1239.62311980727,344.466131911805,615.825763289797,0,0,147.918246745733,126.564560754023,23.964348960948,47.7757959290252,13.2722236048583,23.7271172080438,0,0,24606.1552416315,20966.3157436974,4542.34445448379,8841.76191616499,2822.94908730081,4779.16804574218,0,0,945.391998688526,805.559855980075,176.60661028486,344.384715318963,110.716485814986,187.74198535105,0,0,0,0,8.16700405578212,16.2778287023067,5.40452060386374,9.20811694725146,0,0,0,0,0,0,0,0,0,0,249.912987722253,235.166644952001,208.937656996748,450.59342791482,207.712794288594,417.687852404888,0,0,9.60203508354929,9.03547930130083,8.00623656093386,17.2589748304915,7.93360230903247,15.9504532829698,0,0,332.914237819074,309.122014191391,293.613934688722,663.757037703559,341.560940524136,688.069235964613,0,0,12.7910496332804,11.8769636934047,11.2491504697928,25.4187598663838,13.0455468089186,26.2711044891152,0,0,0,0,46.5976342800434,105.312461837798,48.5631355055415,88.5239460176211,0,0,0,0,0,0,0,0,0,0,324.857697898723,158.140086688857,530.155599127897,469.651827729663
"121",2000,477,10,5655.20945314817,4830.09804365643,1196.74534976169,2291.89517962733,603.665541883161,997.501264570978,0,0,0,0,0,0,0,0,0,0,0,0,1.96389106455964,3.8503976726413,1.13608316921422,1.88509171190227,0,0,0,0,0,0,0,0,0,0,3875.32427813407,3311.44936440563,628.222124294864,1253.1469522997,349.994608570315,626.844227070096,0,0,148.89615606538,127.231180148503,24.2094227572704,48.2971406257191,13.4852367579978,24.1516483324291,0,0,24550.8053996106,20890.0825040979,4544.5931943029,8850.27154660516,2840.36594417553,4815.82425892338,0,0,943.265547066207,802.630846945318,176.700876227627,344.734090242957,111.406212420121,189.194972460368,0,0,0,0,8.18265123910626,16.31767766133,5.44408783176134,9.28984345640272,0,0,0,0,0,0,0,0,0,0,251.084030358418,235.86184612344,210.821209148203,454.862641488602,210.696769438561,424.22789895366,0,0,9.64702865454984,9.06219003265422,8.07863596188882,17.4229985258681,8.04793847554031,16.2009679537826,0,0,330.696380109294,306.768222714642,294.500681752669,666.267964553017,344.287765011248,694.942941298105,0,0,12.705837098263,11.7865272233509,11.2833301580477,25.5153838867403,13.1500978291385,26.5344113000955,0,0,0,0,46.8107388691804,105.89774985489,49.0209453677216,89.5045788639404,0,0,0,0,0,0,0,0,0,0,328.389982381541,159.759525324929,541.193578165891,480.722664363423
"122",2000,477,10.0833333333333,5633.82182061987,4806.39537825799,1196.54898755903,2291.77629778432,604.751875540022,1000.05719168984,0,0,0,0,0,0,0,0,0,0,0,0,1.96379066487911,3.85081735318519,1.1388694165651,1.89116172009931,0,0,0,0,0,0,0,0,0,0,3900.8332401726,3328.8000330989,634.542452071785,1266.58130374643,355.51705726856,637.852362160996,0,0,149.876251180048,127.897820586355,24.4530465894976,48.8150452182313,13.6980206903999,24.5757871985861,0,0,24496.5004795604,20814.9152500914,4546.56834094957,8858.06317959947,2857.40463014582,4851.71055635902,0,0,941.179241799478,799.742794835869,176.784327699747,345.055110433137,112.081108532736,190.617751709649,0,0,0,0,8.19766934499537,16.3558999799732,5.48301342750137,9.37026775684241,0,0,0,0,0,0,0,0,0,0,252.24977792544,236.531915403374,212.685622929215,459.057845138903,213.645657032404,430.638562444793,0,0,9.69181878094904,9.08793515650882,8.15030753601737,17.5842008655572,8.16094508198629,16.446565958623,0,0,328.524814495578,304.452994966393,295.358920444026,668.683358734936,346.972272429656,701.689556647669,0,0,12.6224031573239,11.6975724341733,11.3164238852429,25.6083659450698,13.2530453223544,26.7928969068219,0,0,0,0,47.0170927003364,106.465907222773,49.4726325318065,90.4723551085777,0,0,0,0,0,0,0,0,0,0,331.974566609248,161.441092312225,552.482006558008,492.336346604884
"123",2000,477,10.1666666666667,5612.37533405169,4782.7684647013,1196.22159090606,2291.39551318478,605.756708020167,1002.47478086188,0,0,0,0,0,0,0,0,0,0,0,0,1.96363366768739,3.85109672274028,1.14149265024194,1.89695881419372,0,0,0,0,0,0,0,0,0,0,3926.3726174978,3346.13156843129,640.873964141279,1280.03188410365,361.060026481693,648.927398824477,0,0,150.857514898669,128.563725889883,24.6971023025522,49.3335796042465,13.9115977450498,25.0025084747187,0,0,24442.6777440023,20740.4216071322,4548.40386320704,8865.50922114977,2874.26178051868,4887.39377393191,0,0,939.111461665938,796.880623992017,176.862186368165,345.362363265875,112.748881587044,192.032582464711,0,0,0,0,8.2123668397366,16.3934892058485,5.52167244164347,9.4504802802003,0,0,0,0,0,0,0,0,0,0,253.431748933915,237.221979185157,214.55910360532,463.288236661511,216.629933763482,437.164464416551,0,0,9.73723223557247,9.11444850122231,8.22233165187358,17.746763451925,8.27531376330283,16.6965885204682,0,0,326.397586155159,302.174665927155,296.202185088373,671.048579686414,349.638240274073,708.392654033297,0,0,12.5406727034754,11.6100353531455,11.3489504578463,25.6994435187742,13.3552973976072,27.0497521193741,0,0,0,0,47.2183465791208,107.023203186461,49.921477225533,91.4376055750404,0,0,0,0,0,0,0,0,0,0,335.575871888513,163.127501812146,563.910538307799,504.103839411833
"124",2000,477,10.25,5590.86805844367,4759.21455551108,1195.76509816572,2290.75628825931,606.679300938916,1004.75245995937,0,0,0,0,0,0,0,0,0,0,0,0,1.96339383912314,3.85118716677795,1.14395587924328,1.90248652705079,0,0,0,0,0,0,0,0,0,0,3951.95838279286,3363.45836001739,647.219592838993,1293.50479434526,366.626938259295,660.075019791463,0,0,151.840560917275,129.229448931094,24.9417025219051,49.8529779037793,14.1260991670623,25.4320300736919,0,0,24389.3221884388,20666.5861043545,4550.1014060158,8872.6129661231,2890.93600662645,4922.8694366444,0,0,937.061630173679,794.043739998009,176.934516873149,345.655975093441,113.409472521746,193.439281163373,0,0,0,0,8.22676415538249,16.4304624897931,5.560063002168,9.53047432734968,0,0,0,0,0,0,0,0,0,0,254.629005265433,237.930734120315,216.441025834448,467.550854219947,219.646756915099,443.798489288026,0,0,9.78323297447024,9.14167999005856,8.29468429720842,17.9105727103953,8.39093576516058,16.9507636899913,0,0,324.313440517551,299.932711268325,297.030116764961,673.364236262981,352.28552605667,715.054536148143,0,0,12.4605975344558,11.5238958347136,11.380896002221,25.7886396659273,13.4568485172776,27.305064721059,0,0,0,0,47.4145202748757,107.56962030968,50.3673538036948,92.4000809956816,0,0,0,0,0,0,0,0,0,0,339.194122535518,164.818891503362,575.48057069534,516.02747996236
"125",2000,477,10.3333333333333,5569.29860932807,4735.73137529023,1195.18151351023,2289.86223553129,607.519023668262,1006.88882866251,0,0,0,0,0,0,0,0,0,0,0,0,1.96304999974041,3.85104922129279,1.14626117945303,1.90774705823348,0,0,0,0,0,0,0,0,0,0,3977.60377437745,3380.7923943889,653.581609097043,1307.00482393084,372.220557601439,671.299923870679,0,0,152.825897873277,129.895450251702,25.1869344914936,50.3734239282208,14.3416310163298,25.8645322051857,0,0,24336.4207334344,20593.395006122,4551.66286818939,8879.37824704586,2907.42622303073,4958.13356717356,0,0,935.029244793811,791.231615108425,177.001393715547,345.936093219043,114.062834104649,194.837683582476,0,0,0,0,8.24087936469283,16.4668365750683,5.59818428237591,9.61024474547502,0,0,0,0,0,0,0,0,0,0,255.840734743135,238.65701785379,218.330914948765,471.843201857042,222.693792616039,450.53452187663,0,0,9.82978979256448,9.16958496347404,8.36734724175608,18.07553293388,8.5077218327977,17.2088578208685,0,0,322.271222710952,297.72665336905,297.842431011032,675.630916464079,354.913873109923,721.677028247766,0,0,12.382133278568,11.4391355279111,11.4122494899275,25.8759766224454,13.5576887532127,27.5589042042575,0,0,0,0,47.6056389266576,108.105150002285,50.8101410229588,93.3595378090986,0,0,0,0,0,0,0,0,0,0,342.829530095413,166.515390079936,587.193393592089,528.109457410157
"126",2000,477,10.4166666666667,5547.66605066965,4712.31703094357,1194.47289101413,2288.71708538629,608.275340763759,1008.88263914885,0,0,0,0,0,0,0,0,0,0,0,0,1.96258491529997,3.85065061435735,1.14840998235059,1.91274168379071,0,0,0,0,0,0,0,0,0,0,4003.31984859105,3398.14374418371,659.961769436684,1320.53573475271,377.843122411323,682.606016463556,0,0,153.813950568919,130.562116858564,25.4328657101409,50.8950620652075,14.5582791440893,26.3001646697642,0,0,24283.9618318247,20520.8359623786,4553.09033265331,8885.8092952598,2923.73158849674,4993.18259486176,0,0,933.01386186902,788.443774814071,177.062898560423,346.202880525902,114.708928650633,196.227641322238,0,0,0,0,8.254728597057,16.5026276556583,5.636036133371,9.68978743510842,0,0,0,0,0,0,0,0,0,0,257.06622569714,239.399783927249,220.228402607593,476.16314087834,225.769094883839,457.36724652858,0,0,9.87687534641267,9.19812321486298,8.44030633543746,18.2415621162316,8.62559757453011,17.4706678758905,0,0,320.269856726825,295.556046170334,298.638909612734,677.84919689917,357.522950506321,728.261574034409,0,0,12.3052385941544,11.3557372944285,11.4430024250232,25.9614761696087,13.6578053198868,27.8113254460845,0,0,0,0,47.7917320050308,108.629791280855,51.2497217692808,94.315737743837,0,0,0,0,0,0,0,0,0,0,346.482295648836,168.2171186154,599.050215018408,540.351841108753
"127",2000,477,10.5,5525.96985598196,4688.96997675462,1193.64132788628,2287.32467299182,608.947809014223,1010.73279205555,0,0,0,0,0,0,0,0,0,0,0,0,1.96198484873134,3.84996547261356,1.15040319033267,1.91747092267779,0,0,0,0,0,0,0,0,0,0,4029.115700478,3415.52076504972,666.361375657823,1334.10037531768,383.496395067926,693.996482248649,0,0,154.805068450349,131.229769789034,25.6795462201242,51.4180016551099,14.7761111674007,26.7390496404929,0,0,24231.9353107923,20448.8978684358,4554.38603600594,8891.91068104251,2939.85148295308,5028.01332173511,0,0,931.015090545944,785.679792454788,177.119119061929,346.456513166779,115.347727136185,197.609020500638,0,0,0,0,8.26832621029337,16.5378513280583,5.6736189437242,9.76909915852206,0,0,0,0,0,0,0,0,0,0,258.304856568971,240.158091947655,222.133208693577,480.508845622554,228.871055232911,464.29206465479,0,0,9.92446575479316,9.22725861281802,8.51355081341201,18.408590255173,8.74450152959789,17.7360182674704,0,0,318.308337130498,293.42046847284,299.419396908484,680.019646596772,360.112370772343,734.809276896304,0,0,12.2298748511076,11.2736849511045,11.473148703182,26.0451597819655,13.7571832544518,28.0623702891027,0,0,0,0,47.9728328938454,109.14355034718,51.6859830553075,95.2684478092773,0,0,0,0,0,0,0,0,0,0,350.152610689222,169.92419105231,611.052171044998,552.756591593266
"128",2000,477,10.5833333333333,5504.20985275437,4665.6889653434,1192.68895546082,2285.68892021131,609.536071198867,1012.43832719841,0,0,0,0,0,0,0,0,0,0,0,0,1.9612389468886,3.84897323195896,1.15224132768984,1.92193475346415,0,0,0,0,0,0,0,0,0,0,4054.99876970099,3432.93036646049,672.781356459549,1347.70083842141,389.181735934148,705.473891424223,0,0,155.799537361305,131.898674516135,25.9270117372134,51.9423230356874,14.9951792843811,27.1812857305043,0,0,24180.332153501,20377.5706711121,4555.55232930723,8897.68723528244,2955.78547434234,5062.62287182594,0,0,929.032584385312,782.939281771013,177.170147347669,346.697177535494,115.979207920014,198.981699799276,0,0,0,0,8.28168503275792,16.5725225410575,5.71093345599809,9.84817728766295,0,0,0,0,0,0,0,0,0,0,259.556081518977,240.931093377524,224.045117811995,484.878743758999,231.998335484466,471.304980327139,0,0,9.9725400457197,9.25695855516927,8.5870723940679,18.5765570618133,8.86438259228209,18.0047564751496,0,0,316.385717874229,291.319515977488,300.183793856225,682.14283130015,362.681711338975,741.320955365547,0,0,12.156005701053,11.1929629641128,11.5026843853612,26.1270487945829,13.8558062404554,28.3120696668277,0,0,0,0,48.1489782983649,109.646439891806,52.1188158897957,96.2174401114506,0,0,0,0,0,0,0,0,0,0,353.840658395544,171.636714964485,623.200339225578,565.325576172027
"129",2000,477,10.6666666666667,5482.3861781812,4642.47300860103,1191.61793196853,2283.81382105995,610.039851137404,1013.99841632965,0,0,0,0,0,0,0,0,0,0,0,0,1.96033875262104,3.84765776744576,1.15392465589582,1.92613278073916,0,0,0,0,0,0,0,0,0,0,4080.97508512464,3450.37822800285,679.222332435882,1361.33858698386,394.900162948126,717.040285541771,0,0,156.797588940407,132.569049258677,26.175286143417,52.4680823664919,15.2155225566919,27.626951279389,0,0,24129.1443242393,20306.845213661,4556.5916469942,8903.1439870382,2971.53329181431,5097.00865012198,0,0,927.066034643772,780.221890945672,177.216078816857,346.925067852318,116.603355708834,200.345568881425,0,0,0,0,8.29481656227402,16.6066555703862,5.74798063090153,9.92701961416401,0,0,0,0,0,0,0,0,0,0,260.819418786849,241.718019937215,225.963961297703,489.271469096285,235.149814490836,478.402507333701,0,0,10.0210797092338,9.28719352338172,8.66086458834032,18.7454101500708,8.98519796935027,18.2767494850098,0,0,314.501103539524,289.252795305267,300.932052546248,684.219316360128,365.230530887798,747.797188382752,0,0,12.0835967408666,11.1135562191937,11.5316074883162,26.2071645159961,13.953657235501,28.560445338282,0,0,0,0,48.320207764136,110.138478519781,52.5481151671307,97.1624917090882,0,0,0,0,0,0,0,0,0,0,357.546614653093,173.354792182177,635.495748896067,578.060581394315
"130",2000,477,10.75,5460.49924358749,4619.32134629049,1190.43043680018,2281.70343005907,610.458949614533,1015.41235728165,0,0,0,0,0,0,0,0,0,0,0,0,1.95927781930372,3.84600669991351,1.15545325587121,1.93006435544755,0,0,0,0,0,0,0,0,0,0,4107.04946119737,3467.86897300705,685.684667342037,1375.01455367007,400.652400015916,728.697246530154,0,0,157.799408166462,133.2410716524,26.4243834535548,52.9953154487713,15.4371687634531,28.0761069962949,0,0,24078.3646278568,20236.7131109804,4557.50648276704,8908.28611457989,2987.09480403408,5131.16830926423,0,0,925.115164873274,777.527297809505,177.25701120743,347.140384269847,117.22016072057,201.700527109504,0,0,0,0,8.30773113491315,16.6402640253621,5.78476155760314,10.0056242183097,0,0,0,0,0,0,0,0,0,0,262.094441193653,242.518173941248,227.889604137221,493.68582485701,238.324546486448,485.581593196229,0,0,10.0700683324778,9.31793671126095,8.73492219760057,18.9151036275394,9.10691158314018,18.5518808788276,0,0,312.653642477935,287.219919690887,301.664170763877,686.249668376973,367.758381189948,754.238352923594,0,0,12.0126152491356,11.0354498561973,11.5599177768459,26.2855282927949,14.050718925807,28.8075113294592,0,0,0,0,48.4865632813991,110.61969025865,52.973779558789,98.1033844890973,0,0,0,0,0,0,0,0,0,0,361.270648881414,175.078519321245,647.939388801202,590.963323072315
"131",2000,477,10.8333333333333,5438.54970356472,4596.23341886284,1189.12866553784,2279.3618520748,610.793240723702,1016.67956876139,0,0,0,0,0,0,0,0,0,0,0,0,1.95805137821576,3.84401079604822,1.1568270964997,1.93372867545727,0,0,0,0,0,0,0,0,0,0,4133.22566824684,3485.40631883541,692.168512257449,1388.72922702787,406.43891949471,740.445957419329,0,0,158.805139901488,133.91488452431,26.6743095095291,53.5240410286364,15.66013602897,28.5287982854194,0,0,24027.986587747,20167.1666413757,4558.29936905772,8913.11890338031,3002.47000015448,5165.09972013512,0,0,923.179726233045,774.855205682447,177.293043801394,347.343331247112,117.829617950271,203.046482412655,0,0,0,0,8.32043807362544,16.6733608616273,5.82127738146408,10.0839893614204,0,0,0,0,0,0,0,0,0,0,263.380767829612,243.33091973402,229.821934155086,498.120752236321,241.521725503827,492.839552558512,0,0,10.1194912803267,9.34916369589985,8.80924089845946,19.0855968890826,9.22949270717226,18.8300482822103,0,0,310.84252099017,285.220505576956,302.380186858015,688.23445629227,370.264816666617,760.644656931203,0,0,11.9430299625112,10.9586291382264,11.5876165676583,26.3621615528983,14.1469740932528,29.053275194746,0,0,0,0,48.6480889375162,111.090104116852,53.395711410022,99.0399050539642,0,0,0,0,0,0,0,0,0,0,365.012924754099,176.807988255964,660.532213406503,604.035454950457
"132",2000,477,10.9166666666667,5416.53842993457,4573.20884455664,1187.71482580341,2276.79323373926,611.042668666214,1017.79958585688,0,0,0,0,0,0,0,0,0,0,0,0,1.95665606170917,3.84166346641756,1.1580460876797,1.93712486411404,0,0,0,0,0,0,0,0,0,0,4159.50657583138,3502.99320324966,698.67384221195,1402.48272326738,412.259978321308,752.287253905546,0,0,159.814894398506,134.59060074791,26.9250633856822,54.0542635499658,15.8844342072153,28.9850572210076,0,0,23978.0043430379,20098.1986553341,4558.97286029596,8917.64771149108,3017.65897366381,5198.80094672024,0,0,921.259493539526,772.205339868578,177.324276776737,347.534116208798,118.431726546923,204.383350319344,0,0,0,0,8.3329458169514,16.705958403357,5.85752925196325,10.1621134049839,0,0,0,0,0,0,0,0,0,0,264.678056971638,244.155676259558,231.760853649469,502.575304566994,244.740656177556,500.174010390196,0,0,10.169335423268,9.38085215219647,8.88381692157289,19.2568536255209,9.3529148466616,19.1111611887509,0,0,309.066958543845,283.254170096792,303.080174898427,690.174251935856,372.749401596068,767.016167553069,0,0,11.8748108919683,10.8830793549217,11.6147065442022,26.4370858277077,14.2424058920296,29.2977390982285,0,0,0,0,48.8048306196296,111.549753694521,53.8138166418122,99.97184462315,0,0,0,0,0,0,0,0,0,0,368.773600806382,178.543286533707,673.27514781783,617.278575969651
"133",2001,477,11,5393.61047441907,4549.03938721341,1186.63193258129,2274.7107191682,611.268516579205,1018.80867637831,0,0,0,0,0,0,0,0,0,0,0,0,1.9552334956175,3.83910985233887,1.15922404010129,1.94031896665512,0,0,0,0,0,0,0,0,0,0,4185.78201452902,3520.40985499798,705.375481823013,1416.51916608857,418.15997749514,764.253606224414,0,0,160.824438772143,135.259776360255,27.1833668708036,54.5953666472875,16.1117737186419,29.446134211229,0,0,23927.2419186903,20027.8866807316,4560.67545083322,8923.50747791913,3032.96284080011,5232.45370485703,0,0,919.309284237209,769.503835893468,177.394949144749,347.775647990675,119.038297063836,205.718262245798,0,0,0,0,8.34580480776114,16.7385676796829,5.89409805051313,10.2403489192249,0,0,0,0,0,0,0,0,0,0,266.014665977244,244.976479233412,233.769085166753,507.110140555235,248.097800444954,507.667509848125,0,0,10.2206902933547,9.41238870681837,8.96105581630342,19.4312006163644,9.48162892734055,19.3983739077263,0,0,307.319857940676,281.305178106292,303.789321529894,692.09665749092,375.250986572715,773.37987593762,0,0,11.8076853527972,10.8081959368143,11.6421537432708,26.5113599368556,14.3384986541026,29.5419337158512,0,0,0,0,48.9592317711428,112.000570299963,54.2333146280634,100.902438592628,0,0,0,0,0,0,0,0,0,0,372.499506777053,180.267148001822,685.988868825841,630.561856907262
"134",2001,477,11.0833333333333,5370.50108609354,4524.7667377799,1185.49177626937,2272.49146589791,611.421672560565,1019.67943340085,0,0,0,0,0,0,0,0,0,0,0,0,1.95376293344293,3.83640139313721,1.16026546079847,1.94325570285791,0,0,0,0,0,0,0,0,0,0,4212.16755532003,3537.85584444941,712.13174491071,1430.64673363492,424.109782621115,776.331627968671,0,0,161.838213444279,135.930079174069,27.4437739230854,55.1399794846182,16.3410315589723,29.9115127035641,0,0,23876.6760456434,19957.8503087272,4562.41007648359,8929.28163664174,3048.1356187807,5265.91052760956,0,0,917.36662565544,766.812921057105,177.466670959723,348.013439781926,119.639667029498,207.045405842001,0,0,0,0,8.35884987178468,16.7712386142063,5.93050362178803,10.3184065197705,0,0,0,0,0,0,0,0,0,0,267.363531159204,245.805908207722,235.793646190532,511.676082427462,251.485058314528,515.242059515652,0,0,10.2725160633142,9.44425668626436,9.03892595924918,19.6067520134328,9.61150416439557,19.6887069616355,0,0,305.605809932978,279.384364416295,304.488262670537,693.978470230342,377.741488761632,779.713752021452,0,0,11.741829728728,10.7343951747027,11.6692152103421,26.5840932713362,14.4341792512352,29.7850172008479,0,0,0,0,49.1093339446426,112.44099062884,54.6496341492635,101.828536218418,0,0,0,0,0,0,0,0,0,0,376.236064733983,181.994159545046,698.829919266766,643.999033706711
"135",2001,477,11.1666666666667,5347.34344974173,4500.57730825831,1184.22819641192,2270.02965424467,611.492738859935,1020.40593451942,0,0,0,0,0,0,0,0,0,0,0,0,1.95220684816401,3.83348920033306,1.1611542086595,1.94592579182839,0,0,0,0,0,0,0,0,0,0,4238.68076404086,3555.3655847713,718.915272818169,1444.82680608597,430.102566242977,788.51641077519,0,0,162.856893322442,136.602831398274,27.7052327267209,55.6866177285646,16.5719448159564,30.3810038254099,0,0,23826.4825681191,19888.3787333761,4564.00252873259,8934.72421973841,3063.13182403792,5299.14231659949,0,0,915.438273965068,764.143706660662,177.532734140879,348.238029167421,120.234047256341,208.363628925455,0,0,0,0,8.37196817235563,16.8038513967408,5.9666642415302,10.3962383718173,0,0,0,0,0,0,0,0,0,0,268.720097209942,246.645921322825,237.825022940422,516.263373616298,254.884937265613,522.884041711896,0,0,10.3246377114308,9.47653132541472,9.11706245853471,19.7831335975656,9.74187223876334,19.9816404698037,0,0,303.92504931693,277.493764323746,305.173338357068,695.816394166142,380.213920629065,786.013062172024,0,0,11.6772530411492,10.6617552679516,11.695750414779,26.6551589697604,14.5291805228671,30.0268083596465,0,0,0,0,49.2548592336321,112.870828246514,55.061875970192,102.749409601625,0,0,0,0,0,0,0,0,0,0,379.991575505067,183.727045943609,711.826849340999,657.611999174108
"136",2001,477,11.25,5324.13926720066,4476.47128132408,1182.84386242345,2267.33017203852,611.481653068953,1020.98785083456,0,0,0,0,0,0,0,0,0,0,0,0,1.95054604648547,3.83034058018479,1.16189129867166,1.9483299051693,0,0,0,0,0,0,0,0,0,0,4265.32027078618,3572.93853623195,725.724971554563,1459.05699432388,436.137541503508,800.8067648282,0,0,163.880425772678,137.278012295516,27.9677011775123,56.2351894772641,16.804483320564,30.8545619673289,0,0,23776.658565189,19819.4671870125,4565.45616510055,8939.84193821554,3077.95165261403,5332.14769967842,0,0,913.524116938615,761.496009522625,177.593269362419,348.449675510547,120.821441524315,209.672869591847,0,0,0,0,8.38511603647165,16.836339844331,6.0025850473549,10.473848410258,0,0,0,0,0,0,0,0,0,0,270.084370275468,247.496128169338,239.863251794227,520.871372291285,258.298355192637,530.593046680939,0,0,10.3770554738502,9.50919762411497,9.19546666084288,19.9603207224373,9.87276837165362,20.2771591616977,0,0,302.276818840458,275.633135963552,305.844634651049,697.611358363665,382.667048549342,792.277180487128,0,0,11.6139261955027,10.5902669237086,11.7217625149324,26.7245922672922,14.6234551510889,30.26728287861,0,0,0,0,49.3958936007953,113.290191092831,55.4699614133031,103.664871129795,0,0,0,0,0,0,0,0,0,0,383.766147037848,185.465880315378,724.980244907237,671.402151058623
"137",2001,477,11.3333333333333,5300.89032210563,4452.44889935345,1181.34142219116,2264.39788836232,611.388415424333,1021.42495454531,0,0,0,0,0,0,0,0,0,0,0,0,1.94876536693926,3.82692968505422,1.16247739526524,1.95046830286057,0,0,0,0,0,0,0,0,0,0,4292.08456167259,3590.57403808935,732.559784460266,1473.33500363846,442.213869244742,813.201473468119,0,0,164.908752629165,137.95559647903,28.2311385983913,56.7856064363183,17.0386148772908,31.3321404625023,0,0,23727.2011916684,19751.1110129792,4566.77425429899,8944.64134573476,3092.59532769305,5364.9253534242,0,0,911.624045258757,758.869650726608,177.648403922159,348.648632261985,121.401854771648,210.973067958796,0,0,0,0,8.39825807693794,16.8686503376038,6.03826972007865,10.5512387275353,0,0,0,0,0,0,0,0,0,0,271.456349495305,248.356161942182,241.908332741144,525.499426817705,261.726074742826,538.368624436984,0,0,10.429769317517,9.54224148912599,9.27413851844707,20.1382883620647,10.0042218350794,20.5752462003029,0,0,300.660383321862,273.802215222613,306.502253305962,699.364243598228,385.099796878515,798.505504142339,0,0,11.5518209452107,10.5199199943172,11.7472552665954,26.7924265424799,14.7169618562214,30.5064173297027,0,0,0,0,49.5325150253782,113.699176637329,55.8738155783667,104.574738107169,0,0,0,0,0,0,0,0,0,0,387.559887320333,187.210733055339,738.290723443886,685.370873814913
"138",2001,477,11.4166666666667,5277.59847686677,4428.51046215773,1179.72350438175,2261.23765619314,611.213085494294,1021.717114422,0,0,0,0,0,0,0,0,0,0,0,0,1.94685277555801,3.82323601222967,1.16291294898955,1.95234100520012,0,0,0,0,0,0,0,0,0,0,4318.97198140596,3608.27131055803,739.41868389409,1487.65861216042,448.330668519567,825.699290467911,0,0,165.941810292856,138.635553988211,28.4955054216265,57.3377830941483,17.2743056699468,31.8136914854758,0,0,23678.1076762256,19683.3056607445,4567.95998499203,8949.12885517615,3107.06309685858,5397.47400184311,0,0,909.737952445688,756.264455433742,177.698262075598,348.835147588676,121.975292985842,212.264166114545,0,0,0,0,8.41136529183272,16.9007389966647,6.07372089039293,10.6284100868491,0,0,0,0,0,0,0,0,0,0,272.836027197513,249.22567629753,243.960236098223,530.146880243665,265.168724778618,546.210288764855,0,0,10.4827789476686,9.57564961336258,9.35307684569132,20.3170112816916,10.1362567728908,20.8758833371058,0,0,299.075028620884,272.000719786495,307.146308225418,701.075887960461,387.511223254148,804.697452376598,0,0,11.4909098521418,10.4507036327961,11.7722328879089,26.8586935328164,14.8096644515696,30.7441891291359,0,0,0,0,49.6647954185626,114.097874667081,56.2733668496566,105.478832210079,0,0,0,0,0,0,0,0,0,0,391.372904275991,188.96167211277,751.758926455261,699.519538293888
"139",2001,477,11.5,5254.26567413386,4404.65632792489,1177.99271875117,2257.85431287234,610.955782999415,1021.86429779813,0,0,0,0,0,0,0,0,0,0,0,0,1.94479901604278,3.81924382220104,1.16319825081172,1.95394786383975,0,0,0,0,0,0,0,0,0,0,4345.98073030587,3626.02945241207,746.300667770039,1502.02566180977,454.487020434795,838.298937117656,0,0,166.979529617152,139.317850196518,28.7607630563696,57.8916363756995,17.5115204099636,32.2991659411862,0,0,23629.3753221417,19616.0466864488,4569.01646720256,8953.3107416314,3121.35523179284,5429.79241775693,0,0,907.865734886324,753.680252903669,177.742965089864,349.009464490318,122.541763195694,213.546108178793,0,0,0,0,8.42441432980035,16.9325705833443,6.10894028993888,10.7053621134564,0,0,0,0,0,0,0,0,0,0,274.223388635601,250.104344216537,246.018905014564,534.813072129807,268.626808152892,554.117517726669,0,0,10.5360837977263,9.60940943223648,9.43227941456158,20.4964641073022,10.268892497813,21.1790509314239,0,0,297.520061876674,270.22835078771,307.776924021637,702.747088743628,389.900509370587,810.852467033705,0,0,11.431166295754,10.3826063561695,11.7967000043058,26.9234234072276,14.9015314899505,30.9805765563884,0,0,0,0,49.7928013752697,114.486368452586,56.6685468100153,106.376979446344,0,0,0,0,0,0,0,0,0,0,395.20530567295,190.718763048476,765.385515634521,713.849500788329
"140",2001,477,11.5833333333333,5230.89393560336,4380.8869122238,1176.15165720872,2254.25268124377,610.616686554894,1021.8665692549,0,0,0,0,0,0,0,0,0,0,0,0,1.94259709361416,3.81494127804067,1.16333350613484,1.95528865638506,0,0,0,0,0,0,0,0,0,0,4373.10886581501,3643.84744228144,753.204754588703,1516.43404535607,460.681974327702,850.99910022137,0,0,168.021835965893,140.002445861281,29.0268736986643,58.4470851475497,17.7502225749173,32.7885133899486,0,0,23581.0015057749,19549.3297499517,4569.94673680639,8957.19315090996,3135.47202699734,5461.8794226254,0,0,906.007291775295,751.116876381092,177.782631415101,349.171821123303,123.101273422119,214.818840298944,0,0,0,0,8.43738640937197,16.9641168859396,6.14392897194179,10.7820935731788,0,0,0,0,0,0,0,0,0,0,275.618411961723,250.991856039979,248.084259367476,539.49734091373,272.100714881299,562.089755513596,0,0,10.5896830282658,9.64350904814389,9.5117431035325,20.6766214156666,10.4021439952742,21.484728022117,0,0,295.994810990197,268.484795317768,308.394233930917,704.37860604989,392.266945876239,816.970012295707,0,0,11.3725644532079,10.3156161419835,11.8206615689876,26.9866449046926,14.9925356855337,31.2155587421383,0,0,0,0,49.9165952647482,114.864736367931,57.0592900111171,107.269009934223,0,0,0,0,0,0,0,0,0,0,399.0571990229,192.482069183962,779.171167774946,728.362102435866
"141",2001,477,11.6666666666667,5207.48536092752,4357.2026870594,1174.20289452996,2250.43757030507,610.196032765671,1021.72408982918,0,0,0,0,0,0,0,0,0,0,0,0,1.94024188538555,3.81031979278022,1.16331888698293,1.95636315376886,0,0,0,0,0,0,0,0,0,0,4400.35430461673,3661.7241405569,760.129979571455,1530.88169635499,466.914552495922,863.798430548248,0,0,169.068649294723,140.689297196891,29.2938001836012,59.0040498329875,17.9903745912932,33.2816819895036,0,0,23532.9836746625,19483.1506118809,4570.7537589558,8960.78210594697,3149.4137989086,5493.73388647254,0,0,904.162525042017,748.574162982378,177.817376814953,349.322451044869,123.653832644749,216.082310651042,0,0,0,0,8.450266506506,16.9953554983516,6.17868746963784,10.8586025723083,0,0,0,0,0,0,0,0,0,0,277.021068170847,251.887917821943,250.156198778964,544.19902550899,275.590732991181,570.126413738753,0,0,10.6435755248721,9.67793716721147,9.59146401287457,20.8574577952766,10.536022338404,21.792892377699,0,0,294.498624156884,266.769728464091,308.998378211241,705.971165892858,394.609920149994,823.049574565833,0,0,11.31507928141,10.249720506568,11.8441228018062,27.0483854534907,15.0826534458542,31.449115662199,0,0,0,0,50.0362360485071,115.233053117064,57.4455338196057,108.15475777279,0,0,0,0,0,0,0,0,0,0,402.928691481339,194.251651717984,793.116570504698,743.058668605909
"142",2001,477,11.75,5184.04212629658,4333.604179674,1172.14898890058,2246.41377556491,609.694115281259,1021.43711612598,0,0,0,0,0,0,0,0,0,0,0,0,1.93772983020418,3.80537350591338,1.16315456820246,1.95717116767289,0,0,0,0,0,0,0,0,0,0,4427.71482595746,3679.65829237768,767.075391457274,1545.36658085,473.183754042407,876.695541801025,0,0,170.119884278739,141.378355989589,29.5615058627888,59.5624520945755,18.231937983211,33.7786184567604,0,0,23485.319344951,19417.5051301188,4571.44043111258,8964.08351235265,3163.18088519829,5525.35472764873,0,0,902.331339251964,746.051953560594,177.847314482062,349.461583424247,124.199450775525,217.336469434251,0,0,0,0,8.4630427123947,17.0262688466732,6.21321591178411,10.9348867034568,0,0,0,0,0,0,0,0,0,0,278.431321055776,252.792249806696,252.234605127916,548.917466337046,279.097058409606,578.226872510225,0,0,10.6977598964111,9.71268304077547,9.67143756077366,21.0389478857508,10.670535066368,22.1035205380004,0,0,293.030869323793,265.082815095903,309.589502839698,707.525463166386,396.928905485398,829.090662326445,0,0,11.2586864961557,10.1849065736532,11.8670891395943,27.1086712852932,15.1718644577313,31.6812281307061,0,0,0,0,50.1517799225601,115.591390701945,57.8272183057193,109.034060962095,0,0,0,0,0,0,0,0,0,0,406.819889746978,196.027569831246,807.222418478153,757.940508326844
"143",2001,477,11.8333333333333,5160.56648282128,4310.09197120255,1169.99248235791,2242.18607922051,609.111283814434,1021.00599934771,0,0,0,0,0,0,0,0,0,0,0,0,1.93505866128443,3.8000988310462,1.16284075714615,1.95771258950566,0,0,0,0,0,0,0,0,0,0,4455.1880755127,3697.64853109588,774.040049716808,1559.88669017323,479.488558229268,889.689009894117,0,0,171.175450461028,142.069569730579,29.8299544977796,60.1222145587563,18.4748735022131,34.2792680413141,0,0,23438.0060986063,19352.3892561257,4572.00958583646,8967.10316343884,3176.77364416909,5556.74091251684,0,0,900.513641499484,743.5500925642,177.872555144164,349.589443233699,124.738138635919,218.581268862319,0,0,0,0,8.47570568108949,17.0568433499363,6.24751411989456,11.010943167962,0,0,0,0,0,0,0,0,0,0,279.849127183314,253.704585018692,254.319344754198,553.65200608788,282.619803989523,586.390481375622,0,0,10.7522344741142,9.74773641120744,9.75165856769776,21.221066406922,10.8056865297885,22.4165878509029,0,0,291.590933609078,263.423711478394,310.167758386557,709.0421644447,399.223451336085,835.092805985893,0,0,11.2033625498247,10.1211611363886,11.8895661932622,27.1675275428082,15.2601513138474,31.9118777930462,0,0,0,0,50.2632808673955,115.939819251148,58.204286149443,109.906761343591,0,0,0,0,0,0,0,0,0,0,410.730899960629,197.809880781364,821.489409920764,773.008913733017
"144",2001,477,11.9166666666667,5137.06075471085,4286.66669517885,1167.73590112315,2237.75925014475,608.447943125421,1020.43118424079,0,0,0,0,0,0,0,0,0,0,0,0,1.93222718556341,3.79449408060243,1.16237771542732,1.95798741928012,0,0,0,0,0,0,0,0,0,0,4482.77156983565,3715.69338225922,781.023022203498,1574.44003491141,485.827927272613,902.777372542662,0,0,172.235252423592,142.762881769046,30.0991101702029,60.6832605850243,18.719141235517,34.7835745107813,0,0,23391.0415803696,19287.799031067,4572.46399331478,8969.84674469036,3190.19245425973,5587.89145505986,0,0,898.709341290839,741.068427888284,177.893207160264,349.706251418227,125.269907938288,219.816663151899,0,0,0,0,8.48824817593868,17.0870687269917,6.28158168360917,11.0867688705365,0,0,0,0,0,0,0,0,0,0,281.274435888764,254.624667963995,256.410270339066,558.401990179426,286.159007707342,594.616560142449,0,0,10.8069973113668,9.78308746202066,9.83212132842415,21.4037881764771,10.9414782045267,22.7320685043036,0,0,290.178222686625,261.792066708129,310.733299077997,710.521910614088,401.493174645346,841.05555771211,0,0,11.1490846077369,10.0584707124935,11.9115597121139,27.2249783809777,15.3474991808611,32.1410471184518,0,0,0,0,50.3707910961554,116.278407696085,58.5766825678608,110.772704564981,0,0,0,0,0,0,0,0,0,0,414.661827603895,199.598639988159,835.918243526673,788.265159533905
"145",2002,477,12,5113.55979880904,4263.33471750192,1165.41593133117,2233.19060835612,607.702519914659,1019.70280540721,0,0,0,0,0,0,0,0,0,0,0,0,1.92923219748826,3.78854039594935,1.16176185346768,1.95797575989329,0,0,0,0,0,0,0,0,0,0,4510.45744470082,3733.7795788296,788.028924330412,1589.02766912429,492.199154646234,915.949789207662,0,0,173.298988010312,143.457782364169,30.36914995835,61.2456294905368,18.9646369707512,35.2911202927996,0,0,23344.4238529791,19223.6845711041,4572.85406050542,8972.36737991761,3203.42706144846,5618.74826812776,0,0,896.918364209911,738.60504291473,177.911205460961,349.814025717266,125.794352905615,221.040360198667,0,0,0,0,8.50065119810989,17.1168513449164,6.31539699589389,11.1622469585463,0,0,0,0,0,0,0,0,0,0,282.705757284889,255.546863478694,258.506275322332,563.155864712039,289.709869370805,602.873889529002,0,0,10.8619911644479,9.81851968119341,9.91278342430447,21.58667037093,11.0777265622697,23.0487691220335,0,0,288.79173683609,260.186671722447,311.286123655726,711.962294872582,403.736409307372,846.969831120285,0,0,11.0958142593487,9.9967888478351,11.9330695159774,27.2809312381683,15.4338441761448,32.3683884419923,0,0,0,0,50.474276169054,116.606627560534,58.9441580209904,111.630602792792,0,0,0,0,0,0,0,0,0,0,418.614701284074,201.399214183794,850.516783878119,803.756463167421
"146",2002,477,12.0833333333333,5090.69941527195,4240.21856360364,1163.68472760077,2229.48748617927,606.843927570455,1018.6339536339,0,0,0,0,0,0,0,0,0,0,0,0,1.92612988695802,3.78207859226399,1.160921589578,1.95730050544138,0,0,0,0,0,0,0,0,0,0,4538.08507808302,3751.6314537877,795.149738735678,1603.67794688843,498.556684185325,928.998954776803,0,0,174.360485866118,144.143679948229,30.6436057272325,61.8103927706209,19.2096068097237,35.7939207067732,0,0,23298.1955747971,19159.1949933576,4574.09515992614,8975.58803611806,3216.28788407144,5648.23421652236,0,0,895.142349578919,736.127245341708,177.961663293079,349.947757844856,126.304019824767,222.209967949299,0,0,0,0,8.51284063939177,17.1448536642999,6.34855912396874,11.2351937486471,0,0,0,0,0,0,0,0,0,0,284.116225245071,256.370746053743,260.592034174127,567.71534458377,293.184516614026,610.597002645045,0,0,10.9161837961306,9.85017455985248,9.99305853309534,21.7621151372542,11.2110714468004,23.3450703893919,0,0,287.425784595938,258.591457124797,311.826896526253,713.308339839598,405.929441254218,852.659073882237,0,0,11.0433328303499,9.93549813044362,11.9541215214095,27.3332801962764,15.5182795029697,32.587153481192,0,0,0,0,50.5722962283142,116.913422956681,59.3030300515922,112.458680178143,0,0,0,0,0,0,0,0,0,0,422.626147735338,203.313121178213,865.420141571524,820.361121539327
"147",2002,477,12.1666666666667,5067.8365373925,4217.21684340792,1161.84942184369,2225.58718828854,605.918573099473,1017.44262141796,0,0,0,0,0,0,0,0,0,0,0,0,1.9230554691842,3.77562585367531,1.15993976080451,1.95637099853783,0,0,0,0,0,0,0,0,0,0,4565.71611099524,3769.44548623812,802.263757034021,1618.30816790253,504.924243026013,942.092447331449,0,0,175.422114337304,144.828123562628,30.9178045791231,62.3743928333807,19.454965658072,36.2984338886316,0,0,23252.3826351009,19095.2897631005,4575.2245541238,8978.55459450087,3228.99843534048,5677.51035199569,0,0,893.382291717723,733.671899382823,178.007675899595,350.071328682208,126.807678851672,223.371147903352,0,0,0,0,8.5252134887003,17.1730211662241,6.38149094257578,11.3078845427351,0,0,0,0,0,0,0,0,0,0,285.535025908329,257.207207849793,262.688474945748,572.307846762517,296.681256539118,618.415261385186,0,0,10.9706965819234,9.88231275239124,10.0737477125566,21.9388364982732,11.3452715369587,23.6450327906666,0,0,286.091106125313,257.024140085309,312.361721144616,714.623282518287,408.100597179412,858.289013929388,0,0,10.9920529741011,9.87527928237915,11.9749489610252,27.3844466554715,15.6018877658844,32.8036748606863,0,0,0,0,50.6667020108321,117.211023328061,59.657259160518,113.279701096954,0,0,0,0,0,0,0,0,0,0,426.657608236166,205.233233381755,880.485317382246,837.155625609997
"148",2002,477,12.25,5044.97114799603,4194.32812622985,1159.9122558719,2221.49373718923,604.92640881609,1016.12875368867,0,0,0,0,0,0,0,0,0,0,0,0,1.91997604172742,3.76912705001337,1.15882081856684,1.95519344000768,0,0,0,0,0,0,0,0,0,0,4593.3615895009,3787.23182213583,809.374027158111,1632.92410064808,511.304583586311,955.234657772732,0,0,176.484297831291,145.51150303118,31.1918632063342,62.9378505238725,19.7008190386817,36.8048280992187,0,0,23206.9731354636,19031.956787453,4576.24313781747,8981.26868408406,3241.5572638478,5706.57278878281,0,0,891.637733472352,731.238540410033,178.049278637477,350.184801974721,127.305271593464,224.523743204853,0,0,0,0,8.53770653517784,17.2012520816751,6.41419447086345,11.3803172407437,0,0,0,0,0,0,0,0,0,0,286.961654404066,258.055341752328,264.794251911979,576.929512957072,300.198167171,626.322041826111,0,0,11.0255101239029,9.91489940601743,10.1547992085461,22.1166862639099,11.4802531295198,23.9484028148606,0,0,284.786403938461,255.484104570692,312.890246252749,715.907895818705,410.249429102707,863.862134010625,0,0,10.9419248394812,9.81610863464625,11.995538221893,27.4344598675607,15.6846516273539,33.0180470138105,0,0,0,0,50.7575710146356,117.499541763339,60.0067879099742,114.093507699676,0,0,0,0,0,0,0,0,0,0,430.709206674747,207.159644371922,895.713326369402,854.14211306195
"149",2002,477,12.3333333333333,5022.10367122251,4171.55129223036,1157.87557474193,2217.21137368551,603.867518866129,1014.69251565031,0,0,0,0,0,0,0,0,0,0,0,0,1.91686484400662,3.76253723925169,1.15756826319002,1.95377279515295,0,0,0,0,0,0,0,0,0,0,4621.03030849158,3804.99871257344,816.482933326032,1647.53025797858,517.699804664254,968.428991979634,0,0,177.547374261878,146.194135374058,31.4658728613988,63.5009385577685,19.9472474064557,37.3132338314235,0,0,23161.9565614753,18969.1850793572,4577.15213714775,8983.73261798927,3253.96328181554,5735.41822548033,0,0,889.908270864984,728.826746282732,178.086519768116,350.288268201908,127.796753917491,225.667619931759,0,0,0,0,8.5502684013448,17.2294636686982,6.44667123678505,11.4524895989382,0,0,0,0,0,0,0,0,0,0,288.395675604652,258.914330628396,266.90824152539,581.577002942723,303.733663329655,634.311528754817,0,0,11.080607703782,9.94790312517453,10.2361697988992,22.2955361244626,11.6159554353414,24.2549579171011,0,0,283.510482017026,253.970774810886,313.412144997673,717.16287473324,412.375515000639,869.380585335847,0,0,10.8929024739009,9.75796406522738,12.0158766142335,27.4833460705673,15.7665547134371,33.230351645707,0,0,0,0,50.8449738039173,117.77908456544,60.3515663516996,114.899953927475,0,0,0,0,0,0,0,0,0,0,434.781050687355,209.092438323691,911.105021363107,871.322479289513
"150",2002,477,12.4166666666667,4999.23491030857,4148.8855362957,1155.74176344917,2212.74443598927,602.742079872318,1013.13422251046,0,0,0,0,0,0,0,0,0,0,0,0,1.91370031643583,3.75582014222441,1.15618481927677,1.95211299464724,0,0,0,0,0,0,0,0,0,0,4648.72913905377,3822.75277459257,823.592294003163,1662.13007964234,524.111453042982,981.678031253097,0,0,178.611607627196,146.876274828583,31.7399031117543,64.0637885170861,20.1943100432013,37.8237499624536,0,0,23117.3237536464,18906.9648437187,4577.95300217253,8985.94916766444,3266.21565189574,5764.04378258428,0,0,888.193551975535,726.436140657464,178.119456243298,350.381835689213,128.282091483165,226.802660669627,0,0,0,0,8.56285759331609,17.2575890789712,6.47892228193808,11.5243991607066,0,0,0,0,0,0,0,0,0,0,289.836715618269,259.783441557752,269.029506713278,586.247429177751,307.286437749402,642.378639810294,0,0,11.1359749560512,9.98129574989289,10.3178234243694,22.4752751453379,11.7523283245229,24.5645036185288,0,0,282.262247425562,252.483618738065,313.927116449328,718.388836549719,414.478460485329,874.846205600686,0,0,10.844943885368,9.70082513121503,12.0359524339212,27.5311285069716,15.8475816880008,33.4406584428716,0,0,0,0,50.928973888681,118.049749162333,60.6915493228066,115.698901552451,0,0,0,0,0,0,0,0,0,0,438.873242104589,211.031693528729,926.661184507291,888.698485387557
"151",2002,477,12.5,4976.36597725534,4126.33030837255,1153.51323510463,2208.09733523763,601.550350194131,1011.45432247922,0,0,0,0,0,0,0,0,0,0,0,0,1.91046502287773,3.74894639035424,1.15467267013296,1.95021724783958,0,0,0,0,0,0,0,0,0,0,4676.46340472938,3840.49931292522,830.703477147557,1676.72615051467,530.540634616701,994.983692781335,0,0,179.677202466238,147.558125211042,32.0140062555383,64.6264992125952,20.4420493166351,38.33644990172,0,0,23073.066640223,18845.2872467434,4578.64735122356,8987.92145427566,3278.31373948046,5792.44692747874,0,0,886.493266676103,724.066384125493,178.148151555204,350.465626405702,128.761257894747,227.928761604518,0,0,0,0,8.57544029463762,17.285573854238,6.5109482784351,11.5960433080431,0,0,0,0,0,0,0,0,0,0,291.284447938553,260.662010993596,271.15725307716,590.938263783073,310.855389235694,650.518881819828,0,0,11.1915993358253,10.0150517856417,10.399729506512,22.6558061964939,11.8893295704255,24.876868001548,0,0,281.040693052355,251.022137355408,314.434886996849,719.586337903411,416.557905694888,880.260576334398,0,0,10.7980103793645,9.64467266034286,12.0557550185759,27.577828082581,15.9277185214962,33.6490272745812,0,0,0,0,51.009629443819,118.311626530154,61.0266957911353,116.490219241326,0,0,0,0,0,0,0,0,0,0,442.985877971038,212.977483201276,942.382542120846,906.27178004886
"152",2002,477,12.5833333333333,4953.49826178571,4103.88528689884,1151.19242473858,2203.27454318361,600.292666493332,1009.65339157106,0,0,0,0,0,0,0,0,0,0,0,0,1.90714516495663,3.74189273414869,1.15303356308874,1.94808818578296,0,0,0,0,0,0,0,0,0,0,4704.23704945553,3858.24246405341,837.817452349973,1691.32029873622,536.988064611747,1008.34729971577,0,0,180.744310311375,148.239845451689,32.2882193193099,65.1891404441071,20.6904926049848,38.8513842750763,0,0,23029.1781177029,18784.1443134231,4579.23694411634,8989.65289710778,3290.25709197715,5820.62544295301,0,0,884.807142040255,721.717170274014,178.172674702427,350.539773971535,129.234233902466,229.045831310186,0,0,0,0,8.58798938113133,17.3133743574497,6.54274957819022,11.6674192827515,0,0,0,0,0,0,0,0,0,0,292.738586955586,261.549438257292,273.290808858638,595.647296592184,314.439589604117,658.728285985178,0,0,11.2474698695255,10.0491481533857,10.4818621782561,22.8370443420648,12.0269235810426,25.1918992256431,0,0,279.844890409818,249.585859941969,314.9352112588,720.755882693854,418.613528666206,885.625049215964,0,0,10.7520662822272,9.58948856674907,12.0752747838351,27.6234636728435,16.0069526224594,33.855509203479,0,0,0,0,51.0869940862119,118.564802336051,61.3569686377181,117.273782290138,0,0,0,0,0,0,0,0,0,0,447.119050942428,214.929875782332,958.26977054936,924.043908413547
"153",2002,477,12.6666666666667,4930.63338819733,4081.55034230243,1148.78178162915,2198.28057642833,598.969437390584,1007.73212369664,0,0,0,0,0,0,0,0,0,0,0,0,1.90372991926072,3.73464096033805,1.15126894689129,1.94572804634828,0,0,0,0,0,0,0,0,0,0,4732.05286874731,3875.98539332157,844.93486220391,1705.91373040015,543.454137017319,1021.7696803918,0,0,181.813038570769,148.921557168119,32.5625667928131,65.7517581616664,20.9396549582782,39.3685847264079,0,0,22985.6518865892,18723.5287862442,4579.72364740542,8991.14714579617,3302.04540944756,5848.5773811159,0,0,883.134936032484,719.388220257518,178.193098847523,350.604421036554,129.70100626646,230.153788964795,0,0,0,0,8.60048308452902,17.3409556440935,6.57432628198293,11.7385242164041,0,0,0,0,0,0,0,0,0,0,294.198879377037,262.445176298808,275.429598346638,600.372577873773,318.038240465212,667.003318392764,0,0,11.3035768252659,10.0835638345863,10.5641992625693,23.0189146416908,12.1650797409783,25.5094620981098,0,0,278.673979128763,248.174337874356,315.427872341065,721.897932556106,420.645048127017,890.940782176111,0,0,10.7070785375027,9.53525561359542,12.0945032348813,27.6680525276142,16.0852729474379,34.0601478713208,0,0,0,0,51.1611179094807,118.809358410166,61.6823342785749,118.049472100588,0,0,0,0,0,0,0,0,0,0,451.27284987018,216.888935427616,974.323504485367,942.016325226181
"154",2002,477,12.75,4907.77318246439,4059.32550923302,1146.28376336424,2193.11998418783,597.581138592609,1005.69132312466,0,0,0,0,0,0,0,0,0,0,0,0,1.90021093946992,3.72717707322953,1.14938006725001,1.94313880414406,0,0,0,0,0,0,0,0,0,0,4759.91268462152,3893.73044392977,852.056076260266,1720.5071310873,549.938977282682,1035.25124299528,0,0,182.883457249217,149.603350389825,32.8370626965447,66.3143783565478,21.189541118534,39.8880667786724,0,0,22942.4823272615,18663.4340183765,4580.10940827573,8992.40802928892,3313.6785225344,5876.30102868907,0,0,881.476432739044,717.079278693933,178.209500307998,350.659717305809,130.161566902994,231.252563009014,0,0,0,0,8.61290400959433,17.3682898902105,6.60567828856532,11.8093551513548,0,0,0,0,0,0,0,0,0,0,295.665097776405,263.348724575448,277.573122336118,605.112375240989,321.650641998048,675.340811776039,0,0,11.3599114649667,10.1182795975911,10.6467215218869,23.2013504963624,12.3037712132267,25.8294354590824,0,0,277.527158962088,246.787140219657,315.912681407981,723.012914732097,422.652224266032,896.208767579876,0,0,10.6630163987164,9.48195724374035,12.1134329512629,27.7116105755144,16.1626700327252,34.2629805805641,0,0,0,0,51.2320482357301,119.045373818834,62.0027623899734,118.81717580761,0,0,0,0,0,0,0,0,0,0,455.447360216087,218.854722383014,990.544342623422,960.190404701358
"155",2002,477,12.8333333333333,4884.91964488046,4037.21096355607,1143.70083093569,2187.79733809868,596.12830865254,1003.53189796107,0,0,0,0,0,0,0,0,0,0,0,0,1.89658195107043,3.7194906233569,1.14736803713617,1.94032226713014,0,0,0,0,0,0,0,0,0,0,4787.81748949455,3911.47925934624,859.181235235457,1735.10074885472,556.442485657476,1048.79203660613,0,0,183.955604476945,150.285288261486,33.1117122759608,66.8770102417145,21.4401471815622,40.4098321732425,0,0,22899.6643980499,18603.8538858253,4580.39623349074,8993.43951449747,3325.15637442088,5903.79487845948,0,0,879.831438451811,714.790110289378,178.22195774238,350.705817939213,130.6159121865,232.342090042454,0,0,0,0,8.62523835359495,17.3953551380771,6.63680533228993,11.8799090567706,0,0,0,0,0,0,0,0,0,0,297.137035358842,264.259623051746,279.720942679356,609.865138518505,325.276168846832,683.737909068288,0,0,11.4164658432488,10.1532777671008,10.7294120646818,23.3842922997065,12.4429740141549,26.1517100183917,0,0,276.4036830961,245.423850369426,316.389476697909,724.101228464691,424.634858046195,901.429856155963,0,0,10.6198511723844,9.42957745041141,12.1320575501863,27.754152671208,16.239135969859,34.464039212515,0,0,0,0,51.2998302020689,119.272925700477,62.318225685513,119.576785979546,0,0,0,0,0,0,0,0,0,0,459.642664372329,220.827293305471,1006.93285177549,978.567448640872
"156",2002,477,12.9166666666667,4862.07492624082,4015.20700241597,1141.03544447422,2182.31722329132,594.611545115564,1001.25485423894,0,0,0,0,0,0,0,0,0,0,0,0,1.89283840310441,3.71157412885515,1.14523389440802,1.93728015600317,0,0,0,0,0,0,0,0,0,0,4815.76757047662,3929.23288881331,866.310289135156,1749.69446578375,562.964374700829,1062.39180418257,0,0,185.029491285187,150.967411096669,33.386513462593,67.4396489939664,21.6914620353463,40.9338709005807,0,0,22857.1935473316,18544.7827116549,4580.58617146159,8994.24567091111,3336.47900525668,5931.05760442118,0,0,878.199778290954,712.520496926687,178.230551456676,350.742882181483,131.064042346897,233.422313862777,0,0,0,0,8.63747524219175,17.4221342272134,6.66770701554571,11.9501828424727,0,0,0,0,0,0,0,0,0,0,298.614501493965,265.177446938033,281.87266927345,614.629469553291,328.914250114415,692.192014391517,0,0,11.4732326357971,10.1885420220156,10.8122558455932,23.5676862790427,12.5826662456906,26.4761864774192,0,0,275.302852295872,244.084063303576,316.858122335747,725.163250448988,426.592789927506,906.604777958771,0,0,10.577555993069,9.37810067207954,12.150371641867,27.7956928062273,16.3146643582254,34.6633510314851,0,0,0,0,51.3645072542311,119.492089965865,62.6286997219488,120.328200358833,0,0,0,0,0,0,0,0,0,0,463.858841923484,222.806701546975,1023.48957015446,997.148693434051
"157",2003,477,13,4839.47779321041,3993.42861492071,1138.44630869157,2176.93519625054,593.01533677507,998.809107335069,0,0,0,0,0,0,0,0,0,0,0,0,1.88895682743473,3.7033355256958,1.14294681701445,1.93391212008679,0,0,0,0,0,0,0,0,0,0,4843.73882999596,3946.94236332879,873.456237826374,1764.28564997281,569.487485299236,1075.99161909813,0,0,186.104191806698,151.647837428001,33.6619642065239,68.0021875966146,21.9428246060414,41.4579126406148,0,0,22815.1560231847,18486.1153840478,4580.84551514102,8994.99737778595,3347.55416595272,5957.77512508882,0,0,876.584766111209,710.266400037706,178.241641662671,350.777342958137,131.502331862852,234.480868539846,0,0,0,0,8.64949474988938,17.4481694008007,6.69819664279917,12.019539915648,0,0,0,0,0,0,0,0,0,0,300.084741385378,266.074960351197,284.014975412398,619.340640969826,332.518715508757,700.518097723662,0,0,11.5297217837644,10.2230259161005,10.8947418414152,23.7490508573808,12.7210815397775,26.7957872191342,0,0,274.222366944677,242.764141052159,317.315367110941,726.182417573736,428.514007908331,911.685480814223,0,0,10.5360425062042,9.32738713210434,12.168250455004,27.8355958362786,16.3887954939677,34.8590780673467,0,0,0,0,51.4254108036415,119.699794422078,62.9324180241191,121.064949984721,0,0,0,0,0,0,0,0,0,0,468.113015833955,224.821658433219,1040.28237492265,1016.20705308492
"158",2003,477,13.0833333333333,4817.70959113781,3972.16419427063,1136.30579367092,2172.2534934221,591.310441248376,996.084735628176,0,0,0,0,0,0,0,0,0,0,0,0,1.88501353015675,3.6947923205016,1.14043485672692,1.92998168362029,0,0,0,0,0,0,0,0,0,0,4871.59465767709,3964.42175219525,880.631630056898,1778.82818784816,575.951015190014,1089.40947248252,0,0,187.17445725239,152.319423500752,33.9385437418,68.5628413209756,22.1918943484396,41.9749488727662,0,0,22773.8209262874,18427.6562195621,4581.57433564541,8996.11292263434,3358.1768608228,5983.21908500468,0,0,874.996741319817,708.020301143183,178.270541608181,350.824977308926,131.922719939981,235.489072664479,0,0,0,0,8.66120705288648,17.4727090277088,6.72782716508336,12.0864482476706,0,0,0,0,0,0,0,0,0,0,301.519216027938,266.891292437893,286.120880013049,623.859692829577,335.988463262344,708.306067281862,0,0,11.5848367747409,10.2543906937164,10.9758356063695,23.9230586104796,12.8543516640692,27.0948244602334,0,0,273.16149757548,241.45739533386,317.757794454413,727.122603251436,430.370756741281,916.54239093628,0,0,10.4952826847927,9.27717985599915,12.185562986534,27.8724768141096,16.4604673791086,35.0462643794242,0,0,0,0,51.4810450374169,119.888933131033,63.2253512475846,121.771896838508,0,0,0,0,0,0,0,0,0,0,472.4458275374,226.940672558321,1057.4695089403,1036.39151050387
"159",2003,477,13.1666666666667,4795.97373920285,3951.03168520911,1134.0810145626,2167.41865742471,589.557229688648,993.267879784094,0,0,0,0,0,0,0,0,0,0,0,0,1.88112952488873,3.68633692343161,1.13781226969201,1.92584561959774,0,0,0,0,0,0,0,0,0,0,4899.37841115286,3981.80782905628,887.783177474206,1793.31118096702,582.40251308547,1102.8239580647,0,0,188.241953491854,152.987424377032,34.2142093322921,69.1212102638984,22.4405036304613,42.4918614396449,0,0,22732.9058738684,18369.7663391571,4582.21637886388,8997.03310084984,3368.66898070899,6008.46268923079,0,0,873.424854076397,705.796075101463,178.295992175244,350.864777517265,132.337848391782,236.489157509117,0,0,0,0,8.67305979254264,17.4973879364222,6.75723061187081,12.1530497897098,0,0,0,0,0,0,0,0,0,0,302.961213849814,267.719287864505,288.235853765954,628.407528274697,339.481467490365,716.18839928263,0,0,11.6402408164818,10.2862035955944,11.057280354792,24.0981778322946,12.9885196944911,27.3974900476827,0,0,272.127183375653,240.175266139664,318.198210474754,728.044067441769,432.204006064528,921.335440682458,0,0,10.4555431432479,9.22791838653364,12.2027998883349,27.9086444873242,16.531246553761,35.2310240608055,0,0,0,0,51.5339708892071,120.070487928606,63.5134784186112,122.470691069596,0,0,0,0,0,0,0,0,0,0,476.799356937631,229.066225157425,1074.82156587612,1056.778910703
"160",2003,477,13.25,4774.26989990458,3930.02920531071,1131.7740912521,2162.43443218336,587.755801068061,990.358928748195,0,0,0,0,0,0,0,0,0,0,0,0,1.87727205737025,3.67791335910106,1.13508401440122,1.92151151296334,0,0,0,0,0,0,0,0,0,0,4927.10487840624,3999.11391681339,894.915123758041,1807.74318698945,588.846097751828,1116.24210583197,0,0,189.307248703043,153.652351944024,34.4891236035197,69.6776223763914,22.6888104125928,43.0089198593913,0,0,22692.3958988957,18312.431267806,4582.77163142485,8997.75762099809,3379.02861688671,6033.50130794703,0,0,871.868529328672,703.593165758535,178.317993579951,350.896733882466,132.74764270663,237.48094026612,0,0,0,0,8.68499920927694,17.5221139858332,6.78640768911889,12.2193406741611,0,0,0,0,0,0,0,0,0,0,304.409984103913,268.557869567361,290.358212386522,632.979506042882,342.994396452845,724.155617316425,0,0,11.6959050641068,10.318423239224,11.1390113242565,24.2742302184077,13.1234578762672,27.7034210124265,0,0,271.118062861592,238.917017118243,318.635997175931,728.946995721557,434.013933485014,926.068389883873,0,0,10.4167715715319,9.1795744319014,12.2199373053823,27.9441055840199,16.601139508591,35.4135002398059,0,0,0,0,51.5842466904301,120.244561866298,63.7967703670216,123.161224684585,0,0,0,0,0,0,0,0,0,0,481.173706900387,231.198404636654,1092.33948706878,1077.37134234597
"161",2003,477,13.3333333333333,4752.59825217472,3909.15530322459,1129.38721406676,2157.30471666351,585.906360445489,987.358441514695,0,0,0,0,0,0,0,0,0,0,0,0,1.873414518032,3.66947598985071,1.1322539820857,1.91698547623467,0,0,0,0,0,0,0,0,0,0,4954.78593723076,4016.35089245619,902.030804778822,1822.13098866653,595.284998379479,1129.66952727396,0,0,190.37079924978,154.314624113062,34.763414377704,70.232337565579,22.9369385438724,43.5263392738861,0,0,22652.2781139461,18255.6383102291,4583.24048045711,8998.287014217,3389.254266583,6058.33101670119,0,0,870.327271925638,701.411085341126,178.33656155037,350.920868616475,133.152044175199,238.46426562539,0,0,0,0,8.69698198090046,17.5468128654639,6.81535904493173,12.2853176284642,0,0,0,0,0,0,0,0,0,0,305.86488145035,269.406080486968,292.486570112947,637.57168027782,346.524502418117,732.199538378602,0,0,11.7518047226476,10.3510128528469,11.2209752191943,24.451064163081,13.2590608508495,28.0123039482809,0,0,270.132916200838,237.681988172901,319.070587347863,729.831531149253,435.800645612201,930.744459748325,0,0,10.3789211020534,9.13212263012128,12.2369533231411,27.9788651855511,16.6701499986494,35.5938154075248,0,0,0,0,51.6319246642936,120.411250205486,64.075203617076,123.843399900251,0,0,0,0,0,0,0,0,0,0,485.56897014864,233.337291256603,1110.02407334814,1098.17067089414
"162",2003,477,13.4166666666667,4730.95940107043,3888.40888324991,1126.92262544296,2152.03352844875,584.009206438588,984.267126762554,0,0,0,0,0,0,0,0,0,0,0,0,1.86953535713878,3.66098774304867,1.12932527517272,1.91227252885942,0,0,0,0,0,0,0,0,0,0,4982.43105740084,4033.52761063231,909.132811843692,1836.47991055043,601.721709713411,1143.11065691422,0,0,191.432968975941,154.974581093869,35.037180929499,70.785559831373,23.1849837055658,44.0442897005609,0,0,22612.5413545462,18199.3762500822,4583.62363127111,8998.6224721176,3399.34476486049,6082.9484853753,0,0,868.800652914283,699.249402899048,178.351724147257,350.937229577092,133.551007254841,239.439001475374,0,0,0,0,8.70897315183606,17.5714246053811,6.84408524878113,12.3509778029509,0,0,0,0,0,0,0,0,0,0,307.32534684409,270.26306574652,294.619778119794,642.18067426096,350.069501842017,740.313058953333,0,0,11.8079183127214,10.3839395907273,11.3031278461245,24.6285499123149,13.3952410604903,28.3238668123394,0,0,269.170643929607,236.469579842427,319.501466007445,730.697787588553,437.564205309763,935.366415233725,0,0,10.3419494919633,9.08553994892486,12.2538280257797,28.0129272439855,16.7382800934336,35.7720745822406,0,0,0,0,51.677052309036,120.570642403341,64.3487596816714,124.517128068096,0,0,0,0,0,0,0,0,0,0,489.985230738372,235.482958061921,1127.87601110938,1119.17857084017
"163",2003,477,13.5,4709.35430069479,3867.78914072932,1124.38260537091,2146.62497436906,582.064719751786,981.085824354993,0,0,0,0,0,0,0,0,0,0,0,0,1.86561716153763,3.65241858573687,1.12630041738657,1.90737688604451,0,0,0,0,0,0,0,0,0,0,5010.04772982558,4050.65126555764,916.223130142374,1850.79408751533,608.158124875355,1156.56895813176,0,0,192.494045694233,155.632499299722,35.3104992920194,71.3374475575695,23.433018501351,44.5629039177649,0,0,22573.1758735217,18143.6350910406,4583.9220395594,8998.76571225101,3409.29922636623,6107.35088204707,0,0,867.288297796119,697.107734357225,178.363519144317,350.945885064238,133.944497313676,240.405035177044,0,0,0,0,8.72094444759814,17.5959007199439,6.87258678184586,12.4163186446535,0,0,0,0,0,0,0,0,0,0,308.790891298725,271.128056744735,296.756874448296,646.803573953996,353.627477558021,748.489968917332,0,0,11.8642270467085,10.4171739219731,11.3854321908072,24.8065754769648,13.5319249966914,28.637871791776,0,0,268.230248236464,235.27924063296,319.928168853316,731.545859722347,439.304650790591,939.936639220977,0,0,10.3058184040459,9.03980519902639,12.2705434392056,28.0462949712383,16.8055309130084,35.9483681569732,0,0,0,0,51.7196734899627,120.722823663357,64.6174244278551,125.182328667931,0,0,0,0,0,0,0,0,0,0,494.422565343922,237.635471763801,1145.89589341268,1140.39655430918
"164",2003,477,13.5833333333333,4687.78420825814,3847.29552363915,1121.76946194186,2141.08323171848,580.073356955781,977.815495319317,0,0,0,0,0,0,0,0,0,0,0,0,1.86164610638952,3.64374461676522,1.12318147637853,1.90230212857491,0,0,0,0,0,0,0,0,0,0,5037.641720008,4067.72760462579,923.30322133626,1865.07662431603,614.595614737728,1170.0470441482,0,0,193.554250924503,156.288599554677,35.5834254221115,71.8881196268403,23.681095499159,45.0822820996405,0,0,22534.1731608261,18088.4059046607,4584.13687013439,8998.71889668747,3419.11701119033,6131.53581740932,0,0,865.789879604763,694.985736670287,178.371992434385,350.946920672413,134.332489310403,241.36227141428,0,0,0,0,8.73287328606258,17.620202529017,6.9008640316321,12.4813378247514,0,0,0,0,0,0,0,0,0,0,310.26108618529,272.000361885839,298.897054322398,651.4378650023,357.196820622973,756.724841145871,0,0,11.9207144560179,10.4506892743671,11.4678572782124,24.9850442141819,13.6690509693508,28.9541110718073,0,0,267.310822265019,234.110459669175,320.350281307631,732.375829125454,441.022006652165,944.4571769444,0,0,10.2704929957126,8.99489875176948,12.2870834958757,28.0789710754531,16.8719030537636,36.1227736058646,0,0,0,0,51.7598290812657,120.867875865892,64.881187736122,125.838928800033,0,0,0,0,0,0,0,0,0,0,498.881043964961,239.794893221341,1164.08423179047,1161.82598726244
"165",2003,477,13.6666666666667,4666.25063041304,3826.92768788436,1119.08552093383,2135.41252725287,578.03564238531,974.457208819565,0,0,0,0,0,0,0,0,0,0,0,0,1.85761130989373,3.63494699558297,1.11997020263136,1.89705139464727,0,0,0,0,0,0,0,0,0,0,5065.21736668108,4084.76117920939,930.374120499725,1879.32978331214,621.03512182934,1183.54682299307,0,0,194.613751367809,156.943056729748,35.8559989159546,72.4376626156708,23.9292508304111,45.6024973704394,0,0,22495.5257308748,18033.6806507831,4584.26944961941,8998.48453792383,3428.79768397702,6155.50127699659,0,0,864.305110735072,692.883100922179,178.377196201091,350.940435650724,134.714966210898,242.310629568046,0,0,0,0,8.74474162329453,17.6442991973255,6.9289172889494,12.5460331573501,0,0,0,0,0,0,0,0,0,0,311.735551902988,272.879355333783,301.039635980625,656.08135885578,360.776163382542,765.012900161058,0,0,11.9773659557983,10.4844616022859,11.5503768602356,25.1638719910357,13.8065665392726,29.2724018006585,0,0,266.411537098101,232.962758347829,320.767436419349,733.187770745069,442.716295479427,948.929788861226,0,0,10.2359414189145,8.95080221844297,12.3034339559418,28.1109580130195,16.9373970359553,36.2953575134372,0,0,0,0,51.7975577016671,121.005878609874,65.1400430551952,126.486862484599,0,0,0,0,0,0,0,0,0,0,503.360730797865,241.961278065316,1182.44147023106,1183.46810937343
"166",2003,477,13.75,4644.75528231822,3806.68546331204,1116.33311781264,2129.61712100957,575.952161824884,971.012132044698,0,0,0,0,0,0,0,0,0,0,0,0,1.85350434624921,3.62601112747325,1.11666812450708,1.89162751238624,0,0,0,0,0,0,0,0,0,0,5092.77780761964,4101.75553411973,937.43650925511,1893.55512591623,627.477231658431,1197.06960678728,0,0,195.672667582478,157.596007022254,36.1282458124665,72.986136216072,24.1775069241566,46.1235999921404,0,0,22457.2269619862,17979.452041823,4584.32123108516,8998.06542826166,3438.34098312881,6179.24556997458,0,0,862.833736774254,690.799547111964,178.379187551764,350.926540170238,135.091917795643,243.250041732797,0,0,0,0,8.75653511181265,17.6681662981485,6.95674674916175,12.6104025463639,0,0,0,0,0,0,0,0,0,0,313.213949336169,273.764468331963,303.184035798769,660.732137551931,364.364330581067,773.349921774362,0,0,12.0341685167015,10.5184690531898,11.632968460117,25.3429850644441,13.9444266426414,29.592582242455,0,0,265.531631875206,231.835684375098,321.179312271202,733.98175734232,444.387544990593,953.355992088313,0,0,10.20213444044,8.90749822118597,12.3195823089645,28.1422581615478,17.0020135796322,36.4661771646385,0,0,0,0,51.832896236236,121.136909948626,65.3939870658323,127.126070136413,0,0,0,0,0,0,0,0,0,0,507.861684876591,244.134677184431,1200.96799503419,1205.32404907242
"167",2003,477,13.8333333333333,4623.30005337351,3786.5688253739,1113.51459106544,2123.70129274798,573.823557021055,967.481521450202,0,0,0,0,0,0,0,0,0,0,0,0,1.84931884122078,3.61692598284389,1.11327662052011,1.88603310134378,0,0,0,0,0,0,0,0,0,0,5120.32516752781,4118.71336501269,944.490776431509,1907.75362989381,633.922232246455,1210.61620277362,0,0,196.731081203041,158.247554003603,36.4001809186785,73.5335777320216,24.425874789633,46.6456208530324,0,0,22419.2709629365,17925.7134298912,4584.29376506967,8997.46458162681,3447.74679521177,6202.76728628751,0,0,861.375531374738,688.734819816846,178.378027396697,350.905353071958,135.463339668278,244.180451056481,0,0,0,0,8.76824242058795,17.6917846488886,6.98435251606121,12.6744439471406,0,0,0,0,0,0,0,0,0,0,314.695972776835,274.655181823956,305.329748320381,665.38850825766,367.960300038426,781.732148824558,0,0,12.0911103929538,10.5526916840995,11.7156126052965,25.5223183356836,14.0825920824243,29.9145085470818,0,0,264.67040548537,230.728807077125,321.58562906157,734.75786280821,446.035792766809,957.737095841876,0,0,10.1690451227424,8.86497021281147,12.3355176629136,28.1728739491402,17.0657537874769,36.6352819043369,0,0,0,0,51.8658802466302,121.261046962899,65.6430193964118,127.756498119526,0,0,0,0,0,0,0,0,0,0,512.383960596366,246.315137145713,1219.66414253938,1227.394836137
"168",2003,477,13.9166666666667,4601.88697781183,3766.57787091407,1110.63227649445,2117.66933028227,571.650520790536,963.866714970889,0,0,0,0,0,0,0,0,0,0,0,0,1.84505012728601,3.60768351466159,1.1097969774002,1.88027065427678,0,0,0,0,0,0,0,0,0,0,5147.86071851232,4135.63665257097,951.53706972973,1921.92578934853,640.370165096361,1224.18699146909,0,0,197.789041105873,158.897773774793,36.6718097904736,74.0800059124253,24.6743559706619,47.1685744630675,0,0,22381.6524591061,17872.4587104702,4584.18867515509,8996.68518427932,3457.01513308942,6226.0652597441,0,0,859.930291879797,686.68868449123,178.373779504303,350.876999958272,135.829232408329,245.101810310409,0,0,0,0,8.77985466453319,17.7151393322996,7.01173460732322,12.738155337029,0,0,0,0,0,0,0,0,0,0,316.181343909098,275.55102004044,307.476329682856,670.048964765113,371.563169983645,790.156218677342,0,0,12.1481808912294,10.5871112151954,11.7982921906644,25.7018138718583,14.2210282751389,30.2380519709348,0,0,263.82720939555,229.641713593161,321.986146122628,735.516164728942,447.661089505793,962.074232238725,0,0,10.1366485483958,8.82320233054066,12.3512306305319,28.2028079544608,17.1286192707207,36.802714318527,0,0,0,0,51.8965443082616,121.378366226764,65.8871423752253,128.378098358822,0,0,0,0,0,0,0,0,0,0,516.92760815315,248.502700564963,1238.53020542538,1249.68141248539
"169",2004,477,14,4580.43532371454,3746.49451907258,1107.8188561832,2111.7119432764,568.702315727492,958.334857492743,0.755203274400947,1.80896902625413,0,0,0,0,0,0,0,0,0,0,1.84073872477147,3.59824201352545,1.10480897177678,1.87076115230893,0.00146801032524363,0.00353288148185025,0,0,0,0,0,0,0,0,5175.4118915613,4152.49137918776,958.60802913199,1936.08978709004,645.992899554561,1235.42225601116,0.866668008345056,2.35607445569935,198.847601233404,159.545359324971,36.9443887264721,74.6261160160279,24.8910410115283,47.6015388209249,0.0333939608182336,0.0907808666989771,22344.3450313401,17819.348086546,4584.21017315652,8995.89184670153,3461.68750242685,6237.18600903458,4.6041110217821,11.7905448494834,858.497003201963,684.648085587916,178.374336076424,350.847735921787,136.014410564428,245.54352655781,0.180906847608467,0.464176578217729,0,0,8.79155032678566,17.737996486983,7.02983996388727,12.7770525392525,0.00936260417035415,0.024184610887633,0,0,0,0,0,0,0,0,317.693117716695,276.43143777667,309.652814169933,674.678051877571,374.748372091053,797.005487468282,0.491248932958481,1.48602634828185,12.2062658199511,10.6209382668326,11.8821213727444,25.880111853171,14.3434848933403,30.5013438401504,0.0188024149972398,0.0568697571896875,263.001694585798,228.570965582489,322.386726206956,736.245329469974,448.684528974877,964.51376239109,0.597349829771859,1.8247246644177,10.1049313077297,8.7820624678107,12.3669459782179,28.2316253096963,17.1684585492001,36.8975627659057,0.0228568928057836,0.0698047957197141,0,0,51.9259502428557,121.487231461416,66.0411934918813,128.743899344666,0.0879850789373345,0.24369857979269,0,0,0,0,0,0,0,0,521.466445895581,250.712790303108,1257.45356849858,1272.33605557317
"170",2004,477,14.0833333333333,4558.84064978365,3726.16762684027,1105.11013496005,2105.8745377933,564.68560431505,950.144386608735,2.57592122380439,6.16668225755459,0,0,0,0,0,0,0,0,0,0,1.83644930514656,3.58867703804787,1.09773544231171,1.85604119537826,0.00501754380721379,0.0120642434882895,0,0,0,0,0,0,0,0,5203.09426868499,4169.34084819773,965.750197711292,1950.31629700265,650.437515892922,1243.27582504328,3.07116932938699,8.35298208991091,199.911202431303,160.192742869487,37.2197074677245,75.1746229912861,25.0623287208455,47.9041994856684,0.118336931997261,0.321845922247523,22307.2210779327,17766.136680382,4584.41965289358,8995.10512248843,3459.81981697986,6230.85435672454,15.8698954369065,40.6484182618469,857.070762702003,682.603614510678,178.382071937551,350.818308049555,135.942435521704,245.29780655376,0.62361550398114,1.60037556127165,0,0,8.80346624875529,17.7603986883859,7.03469416292013,12.7802485160504,0.0324176932642715,0.0837450323287428,0,0,0,0,0,0,0,0,319.238514264482,277.288266740391,311.869499331505,679.265795330239,377.306805847201,801.533905277514,1.64796702629209,4.99073655738071,12.2656425852804,10.6538590001518,11.9674953781927,26.0568297619915,14.4419572931235,30.6758269106391,0.0630769721624275,0.190998643898311,262.189044319791,227.507745271749,322.785260711521,736.919072371796,448.843581357111,964.184251530956,2.0632902735594,6.29992562443749,10.0737083345297,8.7412118316453,12.3825827487326,28.2583177292547,17.1752237424208,36.8864813199671,0.0789516905594436,0.241011492816993,0,0,51.9544266994099,121.586526777689,66.0668629843528,128.74224228511,0.304798839866457,0.843704037127071,0,0,0,0,0,0,0,0,525.988914447677,252.952257237115,1276.35495033183,1295.37201138527
"171",2004,477,14.1666666666667,4537.20546701147,3705.90039747806,1102.3101249825,2099.87582406388,560.681932562673,942.004610443314,4.34934332296551,10.4062415892686,0,0,0,0,0,0,0,0,0,0,1.83211995393506,3.57904848218473,1.09067528529197,1.84139441503809,0.00848830995754005,0.0203916880720201,0,0,0,0,0,0,0,0,5230.8763629522,4186.24123768004,972.918103367311,1964.58213002422,654.909035545114,1251.17269143964,5.38090219144445,14.6413527993406,200.97863492132,160.84208285998,37.4960159221155,75.7246412934747,25.2346510834093,48.2085250960873,0.207335915972677,0.564144537634178,22270.2852567608,17713.2889688761,4584.51602652342,8994.08092982131,3457.94003573426,6224.54086888546,27.083326172668,69.3838058887316,855.651749384686,680.573117207692,178.385354591382,350.779446475487,135.869788353305,245.052397174248,1.06433130439409,2.73189158047309,0,0,8.81534066509592,17.7826985243308,7.03954005095507,12.7834921407327,0.0555674800324582,0.143565820392179,0,0,0,0,0,0,0,0,320.782706903637,278.151163643339,314.083355633358,683.864701235095,379.851519395561,806.086216451773,2.74119640059931,8.30957582635214,12.3249730931005,10.6870128734759,12.0527629362042,26.2339812100084,14.5399094181827,30.8512320673434,0.104923809392791,0.318021501951193,261.388262187954,226.455177089818,323.172850298604,737.551909651377,448.983639845459,963.784390702518,3.5227308596459,10.75195285581,10.0429413453923,8.70077046759799,12.397799404304,28.2834412755777,17.1812616188857,36.8727041917872,0.134800969663806,0.411342694382194,0,0,51.9804958539043,121.678786556949,66.0884028779076,128.733026677747,0.52268950137002,1.44596404042479,0,0,0,0,0,0,0,0,530.533319722185,255.198679587995,1295.38633094485,1318.54576507273
"172",2004,477,14.25,4515.5417331796,3685.70112506299,1099.42372059703,2093.72474402769,556.691766367153,933.916267604093,6.07596909241381,14.5290260953582,0,0,0,0,0,0,0,0,0,0,1.82773302492814,3.56932373750268,1.08362949048061,1.82682240253606,0.011879641608048,0.0285148255206332,0,0,0,0,0,0,0,0,5258.71934282974,4203.16185922448,980.099748786297,1978.86268918272,659.396836500519,1259.09098322569,7.79124606974405,21.2083999638245,202.048406733853,161.492200198655,37.7728532502246,76.2752260742627,25.4076001019813,48.5136754698176,0.300213775979707,0.817186553479989,22233.5604360277,17660.8214943347,4584.50702542914,8992.83427221611,3456.05115444694,6218.25045727099,38.2477440354619,98.0061495209169,854.240841876436,678.557229260825,178.384484465038,350.731735797238,135.796590002026,244.807498028418,1.50318032838931,3.8590817445058,0,0,8.82715616014131,17.8048574553284,7.04438150948812,12.7867887779506,0.0788113947317951,0.203652293512216,0,0,0,0,0,0,0,0,322.326112739914,279.019885546291,316.295208689351,688.474361178553,382.385292176127,810.661861349618,3.77865722772067,11.4639182896733,12.3842733692837,10.7203905526899,12.1379557210831,26.4115505425074,14.637447807228,31.0275383306562,0.144638601778643,0.438756835864619,260.600700278884,225.415098457131,323.551606500894,738.15129494283,449.107384365479,963.326653182793,4.96986579222071,15.1637261232922,10.0126822898354,8.66080897229696,12.4126768033973,28.3072814201429,17.186674493084,36.8567080661864,0.190182500265385,0.580144627104723,0,0,52.0042529146605,121.764238654042,66.1059421199396,128.71649023703,0.741615755969565,2.05037707833801,0,0,0,0,0,0,0,0,535.09964777884,257.45210551695,1314.54721999089,1341.85791621086
"173",2004,477,14.3333333333333,4493.86029052115,3665.57717080282,1096.45551937831,2087.42968972213,552.715483328372,925.879919171386,7.75631313374976,18.5364495669131,0,0,0,0,0,0,0,0,0,0,1.82327512646257,3.5594779199601,1.07659884669137,1.81232645257777,0.0151911187837002,0.0364337196154208,0,0,0,0,0,0,0,0,5286.59028924767,4220.07695130398,987.285187127683,1993.13769595607,663.892308066508,1267.01328056416,10.2974349110896,28.0408675798427,203.11925306559,162.142105086445,38.049837264707,76.8255981436493,25.5808449418599,48.8189812533008,0.396787708020884,1.08046356367956,22197.0652561129,17608.7473568512,4584.3993435096,8991.37809710652,3454.15541696392,6211.98656084726,49.3662948230245,126.524337245917,852.838756365396,676.556453996563,178.379721906577,350.675681115906,135.722932182121,244.56325147741,1.94028127701391,4.98228220122447,0,0,8.83889727885761,17.826841103147,7.04921967966686,12.7901383777375,0.102148563443353,0.264007872801175,0,0,0,0,0,0,0,0,323.868978886568,279.894095864406,318.5054585693,693.093709223516,384.910028122768,815.259185346222,4.76725198270722,14.4729866020218,12.4435529083179,10.7539791056648,12.2230890601703,26.5894968314009,14.7346453767629,31.2046825695574,0.182485705458584,0.553940755292554,259.827412629759,224.389002146354,323.923309246299,738.723589601366,449.21719824798,962.821930364416,6.39990842610629,19.5210975235734,9.98297166578459,8.62138470045092,12.4272831000228,28.3300817876964,17.1915533689866,36.8389092026166,0.244913069902986,0.746875765301128,0,0,52.025782857265,121.843088405959,66.1196016481854,128.692855075681,0.961537340669281,2.65684546436522,0,0,0,0,0,0,0,0,539.687889376381,259.712580833306,1333.8372230203,1365.30903393083
"174",2004,477,14.4166666666667,4472.17103884315,3645.53510869378,1093.40986209955,2080.99857941544,548.753393998224,917.895987008236,9.39090301051322,22.4299552116262,0,0,0,0,0,0,0,0,0,0,1.81873633047216,3.54949245805087,1.06958399193285,1.79790762092425,0.0184225332868539,0.0441488243658897,0,0,0,0,0,0,0,0,5314.46120850282,4236.96484924104,994.466167662058,2007.39044363715,668.388484430587,1274.92579458232,12.8946318480126,35.1252480908847,204.190098353691,162.790965131794,38.326650847198,77.3751153486403,25.754117883028,49.1239124379235,0.496872114523261,1.35345729251245,22160.8148403812,17557.0768035657,4584.19881270683,8989.72365144207,3452.25446396562,6205.75144974651,60.441920296586,154.946676682787,851.446073911608,674.571185126335,178.371293960873,350.611721775011,135.648883143492,244.319754409509,2.37574511552612,6.10180707995023,0,0,8.85055044159819,17.8486191148708,7.05405376857007,12.7935371773403,0.125577764549749,0.324634107579025,0,0,0,0,0,0,0,0,325.411415715857,280.773388237083,320.71418279569,697.72120898158,387.426960556558,819.875785901062,5.71314152506203,17.3540392055174,12.5028159508829,10.7877629193751,12.3081658876233,26.7677610574967,14.831549287461,31.3825728368298,0.218701070001317,0.664234141899493,259.069202993937,223.378086788201,324.289440858882,739.274182196633,449.315179879527,962.279674508661,7.80896449489278,23.8124985336275,9.95384035487609,8.58254370536405,12.44167504439,28.352048729397,17.1959783727968,36.8196688673316,0.298843629177396,0.911093317973913,0,0,52.0451619769598,121.915522056029,66.1294953208818,128.662329546129,1.1824148866166,3.26527474020694,0,0,0,0,0,0,0,0,544.298037787321,261.980148332009,1353.25600685431,1388.89963236452
"175",2004,477,14.5,4450.48307884946,3625.58084613859,1090.2908660182,2074.43892085531,544.805759077069,909.964784898814,10.9802775364113,26.2110113543338,0,0,0,0,0,0,0,0,0,0,1.8141095213492,3.53935392728193,1.06258545378926,1.78356677265118,0.0215738584179189,0.0516609295414069,0,0,0,0,0,0,0,0,5342.30821238879,4253.8072963831,1001.63584042044,2021.6071739085,672.879740878685,1282.81768512457,15.577990761956,42.4479628719067,205.260024775062,163.438078884916,38.6030306262979,77.923248673103,25.9272026730883,49.4280521993869,0.600280973328305,1.6356465387481,22124.8213864104,17505.8177179082,4583.9105487861,8987.88077680703,3450.34945526405,6199.54647447822,71.4773534555005,183.280880452383,850.063263162774,672.601725544017,178.359399997483,350.540242763543,135.574492411922,244.077067896983,2.80967488250304,7.21794790689682,0,0,8.86210383409233,17.8701649629932,7.0588816698604,12.7969790006414,0.149097409255138,0.385530747196914,0,0,0,0,0,0,0,0,326.953424330675,281.657305927787,322.921218944009,702.355002177696,389.936815797193,824.508783017581,6.62181501147001,20.1225440199745,12.5620625393547,10.8217244452716,12.3931799156529,26.9462718152814,14.9281872262466,31.5610987632744,0.253494914924335,0.770229297441033,258.326665053222,222.38329984056,324.651218226741,739.807598180416,449.403158483372,961.70803665463,9.19391873097207,28.028622939487,9.92531116747269,8.54432238987837,12.4558992139341,28.3733555209743,17.2000193468884,36.7992985872022,0.351854950121446,1.07244108921719,0,0,52.0624592151138,121.98170968221,66.1357307392528,128.625109880583,1.4042097862324,3.87557315281124,0,0,0,0,0,0,0,0,548.930087035477,264.254847300878,1372.80327293894,1412.6301537223
"176",2004,477,14.5833333333333,4428.80482891961,3605.71972233899,1087.10245213181,2067.75786291355,540.872803030725,902.086543383082,12.5249853779636,29.8811079117473,0,0,0,0,0,0,0,0,0,0,1.80938987166819,3.52905310784267,1.05560368071469,1.76930462173623,0.0246452233545725,0.0589711141901515,0,0,0,0,0,0,0,0,5370.11084871815,4270.58888178809,1008.7885143628,2035.77656527053,677.361546465102,1290.68050382385,18.3427062022277,49.9955096106369,206.328246523958,164.082854232771,38.8787577062118,78.4695626236889,26.099925043216,49.7310755389058,0.706829759827338,1.92651284952118,22089.0946495391,17454.9760191623,4583.53907014901,8985.85814972182,3448.44116821151,6193.37226575801,82.4751174923458,211.534062159271,848.690698932745,670.64830267782,178.344216297824,350.461584001708,135.49979460442,243.835224941949,3.24216564124889,8.33097342693129,0,0,8.87354727158067,17.8914556807173,7.06370041309864,12.8004561858684,0.172705544476544,0.446695856655114,0,0,0,0,0,0,0,0,328.494918822087,282.545357198923,325.126228760526,706.993022341262,392.439939368565,829.155020383664,7.49815430223307,22.7923399903247,12.6212893729753,10.8558447900085,12.478118096656,27.1249496796701,15.0245722528865,31.7401392908642,0.28705419566628,0.872456127838442,257.600215788015,221.405373753524,325.009623248471,740.327600373173,449.482713772634,961.114000170924,10.5523335568315,32.1621421161928,9.89740012479518,8.50674889589215,12.4699931788776,28.3941462103295,17.203736594685,36.778065242943,0.403853746720466,1.23063857692062,0,0,52.0777372838723,122.041807680941,66.1384099753838,128.581381656273,1.62688407293062,4.48765118888841,0,0,0,0,0,0,0,0,553.584030515984,266.536713181571,1392.47873796141,1436.50095831465
"177",2004,477,14.6666666666667,4407.14412128137,3585.95658939994,1083.84836777802,2060.96223827338,536.954724939493,894.261429698055,14.025583915162,33.4417535036417,0,0,0,0,0,0,0,0,0,0,1.80457441320775,3.51858421120083,1.04863906685783,1.75512176382996,0.0276368913606009,0.0660807068628113,0,0,0,0,0,0,0,0,5397.85154761459,4287.29657556229,1015.91945709176,2049.88930861205,681.830260637165,1298.50773557964,21.1840533900381,57.754581341261,207.394088537632,164.724790546006,39.1536499873998,79.0136989552305,26.2721449086159,50.0327316958866,0.816336988441788,2.22554510598914,22053.6423434936,17404.5559928006,4583.08839590402,8983.66347968372,3446.53007782839,6187.22889641132,93.4375276369296,239.712740679143,847.328677594158,668.711081182291,178.325899841803,350.376047994304,135.424812536667,243.594236754333,3.67330454308293,9.44112974689603,0,0,8.8848720586369,17.9124715800695,7.06850649962187,12.8039602691119,0.196399868198779,0.508125951650816,0,0,0,0,0,0,0,0,330.035744522641,283.437027629192,327.328748633713,711.633082787254,394.936394961617,833.811216628629,8.34649281080468,25.3757859906595,12.6804905091746,10.8901041886956,12.5629625616653,27.303710586066,15.1207066008416,31.9195684901807,0.319544857008742,0.971387843896352,256.890123536878,220.444856762095,325.365431036551,740.837280283741,449.555196828307,960.503506070702,11.8823590503037,36.2074507789299,9.87011753701327,8.46984428746523,12.4839865822674,28.4145391149234,17.207181674453,36.7561958517658,0.454769227118918,1.38547123799915,0,0,52.0910536200823,122.09596087623,66.1376302091133,128.531321083276,1.85040031801613,5.10142117611941,0,0,0,0,0,0,0,0,558.259859906118,268.825777342936,1412.28211949481,1460.51231909995
"178",2004,477,14.75,4385.50828299989,3566.29588072428,1080.53220577148,2054.05859946542,533.051707330172,886.489564161931,15.4826382711916,36.8944729827711,0,0,0,0,0,0,0,0,0,0,1.79966167860856,3.50794423206256,1.04169197208794,1.74101870384752,0.0305492409030585,0.0729912509545459,0,0,0,0,0,0,0,0,5425.51515366585,4303.91933644853,1023.02472566377,2063.93774814565,686.282962586483,1306.29441353708,24.0974207696009,65.7121640918503,208.45696852091,165.363463601864,39.4275556789409,79.5553629011892,26.4437498232587,50.3328293777864,0.928625467904268,2.53224328782297,22018.4704794273,17354.5605695542,4582.56212847032,8981.30367568749,3444.61642338053,6181.11601519676,104.3666950015,267.822850241231,845.977430104749,666.790173660632,178.304591497501,350.283906266554,135.349559805668,243.354097942823,4.10317096818846,10.5486407034497,0,0,8.89607084793389,17.9331959620451,7.0732961567489,12.8074824926053,0.220177753090002,0.569816145041915,0,0,0,0,0,0,0,0,331.575693285358,284.331790175925,329.528230070721,716.272945822503,397.426043519998,838.474080525501,9.17066983462237,27.8838993045284,12.7396579506135,10.9244823915099,12.6476921752124,27.4824684898231,15.2165847150726,32.0992599930677,0.351113913633978,1.06744626344125,256.196532076058,219.502139632742,325.719236144308,741.339141792976,449.621751470698,959.881570789018,13.1826518720049,40.1604370634036,9.84346892841748,8.4336235784642,12.4979021445694,28.434630027282,17.2103982134217,36.7338820648615,0.504549989013844,1.53678168508115,0,0,52.1024612095535,122.144304343529,66.133484294066,128.475096153308,2.07472154058116,5.71679693494609,0,0,0,0,0,0,0,0,562.957564291276,271.122066935915,1432.21312525402,1484.66441938135
"179",2004,477,14.8333333333333,4363.90420287811,3546.74166761816,1077.15742031875,2047.05324872216,529.163923150092,878.771033280765,16.8967204927409,40.2408053391282,0,0,0,0,0,0,0,0,0,0,1.79465140824416,3.49713241635076,1.03476273762998,1.72699587864914,0.0333827495493191,0.0797044749714372,0,0,0,0,0,0,0,0,5453.08853786253,4320.44778653914,1030.1010264634,2077.91558356309,690.717311097727,1314.03680280243,27.0783354307596,73.8556139980211,209.516382036255,165.998513086134,39.7003479247096,80.0943117504341,26.6146496035709,50.6312246248206,1.04352328272784,2.84612144905965,21983.583647669,17304.9915568252,4581.96352179239,8978.78498340226,3442.70026242037,6175.03295466037,115.264532198987,295.86975567907,844.637132832484,664.885649555936,178.280418655472,350.185404666396,135.27404288683,243.114790700382,4.53183673526417,11.6537084313776,0,0,8.90713750165485,17.9536148272866,7.07806552064782,12.811014160766,0.244036276273522,0.631760299369187,0,0,0,0,0,0,0,0,333.114515998026,285.229113157197,331.724071091212,720.910374944793,399.908604395704,843.1403940656,9.97408018245141,30.3264831124436,12.7987821260033,10.9589589703806,12.7322837415761,27.6611373728717,15.3121956014731,32.2790901910898,0.381891350725068,1.16100669304453,255.51948096884,218.577478586244,326.07147661088,741.83517687732,449.683335518108,959.252395199313,14.4523032431623,44.0182772873915,9.81745581927206,8.39809661329511,12.5117565849166,28.4544951161384,17.2134227188703,36.7112843325433,0.553161261632824,1.68446182819285,0,0,52.1120092870086,122.186964959848,66.126061253131,128.412867648326,2.2998111310631,6.33369348229232,0,0,0,0,0,0,0,0,567.67712948949,273.425604821692,1452.27144552332,1508.95735313686
"180",2004,477,14.9166666666667,4342.33838591749,3527.29770550166,1073.72734007143,2039.95226234857,525.291541114319,871.105899989438,18.2684088516532,43.4823019073595,0,0,0,0,0,0,0,0,0,0,1.78954431485332,3.4861498320824,1.02785169784426,1.71305367532648,0.0361379803661838,0.0862222672429942,0,0,0,0,0,0,0,0,5480.56028035943,4336.8739454756,1037.14560102249,2091.81762691194,695.131431533502,1321.73214541544,30.1224821663486,82.1727160338978,210.571890314952,166.629632380682,39.9719204239011,80.6303455213675,26.7847719922848,50.9278110229369,1.16086453013429,3.1667099878049,21948.9852485555,17255.8498278361,4581.29553674487,8976.1130962281,3440.78151371224,6168.97881599368,126.132760430316,323.858271991146,843.30791642447,662.997542418598,178.253497368607,350.080767657708,135.198262800442,242.876288099313,4.95936636823718,12.7565140992175,0,0,8.91806695697161,17.9737165909767,7.08281075772052,12.8145468654608,0.267972253893603,0.693951182694884,0,0,0,0,0,0,0,0,334.651932641955,286.128466397079,333.915639653717,725.543172170942,402.383700801033,847.807067634099,10.7597193646181,32.7122435235532,12.857852276579,10.9935135550997,12.8167129052012,27.8396326794677,15.4075245733796,32.4589403621524,0.411991854785421,1.25240240981879,254.858922575357,217.671014784089,326.422455870677,742.326933737097,449.740741686534,958.61946498535,15.6907753354263,47.7792537188601,9.79207637935782,8.36326881560189,12.5255614607457,28.4741935370739,17.2162853765677,36.6885357410774,0.600582469858103,1.82844589735232,0,0,52.119743923522,122.224062705861,66.1154467089793,128.344790019581,2.52563278708584,6.95202678210667,0,0,0,0,0,0,0,0,572.418537551551,275.736409563526,1472.45674832444,1533.39112755537
"181",2005,477,15,4320.06272381557,3507.10891835314,1070.21162883326,2032.80305880278,520.04407136187,860.146132293563,21.0352206865252,50.0324378956308,0,0,0,0,0,0,0,0,0,0,1.78441118856255,3.47512453090558,1.01823891543476,1.69260686548932,0.0416331024699238,0.09926814542857,0,0,0,0,0,0,0,0,5508.13357808575,4353.32764891126,1044.12182338425,2105.70257753144,697.681601972669,1324.26405906462,35.1972864499898,96.0245008413264,211.631300507967,167.261809978937,40.2408707325579,81.1657285222439,26.8830722141236,51.0254437055555,1.35645827634963,3.70057620231702,21914.4727826072,17206.67344966,4580.31870081388,8973.33264323239,3429.66705944302,6138.99725113384,146.485769621327,376.232538883783,841.982000345702,661.108104050814,178.214718105006,349.97188983043,134.760980319499,241.695379977492,5.75962562089772,14.8194729340538,0,0,8.92918462849165,17.9941203392376,7.0686029534495,12.7682854536348,0.311645888029948,0.807354151393085,0,0,0,0,0,0,0,0,336.235864614048,287.058154805101,336.157563011228,730.279613636327,403.903314340232,849.394624886421,12.6195367435943,38.3401600544046,12.9187096171199,11.0292336656041,12.9030760793435,28.022108672303,15.4662702384736,32.5209065457944,0.483227800286558,1.46794033229557,254.217131262995,216.783664597688,326.775730797621,742.825227465889,448.58488656273,954.242665319347,18.1439311156508,55.2456335738381,9.76741799358743,8.32917539383487,12.539452945095,28.4941397278279,17.1727003888487,36.5224885755684,0.694507278298581,2.11426012374466,0,0,52.1278355791231,122.259839228747,65.9245983699947,127.771550987033,2.93566370922328,8.08182279544583,0,0,0,0,0,0,0,0,577.121448527862,278.011121962319,1492.4957709503,1557.47795127306
"182",2005,477,15.0833333333333,4297.62326919267,3486.82866514289,1066.61237324685,2025.51876620925,514.641467647014,848.839350075918,23.9389130758431,56.8898245007721,0,0,0,0,0,0,0,0,0,0,1.77916905640494,3.46393636008901,1.00831175645835,1.67144892059746,0.0474135261353562,0.112954743110719,0,0,0,0,0,0,0,0,5535.81662511805,4369.83720374066,1051.11901892537,2119.63651293721,699.975378577488,1326.05182181602,40.7363448161809,111.130585101818,212.694927444826,167.896133477055,40.5106259140335,81.7029917316234,26.9714898823854,51.0943973692025,1.56994877427646,4.28279436318507,21880.0246162511,17157.6967774509,4579.19867876459,8970.32877603292,3417.23258799489,6105.6300743942,168.222993472826,432.120333304784,840.65855361262,659.226338747072,178.170351243633,349.854175382007,134.271626626775,240.380748236389,6.61434845842744,17.0208879462937,0,0,8.94007104037019,18.0142129186976,7.05165303576328,12.7148710201581,0.358498780371966,0.928907178858524,0,0,0,0,0,0,0,0,337.822384868375,287.991481393701,338.396428740078,735.017950293024,405.249899043907,850.46619784076,14.5670933167229,44.2287542394242,12.9796664020563,11.0650935608924,12.9893232802421,28.204661335379,15.5183922585876,32.5631162712557,0.557828987608126,1.69347593107704,253.581369843336,215.905077672769,327.116057779197,743.293129598118,447.234775595195,949.2885113794,20.7523454923918,63.1683316659001,9.74299127952445,8.29541867080961,12.5528462474613,28.5129172006944,17.1216739623404,36.334326398237,0.794382077071682,2.41756037262554,0,0,52.1341383057299,122.290035168819,65.7041812764886,127.119037731203,3.37528757482205,9.29111160806691,0,0,0,0,0,0,0,0,581.836885092942,280.286259134907,1512.5790151089,1581.55690760838
"183",2005,477,15.1666666666667,4275.15214753825,3466.60264912324,1062.93900033994,2018.100010997,509.310370110548,837.730543003536,26.7468068114699,63.5019333773314,0,0,0,0,0,0,0,0,0,0,1.7738042626815,3.45255617912699,0.998511259507073,1.65064869725283,0.0530217610273303,0.126191119289347,0,0,0,0,0,0,0,0,5563.52904234315,4386.34427339205,1058.1283539798,2133.58059058566,702.296006182586,1327.89300331096,46.4211484443061,126.62082196244,213.75968283146,168.53036149066,40.7808460309608,82.2406417246993,27.0609410231085,51.1654071711858,1.7890644824675,4.87984017937195,21845.697909558,17109.0116030126,4577.98222149292,8967.11015660863,3404.9672850006,6072.75400280776,189.816279646489,487.593624377491,839.339772430926,657.355773294546,178.12218211851,349.727937874423,133.78872164543,239.085034169035,7.46348150981367,19.2060880305051,0,0,8.95068991436615,18.0339027193636,7.03501779447931,12.6623455814775,0.405372888002774,1.05042218640301,0,0,0,0,0,0,0,0,339.404103414235,288.923822173797,340.624652834923,739.742029928765,406.578970828529,851.520601115163,16.4328667635258,49.8637467203278,13.040438696442,11.1009155799007,13.0751634515979,28.3866709493903,15.5698456232435,32.6046675702579,0.629304440071098,1.90931997274938,252.95313525468,215.036883611043,327.445366660979,743.735750433703,445.8890149932,944.369970886866,23.3093688401243,70.9167309343124,9.71885375201886,8.26206125842685,12.5658153514118,28.5307217509619,17.0708087481351,36.1475088389001,0.892296075044781,2.71421082706303,0,0,52.1383745357574,122.314186839592,65.4829328515322,126.468177473555,3.81497260068093,10.4976930425549,0,0,0,0,0,0,0,0,586.574484767785,282.568777612204,1532.74655031584,1605.70047710129
"184",2005,477,15.25,4252.66613815794,3446.44305156727,1059.19740041036,2010.55776280841,504.050302767543,826.817160135346,29.4606566083352,69.8739339640131,0,0,0,0,0,0,0,0,0,0,1.76831785920146,3.440980107901,0.988834723095308,1.63019930204604,0.0584591986438669,0.138983350575769,0,0,0,0,0,0,0,0,5591.21742516141,4402.8074091663,1065.13348725273,2147.50234826229,704.629437682392,1329.76113538994,52.2421639863025,142.467863567254,214.823514777749,169.162901494447,41.05090335005,82.7774313352433,27.1508859014006,51.2374561347386,2.01343918629268,5.49066305536412,21811.5262098673,17060.6427254785,4576.6789249442,8963.69565793049,3392.87300185781,6040.3692775091,211.271681429902,542.670454909362,838.026945735529,655.497360515635,178.0705841885,349.593913676235,133.312344611187,237.808261996656,8.30725475499188,21.375761813527,0,0,8.9610629791611,18.0531991966177,7.01869169520365,12.6106964919558,0.452266735200406,1.17190301943123,0,0,0,0,0,0,0,0,340.981379599637,289.855174055264,342.843380437532,744.452843595219,407.893838279629,852.562517423306,18.2268131361716,55.273504101312,13.1010403069953,11.1366996039007,13.160640526468,28.568175495086,15.6207570419492,32.6457399172205,0.698035505957767,2.11655880036596,252.334698873349,214.181182021023,327.766657218651,744.160858645228,444.551512951657,939.496672652399,25.8102982742667,78.4775496546653,9.69509268103985,8.22918382700086,12.5784752766775,28.5478511549157,17.0202543030341,35.9624044672043,0.988069126382056,3.00370258978025,0,0,52.1406325229622,122.332542097666,65.2610295407591,125.819286838574,4.25466013149863,11.7014593244485,0,0,0,0,0,0,0,0,591.334183201705,284.858669702521,1552.99764514767,1629.9082359542
"185",2005,477,15.3333333333333,4230.18036296114,3426.3606853268,1055.39303286972,2002.90218528528,498.860657628162,816.096430702849,32.0822245392416,76.0109845269198,0,0,0,0,0,0,0,0,0,0,1.76271226340593,3.42920777279011,0.979279758751707,1.6100942335298,0.0637274833886354,0.15133793635228,0,0,0,0,0,0,0,0,5618.83692677074,4419.19213136406,1072.12105302084,2161.3753689282,706.964623237994,1331.6357602068,58.1899010654756,158.644502678541,215.884700197837,169.792428723229,41.3202842944273,83.3123453392828,27.2408998125798,51.3097579637905,2.24270821073392,6.11421748262338,21777.5369645992,17012.6100542897,4575.29691483219,8960.10126816789,3380.95050076501,6008.47412449902,232.594870834997,597.36772408243,836.721128094557,653.651865362878,178.015874059049,349.452727476531,132.842532251476,236.550377143618,9.14588373830722,23.5305545682716,0,0,8.97120665273273,18.0721069990941,7.00266732013483,12.5599068216771,0.499178030538129,1.29335007963521,0,0,0,0,0,0,0,0,342.554357278164,290.785387329491,345.053182522629,749.150381533696,409.196707141172,853.594772372892,19.9577948135179,60.4834404988356,13.1614767607941,11.1724398808478,13.2457763768606,28.7491744902506,15.6712108758091,32.6864414400922,0.7643616265288,2.31616563641109,251.727866541891,213.339630868357,328.082409465755,744.574862348615,443.225557466731,934.67655678957,28.2516647306964,85.8410775915326,9.67177745002688,8.19685007822004,12.5909211143857,28.5645510370391,16.9701364700974,35.7793172897754,1.08156833282068,3.28566351800296,0,0,52.1409932757397,122.345325777021,65.0386312990145,125.172649602536,4.69429421910627,12.9023109009489,0,0,0,0,0,0,0,0,596.115919444832,287.155927063552,1573.33167960806,1654.17983952362
"186",2005,477,15.4166666666667,4207.70851360002,3406.36518408149,1051.53097964072,1995.14273754265,493.740724476351,805.565418137935,34.6132757713714,81.9182219214025,0,0,0,0,0,0,0,0,0,0,1.75699093904292,3.41724156997331,0.96984422340017,1.59032729417187,0.0688284779775261,0.16326173442869,0,0,0,0,0,0,0,0,5646.34993643281,4435.46983850558,1079.08017268665,2175.17828107525,709.292969778062,1333.50131391942,64.2550130507078,175.123961772348,216.941794027013,170.417844262415,41.588570718712,83.8445621295607,27.330652355171,51.3817142314887,2.47651229899437,6.74947416629944,21743.7524761396,16964.9293872066,4573.84308591515,8956.34056651719,3369.19966907648,5977.06517336662,253.791131359679,651.701170899749,835.423176397288,651.819894811427,177.958320720815,349.304910676473,132.379287099668,235.311262488397,9.97956926966954,25.6710675170954,0,0,8.98113325231968,18.0906274680413,6.98693607683692,12.5099569543334,0.546103708053989,1.41476059612998,0,0,0,0,0,0,0,0,344.123008139589,291.714198487044,347.254192214234,753.833886882755,410.488947172482,854.61881525641,21.6336768504549,65.5162616802008,13.2217469701074,11.2081262862877,13.330576048177,28.9296387324258,15.7212593844019,32.7268273863252,0.828584025958711,2.50900993109576,251.134046532309,212.513511075226,328.394639050163,744.982965394217,441.913868331886,929.916054874896,30.6310636600834,93.0006961687925,9.64896216714072,8.16510922715935,12.6032301483386,28.581020854419,16.9205593557051,35.5984936161275,1.17270155883682,3.55983984745406,0,0,52.139531337092,122.352742646526,64.8158835076712,124.528520460077,5.13382123875462,14.1001551603877,0,0,0,0,0,0,0,0,600.919633385432,289.460539727582,1593.7481048383,1678.51498414278
"187",2005,477,15.5,4185.2630657785,3386.46518083668,1047.61599591032,1987.28827043093,488.689718064,795.22106929192,37.0555748311121,87.6007527906958,0,0,0,0,0,0,0,0,0,0,1.75115810616525,3.4050859897378,0.960526159249863,1.57089251402352,0.0737642292632658,0.174761897187378,0,0,0,0,0,0,0,0,5673.7248325605,4451.61678014522,1086.0019940825,2188.89381593089,711.607837524877,1335.34609090688,70.4283844915013,191.880144351315,217.993581313331,171.038235581903,41.855422246452,84.3734175665887,27.4198881217604,51.4528746528708,2.71450098001869,7.3954297043398,21710.1908031929,16917.6131430379,4572.32332696117,8952.42517010535,3357.61971732738,5946.13784200305,274.865357960098,705.6853781229,834.133784485313,650.00192601167,177.898154236726,349.150918664885,131.922585178716,234.090753301166,10.8084974031934,27.7978579238262,0,0,8.99085208259885,18.1087599453234,6.97148880605779,12.4608259559303,0.593039987845159,1.53612894699158,0,0,0,0,0,0,0,0,345.687172016474,292.641260524255,349.446228465113,758.502085057623,411.771331414808,855.635147159552,23.2614269854972,70.3922208712634,13.2818447810398,11.2437454877839,13.4150325089095,29.1095191084598,15.7709319138202,32.7669165669764,0.890969541820488,2.69586715881035,250.554314769128,211.703788477504,328.704954823978,745.389326350917,440.618654599613,925.220276349992,32.9469880457741,99.9524038750164,9.62668817123391,8.13399838277348,12.6154640601887,28.5974199857268,16.871607518155,35.4201291683207,1.26141103575311,3.82607801654668,0,0,52.1363155703806,122.354980297763,64.592918841084,123.887128697275,5.57318953236585,15.294905236922,0,0,0,0,0,0,0,0,605.745263473586,291.772495262891,1614.24640834533,1702.9133748476
"188",2005,477,15.5833333333333,4162.85544341193,3366.66844484508,1043.65254912604,1979.34710033246,483.706798339509,785.060251169906,39.4108827397522,93.0636468977449,0,0,0,0,0,0,0,0,0,0,1.74521853452194,3.39274712534273,0.95132375271951,1.55178410144567,0.078536940069727,0.185845818398644,0,0,0,0,0,0,0,0,5700.93502851168,4467.61327145699,1092.87933947517,2202.50808717611,713.904160412847,1337.16146669359,76.7011926479208,208.887812450131,219.039040555485,171.652846359199,42.1205627733191,84.8983773578959,27.5084121386152,51.5229072743445,2.95633494105572,8.05111343184382,21676.8664512269,16870.6709221415,4570.74269156494,8948.36507284386,3346.20932646396,5915.68662066602,295.822063460391,759.333793970581,832.853509680355,648.198327824575,177.835572339111,348.991143919149,131.472381716943,232.888648280895,11.6328396663967,29.9114398775547,0,0,9.00037019026946,18.1265026197308,6.95631615924173,12.4124924198574,0.639982454503133,1.65744700213491,0,0,0,0,0,0,0,0,347.246587181485,293.566165498121,351.62888455374,763.153347035796,413.044202975177,856.643615693879,24.8472035189083,75.1293457763455,13.3417601376024,11.2792818115135,13.499130049977,29.2887528672455,15.8202413024566,32.8067026804903,0.951753991459976,2.87742751350265,249.989465952546,210.91116247174,329.014609610487,745.79719441472,439.341670752579,920.593175678828,35.1986897984018,106.694420639783,9.60498599608036,8.10354441699182,12.6276708746176,28.6138729377116,16.8233481112421,35.2443754634216,1.34766805263572,4.08430951452684,0,0,52.1314098301091,122.352211487308,64.3698587755269,123.24868118606,6.01234912076416,16.4864790465464,0,0,0,0,0,0,0,0,610.592745124139,294.091778217768,1634.82609179372,1727.37470575827
"189",2005,477,15.6666666666667,4140.49614308593,3346.98198555896,1039.64484871394,1971.32706524224,478.791085175046,775.079777755303,41.6809548778212,98.3119322494375,0,0,0,0,0,0,0,0,0,0,1.73917739935766,3.3802323220095,0.942235307187766,1.53299641285973,0.0831489463199515,0.196521089694274,0,0,0,0,0,0,0,0,5727.9582497406,4483.44309902988,1099.70643981323,2216.01004725131,716.178164377645,1338.94132467718,83.0649481347842,226.122704521271,220.077315929805,172.261053649123,42.383770275681,85.4190162058485,27.5960790572377,51.5915764766974,3.20168759766528,8.71559197448154,21643.7908960908,16824.1099306429,4569.10552629109,8944.16889914971,3334.96675540443,5885.70527769575,316.665389507656,812.658766270775,831.582792902346,646.409377120849,177.770745379682,348.825925816643,131.028615326624,231.704717555178,12.4527534669604,32.0122855634335,0,0,9.00969287368796,18.143853045112,6.94140881546679,12.3649349490276,0.686926141780198,1.77870445927246,0,0,0,0,0,0,0,0,348.800912770914,294.48846101146,353.801589752427,767.785802246879,414.307587704258,857.643610653247,26.3964315230126,79.7436373522442,13.4014799432609,11.3147178756528,13.5828466541646,29.4672679578511,15.8691882095941,32.8461618321919,1.01114509178651,3.05430352328316,249.440053349795,210.136103928501,329.324544183803,746.209024203172,438.084268885737,916.037698179965,37.3860662777652,113.226862428642,9.58387689922085,8.07376542140991,12.6398866449444,28.6304737439452,16.7758328783262,35.0713453866278,1.43146860961312,4.33453841867536,0,0,52.1248735240304,122.344596013569,64.1468147955077,122.613364793804,6.45125147948962,17.6747985338741,0,0,0,0,0,0,0,0,615.462009643753,296.418369779233,1655.4866577923,1751.8986493894
"190",2005,477,15.75,4118.19486478829,3327.41216171403,1035.59687743254,1963.23558390638,473.941673630542,765.27643770422,43.8675389006237,103.35059038621,0,0,0,0,0,0,0,0,0,0,1.73304012534475,3.36754980018242,0.933259213139953,1.51452391874746,0.0876026933016523,0.206795455549464,0,0,0,0,0,0,0,0,5754.77577061524,4499.09289454749,1106.47865437803,2229.39091382771,718.427071729988,1340.681454949,89.511534768656,243.561651124186,221.107687967564,172.862343819581,42.6448660595153,85.9349958114251,27.682781812587,51.6587199086034,3.45024663343605,9.38797371849958,21610.9731370558,16777.9354276544,4567.41560614344,8939.84417207845,3323.8899544085,5856.1870761554,337.399119285225,865.671581704662,830.321979918008,644.635275963814,177.703821562505,348.655561003538,130.591212407988,230.538711104163,13.2683825669879,34.1008267288769,0,0,9.01882424258749,18.1608087290648,6.9267577351559,12.3181327247056,0.733865613231357,1.89988917239939,0,0,0,0,0,0,0,0,350.349752404715,295.407667563996,355.96367504879,772.397458720973,415.561315899204,858.634275745587,27.9138819254155,84.2492764214298,13.4609889684549,11.3500352570341,13.6661565210882,29.644987646179,15.9177657900827,32.8852606702437,1.06932548917068,3.22703796546405,248.906430910228,209.37889521088,329.635432711432,746.626595246284,436.847450368048,911.555926609192,39.5095433673755,119.551405749981,9.56337448008954,8.04467224486452,12.6521371949575,28.6472905438685,16.7291001262343,34.9011187925621,1.51282893927036,4.57682854547216,0,0,52.1167621863569,122.332282660849,63.92388964089,121.981348857779,6.88984932703409,18.8597889492735,0,0,0,0,0,0,0,0,620.352983107919,298.752247416749,1676.22759500925,1776.48484430578
"191",2005,477,15.8333333333333,4095.96060530379,3307.96475952945,1031.5124138837,1955.07969810023,469.157644198815,755.64701311154,45.9723731673382,108.184552940701,0,0,0,0,0,0,0,0,0,0,1.726812291144,3.35470841445701,0.924393931584136,1.49636118790109,0.0919007170331148,0.216676777596426,0,0,0,0,0,0,0,0,5781.3718725973,4514.55169056005,1113.19227374012,2242.64376697567,720.648898608935,1342.37914623984,96.0332305386411,261.182636580806,222.129552737383,173.456295483615,42.9037072021673,86.4460494208619,27.7684438494811,51.7242328240241,3.70171481430055,10.0674112042548,21578.4200898902,16732.151042499,4565.67622889497,8935.39749939464,3312.9766407183,5827.1249163006,358.026693773,918.38251484103,829.071336443298,642.876163797652,177.634930589024,348.480310592694,130.160090091324,229.39036430955,14.0798576958773,36.1774565327468,0,0,9.02776753881519,18.1773673996627,6.91235425605659,12.2720657177234,0.780795049457647,2.02098747565195,0,0,0,0,0,0,0,0,351.892670240737,296.323290078846,358.114413067609,776.986274805437,416.805091976773,859.614625209033,29.4037393643928,88.6588030299428,13.5202704674272,11.3852149340113,13.7490316017853,29.8218332724319,15.9659623716169,32.9239608695641,1.12645535957894,3.3961107386686,248.388784356213,208.639659818084,329.947721335181,747.051110307049,435.631913963481,907.149208105504,41.5699825411663,125.671019157557,9.54348587457391,8.01626963238776,12.6644395981963,28.6643693516353,16.6831765665169,34.7337473612011,1.59178194701199,4.81129316748082,0,0,52.1071279486374,122.315410697901,63.7011782715636,121.352787123329,7.32809646145275,20.0413782923823,0,0,0,0,0,0,0,0,625.26558574179,301.093384732223,1697.04837199259,1801.13289141597
"192",2005,477,15.9166666666667,4073.80173792261,3288.64505955394,1027.3950518231,1946.86610879977,464.438071159631,746.188294875356,47.9971853984251,112.818698772076,0,0,0,0,0,0,0,0,0,0,1.72049955368035,3.34171745801228,0.915637981448045,1.47850287669876,0.0960456278212456,0.226173003103312,0,0,0,0,0,0,0,0,5807.73338259845,4529.81054247568,1119.84435327691,2255.76320902805,722.842286661726,1344.0328486674,102.622720593656,278.96483768925,223.142404108144,174.042564975701,43.1601801655516,86.951968775669,27.8530126614656,51.7880551348772,3.95581049587182,10.7531026376153,21546.1369219808,16686.7590446317,4563.89029454786,8930.83472993662,3302.22436065969,5798.51145152415,378.551229447668,970.800881159631,827.831061019235,641.132127818241,177.564186729102,348.30040621369,129.735158654254,228.259402474902,14.8872972196939,38.2425315512212,0,0,9.03652538294391,18.1935271799739,6.89819014690002,12.226714805513,0.827708332049422,2.14198448847512,0,0,0,0,0,0,0,0,353.429204266286,297.234827308314,360.253049135511,781.550214182033,418.038547308903,860.583629945193,30.8696648043937,92.9832829856665,13.5793066889072,11.4202376478459,13.8314427931765,29.9977263672685,16.0137634853332,32.9622224446999,1.18267480810169,3.56194524428051,247.887158232919,207.918388186527,330.261663372283,747.483284281966,434.438100520121,902.81826949864,43.568598560935,131.58972451424,9.52421279430969,7.98855721652636,12.6768035278818,28.6817374644237,16.6380790262312,34.569259010305,1.66837405869865,5.03808587024271,0,0,52.0960199612306,122.294111191097,63.4787687155372,120.727819452506,7.76594762498049,21.2194968468367,0,0,0,0,0,0,0,0,630.199731485927,303.441751384913,1717.94843351878,1825.84235267512
"193",2006,477,16,4051.53344410855,3269.10859448505,1023.20571958545,1938.68055139426,458.337332571478,733.423845368121,51.406351139797,120.739254124277,0,0,0,0,0,0,0,0,0,0,1.71413207287716,3.32861270213941,0.904141002829789,1.45405675922951,0.102930377786937,0.242203859499962,0,0,0,0,0,0,0,0,5834.20826061916,4545.15726057037,1126.22799802621,2268.58349010033,722.746069967721,1339.32465148934,111.636508458419,303.404044015642,224.159611259511,174.632210426899,43.4063367064407,87.4463852097441,27.8493571476469,51.6067415159973,4.30333599565356,11.6953426794058,21514.7834013461,16642.1661190326,4561.27618055138,8925.51247114337,3281.25222204797,5743.04510860382,409.495086095163,1050.31875554945,826.626502719701,639.418793520867,177.46159142943,348.091140158976,128.908573732954,226.071077963178,16.1041090146291,41.3743672096049,0,0,9.04512975771967,18.2092674939662,6.86257465384554,12.1244733492669,0.896668411215075,2.32084629950843,0,0,0,0,0,0,0,0,354.993616571449,298.15406646406,362.390771525183,786.090377930346,417.997109919134,857.492401675168,33.6172281730161,101.205378736414,13.6394140361919,11.4555562820777,13.9138190763631,30.1727083562848,16.0127257898837,32.8449594169092,1.28799714442357,3.87708910887137,247.408562885207,207.221714118108,330.565655849749,747.89983492394,431.890500873782,894.28664106871,46.8931124499624,141.579754326483,9.50582458786289,7.96178987856109,12.6887831469817,28.6985008085672,16.5411267670252,34.2439008390149,1.79575355060036,5.42079691486075,0,0,52.0842802556344,122.268723839619,63.0568338463346,119.537422454861,8.40628076656951,22.9657518175137,0,0,0,0,0,0,0,0,635.128630525441,305.791274243189,1738.7931750537,1850.51209740689
"194",2006,477,16.0833333333333,4029.22320969686,3249.57843810535,1018.95728379851,1930.40408912586,452.172070099439,720.538991513252,54.870208701038,128.757778188584,0,0,0,0,0,0,0,0,0,0,1.70767353332051,3.31539196298629,0.892497295470037,1.42932780271412,0.109941071072649,0.258466903737701,0,0,0,0,0,0,0,0,5860.65447481518,4560.46344704605,1132.58167310839,2281.35932420754,722.390320388532,1333.91094764589,121.11396370762,329.059652770976,225.175717100895,175.220298588477,43.6513354071028,87.939082890159,27.8356992325647,51.3982394238071,4.66874369436766,12.6844964515241,21483.601404847,16597.8680697228,4558.48806690932,8919.92666522982,3259.28952427118,5685.11108304458,441.553325216784,1132.56057936617,825.428533527766,637.716788880962,177.352230977752,347.871526349879,128.042911651273,223.7852828055,17.3647497196136,44.6134493780972,0,0,9.05326750227127,18.2243775681606,6.82478244412231,12.0167189007099,0.968357704607984,2.50647966541252,0,0,0,0,0,0,0,0,356.553675497005,299.069623080206,364.508628089805,790.597403049003,417.781027666981,853.894447519676,36.4238042109327,109.580864101324,13.6993541183165,11.4907334273047,13.9954329305518,30.3464199039745,16.0049950332509,32.708274066043,1.39558849604791,4.19813384392505,246.936674197853,206.534175462535,330.856534326327,748.289209485705,429.191310191059,885.318866478314,50.3189621885951,151.840742246102,9.48769405730354,7.93537353792819,12.7002572854215,28.714216401348,16.4383595739738,33.9018126490697,1.92702379114376,5.81391407689218,0,0,52.0708797399371,122.238350190663,62.6123143399778,118.2882948909,9.07113496450382,24.7745349293406,0,0,0,0,0,0,0,0,640.075657070288,308.147218627761,1759.64910803011,1875.1406679709
"195",2006,477,16.1666666666667,4006.91103972683,3230.11179060893,1014.66033952178,1922.03503377133,446.137948963214,708.00242492212,58.1921917946811,136.407362318112,0,0,0,0,0,0,0,0,0,0,1.70112123624847,3.30204536599783,0.881091349355222,1.40524460114537,0.116687260391614,0.274030842103821,0,0,0,0,0,0,0,0,5886.97093349388,4575.64862430501,1138.91640937614,2294.07957844041,722.06601471823,1328.61780353196,130.730152213512,355.031857157887,226.186837527802,175.803737382435,43.8956001643994,88.4296343034693,27.8232528659393,51.1943822861838,5.03951433748635,13.6858963715677,21452.5334205814,16553.8326856685,4555.64062633939,8914.1821663758,3237.74107767098,5628.40113047073,473.313828182114,1213.84791097038,824.234943775372,636.024876297973,177.240511590993,347.645603504415,127.193371404087,221.547362557368,18.6137318908711,47.8149503627804,0,0,9.06097700671149,18.238894304254,6.78773737273434,11.9112271008575,1.03980672612846,2.69107763997618,0,0,0,0,0,0,0,0,358.104855820222,299.979815412254,366.60633544534,795.072356197088,417.563186203164,850.340264972226,39.1219715974716,117.59714356723,13.7589530691188,11.5257044682108,14.0762734658011,30.5189018874645,15.9971940082794,32.5732520929072,1.49903548655054,4.50544583606853,246.472875291306,205.856860066489,331.13874275636,748.66206187413,426.530617570296,876.502676792252,53.6541336434823,161.781897977796,9.46987434439923,7.90934999143391,12.7113964897099,28.7292929278527,16.337057505299,33.5654994062597,2.05483073033908,6.1948145002532,0,0,52.055769080414,122.20317632863,62.1723869974783,117.057704651226,9.73314452735797,26.5686484658051,0,0,0,0,0,0,0,0,645.044314171976,310.510365286519,1780.53069943749,1899.7364928132
"196",2006,477,16.25,3984.61621730095,3210.72290734263,1010.32113345736,1913.58520070119,440.232457136545,695.805159005255,61.3760779894637,143.699489702399,0,0,0,0,0,0,0,0,0,0,1.69447847877521,3.28856982899708,0.869917573759707,1.38179005700428,0.12317373982438,0.28891282486108,0,0,0,0,0,0,0,0,5913.10239445282,4590.67072451796,1145.21504208789,2306.71055269567,721.75979625192,1323.41935431266,140.470798297216,381.279624778924,227.190850046474,176.380910495498,44.1384716729297,88.9167446396372,27.8115046606137,50.9941759121297,5.41509898552733,14.6979645165726,21421.6155938195,16510.0864692842,4552.74364416486,8908.29846655251,3216.60337217958,5572.89677266081,504.787064054523,1294.2153025032,823.047122216432,634.344074037027,177.12681486515,347.414133426802,126.359823833117,219.356610389834,19.851457883044,50.9802066770006,0,0,9.0683090890502,18.2528563885502,6.75142229172903,11.8079500409668,1.11101593697734,2.87465686891483,0,0,0,0,0,0,0,0,359.647185116335,300.884473522365,368.685064194527,799.515885506865,417.345562338877,846.832614023615,41.7241235949365,125.291425417882,13.8182119480793,11.5604628755121,14.1563855524011,30.6901790113279,15.9893983846348,32.4399993849009,1.59881285333153,4.80045007554448,246.019618509848,205.191889752068,331.415475899967,749.02651588678,423.91256745627,867.846483387743,56.8954777473489,171.395690152493,9.45245967217951,7.88380076287463,12.7223233208575,28.7440419606009,16.2373793622102,33.2352837860851,2.17905348052455,6.56320862500704,0,0,52.0390291198376,122.163456462819,61.737171262871,115.845701348136,10.3922894793426,28.3482161360949,0,0,0,0,0,0,0,0,650.034478896269,312.880671370125,1801.4376155988,1924.30021557195
"197",2006,477,16.3333333333333,3962.35600528421,3191.42439222152,1005.94538064942,1905.0654087965,434.452986530208,683.93817467209,64.4255940522683,150.645408946313,0,0,0,0,0,0,0,0,0,0,1.68774967100729,3.27496596548523,0.858970665711562,1.35894752341634,0.129405547585275,0.303130252242777,0,0,0,0,0,0,0,0,5939.00352873986,4605.49561645201,1151.46388956828,2319.22558095833,721.461678615771,1318.29651369883,150.321999432185,407.763113980827,228.18601304608,176.950506551115,44.3794242649304,89.3993890145575,27.8000706201621,50.7968863563162,5.7949628992326,15.7191683276066,21390.8770087281,16466.6503512173,4549.80519368262,8902.29171362064,3195.87178840039,5518.57770907181,535.982849034553,1373.6952050604,821.866186307897,632.675186286984,177.011456140602,347.177748334758,125.542096281131,217.212247700107,21.0783052290909,54.110474710554,0,0,9.07530383880953,18.2662923884895,6.7158192240216,11.7068371352252,1.18198444099154,3.05722866976571,0,0,0,0,0,0,0,0,361.18048760637,301.783286510822,370.745368913141,803.927611550184,417.129193424234,843.372563457483,44.2412186123755,132.696867257064,13.8771240014845,11.5949967039439,14.2357903939721,30.8602364922919,15.9816477482612,32.3085568497957,1.69534033565076,5.08441631122065,245.578787416597,204.540877064059,331.689283511079,749.389017037444,421.340338118193,859.356390311303,60.0412631691591,180.678753948537,9.43552241021174,7.8587878087973,12.7331355953411,28.7587107043106,16.1394469625894,32.9114001490928,2.29962547066595,6.91896651877081,0,0,52.0207360231239,122.119420783975,61.3067650211542,114.652293645586,11.0485534315053,30.1133699222221,0,0,0,0,0,0,0,0,655.046027289599,315.258092104723,1822.36959263624,1948.8325213884
"198",2006,477,16.4166666666667,3940.14602457162,3172.22750929527,1001.53835853514,1896.48565774197,428.796873998164,672.392485487118,67.344413341911,157.256135320625,0,0,0,0,0,0,0,0,0,0,1.68093993531353,3.26123699194444,0.848245531196102,1.33670072698652,0.13538790190809,0.316700656869032,0,0,0,0,0,0,0,0,5964.63677257197,4620.09536586616,1157.65194663142,2331.60338705354,721.164160121791,1313.2351399461,160.270343170926,434.444007993654,229.170883266005,177.511452271078,44.6180349836451,89.8767494164311,27.7886621628299,50.6019695579755,6.17859004994782,16.7480334998607,21360.3412403553,16423.5409304189,4546.83202995336,8896.1754887015,3175.54092990902,5465.42245339728,566.910376273797,1452.31807679296,820.693041839081,631.018850805973,176.894699714102,346.936980924492,124.739985514494,215.113448896354,22.2946277408382,57.2069347560844,0,0,9.0819935549086,18.2792240670526,6.68091009614072,11.6078370960812,1.25271018810475,3.23879987069367,0,0,0,0,0,0,0,0,362.704446510636,302.675849310756,372.787392036139,808.306497598218,416.914530692183,839.960155621591,46.6829826296589,139.843123592183,13.9356770581481,11.6292903901891,14.3144933569756,31.0290342791379,15.9739591725167,32.1789259520529,1.78899043126298,5.35848003032007,245.151816593266,203.905033601546,331.962181265404,749.754637122141,418.816307883919,851.03662630181,63.0908698190942,189.630993803477,9.41911767749402,7.83435768077339,12.7439106380276,28.7734936701642,16.0433514926979,32.5940110515024,2.4165227028285,7.26208350003461,0,0,52.0009616424849,122.071279586132,60.8812485456354,113.477456944799,11.7019227717219,31.8642475775188,0,0,0,0,0,0,0,0,660.078831658664,317.642579788303,1843.32639134667,1973.33409285973
"199",2006,477,16.5,3918.00039643352,3153.142301238,997.104940830791,1887.85519193623,423.261422000366,661.159176068522,70.1361512375016,163.542439794699,0,0,0,0,0,0,0,0,0,0,1.6740549427383,3.24738827963839,0.837737260164505,1.3150337570608,0.141126169173954,0.329641636498638,0,0,0,0,0,0,0,0,5989.97146234609,4634.44752948387,1163.77055232173,2343.8274051103,720.861848857482,1308.22525520924,170.302987614664,461.285748627339,230.144282561584,178.062885348809,44.8539708442306,90.3481886485299,27.7770717366536,50.4090413858287,6.56548622103126,17.7831529903623,21330.0269843637,16380.7709813284,4543.8297492892,8889.96112151094,3155.60476682129,5413.40861851518,597.57821537744,1530.11238814361,819.528407126882,629.375558408233,176.776764996425,346.692276559488,123.953263299232,213.05935247953,23.500755468411,60.2706911423639,0,0,9.08840388367086,18.2916676241156,6.64667696937632,11.5108985711628,1.32319011161954,3.41937331721972,0,0,0,0,0,0,0,0,364.218631710396,303.561683753682,374.810948140394,812.651004540969,416.701573228272,836.594657167221,49.0579918015441,146.75656478287,13.9938545922165,11.6633255622493,14.3924872082489,31.196513004378,15.9663323663599,32.0510783501721,1.88009156185322,5.62365084765974,244.739741371606,203.28521535589,332.235701801545,750.127210342588,416.342140842053,842.889762173584,66.0446428800819,198.255153674211,9.40328525321395,7.81054326735671,12.7547072387862,28.7885378929149,15.9491567841826,32.2832155572256,2.52975815874022,7.59266367292933,0,0,51.9797736791184,122.019224965364,60.460686118727,112.321136730084,12.3523862397379,33.6009911817482,0,0,0,0,0,0,0,0,665.132759178977,320.034083254065,1864.30778250648,1997.80559612226
"200",2006,477,16.5833333333333,3895.93193698979,3134.17774991059,992.649645691281,1879.18259112899,417.843920039346,650.229436890288,72.8043632946575,169.514848096864,0,0,0,0,0,0,0,0,0,0,1.66710071440164,3.23342680028168,0.827441091918419,1.29393103885647,0.146625826572735,0.341970782967577,0,0,0,0,0,0,0,0,6014.98270923687,4648.53424420419,1169.81296569647,2355.88491425565,720.551007197056,1303.26010911435,180.407718725541,488.253699869794,231.105254664345,178.604119455405,45.0869725665481,90.8132171434696,27.7651553424777,50.2178417055442,6.95518122253616,18.8231933407074,21299.9488725537,16338.3501047479,4540.80299448071,8883.65809503834,3136.0568056865,5362.51324050797,627.994334641549,1607.10469785902,818.372844349287,627.745677971748,176.657834440419,346.444008922081,123.181683009785,211.049073665865,24.6969955299224,63.3027750826498,0,0,9.09455528106954,18.3036352824846,6.61310233964817,11.4159709717939,1.39342027967105,3.59894845084835,0,0,0,0,0,0,0,0,365.722532452119,304.440263049127,376.815625580352,816.959274661406,416.490033585122,833.274867349465,51.373789987631,153.460595726031,14.0516369797188,11.6970819799919,14.4697560187906,31.3626010439358,15.9587560366779,31.9249677427767,1.96893257722758,5.88082471735709,244.343262708517,202.681981291833,332.510961104086,750.509510772095,413.918888133212,834.916964971567,68.9037187841851,206.55630574515,9.38805206935126,7.78736604486297,12.765568198103,28.8039497345818,15.8569031876359,31.9790589571956,2.63937513168917,7.91090033788575,0,0,51.9572359372117,121.963433099458,60.0451281427284,111.183252741806,12.9999345048386,35.3237457838015,0,0,0,0,0,0,0,0,670.207670562207,322.432547397804,1885.3135280739,2022.24766325717
"201",2006,477,16.6666666666667,3873.95234824606,3115.34193438298,988.176682941475,1870.47585919284,412.541665602093,639.59459841927,75.3525431615049,175.183639228039,0,0,0,0,0,0,0,0,0,0,1.66008343661431,3.21936059831574,0.817352385649808,1.27337731517266,0.151892423212008,0.353705607635986,0,0,0,0,0,0,0,0,6039.65029050165,4662.34133004381,1175.77394905988,2367.76618865899,720.229112020325,1298.33527887611,190.573000436467,515.315290051582,232.053022584176,179.13460977323,45.3168385923675,91.2714603633551,27.7528156571767,50.0281998440519,7.34723083139073,19.8669001828447,21270.1182770528,16296.285369328,4537.75565541852,8877.27444061707,3116.89025241619,5312.71308751091,658.166129141403,1683.31974668802,817.226790443422,626.129481085164,176.538061291905,346.192495295062,122.424985970218,209.081716427693,25.8836331646165,66.3041481978567,0,0,9.10046439070428,18.3151367310383,6.58016936888898,11.3230051315929,1.46339607391997,3.77752197108196,0,0,0,0,0,0,0,0,367.215589101151,305.311035448102,378.80088149759,821.229302354068,416.279484990089,829.999389187326,53.6370142476329,159.975997540637,14.1090027185937,11.730538444338,14.5462788136442,31.5272210766283,15.9512135444599,31.800540289825,2.05576756519944,6.13079702718461,243.962812400528,202.09565220611,332.788729333249,750.903438850854,411.547097347272,827.118267403899,71.6698453966667,214.541320618864,9.37343471631946,7.76483833881217,12.7765230435405,28.8198020351422,15.7666117581105,31.6815430768536,2.74544033639743,8.21705569255113,0,0,51.9334086251942,121.904066584405,59.6346132692201,110.063703232194,13.6445597393015,37.0326580139772,0,0,0,0,0,0,0,0,675.303418880753,324.837912784158,1906.34336639235,2046.66087919916
"202",2006,477,16.75,3852.0723243813,3096.64211916618,983.689980487264,1861.74247356551,407.351974625621,629.246147369636,77.7841215561342,180.558845764813,0,0,0,0,0,0,0,0,0,0,1.65300938225694,3.20519854210106,0.807466610601674,1.25335764474774,0.15693155718389,0.364863498941254,0,0,0,0,0,0,0,0,6063.9580464618,4675.85780274147,1181.64954563563,2379.46404516986,719.894631911832,1293.44821919905,200.787986726554,542.440043468813,232.986965440381,179.653934269402,45.5434165566178,91.7226414440519,27.7399934792424,49.8400173063335,7.74121726695255,20.9130994879965,21240.5437475642,16254.5816597596,4534.69097494356,8870.81694528401,3098.09809179322,5263.984805743,688.100447866036,1758.78054507446,816.090573905228,624.527155425888,176.417573681329,345.938004587203,121.682904556743,207.156379207373,27.0609327580624,69.2757058351437,0,0,9.10614467769022,18.3261796923755,6.54786189947338,11.231953388105,1.53311232897096,3.95508832950041,0,0,0,0,0,0,0,0,368.697208994233,306.173435822603,380.766083540223,825.459006672659,416.069414286715,826.766722766162,55.8534804223733,166.321163672937,14.1659290377684,11.7636732421655,14.6220311755888,31.6902928738711,15.9436849406323,31.6777382022586,2.14081913227247,6.37427164857905,243.598590185854,201.52634418317,333.06947748448,751.310139974225,409.22688729388,819.492744387255,74.3452728417208,222.21854359033,9.35944086848476,7.74296460935066,12.7875898196554,28.8361386606254,15.6782871185742,31.3906330357494,2.84803972569222,8.5114484283345,0,0,51.908348620517,121.841275879641,59.2291696670066,108.962367559497,14.2862553606323,38.7278752551624,0,0,0,0,0,0,0,0,680.419849239041,327.250115589197,1927.39701042569,2071.04578176439
"203",2006,477,16.8333333333333,3830.30166492795,3078.08484803655,979.193212568547,1852.98943813531,402.272192270516,619.17574303987,80.1024655066161,185.650255078149,0,0,0,0,0,0,0,0,0,0,1.64588482205853,3.19095005020168,0.797779334290504,1.23385739838896,0.161748851425665,0.375461677843228,0,0,0,0,0,0,0,0,6087.89323428022,4689.07535259661,1187.43684158235,2390.97335907504,719.546791086868,1288.59778687659,211.04253012407,569.599601392975,233.906593632781,180.161773671936,45.7665941582191,92.1665626166963,27.7266586656323,49.6532495226945,8.13674952978167,21.9606984091619,21211.2314801133,16213.2420491236,4531.61166253446,8864.29137449034,3079.6731723627,5216.30507480153,717.803624174294,1833.50847080747,814.964432799356,622.938819066348,176.296479018319,345.680765952833,120.9551655096,205.272160991928,28.2291389951071,72.2182807695692,0,0,9.11160713513474,18.3367705826679,6.51616450037586,11.1427697497624,1.60256346881947,4.13164021769569,0,0,0,0,0,0,0,0,370.166783376435,307.026898023931,382.71055555767,829.646310828606,415.859283391171,823.575374228248,58.0282724469994,172.512346668251,14.2223925479029,11.7964646211359,14.6969870013658,31.8517363561099,15.9361493283666,31.5565039330826,2.22428182743313,6.6118703956197,243.250603513745,200.974004346964,333.353425913981,751.73012877996,406.958022451123,812.038689505406,76.93264127109,229.597461858051,9.34607081216646,7.72174282489231,12.7987769496764,28.8529792701519,15.5919203108664,31.1062640034466,2.94727419016838,8.79444098004153,0,0,51.8821097284601,121.775200811529,58.8288163404135,107.879108851843,14.9250157949729,40.4095448745218,0,0,0,0,0,0,0,0,685.556798424788,329.669087539875,1948.47414443898,2095.40286005307
"204",2006,477,16.9166666666667,3808.64937936197,3059.67603078465,974.68982596383,1844.2233322336,397.299702347977,609.37523112103,82.3108778215203,190.467411198225,0,0,0,0,0,0,0,0,0,0,1.63871594709142,3.17662484737642,0.788286212592036,1.21486225612067,0.166349931408953,0.385517157310177,0,0,0,0,0,0,0,0,6111.44593411976,4701.98786622435,1193.13374921312,2402.29062343529,719.185358551064,1283.78381830637,221.32718243318,596.767720221957,234.81152602537,180.657893094809,45.9862908436548,92.6030882997693,27.7128020366,49.467889626179,8.53346344139455,23.0086852445812,21182.1857476879,16172.2681403697,4528.51999785413,8857.70267457677,3061.60828176692,5169.65074376183,747.281507916594,1907.52337134296,813.84853130493,621.364533594166,176.174867994933,345.420976629718,120.241492874417,203.428166642934,29.3884780779351,75.1326470886788,0,0,9.11686091510628,18.3469150847896,6.48506249615039,11.0554100172174,1.67174363523931,4.30716902538209,0,0,0,0,0,0,0,0,371.623702444782,307.870865769484,384.633617191363,833.789210171487,415.648580998299,820.423946339945,60.1658279317856,178.563895636273,14.2783698193902,11.8288912079815,14.7711200234638,32.0114742068383,15.9285868506263,31.4367836601895,2.30632542302018,6.84414212773935,242.918704494548,200.438444018367,333.640590101144,752.163405965436,404.739982159395,804.753777892754,79.4348776155587,236.688397766176,9.33331886531596,7.70116573607957,12.8100849913623,28.8703237969164,15.5074914458554,30.8283474365826,3.04325560217481,9.06642777316235,0,0,51.8547429344815,121.705971976892,58.433564352992,106.813776480706,15.560836272469,42.0778135587329,0,0,0,0,0,0,0,0,690.714094692343,332.094755909835,1969.57442184526,2119.73255398001
"205",2007,477,17,3786.99342765148,3041.29819029649,970.146144825024,1835.40446600832,392.375568200148,599.690270485481,84.4758000647173,195.177545310175,0,0,0,0,0,0,0,0,0,0,1.63152219430253,3.1622614537362,0.778871162708598,1.19606631763334,0.170865908116185,0.395361783978955,0,0,0,0,0,0,0,0,6134.64102610954,4714.62208347101,1198.71978856217,2413.40612986937,718.707411080488,1278.69480578077,231.749593045319,624.258795090909,235.702718552495,181.143319925677,46.2017206310683,93.0318474990884,27.6944572609783,49.2719336688806,8.93550693176133,24.0691738497234,21153.4039920057,16131.6556427836,4525.33393317722,8850.99979150127,3043.45864830768,5122.74725808916,777.030670325267,1982.19528182824,812.74277110224,619.80413415398,176.049609602382,345.156728865593,119.524426221246,201.574258686861,30.5584487351146,78.072708911989,0,0,9.12198966117375,18.3567870150741,6.45361431768879,10.967152254058,1.7416890065254,4.48456066916016,0,0,0,0,0,0,0,0,373.078829577064,308.715301981057,386.546783941035,837.917239074067,415.405345180511,817.171999779865,62.3392083015887,184.711052326983,14.3342782403043,11.8613357940987,14.8448722994361,32.1706399242707,15.9197723671136,31.3131956288127,2.38974961942591,7.08010017710094,242.604115093636,199.920916224565,333.932495645644,752.61523693173,402.514141727378,797.440335269631,81.9200081025776,243.712443369925,9.32123197786617,7.68128148621836,12.8215724544281,28.888374205402,15.4227543069577,30.5493110742332,3.13859018085266,9.33587766721705,0,0,51.8267368432388,121.634837910049,58.0350722348657,105.740366836687,16.2030855274566,43.7607405043533,0,0,0,0,0,0,0,0,695.878535913768,334.515291474849,1990.64431176472,2143.91786100324
"206",2007,477,17.0833333333333,3763.45252113774,3021.18593619384,965.033369744846,1825.86387109537,386.713548294528,588.096963762882,87.4720533335104,201.955974255024,0,0,0,0,0,0,0,0,0,0,1.62439067569523,3.14812277419735,0.767987693201369,1.17344843191821,0.17704032935677,0.409349488450869,0,0,0,0,0,0,0,0,6158.1209943408,4727.55447948179,1203.98964705404,2424.34026028087,716.716281520248,1269.06148004384,243.993967207865,656.947958776496,236.604856480384,181.640203261502,46.405009896967,93.453660840624,27.6178000461084,48.9008638598209,9.40777736921843,25.3300139295599,21124.6505761273,16091.211678878,4520.84125415383,8843.34041604492,3019.08880245183,5058.14494504802,813.928687987146,2076.36227251494,811.638098262942,618.250210096875,175.874365016614,344.856281399491,118.563012205596,199.023812675087,32.0091625805453,81.7797398679473,0,0,9.12772592351502,18.3683989583374,6.40886414508857,10.8406973479902,1.82706506697774,4.70436072763486,0,0,0,0,0,0,0,0,374.688946864503,309.704066151676,388.607253574575,842.44963043374,414.661163961209,811.818821276705,65.4913238116324,193.977637569839,14.3961416256427,11.8993256913841,14.924280111853,32.3453280654178,15.8917541842937,31.1090722900885,2.51069088484377,7.43561727326634,242.318785980988,199.435900686534,334.24161767345,753.142159187163,399.466473725018,787.37624342078,85.3002251821412,253.608848379443,9.31026931348131,7.66264640935296,12.8337179579425,28.9093001228576,15.30651782629,30.1648700099354,3.26823034428712,9.71539395349186,0,0,51.803973199261,121.57695831834,57.5163226502715,104.298507818511,16.9834278389833,45.8482971497477,0,0,0,0,0,0,0,0,700.86592342814,336.76426608364,2010.92098428333,2166.27554642415
"207",2007,477,17.1666666666667,3739.98805768484,3001.1932466691,959.909654687912,1816.28656442461,381.183033166195,576.866890754423,90.3199563165085,208.346433619796,0,0,0,0,0,0,0,0,0,0,1.61704546333239,3.13366744760273,0.757366708849228,1.15154426482321,0.182932272860435,0.422589367353459,0,0,0,0,0,0,0,0,6181.50205071935,4740.3935346248,1209.27190779299,2435.28225939183,714.820246407476,1259.73220354292,256.318896951072,689.747882454362,237.503194056714,182.133500291918,46.608763423801,93.875755910805,27.5448012258,48.5414985240567,9.88317137899381,26.5951740446517,21095.8997557723,16050.9271296373,4516.30591787652,8835.52862022253,2995.21378420498,4995.13359095747,850.440771833717,2169.21397579661,810.533524150489,616.702411039283,175.697396268293,344.549777555108,117.620970323299,196.535864590092,33.4447111027334,85.4348707990573,0,0,9.13269003905885,18.3789430573148,6.36507924020793,10.7173722672977,1.91194900939838,4.92216045333506,0,0,0,0,0,0,0,0,376.275756481656,310.673883997078,390.619925497775,846.891772666105,413.882130098419,806.468086815132,68.5415640610233,202.878539629415,14.4571094920931,11.9365876405943,15.0018514051571,32.5165499067127,15.8623944889992,30.9050231795203,2.62773661759345,7.77714785476787,242.034390762971,198.955371456359,334.534790850153,753.642458228943,396.483522163952,777.560623711953,88.5790762358582,263.137708901175,9.29934252762152,7.64418370371817,12.8452485060485,28.9291980057823,15.1927501675759,29.7899158527209,3.39399657526403,10.0808606152072,0,0,51.7794326696079,121.514553723771,57.0053679349924,102.886310449212,17.7584107592926,47.9113365799176,0,0,0,0,0,0,0,0,705.874623947557,339.020360080136,2031.20229594332,2188.56947460127
"208",2007,477,17.25,3716.62057295446,2981.33527016875,954.781121762442,1806.68466953062,375.781522928947,565.989051723953,93.0242072803294,214.363603403382,0,0,0,0,0,0,0,0,0,0,1.60952009895084,3.11893888634661,0.746997045057803,1.13032539711676,0.188548395285591,0.435104658163891,0,0,0,0,0,0,0,0,6204.71272017286,4753.0852690569,1214.54202393514,2446.18367450644,712.999170959856,1250.66760785587,268.709891553476,722.617682902008,238.394985094907,182.621137025031,46.8120390723018,94.2962724723799,27.4746874310947,48.1923253056336,10.3611313805708,27.8630809772741,21067.201549123,16010.838930257,4511.74085923757,8827.5908265397,2971.8305032692,4933.68595821156,886.579057653588,2260.79537015455,809.430970538133,615.162156090482,175.519207340704,344.238247822297,116.698184170885,194.10935539071,34.8655643297469,89.0398556803619,0,0,9.13700395434116,18.38855521003,6.32223759185994,10.5971081202093,1.99634501813063,5.13799673698991,0,0,0,0,0,0,0,0,377.84036951435,311.625558924321,392.589676352833,851.251581947129,413.077659990924,801.137716445532,71.5002711077795,211.447311654667,14.5172245293318,11.9731525099135,15.0777734200371,32.6846093182589,15.8320544036236,30.7017358470259,2.74128300147726,8.10597698551901,241.753934001689,198.481705916782,334.815211447239,754.12378743289,393.565617796217,767.990643529605,91.7564287267542,272.301279883213,9.28856706036983,7.62598471216006,12.8562867290719,28.9483614099426,15.0814641140994,29.4243408422372,3.51588336467422,10.4323624057711,0,0,51.7531780418736,121.447873951848,56.5022646454693,101.50350316477,18.5280754736629,49.950293020652,0,0,0,0,0,0,0,0,710.904342175984,341.283441357969,2051.4865197193,2210.79912629265
"209",2007,477,17.3333333333333,3693.36807211176,2961.62508797369,949.653248290169,1797.06909145441,370.506339881162,555.452358232442,95.589458310934,220.021872739811,0,0,0,0,0,0,0,0,0,0,1.60184417125969,3.10397666700952,0.736868971588353,1.10976540852521,0.193895583160435,0.446918782573921,0,0,0,0,0,0,0,0,6227.69455062584,4765.58597148945,1219.7802048685,2457.00558904606,711.237225024046,1241.83659327184,281.153067718348,755.518444537091,239.277983772748,183.101434003229,47.0140771247836,94.7137160987416,27.4068504668764,47.8521491340546,10.8411230129606,29.1322367829305,21038.5966418805,15970.976702195,4507.15665834179,8819.54886382592,2948.93411573552,4873.77190629515,922.355100630054,2351.14938088599,808.332000632719,613.630583354185,175.340211159088,343.922544849477,115.794468874818,191.743112307825,36.2721702512991,92.5963701687323,0,0,9.14076600914455,18.397343328346,6.28031587299415,10.4798308911919,2.08025586441861,5.35190118728539,0,0,0,0,0,0,0,0,379.383571951834,312.559655533341,394.520195763564,855.534870577524,412.255000255845,795.841488124098,74.376711894817,219.714307525666,14.5765169363063,12.0090419921741,15.1521878080062,32.8497293623665,15.8010117766693,30.499738875617,2.8516849956852,8.42326707885619,241.479746222352,198.016709053168,335.085537199464,754.592319819869,390.712771232849,758.662771056503,94.8331044324439,281.104693919133,9.27803245425525,7.60811878510153,12.8669346042909,28.9670271281664,14.9726602341999,29.0680105277143,3.63392178847697,10.7700944075239,0,0,51.7252752880481,121.377151872351,56.0070411982874,100.149762098194,19.2924671057363,51.9656090224007,0,0,0,0,0,0,0,0,715.954787686194,343.553380180911,2071.77228288785,2232.96436467523
"210",2007,477,17.4166666666667,3670.24638255533,2942.07402485908,944.530942328251,1787.44965273051,365.354720351087,545.245842015383,98.0202546502788,225.335184974124,0,0,0,0,0,0,0,0,0,0,1.5940436925898,3.08881667287995,0.726973965757506,1.08983976166807,0.198980814191717,0.458054984035975,0,0,0,0,0,0,0,0,6250.40004808492,4777.86053899776,1224.97063408648,2467.71703142681,709.522099378987,1233.21479255471,293.635282611772,788.413563914134,240.150365295059,183.573042516009,47.2142703047558,95.126897176333,27.3408172687211,47.5200333368145,11.3226402676052,30.4012320833226,21010.1178655621,15931.3639795736,4502.56191846091,8811.42068497071,2926.51855471836,4815.35965818422,957.779731500582,2440.31640034565,807.237875872555,612.108597048892,175.160744146637,343.603371111464,114.90959174261,189.435898298056,37.6649491390798,96.1059925665239,0,0,9.14405522887884,18.4053928431677,6.23929049952691,10.3654647922199,2.16368294259366,5.56390010737103,0,0,0,0,0,0,0,0,380.905884586804,313.476544621257,396.414225669766,859.745785747597,411.419694230851,790.589929531699,77.1791155875671,227.706752865314,14.6350067226893,12.0442703339949,15.225199819127,33.0120691378776,15.7694790872611,30.2994361057816,2.95925776865979,8.73006062734671,241.213590772612,197.561708543377,335.347930379256,755.052912099711,387.924702900071,749.572938286887,97.8106796057229,289.555329939455,9.26780645995351,7.59063693404746,12.8772751039608,28.9853814713164,14.8663280054958,28.7207699593735,3.74817185178832,11.0943378489921,0,0,51.6957914171092,121.302602874937,55.5197043897696,98.8247290638825,20.0516321215377,53.957724212455,0,0,0,0,0,0,0,0,721.025678831023,345.830050237123,2092.05848552877,2255.06532611202
"211",2007,477,17.5,3647.26953664105,2922.69196137051,939.418638716418,1777.83527465776,360.323852928792,535.358704359294,100.321037043438,230.317056768,0,0,0,0,0,0,0,0,0,0,1.58614168394811,3.073491548501,0.717304401017365,1.07052541175087,0.20381112168699,0.468536265005791,0,0,0,0,0,0,0,0,6272.79044325342,4789.88069828293,1230.10061745833,2478.2932563342,707.84416403762,1224.78290703782,306.144165118011,821.268832911376,241.010640083465,184.034876258015,47.4121311241324,95.5348650045265,27.2762176206203,47.1952358189057,11.805206705569,31.6687493107401,20981.7918173452,15892.0194816548,4497.96369014608,8803.22119988696,2904.57686897784,4758.4164114725,992.863104338264,2528.33446225676,806.149618164072,610.596916398433,174.981082604461,343.281311118496,114.043285424639,187.186435833191,39.0442953525685,99.5702104421457,0,0,9.14693594856718,18.4127724729188,6.19913811697689,10.2539338653015,2.24662655496282,5.77401548351655,0,0,0,0,0,0,0,0,382.407632030416,314.376455072962,398.273812982757,863.88726889476,410.576041469744,785.391175055895,79.9148029441751,235.449118096209,14.6927063605463,12.0788463294993,15.2968880035531,33.1717414192902,15.7376210828547,30.1011395312262,3.06428165731914,9.02729450118749,240.956781735988,197.117656848424,335.604132020303,755.50933135613,385.200876173937,740.716645989602,100.69130524076,297.662268620232,9.25793956670532,7.57357575407111,12.8873750400298,29.0035689560335,14.7624470687741,28.3824476771515,3.85871559841328,11.4054392276553,0,0,51.6647933522041,121.224426984195,55.0402435607684,97.5280191709507,20.8056177553738,55.9270737347076,0,0,0,0,0,0,0,0,726.1167391335,348.113327207248,2112.34422301201,2277.10234086221
"212",2007,477,17.5833333333333,3624.44993998357,2903.48747231293,934.320340439025,1768.23405487072,355.410899629812,525.780351108267,102.496139014124,234.98057426442,0,0,0,0,0,0,0,0,0,0,1.57815844569964,3.05803090831322,0.707853412911901,1.05180065303161,0.208393569550411,0.478385331395946,0,0,0,0,0,0,0,0,6294.83465818566,4801.62417833144,1235.16018318117,2488.71493697496,706.196066839452,1216.5259133209,318.668153694483,854.052545927349,241.857614073592,184.486079541291,47.6072765470838,95.9368768258379,27.2127687578971,46.8771786309226,12.2883769223886,32.9335668582232,20953.639612661,15852.9577070242,4493.36766850886,8794.96266219076,2883.10138906258,4702.90865454073,1027.61470928167,2615.23928963779,805.068038797513,609.096098461468,174.801450327226,342.956846361435,113.195254368448,184.993419205848,40.4105778089945,102.990422408658,0,0,9.14945990038127,18.4195367988407,6.15983578837348,10.1451626308828,2.32908608584387,5.98226556970483,0,0,0,0,0,0,0,0,383.888976359983,315.259499244258,400.100427750814,867.961271569062,409.727303734154,780.251347756688,82.5902472215686,242.963289533988,14.7496220771335,12.1127742955773,15.3673087496567,33.3288209475188,15.7055626882275,29.9050839645076,3.16700450208775,9.31580650692877,240.710240134275,196.685180223071,335.855501305449,755.964371055166,382.540526797353,732.089043707229,103.477606529565,305.435985366183,9.24846716170027,7.55695930687968,12.8972865735218,29.021696750295,14.6609883479962,28.0528587603013,3.96565325622079,11.7037985406165,0,0,51.632347412701,121.142809848918,54.5686326033567,96.2592248251091,21.5544716401227,57.8740869744703,0,0,0,0,0,0,0,0,731.227695517308,350.403088075649,2132.62875253273,2299.07589827535
"213",2007,477,17.6666666666667,3601.79859593528,2884.46801017249,929.239674937733,1758.65337344077,350.613018153632,516.500421392248,104.549788034348,239.338403883661,0,0,0,0,0,0,0,0,0,0,1.57011191903268,3.04246163233457,0.698614726430034,1.03364490683381,0.212735226075186,0.487624544045367,0,0,0,0,0,0,0,0,6316.50797534295,4813.07365232902,1240.14157294927,2498.96713876871,704.572244686196,1208.43211099927,331.196502857125,886.735512223159,242.690337578078,184.925986641925,47.7994084815012,96.332358471739,27.1502566189203,46.5654114394375,12.771736809949,34.1945595914329,20925.677852626,15814.1896918837,4488.77844504805,8786.65516323822,2862.08392450296,4648.80252011557,1062.0434097641,2701.06442426177,803.993775617008,607.606567266307,174.622028329462,342.630374415959,112.365182485584,182.855528300423,41.7641413957057,106.367943048533,0,0,9.15166888310162,18.4257295471966,6.12136122391354,10.039076888036,2.41106020062418,6.1886655709378,0,0,0,0,0,0,0,0,385.349958060165,316.125703653406,401.895108858142,871.969019821806,408.875963225774,775.175040220001,85.2111605256479,250.268818037672,14.8057554279242,12.1460552511028,15.4365018793937,33.4833545839221,15.6733989184796,29.7114454960456,3.26764495757396,9.59634491946093,240.474566014412,196.264640832649,336.103067075654,756.420000845004,379.942690648407,723.685001155576,106.172569539902,312.888005822455,9.23941229976712,7.5408015074418,12.9070491892892,29.0398404158608,14.5619151066231,27.7318075469447,4.06909889254489,11.9898560779382,0,0,51.5985187172594,121.0579241298,54.1048324680392,95.017920386199,22.2982415068182,59.7991866785456,0,0,0,0,0,0,0,0,736.358276282438,352.699210340703,2152.91145040385,2320.98660265704
"214",2007,477,17.75,3579.32530351264,2865.64006710805,924.179943757927,1749.09998628918,345.927381097145,507.508811728208,106.486106411258,243.40280216133,0,0,0,0,0,0,0,0,0,0,1.5620180178057,3.02680815523356,0.689582517137249,1.01603855198991,0.21684313771246,0.496275871044631,0,0,0,0,0,0,0,0,6337.79086929492,4824.2158094325,1245.03879687484,2509.0384229689,702.968503889961,1200.49231193684,343.719279503781,919.291036973114,243.508060398662,185.354086136036,47.9882967129938,96.7208699871403,27.0885197450473,46.259580421299,13.254903428666,35.4506981604388,20897.9194733095,15775.7236752327,4484.1997268198,8778.30706144677,2841.51593217749,4596.06408384847,1096.15748203858,2785.84136250576,802.927325650618,606.128639368258,174.44296331183,342.302225546856,111.552739702031,180.771440234794,43.1053084708611,109.704008083532,0,0,9.15359700599225,18.4313862961652,6.08369291847197,9.93560424525909,2.49254704292316,6.39322831994972,0,0,0,0,0,0,0,0,386.79053127191,316.975035311294,403.658585882001,875.911234522927,408.023933077459,770.165706809339,87.7825793365952,257.383165916526,14.8611046509293,12.1786879285816,15.5044953287859,33.6353697732692,15.6412029600745,29.5203565530731,3.36639577202216,9.86957794840125,240.250102587963,195.856191861532,336.347578924976,756.877509232737,377.406237585106,715.49918568359,108.779435722468,320.030584325593,9.23078816771311,7.52510824134358,12.9166916551927,29.0580493783497,14.4651842390365,27.4190905905362,4.1691763696684,12.2640800951038,0,0,51.5633707513678,120.969930866272,53.6487934273042,93.8036664463643,23.0369749099824,61.7027881364477,0,0,0,0,0,0,0,0,741.508209490616,355.001571396759,2173.19177821153,2342.83513796662
"215",2007,477,17.8333333333333,3557.03878199952,2847.0092770939,919.144153938336,1739.58008416465,341.35118679017,498.795687363413,108.309112263268,247.185624383788,0,0,0,0,0,0,0,0,0,0,1.55389085200585,3.01109268413655,0.680751340993302,0.998962837336126,0.220724310390425,0.504360857077714,0,0,0,0,0,0,0,0,6358.66828896226,4835.04078568493,1249.84736342267,2518.92030485516,701.381775158168,1192.69937447154,356.227345420224,951.694861757182,244.310204248809,185.769999034624,48.1737685471949,97.1020848474661,27.0274398769303,45.9594103848985,13.7375243460227,36.7010467448802,20870.3742669174,15737.565506172,4479.63446828285,8769.92523976357,2821.38861232485,4544.65952782923,1129.96464947226,2869.59967206324,801.86906513492,604.662539498863,174.264372756523,341.972672670676,110.757585700243,178.739835753017,44.4343801679863,112.999778824093,0,0,9.1552719381327,18.4365359136498,6.04681015717125,9.83467423257466,2.57354437693186,6.59596477031698,0,0,0,0,0,0,0,0,388.210584220412,317.80741685001,405.391345554391,879.788250181875,407.17266666082,765.225869008928,90.3089297249924,264.321896703273,14.9156654515723,12.2106693554146,15.5713077015892,33.7848791098514,15.6090303680787,29.3319137842198,3.46342628841111,10.1361010151578,240.036976350623,195.459811737569,336.589545492807,757.33760395278,374.929903122496,707.526125975863,111.301631712366,326.876489238683,9.22259962577825,7.50987867974585,12.9262334907231,29.076350776088,14.3707474826392,27.1144990970907,4.26601665338475,12.5269585827993,0,0,51.5269652292531,120.878980521027,53.2004565423106,92.6160126482095,23.7707190552183,63.5852986914831,0,0,0,0,0,0,0,0,746.677222210153,357.310048260294,2193.46926651352,2364.62225040976
"216",2007,477,17.9166666666667,3534.94679829187,2828.58052018473,914.135050195394,1730.09935315173,336.88166990575,490.351492519832,110.022720939747,250.698334663322,0,0,0,0,0,0,0,0,0,0,1.54574295357314,2.99533541471278,0.67211605853814,0.982399786545056,0.224385691379955,0.511900594202758,0,0,0,0,0,0,0,0,6379.12891905894,4845.54157971766,1254.56400207835,2528.60669693831,699.809865726385,1185.04773459956,368.712333497703,983.925086672981,245.096334377135,186.173456333908,48.3556981735209,97.4757686011155,26.9669324421524,45.6646867773598,14.2192767335198,37.9447600928876,20843.0494185247,15699.7190623325,4475.08500710438,8761.51537103443,2801.69300632813,4494.55530564601,1163.47212005984,2952.36711818172,800.819270137053,603.208416642639,174.08635017579,341.641941624105,109.979373729701,176.759405677028,45.7516378256009,116.256346989168,0,0,9.15671622645847,18.4412020926733,6.01069304259372,9.73621848085832,2.65404972421027,6.79688446971291,0,0,0,0,0,0,0,0,389.609960163564,318.622742020333,407.093700836368,883.600138400089,406.323273393836,760.357332872701,92.7940928925434,271.098866488805,14.969431807562,12.2419954493371,15.636950923112,33.9318850811153,15.5769235122929,29.1461864075659,3.55888495806288,10.3964440900291,239.835138462167,195.075339313813,336.829272602428,757.800513017072,372.512315567614,699.760265427421,113.742701654454,333.438795711219,9.21484479751789,7.49510663112254,12.9356864299505,29.0947533355894,14.2785524559331,26.8178209667817,4.35975521841206,12.7789913215267,0,0,51.4893619212073,120.78521400452,52.7597551321428,91.4545004548929,24.499520669305,65.447117385855,0,0,0,0,0,0,0,0,751.86503974817,359.624517291557,2213.74349701196,2386.34872944395
"217",2008,477,18,3512.8132243491,2810.09850342511,909.066535514624,1720.57159913524,332.489677868844,482.020484563528,111.672786899015,254.114743561407,0,0,0,0,0,0,0,0,0,0,1.5376167532135,2.97959846778381,0.663619476418779,0.966038958143542,0.227918209696271,0.519242191896143,0,0,0,0,0,0,0,0,6399.31221604572,4855.84738102341,1259.0860471132,2538.00466506015,698.197004345709,1177.17682471787,381.25702091416,1016.36566102223,245.871808923875,186.569421700796,48.5301441897968,97.8383550411399,26.9048480684955,45.3615149927218,14.7033499225359,39.1966317696586,20816.1673578397,15662.3492451699,4470.19976937393,8752.76010147089,2782.19907582846,4444.36564453134,1197.04110549809,3035.6771290738,799.786486669378,601.772606580031,173.895439186884,341.297925625601,109.209079121637,174.775663155652,47.0712594606191,119.534017268629,0,0,9.15813696239417,18.4456803392337,5.97485011936476,9.63724011127803,2.73482391454437,6.99927031419051,0,0,0,0,0,0,0,0,391.025659487306,319.443389219108,408.797579816019,887.399285708773,405.517846328751,755.427671593226,95.3022450830622,278.000146492226,15.0238253322385,12.2735260241577,15.7026512169155,34.0783989982376,15.5464959653129,28.9580980370529,3.65523195692632,10.6615724329454,239.65022271521,194.70823161799,337.069611252431,758.272470175781,370.122978941388,691.985449563265,116.153138312875,339.964759578609,9.20774014221397,7.48100176320691,12.9451598750696,29.1134962275561,14.1874303814187,26.5207727619774,4.45232716818394,13.0296532531556,0,0,51.4517888354282,120.690687283622,52.3224665819258,90.2911769694483,25.2301148109628,67.3193062553234,0,0,0,0,0,0,0,0,757.034739340827,361.923770324364,2233.87153734197,2407.81836627778
"218",2008,477,18.0833333333333,3490.11381187587,2791.00855662371,903.752482368931,1710.79915125411,328.114781287807,473.498184439952,113.347673732419,257.768423842906,0,0,0,0,0,0,0,0,0,0,1.52951150495074,2.9639063204654,0.655150968117847,0.949279219507959,0.231500416872918,0.527060412808965,0,0,0,0,0,0,0,0,6419.61333881041,4866.29965786922,1263.23757464045,2546.99336138864,696.448773426197,1168.38506353505,394.063255412541,1049.90290691579,246.651810525426,186.971014892171,48.6903510025954,98.1852081650763,26.8375460347628,45.0228559236551,15.1975206455262,40.4908112977068,20790.1200719169,15625.7470666456,4464.22612831654,8742.95731282728,2762.42203629593,4391.27467458466,1231.41451548098,3122.64249228466,798.785775324748,600.366290461486,173.66280724655,340.913791299637,108.42768523291,172.677885331442,48.4224086668434,122.955207536329,0,0,9.15954879154122,18.450169162789,5.93828873213765,9.53168303243415,2.81747746834139,7.20993387609559,0,0,0,0,0,0,0,0,392.532331954157,320.315179587202,410.554722791776,891.278732760564,404.824098969179,750.137261171551,97.9571196224992,285.56788372793,15.0817141875881,12.3070216014141,15.7703957099546,34.2279931586899,15.5203437565178,28.756162651916,3.7572110786424,10.952268827737,239.491695809055,194.366903902711,337.312905354745,758.755480320502,367.704493151723,683.763457776828,118.634179917608,346.946144428517,9.20164938549852,7.46788740346466,12.9547437250827,29.1326562110797,14.0951811813523,26.2065593623107,4.5476129954463,13.297791445285,0,0,51.4165736935546,120.599147454329,51.8797442170295,89.0690406382564,25.9765409420539,69.265393857199,0,0,0,0,0,0,0,0,762.108585192244,364.162895947472,2253.55307022442,2428.6075483568
"219",2008,477,18.1666666666667,3467.61451674494,2772.12944700721,898.474395694404,1701.07097092208,323.837550904794,465.246972428253,114.915551680749,261.144023509939,0,0,0,0,0,0,0,0,0,0,1.52130615694802,2.94809888579074,0.646872304258504,0.933048407996414,0.23486917147321,0.534322666157671,0,0,0,0,0,0,0,0,6439.59339007145,4876.4945577487,1267.34765563407,2555.87492562902,694.742767638817,1159.81385454257,406.848760171812,1083.27321490018,247.419476046359,187.362719248912,48.8489500927193,98.5279194649983,26.7718696553297,44.6926922654973,15.6909106179039,41.7786045203833,20764.199031491,15589.3814679512,4458.2779801637,8733.11685790698,2743.04904785762,4339.56515410022,1265.47366095298,3208.4811060605,797.789913597954,598.969064148125,173.431092100515,340.528079733227,107.662171563672,170.6345038337,49.7611711982291,126.331855869441,0,0,9.16021876207427,18.4536626682316,5.90249242204742,9.42884538213605,2.89960239874415,7.41850123215871,0,0,0,0,0,0,0,0,394.010947979184,321.166418462593,412.258900739351,895.066217823993,404.104639599898,744.90329871389,100.565925179444,292.925654743891,15.1385250687056,12.3397275574904,15.8361041184134,34.3740526427387,15.4931997315595,28.5563727778096,3.85743050259686,11.234935470734,239.340239929978,194.031893325847,337.548594834084,759.224262158693,365.349438990031,675.760593734325,121.040076223011,353.645472193997,9.19583030651958,7.4550157583613,12.9640326567569,29.1512630265444,14.0053537297633,25.9007173862766,4.64002562518303,13.5551410215913,0,0,51.3799151201563,120.50436880975,51.4446541183911,87.8753112775879,26.717669784157,71.1880827488661,0,0,0,0,0,0,0,0,767.201760936829,366.408051795488,2273.23644496508,2449.33176793161
"220",2008,477,18.25,3445.32491493926,2753.46738278234,893.235181629685,1691.39352071082,319.655940728084,457.257517492089,116.380264921278,264.253526887408,0,0,0,0,0,0,0,0,0,0,1.51302774389002,2.9322081716409,0.638776499302795,0.917325909234258,0.238031021240999,0.541050072137874,0,0,0,0,0,0,0,0,6459.22468700435,4886.41266585977,1271.40555601528,2564.62855854286,693.071982058283,1151.44690764274,419.605280156928,1116.45362271151,248.173741868288,187.743788823272,49.0055298080659,98.8656905576405,26.7075496709141,44.3703976457312,16.1832014771766,43.0591259182857,20738.4241162461,15553.265784891,4452.36077541518,8723.25086733082,2724.07427530476,4289.20431350923,1299.22599468383,3293.22594323675,796.799665301398,597.581440022663,173.200508257084,340.141267232691,106.912311458493,168.644236340488,51.0878384319043,129.665258687504,0,0,9.16026869529176,18.4562867784444,5.86743710676561,9.32865200556476,2.98119885197652,7.6249974797971,0,0,0,0,0,0,0,0,395.462161211963,321.997434566965,413.914090093092,898.766709796447,403.364902656524,739.732955586664,103.132225776016,300.089950252253,15.1942830898371,12.3716565223994,15.8999290825074,34.5167680731829,15.4652721968239,28.3590036403947,3.95602656571086,11.5102034809234,239.196423060094,193.703861270576,337.776819898562,759.680820877967,363.054948235441,667.970967327588,123.374092358977,360.073923791073,9.19030472810761,7.44241223929443,12.9730320127251,29.1693935782173,13.9178382447021,25.6030218890502,4.72968982405586,13.802129097046,0,0,51.3418276708971,120.406477927798,51.0171412070115,86.7094778423311,27.4535623351019,73.0878694547336,0,0,0,0,0,0,0,0,772.313907656107,368.659095237183,2292.92013691729,2469.9914022621
"221",2008,477,18.3333333333333,3423.2532996633,2735.02755734163,888.03740872222,1681.77259990714,315.567882474466,449.520721644525,117.745551296737,267.108485508532,0,0,0,0,0,0,0,0,0,0,1.50469949192387,2.91626259840978,0.630857463358925,0.902092437034553,0.240992461712844,0.547263344451453,0,0,0,0,0,0,0,0,6478.48555441693,4896.03920240404,1275.4027281919,2573.23790678362,691.4309173252,1143.27106459687,432.325335271177,1149.42351178979,248.913775195666,188.113655751765,49.1597623345899,99.1978936136071,26.6443746212251,44.0554659247356,16.6741046156688,44.3315799589225,20712.8109031865,15517.4100971903,4446.478827379,8713.36924353933,2705.49135967895,4240.15910577899,1332.67847477979,3376.90802570493,795.815628932554,596.203805364033,172.971226178071,339.75374370723,106.177857745569,166.705789468773,52.4026826897371,132.956636901893,0,0,9.15979796632852,18.4581439054292,5.83310076602599,9.23102935362747,3.06226647639212,7.82944515210169,0,0,0,0,0,0,0,0,396.886480854093,322.8084665574,415.523544975716,902.384107082275,402.609306632064,734.631673140058,105.659183784598,307.075572051196,15.2490078153083,12.4028176657281,15.9619955076784,34.6562889643866,15.436730491176,28.164264086215,4.05312020370739,11.7786392335301,239.060556241034,193.383224685955,337.997698217883,760.126647269014,360.818370870978,660.388746103999,125.639483585949,366.243024936195,9.18508460103343,7.43009286611185,12.9817462782951,29.1871050404935,13.8325333127744,25.3132501297029,4.81672999211844,14.0391960606555,0,0,51.3023369832286,120.305600849102,50.5971388497821,85.5710180182532,28.1842782993346,74.9652387666838,0,0,0,0,0,0,0,0,777.44467398931,370.915885628201,2312.6028432892,2490.58698132122
"222",2008,477,18.4166666666667,3401.40685909032,2716.81429430405,882.883352696417,1672.2134291397,311.571302491763,442.027738461284,119.015044196569,269.72003062385,0,0,0,0,0,0,0,0,0,0,1.49634140959509,2.90028744023234,0.62310979116985,0.887329826849207,0.243759922966926,0.552982751353652,0,0,0,0,0,0,0,0,6497.35924934987,4905.36317313926,1279.33241024419,2581.69022262139,689.815258782317,1135.2756093593,445.002172773563,1182.16450545252,249.638932737222,188.471897618019,49.311388335742,99.524039144638,26.5821785376134,43.7474847428148,17.1633593623177,45.5952572146676,20687.3714526782,15481.8218381626,4440.63552299727,8703.48007649799,2687.29356372118,4192.39647517118,1365.83760480448,3459.55655789828,794.838267874798,594.836445771781,172.743380416723,339.365828735742,105.458548393688,164.817869241301,53.7059587743078,136.207141025626,0,0,9.15888797329471,18.4593178588326,5.79946309191969,9.13590581712568,3.14280461809529,8.03186480608778,0,0,0,0,0,0,0,0,398.284305919825,323.599687478096,417.08994631771,905.921487657947,401.841468398613,729.603554142771,108.149600111371,313.895795902817,15.3027145758717,12.4332176361113,16.0224062895342,34.7927333235777,15.4077132101454,27.9723116063305,4.14881849268859,12.0407506061197,238.932748157832,193.070206115602,338.211320107425,760.562797282804,358.63724243732,653.008161630083,127.839467110691,372.164474385433,9.18017410120669,7.41806618929326,12.9901788951954,29.2044379075671,13.7493446331803,25.0311818041536,4.9012690814356,14.2667889873616,0,0,51.2614768888065,120.201861906784,50.1845712383537,84.4594020259833,28.909876033155,76.8206635190537,0,0,0,0,0,0,0,0,782.593714388675,373.178283734891,2332.2834390198,2511.11914819953
"223",2008,477,18.5,3379.79183235441,2698.83117411953,877.775036118505,1662.72072592745,307.664133837149,434.769979092767,120.192276523517,272.098893329411,0,0,0,0,0,0,0,0,0,0,1.48797080073985,2.88430524161098,0.615528606598569,0.873020871865027,0.246339759521774,0.558228097201505,0,0,0,0,0,0,0,0,6515.83306765817,4914.37666634309,1283.18929421065,2589.97567408024,688.221621409557,1127.45172350618,457.62971102082,1214.66032404964,250.34872637939,188.818210441012,49.4602042381143,99.8437495519899,26.5208311566071,43.44611462574,17.6507308295649,46.8495288239145,20662.1149592307,15446.5062972233,4434.83349647066,8693.58998456198,2669.47388281232,4145.88354150771,1398.70947704375,3541.19908169126,793.86793540134,593.479564473438,172.517076324141,338.977784749969,104.75411083303,162.979188276546,54.997905627474,139.417857122261,0,0,9.15760569252056,18.4598776792743,5.7665051971049,9.04321182335677,3.22281246600974,8.23227552474848,0,0,0,0,0,0,0,0,399.65595212581,324.371223476349,418.61552055181,909.381301767569,401.064369178377,724.651658539037,110.60595673135,320.562544312127,15.3554155018545,12.4628612803299,16.0812468712173,34.9261950505666,15.3783345746453,27.7832636880986,4.24321628086726,12.296993604418,238.812949430431,192.764874685886,338.41774849882,760.989966760869,356.509260001832,645.823523435551,129.977200258806,377.850005106125,9.17557133142518,7.40633486478242,12.9983322591492,29.2214188585705,13.6681840938937,24.7565995736542,4.9834277583316,14.4853563118145,0,0,51.2192872413664,120.095383076606,49.7793553117439,83.3740956100216,29.6304125410419,78.6546047173206,0,0,0,0,0,0,0,0,787.760687781912,375.446151323152,2351.96094230381,2531.58863007191
"224",2008,477,18.5833333333333,3358.41360011683,2681.08110830746,872.714251189405,1653.29874758064,303.844324716232,427.739120938068,121.280681297145,274.255410795669,0,0,0,0,0,0,0,0,0,0,1.47960257567643,2.86833606927604,0.608109473300803,0.859149236455454,0.248738239743664,0.56301869799909,0,0,0,0,0,0,0,0,6533.89779888223,4923.07442231751,1286.96932297344,2598.08692191852,686.64739457617,1119.79215543882,470.202508216587,1246.89670592691,251.042802241581,189.152392134733,49.6060544462335,100.156742906517,26.4602319628767,43.1510762914626,18.1360087193318,48.0938434756343,20637.0481502849,15411.4669287048,4429.07473542428,8683.70432200427,2652.02511575915,4100.58772812909,1431.2997976051,3621.8615632859,792.904889997234,592.133294189701,172.292394147872,338.589825057244,104.064264711381,161.18847078283,56.2787472902968,142.589810128112,0,0,9.15600581439941,18.4598799255719,5.73420944203976,8.95287989071505,3.30228914700426,8.43069525231803,0,0,0,0,0,0,0,0,401.001668682469,325.123165574469,420.102111702594,912.765488894721,400.280452914429,719.778177661968,113.03044345305,327.086493282673,15.4071201683093,12.4917520956067,16.1385880115912,35.0567484302696,15.3486882061499,27.5972045026176,4.33639721560643,12.5477764573171,238.700980619072,192.467171977289,338.617020348859,761.40854159381,354.432270400511,638.829235513486,132.055763061647,383.311282342044,9.17126939738586,7.39489664800602,13.0062077731226,29.2380626807798,13.5889693195526,24.4892896938109,5.06332373539466,14.6953439186685,0,0,51.1758125794017,119.986283563699,49.381401955383,82.3145621256325,30.3459434603513,80.4675114019854,0,0,0,0,0,0,0,0,792.945256822125,377.719350941193,2371.63449438332,2551.99622083482
"225",2008,477,18.6666666666667,3337.27679411135,2663.56642846223,867.702587656556,1643.95134433475,300.109846438828,420.927109997961,122.283594575676,276.199541545041,0,0,0,0,0,0,0,0,0,0,1.47124961939567,2.8523978197458,0.600848292308805,0.845699347935345,0.250961537031768,0.567373366665842,0,0,0,0,0,0,0,0,6551.54709568653,4931.45333872692,1290.66945639683,2606.01863451543,685.090570364564,1112.29085954546,482.715712549263,1278.86127058565,251.720916449015,189.474323502488,49.7488223781569,100.462814346039,26.4003036014122,42.8621368034232,18.6190054140042,49.3277221732378,20612.1757463239,15376.7057056913,4423.36070314909,8673.82741811017,2634.9399404709,4056.47688345524,1463.61392227415,3701.56852104627,791.94931303749,590.797710729332,172.069393754084,338.202123088852,103.388724843107,159.444457307614,57.5486942787618,145.723968763355,0,0,9.15413320579101,18.4593713042415,5.7025592294842,8.86484465504616,3.38123382570422,8.62714115577374,0,0,0,0,0,0,0,0,402.321656844705,325.855582408403,421.551263315953,916.075608508646,399.491738864162,714.984631774558,115.424991267161,333.477207166981,15.4578363077623,12.5198927190444,16.1944889312258,35.1844531540983,15.3188514470403,27.4141924865065,4.42843502293531,12.7934647889284,238.596563713483,192.176941205989,338.809148419152,761.818655245976,352.404252571788,632.0198043452,134.078144235636,388.559807856643,9.16725761754921,7.38374551507688,13.0138059148434,29.2543744757751,13.5116229931244,24.2290423196541,5.14107123338456,14.8971914688485,0,0,51.1311006392335,119.874679410473,48.9906173419279,81.2802646596642,31.0565231063243,82.259820858976,0,0,0,0,0,0,0,0,798.147087052515,379.997745686007,2391.30333600346,2572.34276155757
"226",2008,477,18.75,3316.38538154153,2646.28895495204,862.74145434786,1634.68200031249,296.458699165663,414.326161173503,123.204257721168,277.940878075929,0,0,0,0,0,0,0,0,0,0,1.46292307644301,2.83650646781668,0.593741233310959,0.83265632186823,0.253015721854404,0.571310402127322,0,0,0,0,0,0,0,0,6568.7769967919,4939.5120968345,1294.28749501048,2613.76712431005,683.549618367141,1104.94273512454,495.16501871724,1310.54339317055,252.382916803012,189.7839538763,49.8884237061236,100.761822131897,26.3409870718288,42.5790995493431,19.0995543117405,50.5507534305479,20587.5008086418,15342.2233869141,4417.69243047039,8663.96275580852,2618.21096918122,4013.5193658802,1495.65688678642,3780.34313538131,791.001322148826,589.472843243707,171.848118177258,337.814819311548,102.72720336337,157.745908061865,58.8079447447325,148.821249751995,0,0,9.15202470484252,18.4583905546517,5.67153885227535,8.77904283451193,3.45964577420286,8.82162990325951,0,0,0,0,0,0,0,0,403.616083407308,326.568529316243,422.964278192277,919.312932795367,398.699901710025,710.272007715742,117.791301028916,339.743254311526,15.5075703287284,12.5472852768211,16.2489996063367,35.3093578820195,15.2888884345435,27.2342656249799,4.51939460812973,13.034386054452,238.499345824125,191.893949310321,338.994124431144,762.220236469702,350.423305857626,625.389849746205,136.047230251401,393.606844838528,9.16352243339409,7.3728725113912,13.0211263572787,29.2703514895902,13.4360724070736,23.9756519206329,5.21678056178115,15.0913295185829,0,0,51.0852013030194,119.760683298386,48.6069039435768,80.2706676964088,31.7622045165288,84.03195880834,0,0,0,0,0,0,0,0,803.365846379295,382.281199080942,2410.96679062465,2592.62912701077
"227",2008,477,18.8333333333333,3295.74273690492,2629.25005537358,857.832097559062,1625.49386855165,292.888916276817,407.928756542802,124.045819595716,279.488659092506,0,0,0,0,0,0,0,0,0,0,1.45463259264311,2.82067628459191,0.586784682626874,0.820005902771136,0.254906754865065,0.574847582378649,0,0,0,0,0,0,0,0,6585.58552986436,4947.25085115446,1297.82193389481,2621.33004825324,682.023385414151,1097.74341936051,507.54662612832,1341.93407933886,253.028727523345,190.08128919285,50.0248007544733,101.053676159075,26.2822378788179,42.3017962930518,19.5775082253308,51.7625884800832,20563.0250284676,15308.0197379384,4412.07059173361,8654.11311875271,2601.83079243126,3971.68410682465,1527.4334349041,3858.20735208409,790.060982318215,588.158682725153,171.628596557102,337.428026920277,102.079411445737,156.091605395223,60.0566855529663,151.882521792245,0,0,9.14971057354182,18.456969954785,5.64113336857399,8.69541316650144,3.53752442443994,9.01417789149265,0,0,0,0,0,0,0,0,404.885091467889,327.262055428222,424.342266491532,922.478519366412,397.906335230952,705.640866403608,120.130869674819,345.892312910074,15.5563277292399,12.5739316565987,16.3021626163213,35.4315030358904,15.2588525437414,27.0574455778124,4.60933306172261,13.2708336006329,238.408918664774,191.617905208138,339.171922747438,762.613051266039,348.487640501797,618.934114707282,137.96579711295,398.463357714798,9.16004815796936,7.36226645310545,13.0281681094385,29.2859847224105,13.3622490991656,23.7289176581041,5.29055780333486,15.2781772102894,0,0,51.0381657738411,119.644404450544,48.2301613678838,79.2852385035778,32.4630395039258,85.7843396326842,0,0,0,0,0,0,0,0,808.601204708955,384.569575012911,2430.62425100714,2612.85621524524
"228",2008,477,18.9166666666667,3275.35170438952,2612.45069530462,852.975617082801,1616.38980159614,289.398567725806,401.727642203222,124.811338724458,280.851781419127,0,0,0,0,0,0,0,0,0,0,1.44638652388571,2.80492002992526,0.579975201425208,0.807734414256098,0.256640481182355,0.578002160761431,0,0,0,0,0,0,0,0,6601.97237304737,4954.67096568786,1301.27183878154,2628.70615505376,680.511013365662,1090.68911961008,519.85719848421,1373.02584128527,253.658336243772,190.366381859243,50.1579177489105,101.338328260197,26.2240228756329,42.0300807345512,20.0527378335851,52.9629365235634,20538.7489731312,15274.0937188258,4406.49556920886,8644.28071557046,2585.79201501922,3930.94065837389,1558.94804466984,3935.18197972943,789.128315350944,586.85518921727,171.410846628558,337.041836648651,101.44506070739,154.480355670983,61.2950932886127,154.90860930069,0,0,9.14721571518726,18.4551365731066,5.61132849588396,8.6138963371238,3.61486940876475,9.20480143171414,0,0,0,0,0,0,0,0,406.128809238033,327.936209343753,425.686185650393,925.573270246423,397.112204922959,701.091430476677,122.445014012634,351.931267341674,15.6041134353855,12.5998337256445,16.3540146769026,35.550923065848,15.228788406366,26.8837410426308,4.69830057242275,13.5030703613254,238.324834942398,191.348475213763,339.342504019732,762.996739587537,346.595568971175,612.647472387515,139.836504682118,403.139965156616,9.15681760561878,7.35191451948037,13.0349296560261,29.3012603367976,13.2900885200629,23.4886436542492,5.36250459628989,15.4581404695212,0,0,50.9900459006657,119.525948584399,47.8602870646913,78.3234482949483,33.1590787176779,87.5173666440394,0,0,0,0,0,0,0,0,813.852833695723,386.862737707725,2450.27516802971,2633.02493909904
"229",2009,477,19,3254.72933561999,2595.37270059064,848.004831486378,1607.18110675315,285.830019719691,395.357168857713,125.690653496398,282.421050729293,0,0,0,0,0,0,0,0,0,0,1.438255230692,2.78931439594753,0.572998594361901,0.795108520614323,0.258598026186902,0.581561132924296,0,0,0,0,0,0,0,0,6618.23225307258,4962.01459350439,1304.472198217,2635.74805536639,678.64654191352,1082.7996592551,532.548448587803,1404.88365352713,254.283066836641,190.648535783658,50.2814427934444,101.610124620687,26.1522389919781,41.7261805279944,20.5426495383454,54.1928342691076,20515.0402864143,15240.6425249536,4400.37947038079,8633.89814891279,2568.68688316601,3887.72488118563,1591.89610403966,4015.06842729274,788.217446569542,585.569939285681,171.172391670355,336.634588724508,100.768926503301,152.772101983999,62.5896823799094,158.048905320263,0,0,9.14498018799809,18.4533770984156,5.57907629156171,8.52669154085456,3.69536457634432,9.40183293908783,0,0,0,0,0,0,0,0,407.435039770545,328.630991775539,427.076997525113,928.694304251732,396.266673649307,696.146549661141,125.020653640923,358.578765098597,15.6543009796794,12.6265283753298,16.4076660933679,35.6713479054796,15.1967463879667,26.6948551547882,4.79730078573976,13.7586539935425,238.257239864,191.09454377105,339.514749324441,763.3812783152,344.558877547589,605.973312028718,141.888042634544,408.234687810925,9.15422057131431,7.34215806505969,13.041752072912,29.3165613134194,13.2123736565636,23.233489746645,5.44138986284124,15.6541466711676,0,0,50.9435583265184,119.408750027936,47.4712899162807,77.3144314654023,33.8817406732593,89.3068199086972,0,0,0,0,0,0,0,0,819.032224661621,389.122080957702,2469.58947710438,2652.79776921995
"230",2009,477,19.0833333333333,3233.67878881501,2577.8158708354,842.857266214018,1597.78757375412,282.132408945741,388.709317170288,126.739684419567,284.305706949062,0,0,0,0,0,0,0,0,0,0,1.43017057092355,2.77378335698837,0.565762326282632,0.781918970921978,0.260897020628436,0.585755232209533,0,0,0,0,0,0,0,0,6634.59405908711,4969.45360006706,1307.41427753512,2642.49642194751,676.33584537928,1073.80852592186,545.821237931956,1437.96534742062,254.911713589017,190.934354312026,50.3950395014708,101.870627950277,26.0632561834463,41.3798208001481,21.0549815287778,55.4699181509152,20491.9252085493,15207.6574166248,4393.49863866263,8622.72386866808,2550.03871017352,3840.90397509343,1626.83753717395,4099.05154772599,787.329384147108,584.302597137724,170.90465360425,336.197014688697,100.032314576686,150.922336037616,63.9624253576953,161.349977746997,0,0,9.14270728712402,18.4514225936121,5.54339128823126,8.43136580925332,3.78029267656699,9.60801708645952,0,0,0,0,0,0,0,0,408.828765374775,329.358715942216,428.52311195503,931.856100475805,395.324982510045,690.626289859816,127.931177183573,366.006455550184,15.7078502221099,12.6544886992109,16.4634399341177,35.7933334854457,15.1610100326766,26.4838873904534,4.90914856022804,14.0441674327188,238.206639599146,190.853997983945,339.687709843951,763.751863805292,342.321793023173,598.729057923352,144.198424188921,413.935291186076,9.15227650296034,7.33291590899523,13.0485989666208,29.3313191777308,13.1269656539585,22.956455065662,5.53020535502982,15.8733954820578,0,0,50.8994123376632,119.293442424444,47.0544546390342,76.235691624801,34.6416771787338,91.1767529229772,0,0,0,0,0,0,0,0,824.107674251889,391.333512632063,2488.44338036093,2672.03902685541
"231",2009,477,19.1666666666667,3212.86556407631,2560.49308966796,837.765196756789,1588.47181696212,278.5212498505,382.281474940368,127.698966808947,285.974939359538,0,0,0,0,0,0,0,0,0,0,1.42203004842668,2.75821893728287,0.558697075776362,0.769164993320344,0.263017049580382,0.589516220124114,0,0,0,0,0,0,0,0,6650.67413215888,4976.67123786843,1310.33305125385,2649.16766843486,674.088646178981,1065.07661759471,559.05920238468,1470.81156805099,255.529535711193,191.211667498579,50.5077244198088,102.128140416761,25.976717454384,41.0434452657266,21.5659811667958,56.7379499893088,20468.8769071126,15174.848439124,4386.66252608304,8611.53751771572,2531.78331243282,3795.37947053906,1661.43256393631,4181.88134024528,786.443886554475,583.042022243336,170.638578102828,335.758876393473,99.3111694267986,149.123675595465,65.3215290264668,164.605516020961,0,0,9.13974849660891,18.4485700704255,5.50847558053178,8.33867077552426,3.86457464233427,9.81184437416053,0,0,0,0,0,0,0,0,410.187746812312,330.064071003149,429.910474408951,934.923443666905,394.354143766821,685.189957632219,130.775689666666,373.21308820338,15.7600645373235,12.6815895663087,16.5169544199288,35.9116863579632,15.1241493332542,26.2761199653449,5.01846877137623,14.3212145355025,238.157965555673,190.613127360344,339.847809216273,764.090489264289,340.143142466125,591.678249516957,146.454987356636,419.426200090984,9.15040644142021,7.32366127224627,13.0549489196152,29.3448425794209,13.0437893859897,22.6868142564399,5.61696170504164,16.0846166191565,0,0,50.8538392544214,119.175297266849,46.6456075112922,75.1848244414801,35.3955403569488,93.0225734281723,0,0,0,0,0,0,0,0,829.200238251766,393.549760304687,2507.28652385773,2691.20860900643
"232",2009,477,19.25,3192.29689198773,2543.40870601983,832.730604491191,1579.23877425702,274.994691848018,376.065612687823,128.572186073475,287.439394064867,0,0,0,0,0,0,0,0,0,0,1.41385852566269,2.74264873793969,0.551796273743107,0.756828300096738,0.26496403804054,0.592862392826959,0,0,0,0,0,0,0,0,6666.44324911736,4983.6469737608,1313.21625650597,2655.73758903683,671.896392750347,1056.58440127708,572.254536694358,1503.40409470036,256.135410402225,191.479686426947,50.6190274457769,102.381733251083,25.8922941983371,40.7163029350474,22.0753478323864,57.9962277307188,20445.9181562847,15142.2310212555,4379.87676241973,8600.35187248374,2513.91509967668,3751.11843626526,1695.69027587126,4263.59336163829,785.561828816446,581.788807401636,170.374386638556,335.32067468001,98.6052718535329,147.374826978497,66.6673492491356,167.816919950088,0,0,9.13622597114985,18.4449438808717,5.47430653269563,8.24853003312044,3.94821784018998,10.0133595489255,0,0,0,0,0,0,0,0,411.513231076445,330.747629674339,431.24417639081,937.902409495665,393.361148118539,679.84345717407,133.559334380816,380.215770530029,15.8109918367826,12.7078529812877,16.5684050922485,36.0266397947851,15.0864324785227,26.0717798290725,5.12545846570152,14.5904505323528,238.111916998678,190.373065218161,339.995579606905,764.401303031057,338.019626451401,584.81676355797,148.658501818714,424.714508919048,9.14863725360612,7.31443769869857,13.0608223460601,29.3572907774873,12.962718518054,22.4244099645764,5.70168804896433,16.2880808209191,0,0,50.8068661984199,119.054455424303,46.2446551143242,74.1612152143554,36.1434281508589,94.8448819824834,0,0,0,0,0,0,0,0,834.309492556385,395.770675612735,2526.11728477182,2710.30733236329
"233",2009,477,19.3333333333333,3171.97876047091,2526.56609715591,827.75514946776,1570.09273823948,271.550861570161,370.053930047652,129.362901840099,288.709260876996,0,0,0,0,0,0,0,0,0,0,1.40567715810801,2.72709706845645,0.545054217890432,0.744891888467919,0.266743905304375,0.595811709193754,0,0,0,0,0,0,0,0,6681.87859282057,4990.36518999812,1316.05409037289,2662.18711732233,669.752169789341,1048.31582782387,585.40014080364,1535.72689461126,256.728460991029,191.737811038349,50.7285727802763,102.630674805007,25.8097206063655,40.3977765484032,22.5828079588901,59.2441332996292,20423.0670506516,15109.8170913939,4373.14571393987,8589.17720790449,2496.42789971014,3708.08771043423,1729.61917659956,4344.22105383284,784.683906161099,580.54341091961,170.11225176031,334.882813442303,97.914379993343,145.674487600057,68.0002191586028,170.985507149821,0,0,9.13223894271371,18.4406443460322,5.44086299197179,8.16086827393329,4.03122852719875,10.2126034602557,0,0,0,0,0,0,0,0,412.806273918233,331.409854758541,432.528426467732,940.797797338465,392.351695051216,674.590921982143,136.286735161667,387.029923309513,15.8606726841186,12.73329672577,16.6179535876474,36.1383780537747,15.0480781112863,25.8710259520351,5.23029476514226,14.8524659817994,238.06893689222,190.134658104738,340.131536950064,764.68772620495,335.948346740202,578.140368108979,150.80998582384,429.807820196998,9.14698595893853,7.30527771405388,13.0662390455378,29.3687951252188,12.8836421071147,22.1690806705767,5.78442307916165,16.4840783917101,0,0,50.7585302435319,118.931054583947,45.8514944793282,73.1642454746965,36.8854355408434,96.6442603343996,0,0,0,0,0,0,0,0,839.435027549516,397.996113716531,2544.93431556952,2729.33614589703
"234",2009,477,19.4166666666667,3151.91611691346,2509.96783166269,822.840222039761,1561.03745499282,268.187879117801,364.238865584432,130.074554668804,289.794300721149,0,0,0,0,0,0,0,0,0,0,1.39750403110556,2.71158539228094,0.538465850583615,0.733339816854118,0.268362539978406,0.598381742544328,0,0,0,0,0,0,0,0,6696.96249349753,4996.81419859665,1318.83872502702,2668.50128089717,667.650348497329,1040.2575393903,598.489568182566,1567.76595970703,257.308008576748,191.985592261761,50.8360603485607,102.874390480661,25.7287802551788,40.0873521799621,23.0881130584622,60.4811263549864,20400.3379332335,15077.6157874633,4366.47273961425,8578.02180956863,2479.31512186199,3666.25417820848,1763.22723878325,4423.79593739542,783.810669675961,579.306183890664,169.852306983695,334.445619419745,97.2382356684679,144.02135674956,69.3204513533754,174.112520514427,0,0,9.12786870949619,18.4357532986346,5.40812504084937,8.07561182554407,4.11361211650775,10.409613835405,0,0,0,0,0,0,0,0,414.067782171488,332.051127904217,433.766740196187,943.613445244732,391.330471725149,669.435165505659,138.962049181644,393.669460413207,15.9091419213257,12.7579354632997,16.665734928919,36.2470484708999,15.0092660309141,25.6739666252729,5.33313689204754,15.1077936645418,238.029272195451,189.898526107242,340.256167876755,764.952561115292,333.926723556559,571.644735009087,152.910654196432,434.714077031996,9.14546204601873,7.29620514305167,13.0712176998828,29.3794632308714,12.8064614238843,21.9206611551712,5.86521304754387,16.6729127684748,0,0,50.7088754209439,118.805228385977,45.4660154719803,72.1932962738543,37.6216546982478,98.4212722089028,0,0,0,0,0,0,0,0,844.576445564295,400.22593253219,2563.73648577462,2748.29608817109
"235",2009,477,19.5,3132.1129975798,2493.61577410972,817.986975906512,1552.07618711018,264.903868499118,358.6131028242,130.710469909111,290.703862776648,0,0,0,0,0,0,0,0,0,0,1.38935457158031,2.69613263366117,0.532026634595565,0.722157078413701,0.269825781083957,0.600589647830935,0,0,0,0,0,0,0,0,6711.68163567483,5002.98561926985,1321.56400094598,2674.66854308094,665.586366265607,1032.39837535344,611.516993718803,1599.50919471366,257.8735415576,192.222708113172,50.9412540434818,103.112437492094,25.6492976567373,39.7846002833404,23.591038496406,61.7067400148238,20377.7419795989,15045.6339041401,4359.86035225337,8566.89229379796,2462.56985943473,3625.5849420214,1796.5219415637,4502.3477424612,782.942548750536,578.077387376867,169.594653011694,334.009354568542,96.5765683691169,142.414142216819,70.6283393373513,177.199133262213,0,0,9.12318164958086,18.4303373652147,5.37607384882193,7.99268886673237,4.19537334642024,10.6044258052306,0,0,0,0,0,0,0,0,415.298540035371,332.671767202419,434.962057084042,946.352419249715,390.301322052765,664.377942242392,141.589006881628,400.146922803333,15.9564296785797,12.7817814154437,16.7118620157309,36.3527687295698,14.9701436826244,25.4806694853649,5.43412770106445,15.3569137226396,237.993011428245,189.665101097712,340.369925151085,765.198070114105,331.952449483356,565.325468174593,154.961877996483,439.441438369508,9.14406891595929,7.28723657890524,13.0757756967441,29.3893819797309,12.7310881817155,21.6789835777148,5.9441102164765,16.8548957313046,0,0,50.6579509643484,118.67710607821,45.0881023081836,71.2477504573091,38.3521750455343,100.176463680798,0,0,0,0,0,0,0,0,849.7333593698,402.459992306302,2582.5228469069,2767.18826323052
"236",2009,477,19.5833333333333,3112.57263681232,2477.51117340883,813.196356016506,1543.21176690636,261.696966239358,353.169574638887,131.273860993321,291.446899338148,0,0,0,0,0,0,0,0,0,0,1.38124190164987,2.6807554449876,0.525732450554061,0.71132949683541,0.271139401003489,0.602452132466451,0,0,0,0,0,0,0,0,6726.02638298736,5008.87385062237,1324.22516532847,2680.68024169925,663.556542684358,1024.72896343267,624.477181811212,1630.94630594351,258.424689689027,192.448943378014,51.0439717006967,103.344483349183,25.5711312008527,39.4891600050395,24.0913822726684,62.9205766043639,20355.2876959349,15013.8762733171,4353.31035573984,8555.79387976404,2446.18497606201,3586.04746327905,1829.51030533111,4579.90452874282,782.079870212872,576.857207026996,169.339363032536,333.574226579838,95.9290986103534,140.851565806656,71.924158857491,180.246453560071,0,0,9.1182317667801,18.4244507240168,5.34469154692163,7.91202959191288,4.27651642576596,10.7970723570662,0,0,0,0,0,0,0,0,416.499231361935,333.272042016731,436.11683958308,949.017172311458,389.26738925392,659.420164917818,144.17094783919,406.473598103211,16.0025622305615,12.8048449315815,16.7564294254963,36.45563296393,14.9308316288712,25.2911698532145,5.53339505524605,15.600258245694,237.96011677126,189.43465956402,340.473224837683,765.426046147127,330.023449615301,559.178127102092,156.965149681316,443.998172728464,9.14280511571932,7.27838264471956,13.0799290198242,29.3986202411603,12.657443006242,21.4438783724264,6.02117152098285,17.0303433234123,0,0,50.6058098334696,118.54681225278,44.717634834353,70.3269946045396,39.0770833381746,101.910363562917,0,0,0,0,0,0,0,0,854.90539092391,404.698155278177,2601.29260289921,2786.01382049559
"237",2009,477,19.6666666666667,3093.29757533231,2461.65475007492,808.469126302112,1534.44664969649,258.565328846908,347.90146360547,131.767833797287,292.0319843774,0,0,0,0,0,0,0,0,0,0,1.37317718938456,2.66546848001362,0.519579499954053,0.700843623114764,0.272309090393867,0.60398543472786,0,0,0,0,0,0,0,0,6739.99012028127,5014.47555681991,1326.8186174467,2686.5300446599,661.557905030003,1017.24133713971,637.365446102684,1662.068664795,258.961198806238,192.6641698882,51.1440753391338,103.570284983392,25.4941664607615,39.2007245067845,24.5889634820085,64.1223024318474,20332.9814043042,14982.3461331443,4346.82397822861,8544.73065320599,2430.15318614295,3547.6096838922,1862.19893122363,4656.49282151283,781.222876973836,575.645767255665,169.086487863712,333.140399076485,95.2955410595549,139.33236806944,73.2081694251055,183.255529772103,0,0,9.11306314878986,18.4181377507925,5.3139610996095,7.83356632992431,4.35704517423202,10.9875847723448,0,0,0,0,0,0,0,0,417.670461032075,333.852186909327,437.233168361255,951.609694611686,388.231252830067,654.562108654951,146.710859306626,412.659647773368,16.047562817755,12.8271350239669,16.7995170715433,36.5557175307674,14.8914288063062,25.1054785730359,5.63105330463055,15.8382161488126,237.930454829285,189.207354480113,340.566444703655,765.637884309121,328.137841586572,553.198246316362,158.922050321684,448.392562535118,9.14166552008041,7.26964921799716,13.0836921866246,29.4072316138412,12.5854539007641,21.2151749904818,6.09645730970477,17.1995721773279,0,0,50.5525073297838,118.414466668083,44.3544897385052,69.4304207372602,39.79646379405,103.623484027373,0,0,0,0,0,0,0,0,860.092170160688,406.940285367357,2620.04508150045,2804.77393609993
"238",2009,477,19.75,3074.28974530614,2446.04676480243,803.805891486567,1525.78295574662,255.50713822702,342.802200380768,132.195390257203,292.467329518119,0,0,0,0,0,0,0,0,0,0,1.36516992563218,2.65028462214551,0.51356424008742,0.690686662698398,0.273340445702869,0.605205309248838,0,0,0,0,0,0,0,0,6753.56874886237,5019.78927420365,1329.34171290495,2692.21353433553,659.588056430036,1009.92865220458,650.177614025531,1692.86918354489,259.482911430849,192.868331407617,51.2414636582262,103.78967280988,25.4183111345585,38.9190300821833,25.0836209580937,65.3116430337936,20310.8276145729,14951.0454102255,4340.40197387934,8533.70576643268,2414.46711490823,3510.24011056903,1894.59403488197,4732.13772921421,780.371742317123,574.443142085786,168.836059881849,332.707999348829,94.6756068736555,137.855311587887,74.4806156148805,186.227354997024,0,0,9.10771177441233,18.4114349198581,5.28386621027392,7.75723356106126,4.43696312849017,11.1759929724338,0,0,0,0,0,0,0,0,418.812770946067,334.412411763947,438.312813289739,954.131621636633,387.195029683628,649.803553691562,149.211410806142,418.714219937565,16.0914522608288,12.8486597566689,16.8411929291749,36.6530851609274,14.8520164069126,24.9235874926307,5.72720461365136,16.0711375005434,237.903819685068,188.983239756789,340.649925422309,765.83464317654,326.293907396583,547.381358622192,160.834221357288,452.632825575229,9.14064221741157,7.26103837007588,13.0870782938156,29.415256778882,12.515055164899,20.9927027899287,6.17003026023439,17.3628964983003,0,0,50.4981001273222,118.280184247817,43.9985414726764,68.5574276642617,40.510398199228,105.316321132327,0,0,0,0,0,0,0,0,865.293334128132,409.186247981434,2638.77971325434,2823.46980030405
"239",2009,477,19.8333333333333,3055.55054351404,2430.68707738888,799.207115866949,1517.22250651969,252.520605890472,337.865460534779,132.55943180617,292.760799255376,0,0,0,0,0,0,0,0,0,0,1.35722816236648,2.63521518702429,0.507683332723262,0.680846415225978,0.274238958764529,0.606127017437826,0,0,0,0,0,0,0,0,6766.76025925643,5024.81507910022,1331.79259807774,2697.72785778108,657.645066699328,1002.78495573722,662.909991900305,1723.34219323381,259.989750355647,193.061430868856,51.3360656914449,104.002537312873,25.3434908559363,38.6438472959333,25.5752119381987,66.4883784985578,20288.829339109,14919.9749576093,4334.04470860369,8522.72160619909,2399.11934769892,3473.90787861472,1926.70147806048,4806.86305352475,779.526581990418,573.249364292562,168.58809633597,332.27712484978,94.0690056175782,136.419183467845,75.7417282815298,189.162871315755,0,0,9.10220701165954,18.4043723604112,5.25439124086972,7.68296790002619,4.51627363079934,11.3623258095079,0,0,0,0,0,0,0,0,419.92665329077,334.952909978435,439.357292354709,956.584321611704,386.160457850018,645.143899672567,151.674986188998,424.645553079795,16.1342494703841,12.8694265603415,16.8815152981815,36.7477883180882,14.8126610917458,24.7454738521901,5.82194019130516,16.299337500816,237.87995205214,188.76229088729,340.723972730593,766.017099542922,324.490069840085,541.723015653958,162.703340274954,456.727050173206,9.13972524555079,7.25254915936572,13.0900990993532,29.422725600025,12.4461864902583,20.776291823019,6.24195444507144,17.5206255746109,0,0,50.4426454961212,118.144075142166,43.6496630228049,67.7074220834032,41.2189660162132,106.989355359097,0,0,0,0,0,0,0,0,870.508526294266,411.43590988032,2657.49601407225,2842.1026076118
"240",2009,477,19.9166666666667,3037.08089426279,2415.57519734023,794.673139487975,1508.76685599488,249.60397615811,333.085160180833,132.862762632709,292.919925424047,0,0,0,0,0,0,0,0,0,0,1.34935871711418,2.62027010143777,0.501933603915448,0.671311224487771,0.275010008336704,0.606765322226167,0,0,0,0,0,0,0,0,6779.56437096198,5029.55430844891,1334.17007074401,2703.07143403601,655.727382447814,995.804999793424,675.559330936426,1753.48332502695,260.481704803316,193.243519639262,51.4278354635527,104.208817819085,25.2696457439304,38.374973826242,26.0636107619071,67.6523389213314,20266.988357955,14889.1347546101,4327.75223199199,8511.77993388214,2384.10247007893,3438.58279870894,1958.52679803784,4880.69139170096,778.687464393722,572.064433080917,168.3426021276,331.847848619965,93.475446826732,135.02279716763,76.991725691835,192.06297374231,0,0,9.09657285429948,18.3969751244602,5.22552114323566,7.6107080550838,4.59497990238307,11.5466113080156,0,0,0,0,0,0,0,0,421.012561467336,335.473865013551,440.367920237344,958.968965508701,385.128965474179,640.582256431259,154.103713147151,430.461070752058,16.1759718668139,12.8894424838406,16.9205346687071,36.8398718883962,14.7734176382709,24.5711037702205,5.9153414236243,16.5231001141981,237.858555053431,188.544422270173,340.788860198836,766.185796791258,322.724872835319,536.218805637343,164.531099925543,460.683142755732,9.13890319804428,7.24417829692106,13.0927651282272,29.4296589798994,12.378792205967,20.5657735174298,6.31229453730458,17.6730617632894,0,0,50.3862006858143,118.006244832389,43.3077265489387,66.8798194736571,41.9222444914657,108.643052150408,0,0,0,0,0,0,0,0,875.737395995737,413.68913908698,2676.19357085316,2860.67354910134
"241",2010,477,20,3018.01773874652,2399.83257517558,789.908516411424,1500.01752428642,246.366496214064,326.843366206226,133.548866938999,294.595162443677,0,0,0,0,0,0,0,0,0,0,1.34167287733956,2.60553885070218,0.49553288208969,0.658820806675087,0.276548280252966,0.610454784661734,0,0,0,0,0,0,0,0,6792.50417317136,5034.42758440095,1336.25794519165,2708.02782423283,652.817758520977,984.135988803847,689.330768610487,1788.36686822517,260.978872697134,193.430758694533,51.5084830141045,104.400213784729,25.1575729252467,37.9253968607072,26.5952588594358,68.999067111828,20245.7969203789,14858.7695904114,4320.67537153247,8499.89393334231,2365.66808648944,3387.45675280043,1994.34679007847,4970.79092405962,777.873302351713,570.897753647685,168.067156000946,331.382466828165,92.747967723913,133.006166211635,78.3982964994245,195.601798876188,0,0,9.09162233453141,18.3899708425371,5.18905652063512,7.50325262665728,4.68249349977667,11.7669701944649,0,0,0,0,0,0,0,0,422.243883109095,336.041671300525,441.511308218596,961.445990717815,383.800885160653,633.20586810961,157.248020872111,439.400388924726,16.2232812784443,12.9112585074178,16.964652949074,36.935499044174,14.722790768606,24.2887495702174,6.03619669753184,16.8666927996552,237.854828504849,188.342289490415,340.863923549658,766.351249005066,320.491592201444,528.238402354941,166.895633413608,467.179496879684,9.13876007598201,7.2364120305594,13.0958192526606,29.4364606749199,12.293435650222,20.2602644421412,6.40322628928838,17.9229318838716,0,0,50.3338714119352,117.87196681008,42.9046772503024,65.7478750892976,42.6981421138818,110.611610336381,0,0,0,0,0,0,0,0,880.80218820353,415.881773884388,2694.23601994148,2878.64362304696
"242",2010,477,20.0833333333333,2998.59554815084,2383.71657702674,785.002823886719,1491.08114211377,242.959473000865,319.822094212765,134.43822103598,297.082772630096,0,0,0,0,0,0,0,0,0,0,1.33400456131967,2.59083127269319,0.488796157460243,0.6447494543839,0.278502368877354,0.615804983314417,0,0,0,0,0,0,0,0,6805.64884573561,5039.46668966753,1338.22092344566,2712.84528065624,649.348310355704,969.766193498508,703.882860635253,1826.38976188198,261.483912037609,193.624369177257,51.5843268532299,104.586254699979,25.0239203357665,37.3717315859005,27.1569942007576,70.4667769471041,20224.8589853531,14828.6261504864,4313.07085091899,8487.31994477818,2345.20792079213,3327.19489878363,2032.55555115893,5070.35002647578,777.068879444864,569.739593240564,167.77151281416,330.890688737682,91.9411344252468,130.63100601396,79.8984837140034,199.511879925196,0,0,9.08653662521017,18.3825477810891,5.14811084844892,7.37538255504622,4.77542219734695,12.0087785457687,0,0,0,0,0,0,0,0,423.550064333115,336.63064164429,442.702127952764,963.93533797141,382.247718363591,624.106000447078,160.782793071463,449.971561928584,16.2734669130681,12.9338876879482,17.010591591747,37.0315943067643,14.6635233156889,23.9402667699794,6.17203439685781,17.2728901817606,237.855077269243,188.140037260768,340.930912836784,766.466719218734,317.982872836526,518.787279718903,169.581615629426,475.14937589266,9.13876969050719,7.2286411747816,13.0985604445544,29.4413356412375,12.19750574435,19.8983244732873,6.50649100742528,18.229326176845,0,0,50.2833733491644,117.738214889216,42.4657171885837,64.4407141382704,43.5179152266131,112.76394113079,0,0,0,0,0,0,0,0,885.764610934057,418.035771630777,2711.82931097327,2896.13703879829
"243",2010,477,20.1666666666667,2979.38509335621,2367.80819129451,780.152582512395,1482.22262705504,239.643857477604,313.110155629547,135.235142823128,299.273499575264,0,0,0,0,0,0,0,0,0,0,1.32627609765038,2.5760804241022,0.48224440076752,0.631289858882451,0.280275530536604,0.620574123626217,0,0,0,0,0,0,0,0,6818.64571592286,5044.3873906877,1340.19921281343,2717.65868749595,645.995423215197,955.946244381083,718.418844134772,1864.17949912178,261.983272574399,193.813430379486,51.6607437196444,104.772114057034,24.8947555887341,36.8392498681116,27.7181128948311,71.9255073337171,20203.8453938655,14798.5382233593,4305.50514755729,8474.71783125541,2325.22648662469,3269.09099806005,2070.30106498137,5167.85029164662,776.261548991286,568.583565745055,167.477300125381,330.397727034821,91.1531403104054,128.34077556597,81.3804630392362,203.340924957741,0,0,9.08078365757199,18.3742374182574,5.10816350813947,7.25209642563656,4.86750448367879,12.2465241793323,0,0,0,0,0,0,0,0,424.815686167031,337.19710059811,443.830215869856,966.333385339266,380.670762961367,615.242493291341,164.203774366947,459.983474092692,16.3220941904289,12.9556519449045,17.0541176262665,37.1241770364882,14.6033373282824,23.600831374443,6.30351000289571,17.6576441932146,237.849991246751,187.929709160741,340.977844173683,766.527496952265,315.537362145644,509.631499945899,172.201822944983,482.781864605398,9.1385743328299,7.22056003118462,13.100528303637,29.4441030134567,12.1039922945741,19.5476892355651,6.60723552247013,18.5227883592064,0,0,50.2312875236312,117.601486607815,42.0362982204384,63.1778181919072,44.3296292756131,114.875874388369,0,0,0,0,0,0,0,0,890.742120406372,420.193468609986,2729.39044443924,2913.49900963685
"244",2010,477,20.25,2960.39946285042,2352.11658268684,775.361108980938,1473.44946610646,236.41754908368,306.692856593015,135.94410461374,301.185193028289,0,0,0,0,0,0,0,0,0,0,1.31851326269243,2.56131595185298,0.47586948174138,0.618411444301301,0.281874039829241,0.62479021176037,0,0,0,0,0,0,0,0,6831.42990512349,5049.14234328257,1342.16886018738,2722.41961636002,642.741860704689,942.632016739867,732.923384399305,1901.69211138358,262.474461567569,193.996123262155,51.7368146020435,104.9559329078,24.7694163138451,36.3262543516718,28.2780254894362,73.3735689404797,20182.807675148,14768.5425190257,4297.9897399766,8462.11198779631,2305.71778883929,3213.07335618563,2107.60043901375,5263.3844050824,775.45329082828,567.431081617755,167.184966414868,329.904533955125,90.3837494256586,126.13265874366,82.8449030806786,207.092567970492,0,0,9.07449048057263,18.3651761218199,5.06918494630394,7.13322787782004,4.95875809142576,12.4803505017904,0,0,0,0,0,0,0,0,426.042834935348,337.741978754981,444.902052375157,968.647789970767,379.07930448405,606.619230582602,167.520794308881,469.487765433297,16.3692432704366,12.9765870331577,17.0954800362502,37.2135414299069,14.5425892106978,23.2705934125704,6.43100052162872,18.0229352934332,237.842366328867,187.714498891546,341.008325364375,766.54617762007,313.153474271862,500.767950423316,174.756323886378,490.078628283333,9.13828142556464,7.21229130687666,13.1018614332429,29.445246592829,12.0128347159192,19.2082404169241,6.70546217315719,18.8033810737992,0,0,50.1777023840119,117.462053721338,41.616309702213,61.9578487715455,45.1334954586059,116.948879626085,0,0,0,0,0,0,0,0,895.734253173006,422.354723733671,2746.91804463994,2930.73286267805
"245",2010,477,20.3333333333333,2941.64944911117,2336.64909940814,770.6311249081,1464.76798311691,233.278382139957,300.556093889651,136.569377533534,302.834713611596,0,0,0,0,0,0,0,0,0,0,1.31073827617079,2.54656448524258,0.469664373954369,0.606085588744203,0.283304279975755,0.628480840410409,0,0,0,0,0,0,0,0,6843.94984308701,5053.69438289542,1344.1110305817,2727.09038532009,639.574009443978,929.787239804141,747.382683980548,1938.88799249306,262.955497605628,194.171019903562,51.8118167846421,105.13626457462,24.6473791985992,35.8313492767876,28.8362014436541,74.8094395067844,20161.7874318758,14738.6683384054,4290.53356480771,8449.5217482951,2286.6745911273,3159.07066972985,2144.46945467313,5357.03890048696,774.645703400185,566.283266646701,166.894861776514,329.4118656396,89.6326775643938,124.003855197855,84.292421096313,210.770203913426,0,0,9.06775870612497,18.3554707976975,5.03114612761954,7.01861302322963,5.04919792111848,12.7103864637673,0,0,0,0,0,0,0,0,427.233216274458,338.265974894396,445.922752760802,970.884080269306,377.480573876973,598.237134224022,170.742648742027,478.530831438502,16.4149796863566,12.9967198009334,17.1348753676458,37.2998999030402,14.4815564853168,22.9495890986595,6.5548432868918,18.3705427286542,237.834313107916,187.49691368658,341.025332019759,766.532980514736,310.829645014298,492.192369995725,177.245731272767,497.044698513804,9.13797206104584,7.2039313337744,13.1026741603488,29.4451589440293,11.9239732644876,18.8798156463996,6.80119421055342,19.07129622831,0,0,50.1227068113036,117.320163169422,41.205624165879,60.7794791306897,45.9297151784527,118.984367592451,0,0,0,0,0,0,0,0,900.74056862417,424.519401286548,2764.41107453764,2947.84201752687
"246",2010,477,20.4166666666667,2923.14399170379,2321.41162889444,765.964871977652,1456.18355789342,230.224157710858,294.686344328355,137.115050580495,304.238024411004,0,0,0,0,0,0,0,0,0,0,1.3029704032637,2.53184993855225,0.463622845550151,0.594285312910447,0.284572678945903,0.631673034939378,0,0,0,0,0,0,0,0,6856.1643723845,5058.01428150977,1346.01083572177,2731.64156382035,636.480982351926,917.381473376947,761.784322226007,1975.73170790007,263.424799354337,194.336997316575,51.8851789421162,105.311978984029,24.5282255965459,35.3533628520715,29.3921629930291,76.231756612363,20140.8184971745,14708.9392062511,4283.14360353724,8436.96256429539,2268.08878856171,3107.01255964236,2180.92273698787,5448.89479755745,773.840086633749,565.141024690316,166.60726057635,328.920327702162,88.8996067231389,121.951601018345,85.7235895564031,214.377013380419,0,0,9.06067097904918,18.3452070768796,4.99401884904843,6.908092064628,5.13883670774764,12.9367491165255,0,0,0,0,0,0,0,0,428.388249822341,338.769621064079,446.896432764611,973.046299021281,375.880302227407,590.095132786151,173.877229524071,487.154483849324,16.4593579829388,13.0160706903557,17.1724617650239,37.3834077863786,14.4204590894909,22.6377780404057,6.67534093749464,18.7020698769584,237.82741625715,187.278925320076,341.031308560088,766.496181659513,308.564297122432,483.899574194964,179.671080094853,503.687632304454,9.13770712496319,7.19555587059693,13.1030604135455,29.4441580118425,11.8373476951457,18.5622171086435,6.89447110681464,19.3268227154901,0,0,50.0663885256353,117.176040046473,40.8041016396351,59.6413990849322,46.7184810411279,120.983694134738,0,0,0,0,0,0,0,0,905.760643695655,426.687369249643,2781.86874244294,2964.82991785008
"247",2010,477,20.5,2904.89037528037,2306.40875805017,761.364163462983,1447.70072305015,227.252660711106,289.070673365739,137.585035490945,305.410217926111,0,0,0,0,0,0,0,0,0,0,1.29522623297538,2.51719366395583,0.457739335140162,0.58298517528063,0.28568567129176,0.634393154270813,0,0,0,0,0,0,0,0,6868.04144626542,5062.07973272808,1347.85680163835,2736.05083696497,633.454206348434,905.389185000451,776.117205632791,2012.19197142265,263.881135526294,194.493198453727,51.9564607291569,105.482219119224,24.411625711361,34.8913118406598,29.9454832590606,77.6393168428297,20119.9279022804,14679.3736079604,4275.82514676452,8424.4465342007,2249.9515842108,3056.8298693281,2216.97381841407,5539.02783381116,773.037479117083,564.005065986938,166.3223716539,328.43039568209,88.1841919603506,119.973180326184,87.1389385998525,217.915971523127,0,0,9.05329372934807,18.3344527161467,4.95777583502643,6.80150984873875,5.22768534830833,13.1595449308352,0,0,0,0,0,0,0,0,429.509112221799,339.253312518602,447.82636874271,975.137285177327,374.282955901636,582.190558666947,176.931586993126,495.396262201196,16.5024233686709,13.0346548877375,17.208365122872,37.4641741474926,14.3594684052094,22.3350584990246,6.79276381417263,19.0189561989736,237.822807185974,187.062039148816,341.028222264641,766.442329706847,306.35584437058,475.883619781911,182.033754494177,510.017049700578,9.1375300878901,7.18722275555875,13.1030957973652,29.4424954075151,11.7528974127553,18.2552178446303,6.98534575029515,19.570328663076,0,0,50.0088334445175,117.029889097487,40.4115918279666,58.542318739019,47.4999770276494,122.94816034154,0,0,0,0,0,0,0,0,910.794070676529,428.858498610589,2799.29046376884,2981.70000308124
"248",2010,477,20.5833333333333,2886.89446403143,2291.64396191116,756.830445214469,1439.32327973418,224.361676785532,283.696728558325,137.983076132954,306.365564321623,0,0,0,0,0,0,0,0,0,0,1.2875200176291,2.50261465508043,0.452008806574194,0.572161128478228,0.286649659453994,0.63666680363857,0,0,0,0,0,0,0,0,6879.55659753045,5065.87416521426,1349.64024967934,2740.30168670018,630.486959568075,893.788731552673,790.371474765122,2048.24149065482,264.323566052572,194.638986617786,52.0253290492579,105.646350447642,24.2973208436922,34.4443624782542,30.4957826924759,79.0310699178225,20099.1370173552,14649.9858527061,4268.58210167613,8411.98301897571,2232.25368225925,3008.45493402488,2252.63523493313,5627.50883503467,772.23870193142,562.875940317645,166.040350197088,327.942438848761,87.4860688953497,118.065935731873,88.5389597439718,221.389862361417,0,0,9.04568039485058,18.3232615585837,4.92239083228712,6.69871642707317,5.31575327368311,13.3788713257242,0,0,0,0,0,0,0,0,430.596786540596,339.717341418415,448.715181362964,977.158991622627,372.692008487081,574.519600814775,179.912010571215,503.289837284028,16.5442136145793,13.0524836183503,17.2426861402231,37.5422739958918,14.2987177011455,22.0412847824956,6.90735305271957,19.3224927156327,237.821249218097,186.847375574742,341.01762800196,766.376503338329,304.202687547624,468.137961405016,184.335412199098,516.044140913358,9.13747027796317,7.17897503629368,13.1028400772374,29.4403662898014,11.6705613137491,17.9585677513077,7.07388154282716,19.8022425127787,0,0,49.9501250126821,116.881896604925,40.0279364855142,57.480971538218,48.2743789951022,124.879014311237,0,0,0,0,0,0,0,0,915.840454626612,431.03266258865,2816.67581627198,2998.45567777828
"249",2010,477,20.6666666666667,2869.1609211478,2277.11978014614,752.364852762953,1431.05440614368,221.549007230461,278.55272848001,138.312757974752,307.117560971163,0,0,0,0,0,0,0,0,0,0,1.27986399975893,2.48812975856276,0.446426620323787,0.561790386963962,0.28747097791536,0.638518760104461,0,0,0,0,0,0,0,0,6890.6915125125,5069.38563928308,1351.35472324163,2744.38217122821,627.573952233848,882.561452457624,804.538403863966,2083.85676234606,264.751387292796,194.773903066951,52.0915360748139,105.803914111711,24.1851073112243,34.0117956702186,31.0427252356975,80.4061108977743,20078.4626145615,14620.7868760695,4261.41727614046,8399.57921009363,2214.985462145,2961.8218034242,2287.91862390254,5714.4041012522,771.44439949608,561.754067844727,165.7613087163,327.456742164671,86.8048604722837,116.2272769815,89.9241096617218,224.801293695304,0,0,9.03787435186348,18.3116770872047,4.88783866736376,6.59956745654172,5.40304879797912,13.5948181393119,0,0,0,0,0,0,0,0,431.652107632146,340.161927419413,449.565001461994,979.112768187505,371.110184319364,567.077699293943,182.824110446482,510.865417931138,16.5847607970593,13.0695653217247,17.2755066908055,37.6177591539675,14.2383114838145,21.7562824050885,7.01932371881249,19.6138376150048,237.823217045927,186.63574647175,341.00073249191,766.302561140363,302.103212778778,460.655598284148,186.5779136851,521.781207640595,9.13754593364567,7.17084390629453,13.1023396466404,29.4379189577604,11.5902777184104,17.6719992016984,7.16014967844064,20.0230354113931,0,0,49.8903436566248,116.732232281031,39.6529716126548,56.4561169200965,49.0418552075321,126.777453140686,0,0,0,0,0,0,0,0,920.899411063834,433.209735971862,2834.02450008478,3015.10028577699
"250",2010,477,20.75,2851.69335925462,2262.83793805744,747.968250472993,1422.89673206173,218.812478209534,273.627448714244,138.57751519164,307.678971894561,0,0,0,0,0,0,0,0,0,0,1.27226865100892,2.47375386028588,0.440988462738504,0.551851343550666,0.288155869132183,0.639972935208695,0,0,0,0,0,0,0,0,6901.43308363033,5072.6061144587,1352.99561158706,2748.28412725095,624.711058243136,871.691103741662,818.610322290642,2119.01786878669,265.164095632733,194.897638873283,52.1549048207093,105.95459632801,24.0748261470218,33.5929852601922,31.5860153196922,81.7636724158285,20057.91757402,14591.7847720395,4254.33256357152,8387.24049687289,2198.13708733823,2916.86635148037,2322.83479759648,5799.77571726675,770.655066692362,560.639759551935,165.48532418911,326.973520499188,86.140181190436,114.454685232138,91.2948130176726,228.152709097646,0,0,9.02991068480355,18.299734456757,4.85409522163179,6.50392417670112,5.48957935498315,13.8074687298222,0,0,0,0,0,0,0,0,432.675791078054,340.587236628613,450.377570110232,980.999524903347,369.539601914929,559.859756502436,185.672884214356,518.150080392789,16.6240924098934,13.0859063799579,17.3068936674757,37.6906645305528,14.1783310063698,21.479856205917,7.12886736590486,19.8940288906889,237.828948938646,186.427706384068,340.978445154045,766.223327150718,300.055801634166,453.429198948287,188.763268195851,527.241335089318,9.13776620964459,7.16285067203666,13.1016294790876,29.4352619739083,11.511984757499,17.3952318285423,7.24422706981846,20.2332086186975,0,0,49.8295666147574,116.581050854479,39.2865289498072,55.4665420263809,49.8025667040928,128.644624498751,0,0,0,0,0,0,0,0,925.970564594524,435.389594781539,2851.33631499959,3031.63709897229
"251",2010,477,20.8333333333333,2834.49447533014,2248.79945498935,743.641266667426,1414.85240587086,216.149948356327,268.910205675772,138.780637603891,308.061866398675,0,0,0,0,0,0,0,0,0,0,1.2647428900614,2.45950006130294,0.435690285090027,0.542323492475257,0.288710462922175,0.641052347808367,0,0,0,0,0,0,0,0,6911.77256309395,5075.53079666948,1354.55981665844,2752.0024643635,621.895083104638,861.163377401841,832.580534431992,2153.70825412554,265.561354968304,195.010009840883,52.2153163660983,106.098201319113,23.9663541922754,33.1873795728029,32.1253948005966,83.103116134722,20037.5115149563,14562.9852673267,4247.32910659262,8374.97079108798,2181.69859891116,2873.52635626421,2357.39381451448,5883.68185664516,769.871073113152,559.533235468394,165.21244438709,326.49293119213,85.4916407441277,112.745716162241,92.6514652188172,231.446399659083,0,0,9.02181774164554,18.287462259129,4.82113739882519,6.41165335356171,5.57535170677758,14.0169009583249,0,0,0,0,0,0,0,0,433.66845859287,340.993398009098,451.1543251982,982.819870670127,367.9818981058,552.860315778554,188.462779567462,525.168077795175,16.6622323403428,13.1015117480175,17.3369023090273,37.7610134501357,14.1188390360802,21.2117972137879,7.23615444163385,20.1639962167873,237.838493322034,186.223598438247,340.9514248302,766.140759970898,298.058839269512,446.451206432753,190.893587120789,532.438107845412,9.13813296658116,7.15500851699013,13.1007349219441,29.4324706570281,11.4356206840792,17.1279765598351,7.32619455732957,20.4332825986098,0,0,49.7678678180215,116.42849353916,38.9284372869127,54.511063026257,50.5566676870862,130.481628339448,0,0,0,0,0,0,0,0,931.053547746262,437.572116008909,2868.6111407922,3048.06930835541
"252",2010,477,20.9166666666667,2817.56618080946,2235.00474877363,739.384327502172,1406.92315929594,213.559315692756,264.39083881905,138.925277753203,308.27765837147,0,0,0,0,0,0,0,0,0,0,1.2572942931269,2.44537984863527,0.430528244423343,0.533187351936166,0.289140757564139,0.641779102102258,0,0,0,0,0,0,0,0,6921.70474771182,5078.15751055665,1356.04543414287,2755.53449021141,619.123544842981,850.965450907745,846.443236193277,2187.91448489907,265.942965384566,195.110932388989,52.2726976223386,106.23462542493,23.8595956867883,32.794484113843,32.660639764723,84.4239235948194,20017.2514040055,14534.3921775652,4240.40745398889,8362.77283806988,2165.66000382163,2831.74156728961,2391.60505134325,5966.17708855441,769.092686434875,558.434642196615,164.942693943906,326.015086095878,84.8588474571414,111.098002592915,93.9944351916584,234.684515848711,0,0,9.01361863796585,18.2748842335199,4.78894309576173,6.32262723845897,5.66037214038671,14.2231881113467,0,0,0,0,0,0,0,0,434.630662234223,341.380518882717,451.896484001679,984.574244484763,366.438347368541,546.07373380111,191.197755373118,531.941141884454,16.6992017993395,13.1163855493806,17.3655793724601,37.8288226960941,14.0598844368799,20.9518892726325,7.3413366324378,20.4245725271794,237.85175359,186.023598564907,340.920124328323,766.056114653167,296.110719750632,439.713930576719,192.97104161932,537.385347942905,9.13864249272098,7.14732420068994,13.0996734067958,29.429593298057,11.3611240775799,16.8699391599693,7.40613528121124,20.6237869627797,0,0,49.7053177738721,116.274689442066,38.578523699798,53.5885262217039,51.3043059408524,132.289518779502,0,0,0,0,0,0,0,0,936.147999869756,439.75717737839,2885.84891812889,3064.40001531501
"253",2011,477,21,2799.37062526611,2219.95262867516,732.772553148852,1391.70805826651,212.920580149654,263.515463983252,139.006876731085,311.533536174577,0,0,0,0,0,0,0,0,0,0,1.24696664574014,2.41998076975335,0.429308535499144,0.531418509677594,0.28889828326942,0.646894011161514,0,0,0,0,0,0,0,0,6932.05705775034,5081.08817343412,1353.56983262176,2745.39102253143,621.926600411515,852.359327008837,858.167699709128,2223.55693868106,266.340717691342,195.223533143367,52.1774732013653,105.843898323605,23.9676708995143,32.8483136616091,33.1135296673977,85.8003141548849,19998.2705050533,14506.4996389489,4221.33558551094,8309.53462765762,2169.35835803921,2828.94916087794,2417.39244707912,6050.2057441457,768.363448174248,557.362965246638,164.20145174367,323.93854301377,84.9995281229745,110.980332490033,95.0043096313039,237.972804068591,0,0,8.98422314213276,18.1766717343909,4.80033137565255,6.32052190389504,5.72590672404101,14.4312107426318,0,0,0,0,0,0,0,0,435.871843978239,341.903747085873,451.760050602747,981.96825220029,368.702835489865,547.240019650691,192.052127488227,536.3991049429,16.7468900398642,13.1364888120779,17.3604916623416,37.7290932995488,14.1470362370869,20.9971067624106,7.37443262673707,20.5965800741176,237.910454827372,185.85930003582,340.086064922887,762.401823862459,296.888953822374,439.079420729313,193.299727888066,540.020207450658,9.14089793218925,7.14101158716994,13.0677636334571,29.2895728921297,11.3912266690134,16.8460256368619,7.41902822118626,20.725764491941,0,0,49.5277027778989,115.579347544303,38.5821021955261,53.4081836420733,51.8382342763679,133.926876539944,0,0,0,0,0,0,0,0,940.940676107162,441.79016576338,2902.0293159767,3079.51889163975
"254",2011,477,21.0833333333333,2781.15832319407,2204.85097011509,725.704805496892,1374.97157038273,212.743097806431,263.491006182995,139.052942721732,315.467833274287,0,0,0,0,0,0,0,0,0,0,1.23575174142008,2.3915495777402,0.429052908263617,0.531427287152716,0.288529678197491,0.653252910673002,0,0,0,0,0,0,0,0,6942.06914017508,5083.75534584138,1349.97322065293,2731.42432784659,626.126113864972,856.657172671274,869.08752912618,2259.22158534585,266.725397909115,195.326010172514,52.0390466645615,105.305777800511,24.1295643965237,33.014054800634,33.5354372433997,87.1776637678458,19979.9153713081,14479.0785803527,4199.26096873816,8245.8793747131,2178.17006339123,2836.2001706993,2440.89099499942,6134.62535108308,767.658252090304,556.309403333661,163.343546754398,321.455896151935,85.3407529926307,111.25704014831,95.9236972703185,241.273874805758,0,0,8.94807695259346,18.0543349383232,4.82305205846775,6.34081978502746,5.78617833447382,14.6401238471519,0,0,0,0,0,0,0,0,437.151740585952,342.443914580775,451.307119123331,978.064620967464,371.928235226323,550.485268852716,192.543239779313,540.50455407037,16.7960657661396,13.1572429094884,17.3432386454962,37.579496926104,14.2710536791142,21.1220811353827,7.39360634680246,20.7551211045415,238.004300036437,185.718685243179,339.056645588194,757.825904173006,298.45777983041,440.148882314011,193.171349389507,542.077362261283,9.14450365801125,7.13560894071491,13.0283441543751,29.1141360495372,11.4516590081367,16.8874775442587,7.41439775971255,20.8056291572003,0,0,49.3182491896873,114.737806436244,38.6807716304064,53.4248438561748,52.314213794984,135.521423980078,0,0,0,0,0,0,0,0,945.659735970609,443.783154091539,2917.99804810694,3094.33792310416
"255",2011,477,21.1666666666667,2763.36523080638,2190.12394092429,718.868334998636,1358.81201366476,212.490238799759,263.326388019301,139.069041579208,319.187024676335,0,0,0,0,0,0,0,0,0,0,1.22453063108163,2.36340037424582,0.428669073093291,0.53119775410418,0.288192085679483,0.65951760941135,0,0,0,0,0,0,0,0,6951.53156374924,5086.00841225524,1346.3572840846,2717.44587251487,630.170532489843,860.671259449696,879.768784819325,2294.39165537144,267.088959354851,195.412576587169,51.8998580987202,104.767180800432,24.2854809536696,33.1688563599107,33.9481631901372,88.535992643251,19961.8612256121,14451.9834848682,4177.6247667222,8183.37088559611,2186.61993987251,2842.81369680068,2464.38256489649,6218.72024107562,766.964619818992,555.268365462944,162.502497578817,319.017580511781,85.6679804381612,111.509075192523,96.842853706871,244.562435720388,0,0,8.9112352775845,17.9320286360046,4.84496697162656,6.35963870501951,5.84642606365302,14.8486931276078,0,0,0,0,0,0,0,0,438.382905910978,342.956852488906,450.775450773433,974.067207395125,375.043454200138,553.606392231681,193.186679117513,544.863131930942,16.843369158111,13.176950802652,17.3229567765698,37.4262874152964,14.3908392091617,21.2422823811955,7.41862041840761,20.9233609687236,238.119123100632,185.591367397949,338.049552082614,753.318744825895,300.056399575881,441.25044670444,193.077876575311,544.181842801836,9.14891538549208,7.13071718427575,12.9897794426411,28.9413307824832,11.5132308083081,16.9301522351534,7.41110598235689,20.8873070650181,0,0,49.1088257285333,113.901436227542,38.7769131492938,53.4362264642318,52.7908356773601,137.115773249705,0,0,0,0,0,0,0,0,950.392368029307,445.779209259677,2934.04966785234,3109.17881159547
"256",2011,477,21.25,2745.97990243504,2175.76070690125,712.254585435886,1343.2079614935,212.167233822922,263.032013027641,139.056206210179,322.697991321657,0,0,0,0,0,0,0,0,0,0,1.21336653413741,2.33564080833717,0.428158538079825,0.530735888062798,0.287871840874823,0.665643183913095,0,0,0,0,0,0,0,0,6960.48397386092,5087.87948938397,1342.73309391158,2703.48267756708,634.073786772943,864.426374856047,890.228463588865,2329.09324448294,267.432925267761,195.484466362624,51.7603344648019,104.229147749206,24.4359559861336,33.3136718613979,34.3523587082064,89.8762984593231,19944.0807731962,14425.1920821644,4156.41355917351,8121.97672654753,2194.71643082562,2848.80858011323,2487.8557300579,6302.47016056523,766.281502661312,554.238995972452,161.677792793856,316.622354996655,85.9815327869252,111.737161100889,97.7613371755017,247.837701105191,0,0,8.87393291641062,17.8100573510957,4.86607178077305,6.37699694495593,5.90658009842197,15.0567296034786,0,0,0,0,0,0,0,0,439.566530054749,343.44274318127,450.173058269707,969.986156952236,378.050888745365,556.599256985508,193.963687169302,549.442617476291,16.8888459413611,13.1956194985543,17.2999538210995,37.269854478229,14.5064842475221,21.3575510988472,7.44875498823169,21.1000636273694,238.250325707579,185.4746544678,337.056827097056,748.867354596904,301.672791364861,442.370807779117,193.027563565564,546.348032099881,9.15395644018193,7.12623288566363,12.9517637652105,28.7706581712445,11.5754807367845,16.9735391065236,7.40946918524702,20.9713488211804,0,0,48.8993467404964,113.070134513995,38.8704695254367,53.4423229927648,53.268041210223,138.709742034184,0,0,0,0,0,0,0,0,955.138051720617,447.778173125874,2950.18019111993,3124.03905548958
"257",2011,477,21.3333333333333,2728.99171730415,2161.75114865198,705.855464709091,1328.13905572873,211.779076049416,262.617737153709,139.015479620117,326.007530615148,0,0,0,0,0,0,0,0,0,0,1.20230936689556,2.30835407371541,0.427524572278598,0.53005020729802,0.287557938794853,0.671594453679415,0,0,0,0,0,0,0,0,6968.96004427176,5089.39608893204,1339.10893232218,2689.55581694438,637.84694385038,867.94308414088,900.482748233697,2363.35116330155,267.758589447617,195.54273654256,51.6207955434384,103.692490656378,24.5814150296563,33.449292736081,34.7486440285663,91.1995301319593,19926.5510706278,14398.6854565705,4135.61516902192,8061.66729130878,2202.46840294319,2854.20409544643,2511.30026909864,6385.85711491954,765.608019103225,553.220568091551,160.868968752271,314.269087232622,86.2817490487761,111.942038626976,98.6787523234922,251.098972450868,0,0,8.83636210380088,17.6886698364435,4.88637102659815,6.39292326655631,5.96658417967992,15.2640784884938,0,0,0,0,0,0,0,0,440.703866564302,343.901876339781,449.507399471173,965.83133056874,380.9535030405,559.461653996046,194.857605978561,554.214117974394,16.9325442791564,13.2132601272379,17.2745162563198,37.1105769352189,14.6181021280405,21.4678019308705,7.48337079538294,21.2841206831233,238.394015006736,185.366281750722,336.072279873519,744.461551265176,303.296600623866,443.498145386962,193.026464857733,548.586609178621,9.15947725259454,7.12206903140426,12.9140592589304,28.6017271949443,11.6380113952764,17.0171845209301,7.40971929885041,21.0581630575003,0,0,48.6897711076264,112.243861642707,38.961389378504,53.4431351637822,53.7457677004509,140.303137958382,0,0,0,0,0,0,0,0,959.896279947831,449.779888936894,2966.3858078819,3138.91617153705
"258",2011,477,21.4166666666667,2712.3907034543,2148.08571720661,699.663274444549,1313.58585639259,211.330534807785,262.092910559052,138.947908188403,329.122349641465,0,0,0,0,0,0,0,0,0,0,1.19139889550959,2.28160474637282,0.42677160091766,0.529150832731734,0.28724144608565,0.67734379167603,0,0,0,0,0,0,0,0,6976.98883461214,5090.58214868827,1335.49105769542,2675.68196125822,641.498899657592,871.238665223181,910.546962972053,2397.1888723548,268.067068411889,195.588306855105,51.4814832982411,103.157852347814,24.7222002797848,33.5763841760927,35.1376066598604,92.5065852432403,19909.2525344913,14372.4472960443,4115.21835757048,8002.41514352406,2209.88495929541,2859.01969607478,2534.70701827185,6468.86509030574,764.943416727628,552.212455085206,160.075597828504,311.956728202595,86.5689776739747,112.124455894551,99.5947445147226,254.345627685223,0,0,8.79868190521666,17.5680710090822,4.90587489382779,6.40745286256006,6.0263927508485,15.4706120035405,0,0,0,0,0,0,0,0,441.796201631038,344.334618940694,448.785372413586,961.612154897348,383.754556730339,562.192736611932,195.853571334841,559.151624383046,16.9745135890134,13.2298867885172,17.2469090785255,36.9488169636253,14.7258176223194,21.5730019834629,7.52189740998129,21.4745343389966,238.546867059748,185.264324464932,335.091105017725,740.093360919377,304.918909156661,444.622005532674,193.078900929574,550.905293061152,9.16535011175277,7.11815166830217,12.8764812879211,28.4342316609858,11.700480483358,17.0606872386603,7.41202174920356,21.1480449551666,0,0,48.4800904758306,111.42262355171,39.0496277788666,53.4386750106496,54.2239500659398,141.895762745672,0,0,0,0,0,0,0,0,964.666559209602,451.784201898477,2982.66288367293,3153.80772108697
"259",2011,477,21.5,2696.16747311885,2134.75538252441,693.670688876389,1299.52979957965,210.82615482931,261.466381940081,138.854538055632,332.049056791346,0,0,0,0,0,0,0,0,0,0,1.18066594217828,2.25544102866003,0.425904974153292,0.528049125889524,0.286915272436816,0.682870271138692,0,0,0,0,0,0,0,0,6984.59530377298,5091.45842024622,1331.88400674959,2661.87398473615,645.036663810091,874.327493209998,920.435524311156,2430.62839636233,268.35932112108,195.621974609668,51.3425734738381,102.625729753918,24.8585815162652,33.6954998800204,35.5197994844546,93.7983067196822,19892.1685676257,14346.4636097764,4095.21271424071,7944.19477772731,2216.97535523163,2863.27488871554,2558.067824521,6551.4799700628,764.287057853846,551.214119403857,159.297284157547,309.684303007453,86.8435733024963,112.285163560331,100.508998023525,257.577117947012,0,0,8.76102187313851,17.4484266491273,4.9245980681355,6.42062588772221,6.08596979144268,15.6762264975347,0,0,0,0,0,0,0,0,442.844840654074,344.741403083651,448.013315467335,957.337565439293,386.457499414989,564.792797024634,196.938397745509,564.23184917431,17.0148040264419,13.2455160843516,17.2173758069343,36.7849179106302,14.8297628799498,21.6731622249869,7.5638288217934,21.67041118437,238.706075598489,185.167165046361,334.109720383605,735.756761398896,306.532135693052,445.733247495468,193.187659782628,553.309171429182,9.17146719639151,7.11441864695794,12.8388922168864,28.2679403527036,11.7625969900806,17.1036964015757,7.41648319067282,21.2411888481,0,0,48.2703244324702,110.606464563027,39.1351464456695,53.4289648181206,54.7025216789448,143.487414435962,0,0,0,0,0,0,0,0,969.448410054275,453.79095953095,2999.00795991267,3168.71132132543
"260",2011,477,21.5833333333333,2680.31312966869,2121.75155757027,687.870718359856,1285.95312045995,210.270263031127,260.746520507739,138.736410967573,334.794155161702,0,0,0,0,0,0,0,0,0,0,1.17013410047902,2.22989792961295,0.42493065368985,0.526757204231528,0.286573844414769,0.688158452842835,0,0,0,0,0,0,0,0,6991.80104617416,5092.04302683909,1328.29100336392,2648.141792688,648.465749044801,877.221573448092,930.161918723554,2463.69028999245,268.636177267335,195.644436129851,51.2041912912535,102.096505663755,24.9907710386141,33.807102498454,35.8957398747179,95.0754814684501,19875.2850215628,14320.7223210821,4075.58849900643,7886.9822762653,2223.74889520432,2866.98908812726,2581.37545650809,6633.68936814897,763.638398883703,550.225097041684,158.533657555625,307.4508976264,87.1058927659608,112.424909173012,101.421232608107,260.792961153265,0,0,8.72348725879865,17.3298700932639,4.94255814441186,6.43248545267184,6.14528718035942,15.8808383656872,0,0,0,0,0,0,0,0,443.851091725442,345.122709567879,447.197019211653,953.015946497463,389.065836274221,567.262967241133,198.100394864632,569.43395671725,17.0534658504192,13.2601664878162,17.186138937413,36.6192019840303,14.9300722573786,21.768325984032,7.60871639881316,21.8709518605491,238.869275101272,185.073444656544,333.12554519572,731.447332557151,308.129885250797,446.82394931778,193.354272997063,555.801149942079,9.17773761942361,7.11081775862369,12.801192888068,28.102683597212,11.8241154227559,17.1459079215754,7.42316209629586,21.3377054501755,0,0,48.0605139954624,109.795457845178,39.2179138686863,53.4140368693666,55.1814153117915,145.077889850285,0,0,0,0,0,0,0,0,974.241367155674,455.800012005299,3015.41775051024,3183.62465751552
"261",2011,477,21.6666666666667,2664.81918797907,2109.06603335831,682.256677828225,1272.83878681375,209.666975012864,259.94123665909,138.594560479153,337.364035770968,0,0,0,0,0,0,0,0,0,0,1.15982122372065,2.20500002564955,0.423854951712695,0.525287539038949,0.286212818783589,0.693197320475788,0,0,0,0,0,0,0,0,6998.62493055293,5092.35194698121,1324.71430583992,2634.49302771059,651.790513237954,879.931015150736,939.738691600921,2496.39362116003,268.898361817714,195.656305335727,51.0664247823253,101.570475829539,25.1189367849657,33.911581803421,36.2659092429621,96.3388396881166,19858.5897302309,14295.2129140119,4056.33651049557,7830.75501961675,2230.21484489541,2870.18149170339,2604.62351928336,6715.48246971698,762.996972385687,549.244983958822,157.784368429883,305.255647736481,87.3562916798601,112.544432303976,102.331200226838,263.992735848304,0,0,8.6861635927137,17.2125081585491,4.95977434613575,6.44307600848687,6.20432322937557,16.0843804105076,0,0,0,0,0,0,0,0,444.816251790856,345.479053697684,446.341747058676,948.655094857246,391.583022296033,569.604966749277,199.329195412014,574.739307230377,17.0905488916645,13.2738577977265,17.1534007319441,36.4519688535122,15.0268782454678,21.8585592411553,7.65616228626137,22.0754412456286,239.034471958911,184.982020280813,332.136800509873,727.161941447909,309.706802706717,447.887305802756,193.579266815581,558.382365557866,9.18408478323066,7.10730508684702,12.7633149560914,27.9383411742491,11.8848301954689,17.1870605784002,7.43207839027348,21.4376377026736,0,0,47.8507159465749,108.989697104691,39.2979052748157,53.3939330176182,55.6605639756773,146.666986778043,0,0,0,0,0,0,0,0,979.044979309489,457.811212429458,3031.88913590728,3198.54549189755
"262",2011,477,21.75,2649.67752633986,2096.69093940584,676.822166205605,1260.17045499296,209.020201248674,259.057999582363,138.430009587436,339.764973271685,0,0,0,0,0,0,0,0,0,0,1.14974031861223,2.18076311911919,0.422684397751544,0.523652754627778,0.285828903190715,0.697979617712961,0,0,0,0,0,0,0,0,7005.08348738393,5092.39930849904,1321.15540471589,2620.93348090123,655.014371329209,882.464335594988,949.17745779182,2528.75598391725,269.146509899486,195.658125040981,50.9293323901807,101.047864756591,25.2432104642845,34.0092663635583,36.6307534257144,97.5890553255035,19842.0722278525,14269.9262182916,4037.44801258429,7775.49151977855,2236.38238345134,2872.87100981076,2627.80638845447,6796.84991029198,762.362376256176,548.273427818396,157.049084944678,303.097732282064,87.5951225852913,112.644461833457,103.238682508673,267.176076551473,0,0,8.64911954975402,17.0964249226611,4.97626694940919,6.45244261990014,6.26306171867276,16.2867994769024,0,0,0,0,0,0,0,0,445.741599516289,345.81097696202,445.452266665381,944.262226766789,394.012417607348,571.82096238298,200.615627566754,580.131261218579,17.1261022785616,13.2866108189538,17.1193444223599,36.283495914284,15.120309745628,21.943945233377,7.70581451107883,22.2832409565502,239.199999353557,184.891937398321,331.142376858741,722.89853221908,311.258457251209,448.917532070297,193.862331847877,561.052474233839,9.19044464603638,7.10384395740975,12.725215803549,27.7748342464667,11.9445711988876,17.2269323241971,7.44321995854783,21.5409718057869,0,0,47.6409994260078,108.189291575138,39.3751023322272,53.3687040355248,56.1399014507258,148.254505361791,0,0,0,0,0,0,0,0,983.85880922444,459.824416982759,3048.41915383682,3213.47166569195
"263",2011,477,21.8333333333333,2634.88033982535,2084.61870532309,671.561046100385,1247.93242640901,208.333653641856,258.103855570407,138.243768397554,342.003121618027,0,0,0,0,0,0,0,0,0,0,1.13990042632449,2.15719587267005,0.421425605984303,0.521865428304886,0.285419680075108,0.702501197028802,0,0,0,0,0,0,0,0,7011.1912901278,5092.19767769788,1317.61521389137,2607.46748951329,658.140000071791,884.82875459693,958.488918267499,2560.79352466898,269.381181448316,195.650378063158,50.7929503127932,100.528840972838,25.3636954134568,34.1004348466439,36.9906833033958,98.8267470442027,19825.7234709064,14244.8541975064,4018.91466284514,7721.17125801274,2242.26055790917,2875.07619989496,2650.91914263404,6877.78365034237,761.734263036769,547.310119848232,156.327490260116,300.976367214307,87.8227331746014,112.725713381105,104.143488156876,270.342668926244,0,0,8.61240975909632,16.9816854231217,4.99205669970832,6.46063023432689,6.32149095714879,16.4880541420075,0,0,0,0,0,0,0,0,446.628388420538,346.119038881507,444.532881013969,939.843985524134,396.357245274377,573.913433696864,201.951588336827,585.594984522087,17.1601741733007,13.2984470491752,17.084135401619,36.114038574425,15.210490441172,22.0245792708216,7.75736212367862,22.493781874203,239.364472412303,184.802402856052,330.141706469996,718.655923535484,312.781229249198,449.909767850637,194.202487496709,563.80992915646,9.19676399883687,7.1004038961038,12.6868736319605,27.612117578413,12.0031994619712,17.2653366156174,7.45654895672493,21.6476478865435,0,0,47.4314426155874,107.394361166149,39.4494928672388,53.3384089811213,56.6193627706054,149.840249366685,0,0,0,0,0,0,0,0,988.682433288093,461.839485041464,3065.00499022607,3228.40110090461
"264",2011,477,21.9166666666667,2620.42009698248,2072.84202502283,666.467424406574,1236.10960576593,207.610852408143,257.085446793765,138.036831934871,344.084510003819,0,0,0,0,0,0,0,0,0,0,1.1303074458689,2.13430133608082,0.42008515405643,0.519937908666182,0.284983441450044,0.706760409082118,0,0,0,0,0,0,0,0,7016.96131220144,5091.75833024688,1314.09424529406,2594.09830220278,661.169527132612,887.030468384652,967.682883131149,2592.5209800822,269.602874923627,195.6334976315,50.6572992149861,100.013531055076,25.4804738543478,34.1853265323873,37.3460756641337,100.052479643002,19809.5355776584,14219.989750492,4000.72844675709,7667.77453494058,2247.85824251101,2876.8152079763,2673.95749629599,6958.27685010319,761.112329906684,546.354787209985,155.619279993479,298.890799708432,88.0394647052928,112.788887021304,105.045450368493,273.492244959325,0,0,8.57607743712148,16.8683391285072,5.00716428362084,6.46768302373241,6.37960290104562,16.6881125466712,0,0,0,0,0,0,0,0,447.477840780629,346.403809465909,443.58746023554,935.406453172291,398.620555545978,575.88505089701,203.32992107006,591.117258467105,17.1928115377144,13.3093883890772,17.0479224438144,35.9438307002334,15.2975374165442,22.1005640363116,7.81053049838159,22.7065568636673,239.526745476289,184.712759140767,329.134644095824,714.433619584809,314.272201488697,450.859983021229,194.598235852003,566.65224182965,9.20299882361177,7.09695964021831,12.6482828833768,27.4501722769364,12.0606029814623,17.3021187926149,7.4720077138278,21.7575700091742,0,0,47.2221296691552,106.605031990879,39.5210705631739,53.3031145497851,57.09888465112,151.424027308788,0,0,0,0,0,0,0,0,993.515441291612,463.856279283902,3081.64396995189,3243.33180145009
"265",2012,477,22,2605.96168705159,2060.82418608214,660.824954687601,1224.16702145479,206.817088432049,255.703805117213,137.914928734872,346.311426203678,0,0,0,0,0,0,0,0,0,0,1.12089461864824,2.11214717864664,0.418600927998019,0.517269500891755,0.284723735414436,0.711373475121362,0,0,0,0,0,0,0,0,7023.84120231058,5092.13267566097,1309.34502832132,2580.04843964516,664.00149223734,888.030035753406,977.091424463057,2625.10668349646,269.86721130373,195.647880580951,50.4744476355999,99.4720840057245,25.5896353573798,34.2238816883294,37.7097279756291,101.311274551816,19796.7157473145,14197.3812585117,3979.08910371539,7612.84249947367,2252.79176416883,2874.66479789943,2697.9185565682,7041.88630511648,760.619802259113,545.486131995464,154.778469700969,296.746839666362,88.230298490338,112.699766343612,105.983574372243,276.764309846681,0,0,8.53967347688972,16.7570873679066,5.02078776719123,6.46594190307379,6.43964818149856,16.895064030172,0,0,0,0,0,0,0,0,448.501626226057,346.779458108801,442.643494085475,931.078311678282,400.988469868988,577.253672733622,204.973729291151,597.514218608781,17.232147056111,13.3238214093637,17.0117631562984,35.7778175727837,15.3885934267753,22.1533967348981,7.87388580418702,22.9528904686774,239.733760755123,184.658784397572,328.083031643742,710.238811967007,315.681772924992,451.225700375732,195.173173604095,570.142242849321,9.21095271479746,7.09488584331207,12.607977562166,27.2892748755914,12.1148781857319,17.3164606619794,7.4943403722127,21.8923363840482,0,0,47.014238445512,105.828765122839,39.5832721486687,53.1992569491178,57.5950640591857,153.073061569529,0,0,0,0,0,0,0,0,998.207830421672,465.808579659635,3097.81684435675,3257.76772587305
"266",2012,477,22.0833333333333,2591.79353635829,2049.06002833867,655.33632841845,1212.59928506861,205.984474120348,254.266597630714,137.77139037807,348.385439756873,0,0,0,0,0,0,0,0,0,0,1.11154713472968,2.09050348771772,0.417043570124021,0.514485093071557,0.28443750508844,0.715723625547808,0,0,0,0,0,0,0,0,7030.54901467077,5092.38059164921,1304.64404142607,2566.16295950971,666.746086220801,888.877921664842,986.437319111381,2657.53094859626,270.124936181535,195.657405909679,50.2934299087975,98.9369412284217,25.6954263883446,34.2565841239978,38.0709533478134,102.563829306643,19784.0763898014,14174.980197413,3957.69597600425,7558.71923996959,2257.4021254511,2871.99165160769,2721.80872543839,7125.08010402619,760.134208138137,544.625446622113,153.947120458025,294.634227835754,88.4085987875755,112.590340764766,106.919002397032,280.020345460616,0,0,8.5023868618926,16.6463100696117,5.03372588441995,6.46300547788122,6.49946181660386,17.1010231091057,0,0,0,0,0,0,0,0,449.491057369313,347.134627009689,441.637120502153,926.707998112977,403.261595041687,578.474293651196,206.64359572695,603.924147553099,17.2701626267161,13.3374675652322,16.973202405879,35.610175159496,15.4760066917099,22.2005389061641,7.93823594569856,23.1997096929726,239.937611663195,184.601701665998,327.018450670112,706.050435158495,317.061849629708,451.529174019549,195.804045129949,573.716896325614,9.21878502514497,7.09269263254235,12.5671710625335,27.1286161707941,12.168016998851,17.3284040345621,7.51881576873759,22.0303406212964,0,0,46.8063657546867,105.057888219685,39.6422998823868,53.0890759025578,58.091641055182,154.720965522029,0,0,0,0,0,0,0,0,1002.9048012283,467.760309457003,3114.02052807987,3272.17498731988
"267",2012,477,22.1666666666667,2577.92526615969,2037.56667825674,650.024797177922,1201.41518163231,205.118132643191,252.791685239513,137.603205581778,350.300840716886,0,0,0,0,0,0,0,0,0,0,1.10230213378746,2.06938640430148,0.415418478469385,0.511617765698477,0.284114741063918,0.719787386984933,0,0,0,0,0,0,0,0,7037.01629070472,5092.45388736704,1300.03128220846,2552.45709350147,669.405450472427,889.613578154799,995.711248160042,2689.74681925305,270.373419269029,195.66022204837,50.1157853564808,98.4086901604332,25.7979300545827,34.2849556316357,38.4293924940246,103.808334308698,19771.4998872466,14152.7107868373,3936.6975465124,7505.49309387083,2261.71573448068,2868.95231893931,2745.58762195656,7207.71886565195,759.651028496231,543.769819486844,153.130941565986,292.556354256545,88.5753920466412,112.466736775379,107.850154106931,283.254880819962,0,0,8.46449510921664,16.5361831511004,5.04601075719679,6.45921135694522,6.55894739615271,17.3056520688092,0,0,0,0,0,0,0,0,450.439489571479,347.465635036184,440.576196910407,922.300964054109,405.437437101564,579.572301141209,208.32657886441,610.30928442942,17.3066029519239,13.3501854216887,16.9325419901318,35.4411130197953,15.5596815919078,22.2429652476477,8.00308418920117,23.4455654971098,240.136504424598,184.54064115365,325.941859896602,701.870850047117,318.41150067539,451.790142607816,196.483326966178,577.348646699117,9.22642683494071,7.09034658909369,12.5259002325475,26.9682870050335,12.2199836853303,17.3387065055602,7.54514499724326,22.1705250002185,0,0,46.5984047723658,104.292178614075,39.698437640271,52.9752221086424,58.5879253942421,156.36495477897,0,0,0,0,0,0,0,0,1007.61190632758,469.713968783383,3130.27225272527,3286.57097048644
"268",2012,477,22.25,2564.35324755592,2026.3398837915,644.884794180943,1190.60248575107,204.221645501037,251.284310070333,137.411648361124,352.06408075084,0,0,0,0,0,0,0,0,0,0,1.0931900221503,2.04881073363851,0.413729289604582,0.508676053870905,0.283754443445158,0.72356831171647,0,0,0,0,0,0,0,0,7043.23277272519,5092.34681975488,1295.49693881141,2538.91579594215,671.977895934454,890.235054684592,1004.91608341377,2721.75204534433,270.612266449462,195.656108339492,49.9411393947619,97.8867554797795,25.8970817683677,34.3089221697046,38.7851560736234,105.044702914601,19758.9960321892,14130.5786514419,3916.08935738607,7453.15310378043,2265.74405802415,2865.56522145615,2769.25539544653,7289.80726188695,759.170639584556,542.91946669778,152.329767825591,290.512805207083,88.7311198880795,112.329666008008,108.777034230124,286.468094486646,0,0,8.42623295904327,16.426885203599,5.05764773628767,6.45458973220217,6.61810096644336,17.5089424818256,0,0,0,0,0,0,0,0,451.348672815837,347.773316028082,439.469209947369,917.866810961975,407.520834464893,580.553536180449,210.019547161889,616.666372692814,17.3415352688844,13.3620070161915,16.8901079867568,35.271000244512,15.6398039058935,22.2809003245372,8.06831045037459,23.690333148914,240.330542035208,184.47614149771,324.853372086888,697.703022061366,319.728347694946,452.007323310222,197.208278806341,581.032562504607,9.23388210146321,7.08786840826775,12.4841694214585,26.8084014646941,12.2706869808856,17.3473189960317,7.57322278261341,22.3127000667426,0,0,46.3903387165223,103.531732616238,39.7517104534308,52.8578001488524,59.0838896654187,158.004950944563,0,0,0,0,0,0,0,0,1012.32872605001,471.669424091308,3146.56884260645,3300.95372341479
"269",2012,477,22.3333333333333,2551.07357835858,2015.37521999897,639.910876490546,1180.1492493071,203.298368669045,249.749346339137,137.197948143023,353.681424196819,0,0,0,0,0,0,0,0,0,0,1.08423441646814,2.02878535342511,0.411980269244061,0.505668509771933,0.283356231654539,0.727071370841168,0,0,0,0,0,0,0,0,7049.19073721806,5092.05546812164,1291.03258897502,2525.52665090944,674.462122781118,890.741196519145,1014.05447618458,2753.54460077937,270.841180973072,195.644914143822,49.7691705139384,97.370662505398,25.9928318693489,34.3284401696331,39.138346295931,106.272857104791,19746.5726482868,14108.5880502966,3895.86637922973,7401.6873781285,2269.49798143219,2861.84777864734,2792.81225916215,7371.34978822551,758.693342006808,542.07455189498,151.543411752081,288.503130394221,88.8762016590175,112.17980158336,109.699649897991,289.660158156998,0,0,8.38778979521993,16.3185563860783,5.0686460492646,6.44917105852389,6.67692072964407,17.7108893102626,0,0,0,0,0,0,0,0,452.220202081963,348.058430810123,438.323448931906,913.413716141104,409.516081373562,581.42319373999,211.719764595535,622.992546073649,17.3750208592579,13.3729615808435,16.8461805066193,35.1001512347806,15.7165385304979,22.3145438941811,8.13380982512346,23.9339028810402,240.519795516929,184.408638853045,323.753542164562,693.549858842685,321.010529856247,452.179848905868,197.976078171161,584.763723735089,9.24115355350001,7.08527484783161,12.4419999691653,26.6490714237953,12.3200554951171,17.3542084038037,7.60294072019983,22.4566768655087,0,0,46.1821828276728,102.77665969029,39.8021412812854,52.7369125630473,59.5795040362021,159.640872414977,0,0,0,0,0,0,0,0,1017.05485856756,473.626546405793,3162.90734470477,3315.32143458237
"270",2012,477,22.4166666666667,2538.08215189381,2004.66814133662,635.09772839074,1170.04380710304,202.351454695117,248.191337392369,136.963293703431,355.158959191964,0,0,0,0,0,0,0,0,0,0,1.07545367256233,2.00931459415295,0.410176042002682,0.502603546735114,0.28292018793773,0.730302574752388,0,0,0,0,0,0,0,0,7054.8844632725,5091.5773334907,1286.63097045862,2512.2793395493,676.857168592123,891.131493752558,1023.12884058614,2785.12259640608,271.059943033315,195.626543446683,49.5996015138625,96.8600168105015,26.0851436387186,34.3434907574327,39.4890562724514,107.492724134403,19734.2360007861,14086.742174054,3876.02315159424,7351.08335229562,2272.98787684876,2857.81653272931,2816.25849159371,7452.35080730646,758.21937649016,541.235197668212,150.771668997686,286.526853059113,89.0110370538473,112.017782908085,110.618010718228,292.831238380107,0,0,8.34932005148013,16.2113074908681,5.07901741543897,6.44298563693022,6.73540643702836,17.9114900004382,0,0,0,0,0,0,0,0,453.055543985722,348.321681906506,437.145227382089,908.948719564863,411.427023357446,582.185956685408,213.424825895497,629.285263505607,17.407116072767,13.383076107748,16.8010021944513,34.9288367108651,15.7900331424022,22.3440760431403,8.19949010397749,24.176177395147,240.704316341168,184.338490305455,322.643226683891,689.414160861886,322.256606070779,452.307180499884,198.783884840245,588.537296382548,9.24824316867731,7.08257962759236,12.3994248092112,26.4904046467195,12.3680339565526,17.3593542472181,7.63418974514806,22.6022697906971,0,0,45.9739752018757,102.02707656267,39.8497524624442,52.612660663138,60.0747372731903,161.272636249186,0,0,0,0,0,0,0,0,1021.78991761427,475.58521074856,3179.28499147035,3329.6724093221
"271",2012,477,22.5,2525.37468906072,1994.2140074967,630.440168381172,1160.27479142533,201.383857920636,246.614505217176,136.708833614145,356.502596170957,0,0,0,0,0,0,0,0,0,0,1.06686152195712,1.99039882841736,0.408321477303035,0.499489367275318,0.28244679030676,0.733268804346468,0,0,0,0,0,0,0,0,7060.31001023633,5090.91116769803,1282.28588328605,2499.16540884044,679.162390363805,891.40601738227,1032.14134577651,2816.48425272478,271.268401224034,195.600948291617,49.4321957714609,96.3544953713266,26.1739926105705,34.3540773069811,39.8373697149927,108.704235482872,19721.9909675619,14065.0432706324,3856.55385015846,7301.32791310611,2276.22362319392,2853.48718668277,2839.59443496451,7532.81456159975,757.748930456794,540.40149038588,150.014320935293,284.583474780434,89.1360068828929,111.84421713545,111.532128728854,295.981497067914,0,0,8.31094747588775,16.1052236520883,5.08877551879237,6.43606345217607,6.79355911990231,18.1107441008556,0,0,0,0,0,0,0,0,453.856047041721,348.563719428893,435.939975808768,904.477842647269,413.257097765965,582.846052054123,215.132629379579,635.542282511662,17.4378727214955,13.3923755752345,16.7547817892084,34.757288270396,15.8604197527838,22.3696593461346,8.26527072932558,24.4170708407498,240.884141556589,184.265983741629,321.523519757049,685.298597854492,323.465511509519,452.389070248766,199.628873894518,592.348570952829,9.25515237047657,7.07979380861668,12.3564860077162,26.3325038821021,12.4145815427737,17.3627472310262,7.66686139913462,22.7492980597789,0,0,45.7657728239283,101.28310453647,39.8945663034936,52.4851448043777,60.569557219164,162.900159080993,0,0,0,0,0,0,0,0,1026.53353178909,477.545295983296,3195.69918633548,3344.00506128905
"272",2012,477,22.5833333333333,2512.94678007652,1984.00811547691,625.933152165015,1150.83113762471,200.39834722059,245.022772216519,136.435678181006,357.718072620492,0,0,0,0,0,0,0,0,0,0,1.0584679732927,1.97203529221004,0.406421540020791,0.496333879454765,0.281936820487783,0.735977584329245,0,0,0,0,0,0,0,0,7065.46490179247,5090.05673521053,1277.99204627358,2486.17794998034,681.377431650017,891.565326081768,1041.09391228553,2847.62785667425,271.466460401165,195.568119629065,49.266751762699,95.8538342578508,26.2593653129069,34.360221871331,40.1833607901532,109.907325191457,19709.8412832958,14043.4928216017,3837.45237425591,7252.40755764396,2279.21464619664,2848.87467652363,2862.82049333228,7612.7451969391,757.282147405654,539.573486972052,149.271138034281,282.672481618106,89.251474609602,111.659681941637,112.44201833976,299.111092427817,0,0,8.27277119401925,16.0003696009114,5.09793526610726,6.42843395953677,6.85138073406943,18.3086527423914,0,0,0,0,0,0,0,0,454.622957482375,348.785149673312,434.712376688852,900.006258935461,415.009393359015,583.407331051762,216.841336443689,641.761619455635,17.4673386876827,13.4008832781658,16.7076993037176,34.5857049401599,15.927816993219,22.3914419355328,8.33108124053552,24.6565072904932,241.059300543855,184.191351692052,320.39567051837,681.205683027239,324.63649657944,452.425508850694,200.508273227955,596.193004334796,9.26188228776212,7.07692632509721,12.3132315930942,26.1754658712047,12.4596695371242,17.3643872268836,7.70084926784577,22.8975873141213,0,0,45.5576462226426,100.544866085597,39.9366058383497,52.3544647748866,61.0639313966934,164.523358253359,0,0,0,0,0,0,0,0,1031.28534325073,479.50668450426,3212.1474815273,3358.31789893844
"273",2012,477,22.6666666666667,2500.79391663188,1974.0457242677,621.571774646936,1141.70208781794,199.397516328833,243.419779037681,136.144900841523,358.810956403432,0,0,0,0,0,0,0,0,0,0,1.05027998862913,1.95421870422081,0.404481188893734,0.493144644376568,0.281391295549603,0.738436913258931,0,0,0,0,0,0,0,0,7070.34788571379,5089.01463245987,1273.74498095014,2473.31134913861,683.50219538077,891.610392767191,1049.98821565196,2878.55173676404,271.65407245214,195.528080374886,49.1030986297224,95.3578190936703,26.3412582261287,34.3619623713076,40.52709425523,111.101928905884,19697.789725196,14022.0916757758,3818.71241537076,7204.30851445393,2281.96995025475,2843.99322791265,2885.93712872298,7692.14677783027,756.81913404805,538.751220039309,148.541882502591,280.793348803536,89.3577875728158,111.464727699064,113.347696195139,302.220179571829,0,0,8.23487020651736,15.8967935390007,5.1065122932694,6.42012595640524,6.90887389888436,18.5052182621782,0,0,0,0,0,0,0,0,455.357431474849,348.986541577471,433.466470033611,895.53842427716,416.68669794924,583.873330044551,218.549338918597,647.941518106374,17.4955583931179,13.4086210760383,16.6599100760988,34.414258172807,15.9923319434429,22.4095598421084,8.39686002091734,24.8944195342168,241.229819516835,184.114781701963,319.261022989771,677.137758196818,325.769078405835,452.416685270601,201.419389816802,600.06624712595,9.26843392772482,7.07398438282158,12.2697132458128,26.0193807759611,12.5032794655355,17.3642817241661,7.73604998735948,23.0469706625588,0,0,45.3496755656761,99.812482446826,39.9758953035866,52.2207200180415,61.5578274415401,166.142152635652,0,0,0,0,0,0,0,0,1036.04500670653,481.469262005981,3228.62756086039,3372.60951536972
"274",2012,477,22.75,2488.91151830201,1964.3220749466,617.351270644419,1132.8771919546,198.383793435664,241.808901210478,135.837539369611,359.786648887445,0,0,0,0,0,0,0,0,0,0,1.04230202542632,1.93694176367685,0.402505307375609,0.489928846713478,0.280811414050266,0.740655128749473,0,0,0,0,0,0,0,0,7074.9587373183,5087.78614084962,1269.54090904155,2460.56107873997,685.536819175032,891.542542049615,1058.82569643389,2909.25425084529,271.831228744317,195.480879762654,48.9410922652924,94.8662770666957,26.4196768369646,34.3593502004477,40.868625839324,112.287983404665,19685.8382650132,14000.8401578091,3800.3275143788,7157.01684169881,2284.49814690111,2838.85640584204,2908.94485553588,7771.02329742465,756.359966148358,537.934702061182,147.826310495985,278.945544541574,89.4552780776746,111.25987938281,114.249180967124,305.308910915702,0,0,8.19730694474257,15.7945301738884,5.11452263791644,6.41116751657751,6.96604169569861,18.7004439168213,0,0,0,0,0,0,0,0,456.060545415612,349.168431951431,432.205742962877,891.078184029272,418.291539627628,584.247320520077,220.255230384706,654.08042244307,17.5225731946733,13.415609593953,16.6115482076343,34.2430959627305,16.0540617131544,22.4241389129315,8.46255319654761,25.1307480356808,241.395724518429,184.036424622524,318.120970361027,673.096987254678,326.862999157781,452.362953538952,202.359628112156,603.964160196965,9.27480829098645,7.07097377773231,12.2259845415214,25.8643319266255,12.5454014960424,17.3624445527031,7.77236394839093,23.197289312519,0,0,45.1419476663023,99.0860718870429,40.0124604116953,52.0840097388913,62.0512134224491,167.756463222861,0,0,0,0,0,0,0,0,1040.8121885355,483.432917291702,3245.13722517797,3386.87857999532
"275",2012,477,22.8333333333333,2477.29495522734,1954.83240778656,613.267014778101,1124.34630719987,197.359450247623,240.193264857862,135.514596977262,360.650388046402,0,0,0,0,0,0,0,0,0,0,1.03453650188541,1.92019557760726,0.40049864853726,0.486693274414316,0.28019851032431,0.742640792814634,0,0,0,0,0,0,0,0,7079.29808988052,5086.37310061596,1265.37666100392,2447.92351686061,687.481651977527,891.36339487834,1067.60757229982,2939.73377827316,271.997953609117,195.426588497186,48.7806118189509,94.3790700158995,26.4946347429836,34.3524481050416,41.2080027048419,113.465426296501,19673.9882003091,13979.7381614023,3782.29111087166,7110.5185102333,2286.80748099012,2833.47715968824,2931.84423481938,7849.37868582006,755.904693567542,537.123928953265,147.124174022888,277.128533230714,89.5442643985234,111.045638298646,115.14649314301,308.377436510912,0,0,8.16013030890475,15.6936033035864,5.12198247362272,6.40158594102178,7.02288750129517,18.8943336452481,0,0,0,0,0,0,0,0,456.733305010662,349.331329973758,430.933208136619,886.628865643136,419.826223326448,584.532352028663,221.957780657069,660.176952726461,17.5484217331806,13.4218683953643,16.5627295731866,34.072346400798,16.1130948450016,22.4352964600288,8.52811365675656,25.3654400146025,241.557043692501,183.956401670918,316.976917742303,669.085353126182,327.918189636273,452.264804062681,203.326503805723,607.882825748738,9.2810064588908,7.06789916718705,12.182099519548,25.7103957037426,12.5860330403909,17.3588947791359,7.80969582309387,23.3483929902299,0,0,44.9345534740577,98.3657483005692,40.0463285479181,51.9444329675112,62.5440580992409,169.366213621484,0,0,0,0,0,0,0,0,1045.58656599946,485.397542104642,3261.67437962915,3401.12383133348
"276",2012,477,22.9166666666667,2465.93956706852,1945.57197639186,609.314520585588,1116.09959572829,196.326610485258,238.575761447723,135.177043302577,361.407251475524,0,0,0,0,0,0,0,0,0,0,1.02698417993999,1.90397001268611,0.398465796734881,0.483444309709538,0.279554017524827,0.744402598775136,0,0,0,0,0,0,0,0,7083.36729297265,5084.77780617868,1261.24959515561,2435.3957943326,689.337232443311,891.074820676039,1076.33485273514,2969.9887180073,272.154298899261,195.365294733761,48.6215566076173,93.8960885784586,26.5661528239581,34.3413283507931,41.5452640098754,114.634195946071,19662.24026415,13958.7852265859,3764.59658464631,7064.79947160087,2288.90585442798,2827.86786344409,2954.63586809279,7927.2168157896,755.453344477755,536.318883042596,146.435222547928,275.341778101887,89.6250516869936,110.82248362547,116.039654793452,311.425904274593,0,0,8.1233781434514,15.5940279076392,5.12890792377537,6.3914077347364,7.0794148578846,19.0868918844646,0,0,0,0,0,0,0,0,457.376653092024,349.47572091906,429.651470988575,882.193356265104,421.292862630317,584.731287875343,223.655913363797,666.229884734327,17.5731402337536,13.4274161252988,16.5135544020235,33.9021206540911,16.1695125353499,22.4431426310304,8.59350019332738,25.5984486500882,241.71380874648,183.874810189918,315.830253768561,665.104658889556,328.934737986591,452.122839570674,204.317652847819,611.818552389503,9.28702964969925,7.06476429125048,12.1381115913109,25.5576415799218,12.6251775523991,17.3536557815345,7.84795490977185,23.5001401318541,0,0,44.7275860979653,97.6516201827099,40.0775288697405,51.8020885676798,63.036331113379,170.971330406424,0,0,0,0,0,0,0,0,1050.3678265456,487.363030983398,3278.23702279712,3415.34407096663
"277",2013,477,23,2454.86579152984,1936.52016457459,605.381825673555,1108.03301998846,195.280270535146,236.897764675731,134.844143717092,362.153003882255,0,0,0,0,0,0,0,0,0,0,1.01963551603516,1.88820984364458,0.396397147626063,0.480063773453025,0.278913858909267,0.746124593358777,0,0,0,0,0,0,0,0,7087.3722831383,5083.16047568529,1256.95330118442,2422.76328590904,691.079848320229,890.448494404331,1085.06245328326,3000.31783916263,272.308177026082,195.303154309819,48.4559954805446,93.4090797925818,26.6333173316664,34.3171916271226,41.8825266892119,115.805807755148,19651.1222358242,13938.3515876342,3746.63978831432,7019.24531841678,2290.71926939464,2821.30946168385,2977.4916240567,8005.47075049675,755.026196970459,535.533789322851,145.736234996048,273.56158678085,89.6947389222218,110.562231570444,116.935381457555,314.490838206593,0,0,8.08700820979796,15.4954462271052,5.1351332563168,6.37900679327021,7.13600848385174,19.2802179673971,0,0,0,0,0,0,0,0,458.016454684888,349.615245877292,428.356733441421,877.750918030106,422.702838812766,584.70802228883,225.383429715736,672.42304036197,17.5977224719003,13.4327768962489,16.4638769887944,33.7316220693712,16.2237516777722,22.4424536010981,8.66001088122695,25.8368310155284,241.873042352544,183.797494378325,314.673529179819,661.135626647288,329.901236737965,451.82063349181,205.352044516523,615.904561866195,9.29314768567748,7.0617936933871,12.0937345809664,25.405328978544,12.6623972550161,17.3422589900269,7.88786956605008,23.6576450674049,0,0,44.5208419822262,96.9415829076103,40.1046728563644,51.643698096954,63.530732579427,172.587982379593,0,0,0,0,0,0,0,0,1055.14203968351,489.325367642547,3294.77597325101,3429.50969481126
"278",2013,477,23.0833333333333,2444.17685396388,1927.58078715926,600.936664929102,1099.66921031785,194.183062228177,234.861081164159,134.605030943145,363.332216141205,0,0,0,0,0,0,0,0,0,0,1.01232974653435,1.87260382697333,0.394227006909507,0.475951241589198,0.278450596581019,0.748677841995072,0,0,0,0,0,0,0,0,7092.39071672648,5082.3453382983,1251.49701060122,2409.00669997404,692.590064936328,888.351280977571,1094.07703062904,3032.28251366271,272.500993269865,195.271835427869,48.245847430754,92.8788372774151,26.6915252908367,34.2363673281038,42.2308393600386,117.04043888425,19643.2509698662,13920.2737982849,3725.43587797755,6970.84246747882,2291.8199121914,2810.17362570991,3001.25905062431,8088.74045424608,754.723794600665,534.839211130181,144.91244062102,271.67170372395,89.7365892126375,110.12269465527,117.86680176896,317.752326527393,0,0,8.04984430126091,15.3953714325517,5.13976115430965,6.35621550578511,7.19459986879717,19.4848036982828,0,0,0,0,0,0,0,0,458.776808045137,349.816308001481,426.995860364978,873.167815428823,424.095373423985,583.766628963342,227.306471053565,679.635931816879,17.6269365004781,13.4405020235551,16.411656330168,33.5557119740267,16.2773177373224,22.4065183039196,8.73402567885277,26.1143520910073,242.069340338749,183.751628821001,313.46079748191,657.066961858671,330.762396272182,450.771544790773,206.533995885628,620.814751349096,9.30068979368387,7.06003146460889,12.0472030959709,25.2491815341623,12.6955700458447,17.3021874018504,7.93344499431526,23.846778020373,0,0,44.3127722279964,96.2244325067121,40.1206108045779,51.4028301137059,64.0409165253134,174.29691517328,0,0,0,0,0,0,0,0,1059.8409580825,491.264960595445,3311.05073448648,3443.46766775317
"279",2013,477,23.1666666666667,2433.70737306943,1918.84157375142,596.639425201455,1091.58194067447,193.076503308744,232.845787951365,134.346428312624,364.384970030664,0,0,0,0,0,0,0,0,0,0,1.00506320917126,1.85737351217729,0.392041697708057,0.471877531731934,0.277953586459448,0.750987594806919,0,0,0,0,0,0,0,0,7097.20543265937,5081.38750693816,1246.14111887924,2395.44107477385,694.015548076295,886.195461147457,1103.0573907432,3064.08368643114,272.685982355552,195.235034015277,48.0395419740077,92.3559293417858,26.7464676856694,34.1532839611227,42.5778220612106,118.268749088266,19635.4103103695,13902.2878281897,3704.63188224666,6923.25063140652,2292.69102791135,2798.93399301582,3024.88943083653,8171.33243069233,754.422567762211,534.148160791673,144.104022415511,269.813266580273,89.7695299948547,109.679185760325,118.79293336633,320.987485794744,0,0,8.01190321093591,15.2957056815723,5.14388655427539,6.33315403275097,7.25287846254199,19.687886513669,0,0,0,0,0,0,0,0,459.505161633863,349.999050327662,425.593067959022,868.577046564384,425.407649258713,582.752464798081,229.208375553447,686.713110268012,17.654921046168,13.4475232749423,16.357822132585,33.3795009871355,16.3277998084643,22.3677836970863,8.80722498513787,26.386654747453,242.260560015734,183.701634668814,312.243631802237,653.023073419771,331.590600243669,449.689372889819,207.732778428937,625.706963463754,9.30803678445794,7.05811060862822,12.0004988543466,25.0939798595235,12.7274742312975,17.2608389057906,7.97966220915477,24.0352101336572,0,0,44.1050380003804,95.5135150041535,40.1339450339248,51.1613305155572,64.5502766594561,175.998880071264,0,0,0,0,0,0,0,0,1064.54750539419,493.205617561234,3327.34529141479,3457.38249782378
"280",2013,477,23.25,2423.45622084692,1910.3005477351,592.485494778218,1083.76279746684,191.962980024804,230.85369049018,134.069595109361,365.317464450919,0,0,0,0,0,0,0,0,0,0,0.997869177081765,1.84253025395037,0.389842066883172,0.467844910846107,0.277422958904297,0.753060525190009,0,0,0,0,0,0,0,0,7101.79922561977,5080.27590593339,1240.87496702055,2382.04954314967,695.354599296231,883.977287678288,1111.99952803149,3095.70403939779,272.862483227343,195.192324527036,47.8366719420697,91.8397101688731,26.7980792947575,34.0677977499665,42.9233212644538,119.49007316863,19627.6150949816,13884.4031327535,3684.2236411044,6876.46131818039,2293.34289017262,2787.60213728043,3048.38637050216,8253.26200857941,754.123086546447,533.461001598941,143.310826609625,267.985954747144,89.7939579324932,109.232152881271,119.713915095401,324.196909546768,0,0,7.97345439100383,15.1966489287491,5.14750558979433,6.30983154809242,7.31084096354783,19.8894696039819,0,0,0,0,0,0,0,0,460.202785528934,350.164044486016,424.155921264686,863.985622117768,426.64283279478,581.669753989234,231.089819680918,693.662296721172,17.681724907392,13.4538626133562,16.3026650267578,33.203258573773,16.3753194785423,22.3264121802032,8.87963490885743,26.6540356504033,242.447595704573,183.648565267607,311.02244120576,649.007258796825,332.385851221008,448.576635567486,208.94640279419,630.576546743475,9.31522301924969,7.05607159667667,11.953637628297,24.9398508396516,12.758109991912,17.2183104112578,8.02644492078032,24.2227630814249,0,0,43.8975840972221,94.8088451289852,40.1447299831365,50.9193012704542,65.0588238467041,177.693949157499,0,0,0,0,0,0,0,0,1069.26136024787,495.147238563938,3343.65710538642,3471.25314225826
"281",2013,477,23.3333333333333,2413.4218366766,1901.95542317544,588.470333209761,1076.20347681662,190.844696514735,228.88638844336,133.775733258189,366.135659148486,0,0,0,0,0,0,0,0,0,0,0.990773972406648,1.82808115790141,0.387629758233688,0.463855795182779,0.276859268568141,0.754904049111915,0,0,0,0,0,0,0,0,7106.1586474487,5079.00218259562,1235.68955971766,2368.81841069232,696.606255644393,881.694453606812,1120.89988604568,3127.12793661136,273.029979185464,195.1433860395,47.6368937721615,91.3296554778529,26.8463231599798,33.9798202155958,43.2672006415202,120.703810376745,19619.8772690757,13866.6271310815,3664.20629629778,6830.46482334894,2293.78514761922,2776.18868917124,3071.75309715074,8334.54320358013,753.825809919065,532.778018605687,142.532672236417,266.189400333833,89.810245629374,108.782007578031,120.629871153567,327.381140574721,0,0,7.93471619460668,15.0983595450686,5.15061990074362,6.28625912974646,7.36848524475107,20.0895563595309,0,0,0,0,0,0,0,0,460.870804925784,350.311787855242,422.690878209896,859.399356749897,427.803741084821,580.522137687141,232.951399862829,700.49037514727,17.7073913159577,13.4595391488814,16.2464331423849,33.0272082700288,16.4199849136083,22.2825437354799,8.95127847763313,26.9167593062359,242.631151818782,183.593266345717,309.797900705225,645.022396152193,333.148192455043,447.435563398969,210.173007183773,635.419635018344,9.32227556275824,7.05394692298931,11.906645400491,24.7869052401474,12.7874790688829,17.1746878006889,8.07372174250187,24.4092886951168,0,0,43.6903923653347,94.1104543035422,40.1530137735003,50.6768360935062,65.5665638277249,179.382184085682,0,0,0,0,0,0,0,0,1073.98221355094,497.089726589019,3359.98380001944,3485.07865611863
"282",2013,477,23.4166666666667,2403.60230358212,1893.80366542771,584.589486550886,1068.89581521824,189.723686595569,226.94529207726,133.465990539308,366.845282150055,0,0,0,0,0,0,0,0,0,0,0.983798187945996,1.81402984749313,0.385406954483521,0.45991263229489,0.276263394029094,0.756526113147965,0,0,0,0,0,0,0,0,7110.27339762279,5077.56024839972,1230.57732883537,2355.73660443525,697.770150558405,879.345805144554,1129.75529328808,3158.34128998475,273.188074467335,195.087984621796,47.4399184635158,90.825341406359,26.8911852462329,33.889307162802,43.6093386047498,121.909419281719,19612.2063518993,13848.9655460477,3644.57443677152,6785.25050631488,2294.02688922676,2764.7034544471,3094.99250884876,8415.18885722277,753.531103630246,532.099431693719,141.769356736395,264.42319883424,89.8187441524851,108.329129535668,121.540912988941,330.540676309553,0,0,7.89586519346005,15.000962199702,5.15323516543586,6.26244922322614,7.42581006319766,20.2881502338969,0,0,0,0,0,0,0,0,461.510223415522,350.442718327188,421.203453474822,854.823083215608,428.892910580379,579.312810074862,234.793640719525,707.20347219417,17.7319588314408,13.4645697060231,16.1893383960209,32.8515359012496,16.4618935021776,22.2363011562537,9.02217595405353,27.1750611220919,242.81177729815,183.536410841295,308.570868121832,641.070972377115,333.877708894662,446.268129811563,211.410859873305,640.233050536532,9.32921550613445,7.05176244292581,11.8595551734371,24.6352387866098,12.8155848019299,17.1300470793634,8.12142628582701,24.5946652402363,0,0,43.4834731688644,93.418385208393,40.1588401727669,50.4340219550471,66.0734982796906,181.063638040264,0,0,0,0,0,0,0,0,1078.70976720782,499.032987232093,3376.32314128017,3498.85817782447
"283",2013,477,23.5,2393.99542176157,1885.84254810911,580.838595153648,1061.83180670835,188.601830300249,225.031643320006,133.141465293636,367.451845170563,0,0,0,0,0,0,0,0,0,0,0.976957855944162,1.80037719894645,0.383176171841612,0.456017819226173,0.275636449287013,0.757935012412802,0,0,0,0,0,0,0,0,7114.13572379208,5075.94583227374,1225.53188614851,2342.7951375229,698.846384651672,876.93107506513,1138.56290006692,3189.33139084334,273.336471215272,195.025956172511,47.2455021231132,90.326424003572,26.9326694790335,33.796248449257,43.9496258885886,123.106411326404,19604.6098960794,13831.4227360877,3625.32223454316,6740.80703970923,2294.07671768296,2753.15553814736,3118.10722514744,8495.21079629121,753.239257869534,531.425408320915,141.020661205862,262.68691878044,89.8197858631529,107.873871361358,122.44714127925,333.675974992331,0,0,7.85704492053625,14.9045551394885,5.15535989446168,6.23841519494488,7.48281481259621,20.4852546762798,0,0,0,0,0,0,0,0,462.121945995395,350.557228011571,419.698385933483,850.260854933397,429.912659315459,578.044634874368,236.617004868205,713.807056476309,17.7554622252832,13.4689693502633,16.1315629170186,32.6763973585609,16.5011342441701,22.1877945250456,9.09234521248374,27.4291512187001,242.989898346248,183.478533018949,307.342314941474,637.155126994219,334.574526232959,445.076090060878,212.658353545949,645.014192769893,9.33605922480811,7.04953868378655,11.8124043154753,24.4849338530411,12.842432092055,17.0844558690832,8.16949694143056,24.7787931438639,0,0,43.2768578414638,92.7326873465299,40.1622501696845,50.1909404707808,66.5796257793057,182.738357552294,0,0,0,0,0,0,0,0,1083.44373266687,500.976928328432,3392.67301647684,3512.5909153823
"284",2013,477,23.5833333333333,2384.59874817477,1878.06918460217,577.213401309698,1055.00361835002,187.480860554736,223.146525237647,132.803207931703,367.960646986,0,0,0,0,0,0,0,0,0,0,0.970265054378716,1.78712173251322,0.380940154501784,0.452173659848042,0.274979736247012,0.759139287119192,0,0,0,0,0,0,0,0,7117.74011110823,5074.15624699787,1220.54789258388,2329.98682499763,699.835459103587,874.450740450923,1147.32014975109,3220.08683960229,273.474957539984,194.957197444363,47.0534409654402,89.8326283417391,26.9707951861501,33.7006625259772,44.2879644489976,124.294348141885,19597.0937253737,13814.0018680651,3606.44352158179,6697.12254862656,2293.94278162134,2741.55340241683,3141.0996112896,8574.6199090402,752.950496400616,530.75607016307,140.28635335963,260.980107124139,89.8136856616324,107.416560817718,123.34864687308,336.787458623697,0,0,7.81837033873547,14.8092138932183,5.15700483180627,6.21417109476284,7.53949939728142,20.6808731261154,0,0,0,0,0,0,0,0,462.706790906701,350.655670464406,418.179725549468,845.716049822541,430.865117543333,576.720202718879,238.421897941111,720.305989991146,17.7779329356251,13.4727516657893,16.0732623820465,32.5019225851236,16.5377889282635,22.1371234194646,9.16180193183525,27.6792164045523,243.165835547575,183.420046407331,306.11328848027,633.276676852995,335.238811066624,443.86100467841,213.914002823096,649.760975715289,9.34281903615576,7.04729153400342,11.765233108266,24.3360604110516,12.8680274073416,17.0379743067411,8.2178767833516,24.961592584931,0,0,43.0705946798472,92.0534146451809,40.1632827649783,49.9476685724069,67.084942305867,184.406383416346,0,0,0,0,0,0,0,0,1088.18383029299,502.921459803765,3409.0314247428,3526.27614044154
"285",2013,477,23.6666666666667,2375.40964503686,1870.48056571265,573.709754434779,1048.40360168758,186.362374259622,221.290876364185,132.452223849393,368.376782932711,0,0,0,0,0,0,0,0,0,0,0.963728670166605,1.7742600982099,0.378701749750623,0.448382318291897,0.274294687882071,0.760147603499478,0,0,0,0,0,0,0,0,7121.08288792261,5072.19009598595,1215.6208924138,2317.3059350397,700.738191674417,871.905850242784,1156.02473810058,3250.59742832418,273.603392370858,194.881654778277,46.8635649725939,89.3437351556767,27.0055938716456,33.6025898185291,44.6242659061154,125.472837055725,19589.6622372123,13796.7051350279,3587.93188037178,6654.18477317055,2293.63282295881,2729.90494590663,3163.97181224734,8653.4262558675,752.66498818543,530.091501480421,139.566191028488,259.302295529646,89.8007428128683,106.957503889361,124.245512111833,339.875517245874,0,0,7.77993347756025,14.7149959340095,5.15818221606678,6.18973137069114,7.59586408034103,20.8750089970775,0,0,0,0,0,0,0,0,463.265504705583,350.738369513829,416.650944562233,841.191500329403,431.75226674119,575.341901772726,240.208675555593,726.704598789416,17.799399646349,13.4759290945959,16.0145702822043,32.3282205680782,16.5719336304937,22.0843796271894,9.23055986349262,27.9254228899742,243.339825326879,183.361266402456,304.88486859522,629.437148628727,335.870769993875,442.624267851157,215.176438993274,654.471750401284,9.34950402400211,7.04503311159547,11.7180830848965,24.1886772793133,12.8923787481221,16.9906561325135,8.26651336559011,25.1430005166519,0,0,42.8647440983415,91.3806226557289,40.1619759172304,49.7042793621497,67.5894418736889,186.067751903727,0,0,0,0,0,0,0,0,1092.9297884565,504.866493457673,3425.39646373694,3539.91317999445
"286",2013,477,23.75,2366.42531705653,1863.07358854144,570.323614581999,1042.0243007353,185.24784136063,219.465502480019,132.089475661073,368.705152342291,0,0,0,0,0,0,0,0,0,0,0.957354970216195,1.76178744340284,0.376463825672989,0.444645792353242,0.273582827135963,0.760968666757451,0,0,0,0,0,0,0,0,7124.16192619041,5070.04705100973,1210.74718267357,2304.74792460483,701.5556548959,869.297897571867,1164.67458375253,3280.85404667686,273.72169394501,194.799315563198,46.6757329009525,88.8595707146646,27.0371068411109,33.5020878257628,44.9584504144676,126.641527495829,19582.3186326063,13779.5339211608,3569.78071341723,6611.98119009446,2293.15421285037,2718.21756340906,3186.7257786075,8731.639157255,752.382856217604,529.431755455373,138.859924844248,257.653005086145,89.7812423324483,106.496987086053,125.137811834613,342.940512342373,0,0,7.74180758169718,14.6219440761866,5.15890528516874,6.16511066850992,7.65190937964436,21.0676656907013,0,0,0,0,0,0,0,0,463.79877365399,350.805625740987,415.11502330226,836.689589290773,432.57596716749,573.911965431897,241.977649086596,733.006732189985,17.819888724738,13.4785131854912,15.9556012165841,32.1553830192901,16.6036397731894,22.029648980506,9.29863105324793,28.1679185615083,243.512035964539,183.302427453454,303.658137824196,625.637808340736,336.470648371551,441.367131921458,216.444404016633,659.145240677546,9.35612065395645,7.04277242447285,11.6709958832701,24.0428332579789,12.9154955992556,16.9425496297568,8.31535849107716,25.3229681993159,0,0,42.6593751333774,90.7143666283734,40.1583671554953,49.4608427116807,68.0931169930154,187.722495647649,0,0,0,0,0,0,0,0,1097.68134285711,506.811942816638,3441.76631978981,3553.50141064491
"287",2013,477,23.8333333333333,2357.64284249541,1855.84508042643,567.051054547727,1035.85845718401,184.138613171127,217.67108733505,131.715885177898,368.950465452819,0,0,0,0,0,0,0,0,0,0,0.951148068154585,1.74969771537945,0.374229213049818,0.440965898700314,0.27284573472349,0.761611152745169,0,0,0,0,0,0,0,0,7126.97639265998,5067.72766833764,1205.92370131211,2292.30922156277,702.289126298675,866.628717131961,1173.26780429982,3310.84859724558,273.82983024758,194.710201171851,46.4898280040371,88.3799984754019,27.0653832888772,33.3992271788977,45.2904457475269,127.800107751828,19575.0651071851,13762.4889382248,3551.98330070546,6570.49911099156,2292.51398224166,2706.49819557377,3209.36328842755,8809.2672710167,752.104184862403,528.776859434755,138.167300461206,256.031750115081,89.755456163526,106.035279362728,126.025614226168,345.982779822266,0,0,7.70405045316457,14.5300891855847,5.15918791546762,6.14032367961159,7.70763599071709,21.2588466243464,0,0,0,0,0,0,0,0,464.307233134191,350.857721651696,413.574522500594,832.212327263599,433.337979208278,572.432507390322,243.729090871627,739.215816509104,17.8394245831973,13.4805147928003,15.8964536676509,31.9834873447981,16.6329749453149,21.973012705453,9.36602604146469,28.4068350458494,243.682580633548,183.2436973053,302.434159430724,621.879689516323,337.038728712502,440.090729579469,217.716743839539,663.780486341116,9.36267327431429,7.04051591766558,11.6240124028177,23.8985682108294,12.9373888687213,16.8936984767533,8.36436795428152,25.5014590150735,0,0,42.4545627060653,90.0547000911517,40.1524940026741,49.217425721639,68.5959590370949,189.370644355424,0,0,0,0,0,0,0,0,1102.43823596353,508.75772302283,3458.13925978125,3567.04025417599
"288",2013,477,23.9166666666667,2349.0591998639,1848.79181940076,563.888261009165,1029.89901368742,183.035930109787,215.908202531595,131.332335216458,369.117249983206,0,0,0,0,0,0,0,0,0,0,0.945110322240989,1.73798391972957,0.372000660034512,0.437344263726846,0.272085022531736,0.76208365172267,0,0,0,0,0,0,0,0,7129.52653483983,5065.23323123915,1201.14792969751,2279.98704003689,702.940046176321,863.900399557756,1181.80269552263,3340.5739162539,273.927810788238,194.6143609095,46.3057543042607,87.9049120068727,27.0904786746444,33.2940883531489,45.6201865030578,128.948301942736,19567.9030156305,13745.5703424735,3534.53284843152,6529.72576423652,2291.71884889712,2694.75337199539,3231.88596657621,8886.31866227415,751.829026174545,528.126819421905,137.48806044111,254.438041350183,89.723644217374,105.572633783353,126.908981566891,349.002632722473,0,0,7.66670728196696,14.4394524648584,5.1590443297263,6.11538501500608,7.76304472555993,21.4485552607919,0,0,0,0,0,0,0,0,464.791475711209,350.894925978678,412.031645775824,827.76141757147,434.039981149392,570.905549470244,245.463238975349,745.334903870214,17.8580299890249,13.4819442416638,15.8372123997505,31.8125991427562,16.660003585417,21.9145484927417,9.43275404634246,28.6422895850125,243.851528471836,183.185189216781,301.213960401722,618.163618920107,337.575328788073,438.796093155705,218.992401715036,668.376793357612,9.36916454147357,7.03826794275708,11.5771721513306,23.7559140538546,12.958070814966,16.844142487422,8.41350128415775,25.6784465554408,0,0,42.2503853530366,89.4016737167776,40.1443942991663,48.9740930968886,69.0979585513158,191.012225420347,0,0,0,0,0,0,0,0,1107.20021653152,510.703750745164,3474.51362414168,3580.5291738433
"289",2014,477,24,2340.90348131032,1842.02251985112,560.602516855082,1023.89503907453,181.916667164237,213.97755045331,130.991743443929,369.564467318201,0,0,0,0,0,0,0,0,0,0,0.939187779224641,1.72636123228745,0.36973222399506,0.433377661620376,0.271398818091486,0.763061710191818,0,0,0,0,0,0,0,0,7132.24385691709,5062.9300111101,1195.93975086706,2267.05947121243,703.417190532597,860.310672177652,1190.43332101898,3371.17591845422,274.032214647905,194.525867508903,46.1050573678023,87.406526359803,27.1088773090052,33.1557522519031,45.9536110941326,130.130278084957,19562.0758462207,13729.7448154738,3516.04400646973,6487.67332530681,2290.47152742349,2680.48010381091,3254.77832439497,8966.27738784794,751.605156903557,527.518776870127,136.768897570686,252.794943715558,89.6741660585119,105.010989841119,127.806838581686,352.13635207705,0,0,7.62936688837389,14.3477123978563,5.15781000877612,6.08461632201121,7.81921384323004,21.6446419384849,0,0,0,0,0,0,0,0,465.284080097748,350.937028841999,410.43997948344,823.170799479095,434.631444272779,568.782383730828,247.260152452971,752.000752137573,17.87695666835,13.4835619001449,15.7760939481839,31.6363367262296,16.6827862309586,21.8331938315593,9.50188926203807,28.898729944136,244.033253289362,183.139946191912,299.9693492449,614.378986987841,338.036082621847,437.074229452032,220.330801080779,673.433118802872,9.37614672014104,7.03652963282133,11.5293918163864,23.6106203041688,12.9758384635345,16.7781816358928,8.46504032587943,25.8730887129993,0,0,42.0448910445602,88.7412728278224,40.128820288081,48.6853274881877,69.6066232653498,192.70598901894,0,0,0,0,0,0,0,0,1111.96421785802,512.655709191825,3490.87761267532,3594.00576315964
"290",2014,477,24.0833333333333,2333.4003802021,1835.63816765005,556.954893506936,1017.58679757468,180.751959732414,211.677012186102,130.746892982308,370.652745017762,0,0,0,0,0,0,0,0,0,0,0.933209953441642,1.71447676997009,0.367374142008766,0.428656348047405,0.270891327442851,0.765248087351219,0,0,0,0,0,0,0,0,7135.63920308819,5061.23978188312,1189.81001780557,2252.79075466218,703.617706435772,855.015253579574,1199.3402079738,3403.96474118144,274.162669277532,194.46092619904,45.868925730242,86.856512347855,27.1166157534405,32.9516811739864,46.2976778469631,131.396533461224,19558.920977769,13716.0509003411,3495.03690655436,6442.22250507227,2288.42102508509,2661.02976939665,3278.55359503993,9052.80871874551,751.483961223504,526.992634268344,135.952835776159,251.020401692556,89.5932962305934,104.246585006993,128.739240860703,355.527330669581,0,0,7.59067636814678,14.2516340899396,5.15475353815391,6.0420347350197,7.87733183710873,21.8555519589677,0,0,0,0,0,0,0,0,465.820424139029,351.006456893441,408.72570470352,818.243407819798,435.054875420979,565.479238161176,249.197671035933,759.816191195754,17.8975638944477,13.4862294360715,15.7102617791706,31.4471268962541,16.6991160840658,21.7065402052773,9.57642072769145,29.1993018957262,244.242430383645,183.120470600486,298.665191178707,610.398006405578,338.370342104207,434.481439578141,221.795908412836,679.475607891869,9.38418365866326,7.03578134890068,11.4793212657399,23.4577762724088,12.9887476707378,16.6787834615001,8.52144136707864,26.1055874013278,0,0,41.8358205259065,88.0582160527306,40.1000089991096,48.3029908120392,70.1301700581558,194.514664121986,0,0,0,0,0,0,0,0,1116.72752286416,514.620127433243,3507.2142999427,3607.4931561907
"291",2014,477,24.1666666666667,2326.04639836695,1829.39262254544,553.434102971426,1011.49208963616,179.592902081249,209.43702855316,130.486193518823,371.621785449563,0,0,0,0,0,0,0,0,0,0,0.927263091321133,1.70290095439813,0.365029618105013,0.424051697082327,0.270357069069857,0.767218640545426,0,0,0,0,0,0,0,0,7138.8062902712,5059.39251624013,1183.77973358155,2238.71735914619,703.735092589492,849.729416018126,1208.19478212916,3436.51018937625,274.284353831811,194.389951298946,45.6366026433992,86.3140043341363,27.1211514563788,32.7479808791843,46.6397229360458,132.653400948802,19555.8119454385,13702.4428583029,3474.4411617072,6397.57130020174,2286.20446597582,2641.75914035963,3302.18522351203,9138.5040897547,751.364526297476,526.469791057439,135.152601686917,249.276891241332,89.5059807364611,103.48927719921,129.666092846586,358.885780961817,0,0,7.55134966569512,14.1559846033564,5.15130332754339,5.99979333667308,7.93511802521877,22.0646146494746,0,0,0,0,0,0,0,0,466.333257747639,351.062514899346,406.984859140195,813.33056017536,435.420442235251,562.170760677457,251.103193432142,767.405276208852,17.9172678116634,13.4883832734822,15.6434062998528,31.2584709770365,16.7132217841708,21.5796774795341,9.64972096541333,29.4911777719774,244.44924011439,183.09940941105,297.36168803281,606.455087874686,338.673168478725,431.890008999688,223.258668359465,685.434174390869,9.39212963892028,7.03497214378004,11.4292740128096,23.3063902286864,13.0004474853854,16.5794328368907,8.57774904473554,26.3348565545826,0,0,41.6273673547316,87.382263184709,40.0691772930134,47.9243623817875,70.6527276129227,196.313430924539,0,0,0,0,0,0,0,0,1121.49619455049,516.584896723201,3523.54126819422,3620.90105815958
"292",2014,477,24.25,2318.84224153936,1823.28561331196,550.036121592183,1005.60450546686,178.441014992376,207.256827253301,130.210850401879,372.47820479515,0,0,0,0,0,0,0,0,0,0,0.921376160750779,1.69163930113424,0.362698627855051,0.419562109251361,0.269796254545368,0.768979040955625,0,0,0,0,0,0,0,0,7141.72886081757,5057.37779345503,1177.83974856431,2224.82471470136,703.768680707276,844.449842858905,1216.99123847596,3468.78861165582,274.396643665888,194.312542427659,45.4077387126549,85.7784444756785,27.1224586967621,32.5445237275509,46.9795232853715,133.899971171033,19552.7624342715,13688.9293983887,3454.25157836132,6353.70992839539,2283.83058935172,2622.67124048427,3325.67744091722,9223.38646923149,751.24737793134,525.950581852115,134.368001337921,247.564040257736,89.4125574612924,102.739182314981,130.587558429015,362.212596198453,0,0,7.51163480904245,14.0609584651485,5.14745579945069,5.9578855412813,7.99256603587966,22.2718327505171,0,0,0,0,0,0,0,0,466.823193427063,351.105406186302,405.223433693379,808.437234861191,435.729197771628,558.858376173945,252.978254681009,774.783477080393,17.9360919533636,13.4900312245096,15.5757576385959,31.0705602571284,16.7251437501194,21.4526604597754,9.72184899092687,29.7749516661188,244.654780110885,183.077796810988,296.059545318318,602.552744465012,338.946368282586,429.303571837639,224.718434129218,691.305540687705,9.40002683358692,7.03414175259243,11.3792772158311,23.1565588802163,13.0110073028762,16.4802694431393,8.63393864494815,26.5607706488849,0,0,41.4194807586655,86.7133743809249,40.0363831979144,47.5494587204577,71.174328033423,198.102505896919,0,0,0,0,0,0,0,0,1126.26999560477,518.5499428306,3539.85671977059,3634.22951129409
"293",2014,477,24.3333333333333,2311.78813452588,1817.31651324868,546.756985177656,999.917692572793,177.297673883027,205.135566295335,129.922006181155,373.228316294344,0,0,0,0,0,0,0,0,0,0,0.915572029331179,1.68069459748129,0.360381820002107,0.415186076880582,0.269209479361647,0.770535879190073,0,0,0,0,0,0,0,0,7144.39454318777,5055.1879751768,1171.98246259868,2211.10112121083,703.718634594216,839.17465090653,1225.72454822209,3500.77893709554,274.499063445428,194.22840610752,45.1820437933466,85.2493848727759,27.1205437469614,32.3412371649702,47.3168855900869,135.135433690685,19549.7831506188,13675.5171511739,3434.46235791665,6310.62755389047,2281.30754527956,2603.76842034408,3349.03394907925,9307.47680309508,751.132927484981,525.435261409532,133.59881714026,245.881435512031,89.3133415539619,101.996390166411,131.503780978974,365.508591367691,0,0,7.4717322389591,13.966709457805,5.14321255040834,5.91630731790131,8.04967083721984,22.4772094535774,0,0,0,0,0,0,0,0,467.290746037206,351.135285618374,403.44651462639,803.567475298988,435.982127950947,555.543229047139,254.824185815079,781.964591983065,17.9540561012925,13.4911792392785,15.5075112012904,30.8835501344111,16.7349198169188,21.3255331549035,9.79285597643528,30.0511534487241,244.859887409061,183.056431586243,294.759576949071,598.693010493745,339.191391890771,426.725058745633,226.174621086719,697.087648292372,9.40790740292562,7.03332086597107,11.3293621872196,23.0083605236416,13.0204828436845,16.3814059483898,8.68998783423795,26.7832509491917,0,0,41.2121438344375,86.0515281596761,40.0016777601565,47.1782878556008,71.6949963155073,199.882087282827,0,0,0,0,0,0,0,0,1131.04869452417,520.515192531544,3556.1589498223,3647.47860624709
"294",2014,477,24.4166666666667,2304.88390598161,1811.48440703539,543.592802647961,994.425384434634,176.164122555464,203.07234715974,129.620745528179,373.878147669536,0,0,0,0,0,0,0,0,0,0,0.909868662707685,1.67006744931586,0.35808028175388,0.410922124659437,0.26859762010322,0.77189639393493,0,0,0,0,0,0,0,0,7146.79413979239,5052.81767963056,1166.20155430777,2197.53716462231,703.585736291065,833.903021347657,1234.3903475328,3532.46245999198,274.591259784339,194.137335562129,44.9592766357627,84.7264652035902,27.1154366594123,32.1380895552237,47.6516420536267,136.359068783214,19546.8823664694,13662.2110599177,3415.0672476256,6268.3125671751,2278.64297974957,2585.05249116381,3372.25800083744,9390.79425530071,751.021492786286,524.924019657466,132.844813704937,244.228633466111,89.2086287172565,101.260969661728,132.414886463802,368.774512503534,0,0,7.43180450594354,13.8733591963248,5.13857889027172,5.8750565540205,8.10642844675425,22.6807482715454,0,0,0,0,0,0,0,0,467.736355864105,351.152274260693,401.658441602854,798.724589749607,436.180199785111,552.226296875444,256.642144665956,788.960947201282,17.9711771719473,13.4918319693047,15.4388337353424,30.6975677817384,16.7425870903775,21.1983331488514,9.86278643418621,30.3202564423453,245.065189322994,183.035922049038,293.462653209333,594.877506070044,339.409408869817,424.156820596742,227.626701041942,702.779419417395,9.41579544935087,7.03253285624423,11.2795623989058,22.8618575294491,13.0289190453722,16.282932753893,8.7458764401004,27.0022563541875,0,0,41.0053649132863,85.396715566661,39.9651071621027,46.8108512645829,72.2147517045719,201.652357841036,0,0,0,0,0,0,0,0,1135.83206462595,522.480573352004,3572.44633360491,3660.64847174601
"295",2014,477,24.5,2298.12905146712,1805.78814019601,540.539764298627,989.121418811389,175.041484607168,201.066224873152,129.308099272248,374.433456603919,0,0,0,0,0,0,0,0,0,0,0.904279986118656,1.65975668143092,0.35579539224498,0.406768777969398,0.267961764087,0.773068284155531,0,0,0,0,0,0,0,0,7148.92110499334,5050.26339726172,1160.49177600652,2184.12529205367,703.371241401858,828.63494629074,1242.98485421029,3563.82265521762,274.672981188737,194.039195948789,44.7392370398282,84.2093964444645,27.107185708174,31.9350804461811,47.9836471953047,137.570240377207,19544.0663186076,13649.0146664984,3396.05964954368,6226.75278219353,2275.84409611921,2566.52481801643,3395.35246022288,9473.356401081,750.913313467373,524.416992680393,132.105742051941,242.605167907614,89.0986975831092,100.532972415121,133.320985780497,372.011044154649,0,0,7.39198309950091,13.7810030949898,5.13356289708369,5.83413261354542,8.16283573535873,22.8824530120009,0,0,0,0,0,0,0,0,468.160404935289,351.156469421685,399.862924958738,793.911290335266,436.324385354709,548.908454403483,258.433140271215,795.783565180169,17.9874698434401,13.4919931533333,15.3698678296185,30.5127174829992,16.7481828701029,21.0710940628053,9.93167915438024,30.5826838759321,245.271140578448,183.016719116734,292.169668382383,591.107493522221,339.601364847319,421.600727736036,229.074196064831,708.380571482369,9.42370844415888,7.03179504837781,11.2299122412301,22.7170985126356,13.0363522456171,16.1849218034789,8.80158621339135,27.2177762733416,0,0,40.7991716566843,84.7489363606273,39.9267140793376,46.4471452215275,72.7336086565682,203.413486803923,0,0,0,0,0,0,0,0,1140.61988336375,524.446013413195,3588.71731813608,3673.7392685756
"296",2014,477,24.5833333333333,2291.52277829737,1800.22635454729,537.594148957634,983.999752828588,173.930771074192,199.116215452776,128.985046850192,374.899739584916,0,0,0,0,0,0,0,0,0,0,0.89881649499477,1.64975962653921,0.353528721674163,0.402724543042664,0.267303159083995,0.774059571847146,0,0,0,0,0,0,0,0,7150.77117386728,5047.52321692011,1154.84880691354,2170.85951002179,703.076777255784,823.371050373749,1251.5048091834,3594.84504934075,274.744063793447,193.933913838052,44.5217602396159,83.697949307063,27.0958534756544,31.732233717941,48.3127756089367,138.768391129929,19541.3394925741,13635.9303150465,3377.43270052104,6185.93557950191,2272.91769582912,2548.18638374385,3418.31984512933,9555.17936441397,750.808561874816,523.914270543414,131.381342697804,241.010555489059,88.9838112870251,99.8124352233887,134.222176410017,375.218814694083,0,0,7.35237324093734,13.6897145404601,5.12817476243131,5.7935360203103,8.21889029290057,23.0823277867648,0,0,0,0,0,0,0,0,468.563228702691,351.147951879834,398.063128804844,789.129789975969,436.415675986077,545.590514127223,260.198050596822,802.44228596247,18.0029470043745,13.4916658950026,15.3007351031411,30.3290843538627,16.7517451956834,20.9438471177018,9.99956788623932,30.8388135491545,245.478049982995,182.999140090876,290.881517916528,587.383919286879,339.768023247262,419.058243142425,230.516673942388,713.89148047578,9.43165825223608,7.03111963360437,11.1804461473794,22.5741199438756,13.0428117844576,16.0874293918818,8.85710065375178,27.4298253797871,0,0,40.5936068577148,84.108196307064,39.8865386123679,46.0871617358195,73.2515775211715,205.165631232593,0,0,0,0,0,0,0,0,1145.41193189677,526.411441343664,3604.97041726047,3686.75118594454
"297",2014,477,24.6666666666667,2285.06405385373,1794.79752595458,534.7523292404,979.054475296211,172.832889829569,197.221303794733,128.652519557455,375.282245058568,0,0,0,0,0,0,0,0,0,0,0.893485907700686,1.64007243207846,0.351281929349138,0.398787887954601,0.266623161764179,0.774878463069279,0,0,0,0,0,0,0,0,7152.34196210085,5044.5965326885,1149.26909606915,2157.73506894843,702.704237859016,818.112409659429,1259.94740924393,3625.51705175931,274.804415989337,193.82146594961,44.3067108946189,83.1919421501785,27.0815128156162,31.5295906261807,48.6389193854496,139.953035967914,19538.7049290121,13622.959370231,3359.17935377306,6145.84805113043,2269.87022482416,2530.03785686877,3441.16237559864,9636.27798055034,750.707354839931,523.415905679143,130.671348808737,239.444301339398,88.864219262114,99.0993826971284,135.118544289276,378.398402599444,0,0,7.31305899832001,13.5995493346135,5.12242611272909,5.75326812888984,8.27459028540789,23.2803770119983,0,0,0,0,0,0,0,0,468.945128136011,351.126793124405,396.26176074468,784.381904391217,436.455095926135,542.273266609779,261.937642056812,808.945906120439,18.0176202184915,13.4908529410443,15.2315396478337,30.1467382570338,16.7533133733566,20.8166226861816,10.0664820882401,31.0889831691265,245.686108934379,182.983394088435,289.599076322097,583.707458822504,339.91000818663,416.530498421948,231.953743467344,719.313040003477,9.43965222739601,7.03051464653223,11.1311977458707,22.4329478770506,13.0483216512411,15.9904990820987,8.91240482874675,27.6384381982069,0,0,40.3887240894784,83.4745044198316,39.8446192366592,45.7308895249164,73.7686652891376,206.90893759529,0,0,0,0,0,0,0,0,1150.20799462463,528.376786192929,3621.20420570606,3699.68443740938
"298",2014,477,24.75,2278.75164329174,1789.49999374468,532.010775034709,974.279815340881,171.74865344305,195.380450104593,128.311403156664,375.585984377463,0,0,0,0,0,0,0,0,0,0,0.88829365784443,1.6306902961112,0.349056698073477,0.39495723428679,0.265923200554384,0.775533246080834,0,0,0,0,0,0,0,0,7153.63265832297,5041.4838190398,1143.74973880336,2144.74822413721,702.255709488189,812.860422313383,1268.31025423241,3655.82780857738,274.854006602232,193.701870513471,44.0939783642883,82.6912318208203,27.0642439924915,31.327204832612,48.9619860891808,141.123756496747,19536.1644593023,13610.1023846379,3341.2924413253,6106.47710885404,2266.707808019,2512.07964098587,3463.88201171033,9716.66592984407,750.609762732248,522.921919318672,129.975488615963,237.905903261922,88.7401585708899,98.3938291757695,136.010165279555,381.550341620785,0,0,7.27410706843386,13.5105489438323,5.11632954858021,5.71333088467303,8.32993435394019,23.4766054388778,0,0,0,0,0,0,0,0,469.306378642216,351.093060508053,394.461141154086,779.669126279419,436.443706969076,538.957501535542,263.652585377181,815.302296075175,18.0315000673713,13.489556879255,15.1623706870578,29.9657366497905,16.7529281548982,20.689451104178,10.1324475379475,31.3334948573913,245.895413250533,182.969601645834,288.323183257857,580.078555311398,340.027837643655,414.018355349277,233.385050024618,724.646548843721,9.44769405112332,7.02998471836325,11.0821993269335,22.2935994373641,13.0529017582949,15.8941640684256,8.96748520445667,27.8436647873263,0,0,40.184584570317,82.8478710699543,39.8009934259703,45.3783147155793,74.2848761535112,208.643542960965,0,0,0,0,0,0,0,0,1155.00785888637,530.341977396087,3637.41731518042,3712.5392584927
"299",2014,477,24.8333333333333,2272.5841417177,1784.3319857062,529.366055743668,969.670148605668,170.678786368222,193.592595521712,127.962540237374,375.815742088467,0,0,0,0,0,0,0,0,0,0,0.883243304774396,1.62160766577103,0.346854685866188,0.39123095348814,0.265204745935948,0.776032209295607,0,0,0,0,0,0,0,0,7154.64376386355,5038.18644134869,1138.2883713503,2131.89603782355,701.733411800457,807.616706537684,1276.59130095361,3685.7680643339,274.89285489403,193.575179989514,43.8834726767753,82.195706068902,27.044132416543,31.1251384816644,49.281896991927,142.280195709683,19533.7189049761,13597.3592398667,3323.76472581094,6067.80957247753,2263.43627827255,2494.31191496381,3486.48048648043,9796.35585822359,750.515817121266,522.432306912715,129.293487420862,236.394855160515,88.6118550245238,97.6957802869745,136.897106441255,384.675125431512,0,0,7.23556989316203,13.4227431584676,5.10989828809739,5.67372662998922,8.38492153346898,23.671018189601,0,0,0,0,0,0,0,0,469.647237305163,351.046821277513,392.66326180148,774.992685417564,436.382609355519,535.644020270456,265.343469473667,821.518505777713,18.0445964285911,13.4877802933615,15.0933048251875,29.7861268911565,16.7506317730792,20.562363155762,10.1974868655751,31.5726192101434,246.105981531986,182.957811270169,287.054633803678,576.497454118379,340.121950868019,411.522458242024,234.810271596971,729.893615860933,9.45578443808659,7.02953171281741,11.0334814693773,22.1560841461183,13.0565689936267,15.7984491878037,9.02232949221728,28.0455670891227,0,0,39.9812546457028,82.2283065238956,39.7556981167968,45.029421404856,74.8002119808203,210.369576026003,0,0,0,0,0,0,0,0,1159.81131474122,532.306944763878,3653.6084312807,3725.3159049681
"300",2014,477,24.9166666666667,2266.56000190069,1779.29163952918,526.814841561844,965.220001543633,169.623931550971,191.856667067719,127.606732375304,375.97608566012,0,0,0,0,0,0,0,0,0,0,0.878336880038275,1.61281840557797,0.344677489558706,0.387607366027589,0.264469286390607,0.776383574607803,0,0,0,0,0,0,0,0,7155.37687033504,5034.70649458064,1132.8830804852,2119.17621407194,701.139650576879,802.383019361603,1284.78882246687,3715.33003091436,274.921022017026,193.441474869661,43.6751210723954,81.705277220505,27.0212668259307,30.9234590780769,49.5985855128183,143.422052969643,19531.3682482306,13584.7292666827,3306.58894366649,6029.8322423672,2260.06120123193,2476.73466622323,3508.95933473973,9875.35948619641,750.425517327899,521.947042748066,128.625069268711,234.910649857454,88.4795241421496,97.005234237844,137.779427152688,387.77321183609,0,0,7.19748826750275,13.3361523078127,5.10314588300016,5.63445794505393,8.4395511863926,23.8636207910163,0,0,0,0,0,0,0,0,469.96794880883,350.988145738754,390.869835824671,770.353597999907,436.272940645594,532.333643150241,267.010813611201,827.600859710422,18.0569187033049,13.4855258846314,15.0244079655722,29.6079481360436,16.7464678990336,20.4353903549819,10.2616200215448,31.8065989484304,246.31777075172,182.948013529034,285.794171751444,572.9642331142,340.192730857275,409.043278068526,236.229115271453,735.056080038746,9.46392173512565,7.02915526748643,10.9850727831817,22.020405086422,13.0593380842555,15.70337261395,9.07692651463797,28.2442158587675,0,0,39.7788037342159,81.6158197932074,39.7087700608427,44.6841921148753,75.3146727125989,212.087158014891,0,0,0,0,0,0,0,0,1164.61815481052,534.271618490589,3669.7762909271,3738.014651536
"301",2015,477,25,2260.78829839476,1774.34135306707,523.866534575421,959.965503437283,168.542133979535,189.670738462211,127.36122533111,377.260604949904,0,0,0,0,0,0,0,0,0,0,0.87344089137899,1.60317946258878,0.342442911537831,0.383073627618414,0.263931817848795,0.778773557741233,0,0,0,0,0,0,0,0,7156.54418598035,5031.65991620273,1126.73083873386,2104.54683983768,700.307973083174,795.061339575504,1293.25929546584,3748.2091760262,274.965872150854,193.324420456387,43.4380513279733,81.1412949046266,26.9892318886525,30.6413093268823,49.9257917847121,144.691772975051,19530.8941839509,13573.6256677139,3287.35448162264,5986.70756120227,2256.02868915021,2452.85066184025,3532.39710402393,9964.59350308226,750.407318839997,521.520424331869,127.877424954323,233.226760041834,88.3214831951502,96.0677184106276,138.699244612903,391.271287777689,0,0,7.1588518935341,13.2414143504471,5.09483916229247,5.5807560395201,8.49623867069143,24.0790506684307,0,0,0,0,0,0,0,0,470.34140489304,350.981354073597,389.005018743208,765.224840944467,436.065119578881,527.711213051723,268.846761630515,835.571036682426,18.0712675085006,13.485264937316,14.9527657048361,29.4109452640919,16.7385333506133,20.2580459464659,10.3322262386665,32.1130714255697,246.553457219624,182.961568836038,284.484201919758,569.058916049781,340.156260867705,405.505445652638,237.774036042412,741.635189337293,9.47297720225276,7.02967608362247,10.934759860975,21.8704217993786,13.0579876374743,15.5676503104638,9.13636290552726,28.4972622233966,0,0,39.5725969258653,80.9540387567186,39.6505076057824,44.2254182628861,75.8448546270241,213.974330177554,0,0,0,0,0,0,0,0,1169.39652660144,536.207174814847,3685.81231050079,3750.44514164196
"302",2015,477,25.0833333333333,2255.22805816727,1769.4540162812,520.546449967262,953.960675084325,167.428085949327,187.071172231661,127.216051291673,379.573247229849,0,0,0,0,0,0,0,0,0,0,0.86839176110915,1.59260081435071,0.34015358107341,0.377705778537383,0.263585833034146,0.783098310685157,0,0,0,0,0,0,0,0,7158.24785268452,5029.10922741807,1119.90037411624,2088.15445991928,699.255572826912,785.790991464349,1302.02979812678,3784.46679100624,275.03132975008,193.226418914298,43.1748945695577,80.5093865732483,26.948688934785,30.2840572449631,50.2645574873804,146.091713080136,19532.1786633712,13563.960650838,3266.13142077727,5938.64870854674,2251.31636397382,2423.00146730383,3556.74171192679,10063.4831704211,750.456686049627,521.149078549994,127.053213076537,231.351404550841,88.1368745425005,94.8966104076947,139.654534803278,395.146929728913,0,0,7.11865844591315,13.1379366836164,5.08500912902873,5.51345019930923,8.55495678012571,24.3164632596122,0,0,0,0,0,0,0,0,470.76461158043,351.023718033377,387.043454676981,759.59454650257,435.752243779006,521.827596569674,270.831836539168,845.180197411206,18.0875278108057,13.4868926277377,14.8774037660227,29.1946621921069,16.7265632434354,20.0322828086726,10.4085575972082,32.4824821214704,246.807344043106,182.9942934025,283.117017323813,564.779029921742,340.009594305676,400.954506482076,239.437356067057,749.552957027872,9.48273195577714,7.03093341337292,10.8822465278366,21.7060391432652,13.0524045281905,15.3930306723604,9.20034379334418,28.8017118171425,0,0,39.3625114564183,80.2442559052187,39.5809651902988,43.659185659015,76.3902449427182,216.023349397818,0,0,0,0,0,0,0,0,1174.14750306467,538.114277515908,3701.71285685093,3762.57850370135
"303",2015,477,25.1666666666667,2249.76108829084,1764.65951559297,517.343829533368,948.169331975156,166.323356932244,184.564248162301,127.053586393077,381.711744721223,0,0,0,0,0,0,0,0,0,0,0.86330589589688,1.58220682947869,0.337890667748373,0.372524768671663,0.263216234529443,0.787161514747943,0,0,0,0,0,0,0,0,7159.78318711599,5026.44331506728,1113.19508569082,2072.04477340299,698.14916587616,776.685932443271,1310.74464435849,3820.41648712548,275.090319754197,193.123990298535,42.916536628549,79.8883478342849,26.9060637018779,29.9331746523299,50.6011734793464,147.479781059864,19533.4450892463,13554.3233441293,3245.32395418825,5891.49387707245,2246.47848816768,2393.73095426305,3580.9153422943,10161.0747145113,750.50535933843,520.778797444305,126.244991190112,229.511128229331,87.9473960479781,93.7482066872044,140.603210971576,398.972008184557,0,0,7.07785185804844,13.0350314114443,5.07489155833426,5.44741876289905,8.61329614519176,24.5511878691479,0,0,0,0,0,0,0,0,471.165287920346,351.051116407668,385.059194479251,753.988278437567,435.384385445571,516.006498666231,272.772010297408,854.376425375016,18.1029224607408,13.4879453164441,14.8011676240162,28.9792979813544,16.7124796832709,19.8089160639372,10.4831625708454,32.8360329334542,247.057317069628,183.0252988862,281.749432609124,560.543758421824,339.837800303879,396.473017034374,241.085847318143,757.293920025122,9.49233633468146,7.03212469322297,10.8297162620752,21.5433672336695,13.0458544215705,15.2210737876041,9.26375299245809,29.0993681118256,0,0,39.1531028582864,79.5427142406408,39.5098736157634,43.1034912490575,76.9343171025999,218.055868192596,0,0,0,0,0,0,0,0,1178.90263794969,540.021569488404,3717.58171646024,3774.59444496085
"304",2015,477,25.25,2244.39197428405,1759.96075353028,514.255370152189,942.585450341897,165.229334906116,182.147244567968,126.875219786783,383.686012183654,0,0,0,0,0,0,0,0,0,0,0.858221275492082,1.57202377138467,0.335652369979897,0.367523530631916,0.262822263814256,0.790962971966724,0,0,0,0,0,0,0,0,7161.1156354428,5023.63885342873,1106.60104388018,2056.19325867857,696.983843242882,767.734323397999,1319.39311899132,3856.01446583952,275.141514549723,193.016238397573,42.662444544505,79.2772387711504,26.8611676801028,29.5882061114776,50.9352279486592,148.854293323587,19534.7213497324,13544.7324088904,3224.92886266978,5845.23410400376,2241.52496165034,2365.03117962931,3604.92539185069,10257.4164153853,750.554410217342,520.410298011784,125.452641955748,227.705591294516,87.7534309915602,92.6221943547692,141.545560859599,402.748403261606,0,0,7.03668405112068,12.9329184985765,5.06448339736043,5.38262834992641,8.67124965816203,24.7832402272938,0,0,0,0,0,0,0,0,471.544179636496,351.063992785694,383.058570615641,748.41270499876,434.963971963201,510.250970315299,274.669904660518,863.191837861902,18.1174801102071,13.4884400468423,14.7243005531192,28.7651088966698,16.6963758958564,19.5880629777444,10.5561418869839,33.1749573134861,247.30564480893,183.056236949452,280.383407475137,556.357030947811,339.643581467599,392.062613866376,242.720314356254,764.855468878894,9.50187749873461,7.03331338267999,10.7772444166623,21.382557177982,13.0384410987913,15.0518426132184,9.32662150332813,29.3901311674195,0,0,38.9443382050559,78.8493757573816,39.4373147192893,42.5581787329697,77.4771601069678,220.072455244632,0,0,0,0,0,0,0,0,1183.66170766739,541.928970669975,3733.41725617654,3786.49403994124
"305",2015,477,25.3333333333333,2239.12439418863,1755.35993493371,511.277734904254,937.202939135237,164.147247803152,179.817453198513,126.682253928251,385.505455507496,0,0,0,0,0,0,0,0,0,0,0.853168363835949,1.5620716375972,0.333437910074548,0.362695708846189,0.262403774817093,0.794505264277641,0,0,0,0,0,0,0,0,7162.21793726124,5020.67771672609,1100.10696396884,2040.58030436912,695.75650892032,758.926990267343,1327.96617724105,3891.22222092444,275.183866748355,192.902466790099,42.4121866369774,78.675307677689,26.8138819825482,29.2487985511257,51.2663731650502,150.213769199714,19536.0297252353,13535.2025858729,3204.94181774417,5799.85849802925,2236.4647027166,2336.89342713084,3628.77819434244,10352.5521957194,750.604694738752,520.044146615569,124.676004893792,225.934378917604,87.5553246875415,91.5182306044322,142.481830933937,406.477826266133,0,0,6.99535761958662,12.8317697585723,5.05378594594692,5.31904818284865,8.72881130088814,25.0126356681329,0,0,0,0,0,0,0,0,471.901858921483,351.062679515397,381.046832306928,742.873084549847,434.492983289225,504.563099863666,276.527775644919,871.655148655955,18.1312227437633,13.4883895882716,14.6470042408964,28.5522970612119,16.6783279157102,19.3698038211388,10.6275822160647,33.5003579604729,247.554074835929,183.08836332961,279.020717485214,552.221904783926,339.429070020037,387.724277322998,244.341436196099,772.237018728674,9.51142259255869,7.0345477291813,10.7248992563643,21.2237265590787,13.0302464468088,14.8853749117626,9.38897549449321,29.6739787640887,0,0,38.7362151241608,78.1642175634056,39.3633590535328,42.0230826163942,78.0188484452532,222.073634832526,0,0,0,0,0,0,0,0,1188.42449544195,543.836403158816,3749.21797027059,3798.27843856043
"306",2015,477,25.4166666666667,2233.9612845562,1750.85869797024,508.407583077444,932.015696561405,163.078184553632,177.572192356472,126.47591457821,387.179014056404,0,0,0,0,0,0,0,0,0,0,0.848171700705737,1.55236548044577,0.331247191534368,0.35803545453551,0.261961067826781,0.797793020846975,0,0,0,0,0,0,0,0,7163.06866288215,5017.54591703163,1093.70364704065,2025.19009128876,694.465416402346,750.256735241796,1336.45615587158,3926.0059627852,275.216552987164,192.78213803756,42.1654110955783,78.0819482105645,26.7641395597454,28.9146748327633,51.5943144088024,151.556908911721,19537.3880096996,13525.7454928028,3185.35766346015,5755.35476161583,2231.30583663186,2309.30845609619,3652.47921153322,10446.5222157962,750.656896578167,519.680789627166,123.91488726914,224.197021426599,87.3533917769525,90.4359523491713,143.412233796716,410.161842721733,0,0,6.95403703063537,12.731720257719,5.04280362161883,5.25664965345682,8.78597596222305,25.2393891690501,0,0,0,0,0,0,0,0,472.238770444804,351.047428934134,379.028381207106,737.373615249069,433.973116258578,498.94431049286,278.347578806438,879.79212573742,18.1441674463262,13.4878036359367,14.5694478335383,28.3410238801148,16.6584008974457,19.1541932998905,10.6975586792262,33.8132243988907,247.803943825808,183.1226230776,277.662956803561,548.140718634035,339.195941610951,383.458459331881,245.949788227175,779.439544032445,9.52102297335258,7.0358640430946,10.6727420683896,21.0669653399645,13.0213348252157,14.7216881536601,9.45083714529924,29.9509485355646,0,0,38.5287529649861,77.4872258330191,39.2880688296617,41.4980312520628,78.5594448040685,224.059893396584,0,0,0,0,0,0,0,0,1193.19078939405,545.743790558779,3764.98245294641,3809.94884171099
"307",2015,477,25.5,2228.90492978762,1746.45818508346,505.641588504131,927.017644497549,162.023106115589,175.408815626636,126.257355535535,388.715178792032,0,0,0,0,0,0,0,0,0,0,0.843250744542841,1.54291611739543,0.329080633104437,0.353537334703361,0.261494802090912,0.800832522622576,0,0,0,0,0,0,0,0,7163.65142981136,5014.23303366796,1087.38367370147,2010.0099859915,693.109924254724,741.717970953009,1344.85662185352,3960.33632458552,275.238943824528,192.654851760867,41.921834249197,77.4966761442661,26.7119158176484,28.585619708153,51.918804171185,152.882582347146,19538.810110878,13516.3700525844,3166.17057234914,5711.70947803063,2226.05579089035,2282.2666354526,3676.03313365603,10539.3631871737,750.711550097488,519.320569878706,123.169070112224,222.493005408314,87.1479199125786,89.3749814145878,144.336952080808,413.801884491067,0,0,6.91285438210433,12.6328740979706,5.03154333392948,5.1954060716119,8.842739349653,25.4635154937683,0,0,0,0,0,0,0,0,472.555256138973,351.018430168784,377.006894908923,731.91761296814,433.405859285632,493.395499654,280.131006124643,887.625852484853,18.1563273554938,13.4866894563945,14.4917726761498,28.1314168713262,16.6366519866086,18.9412659141022,10.7661362653748,34.1144430110978,248.056237133742,183.1596967912,276.311545522346,544.115188966024,338.945485466193,379.265169806518,247.545851697948,786.465297269466,9.53071650004006,7.03728847407493,10.6208274462777,20.9123395675513,13.0117557582157,14.5607828326702,9.51222501034906,30.221127165795,0,0,38.3219882595606,76.8183928963066,39.2114994154033,40.9828485744912,79.0990014554393,226.031682641522,0,0,0,0,0,0,0,0,1197.96038161219,547.651057672262,3780.70938674716,3821.50649001308
"308",2015,477,25.5833333333333,2223.95705251236,1742.15911448507,502.976456242289,922.202759861438,160.982857141604,173.324719421855,126.027663828722,390.122014422145,0,0,0,0,0,0,0,0,0,0,0.838420718622109,1.53373084454239,0.326939008021081,0.349196242953796,0.261005910088458,0.803631313235479,0,0,0,0,0,0,0,0,7163.95411185965,5010.73163945106,1081.14110104043,1995.02994747828,691.690256413627,733.306369379778,1353.16221337094,3994.18801658595,275.250573352863,192.520322595731,41.6812289596828,76.9191066307655,26.657219416494,28.2614663410275,52.2396360607054,154.189815837174,19540.3066569078,13507.0829243532,3147.37419736554,5668.90838865533,2220.72139138127,2255.75807090524,3699.44398419046,10631.1087152801,750.769063650648,518.963743224714,122.438314088093,220.821784439327,86.9391734789882,88.3349294674306,145.2561425137,417.399263020871,0,0,6.87191515015098,12.5353101731663,5.02001386853176,5.13529240885044,8.89909789713065,25.6850293281734,0,0,0,0,0,0,0,0,472.851579507128,350.975825517505,374.985449991763,726.507686208717,432.792563645349,487.917173995614,281.879523614221,895.177004093055,18.1677125954818,13.4850525169677,14.4140970355886,27.9235763812944,16.6131330589766,18.7310411443632,10.8333712763168,34.404807654775,248.311648812851,183.200046984294,274.96773805177,540.14650457995,338.678673998257,375.144058446482,249.130024964687,793.317537681851,9.54052983925508,7.03883879264514,10.5692036145378,20.759895008258,13.0015466061327,14.4026456050797,9.573154451893,30.4846399717265,0,0,38.1159702642854,76.1577143956226,39.1337008055454,40.4773557353593,79.6375617089839,227.989422967934,0,0,0,0,0,0,0,0,1202.7330672671,549.558130211127,3796.39753092778,3832.95265279673
"309",2015,477,25.6666666666667,2219.11889686657,1737.96184584777,500.408936582373,917.565100984106,159.958177228617,171.317349073092,125.787864786289,391.407182625388,0,0,0,0,0,0,0,0,0,0,0.833693378925692,1.52481408583248,0.324823305872378,0.34500732284438,0.260495521877511,0.806197853073485,0,0,0,0,0,0,0,0,7163.96811602271,5007.03677761451,1074.97118948625,1980.24199940092,690.207290791087,725.018557206842,1361.36849004466,4027.5394688418,275.251111415203,192.378360095262,41.4434141605462,76.348933969102,26.6000841553586,27.9420846106477,52.5566390619811,155.47777848494,19541.8855512965,13497.8888967476,3128.96180679523,5626.93663694564,2215.30894961455,2229.77271437121,3722.71521788244,10721.7896342027,750.829740906979,518.610493652223,121.722364710691,219.182788531564,86.7273969668621,87.3154022570466,146.169939719503,420.955182285883,0,0,6.83130335055192,12.4390873112281,5.0082253431278,5.07628505683757,8.95504867911107,25.9039454112484,0,0,0,0,0,0,0,0,473.127947131952,350.919724843629,372.966632446096,721.145889942754,432.13450279466,482.509564067505,283.594406327758,902.464115337496,18.1783311035315,13.482897038781,14.3365203389345,27.7175814917108,16.5878930003379,18.5235278606353,10.8993126718115,34.6850299487415,248.570636319982,183.243960202493,273.632632873702,536.235413288781,338.396226095439,371.094487557286,250.702634720244,800.000289726629,9.55048056722523,7.04052600834569,10.5179128052859,20.6096604802928,12.9907349945708,14.247252084736,9.63363807152125,30.741641627411,0,0,37.9107570382057,75.5051868483229,39.0547189159236,39.9813725216923,80.1751612632625,229.933506779497,0,0,0,0,0,0,0,0,1207.5086438701,551.464934560381,3812.04571129837,3844.28861861537
"310",2015,477,25.75,2214.39129501459,1733.86643271975,497.935835398176,913.098827088154,158.94971040704,169.384203268484,125.538926214562,392.577962328756,0,0,0,0,0,0,0,0,0,0,0.829077605774613,1.5161678988425,0.32273464163405,0.340965920435872,0.259964909566265,0.808541259154252,0,0,0,0,0,0,0,0,7163.68781480577,5003.14555210877,1068.87018897009,1965.63982587951,688.662403163119,716.851892033977,1369.47181264102,4060.37251465622,275.240341794199,192.228852988603,41.2082466665792,75.7859161112367,26.5405629770728,27.6273725163619,52.8696729245496,156.745770051127,19543.552408869,13488.7911961642,3110.92638781979,5585.77895278638,2209.82432871356,2204.30044334232,3745.84979897482,10811.4342897303,750.893797601027,518.260945124429,121.020956348541,217.575431276673,86.5128175267139,86.316002694164,147.078459252935,424.470749726684,0,0,6.79108538772501,12.3442480447039,4.99618882101697,5.01836162802826,9.01058934356548,26.1202786845431,0,0,0,0,0,0,0,0,473.384524740416,350.850216203822,370.95262147515,715.833837018922,431.432907527576,477.172698545616,285.276767112335,909.503813560621,18.1881892471419,13.4802264051122,14.2591263903047,27.5134942976256,16.5609790583076,18.3187271763438,10.9640031748018,34.9557482236568,248.833463334951,183.29157987755,272.30718495118,532.382296314894,338.098660026591,367.115595224467,252.263944563347,806.51814702897,9.56057881495533,7.04235563205381,10.466991736074,20.4616507130325,12.9793408452687,14.094569268448,9.6936860396387,30.9923086353726,0,0,37.7064126346335,74.8608060756181,38.9745965090153,39.4947184215565,80.7118292652147,231.864301105494,0,0,0,0,0,0,0,0,1212.28691080067,553.371397638712,3827.65281384565,3855.5156891211
"311",2015,477,25.8333333333333,2209.7747248466,1729.87266789739,495.554022354567,908.798213744619,157.958013710773,167.522837453094,125.28176216747,393.641268877343,0,0,0,0,0,0,0,0,0,0,0.824579907392952,1.50779240687799,0.320674184286478,0.337067547552051,0.259415441580159,0.810671088541735,0,0,0,0,0,0,0,0,7163.11005824277,4999.05677635021,1062.8351575866,1951.21843388223,687.057338813427,708.804281016967,1377.46923700914,4092.67209022494,275.218143463118,192.071755685314,40.9756142281704,75.2298617190083,26.4787230382279,27.3172492106462,53.1786240967318,157.993209456002,19545.3109307824,13479.7917512344,3093.26073315468,5545.41980512902,2204.27299930287,2179.33112491454,3768.85026976225,10900.0687967843,750.961375941174,517.91517174232,120.333815577884,215.999115765292,86.2956471317059,85.3363333357138,147.981800258141,427.946986197522,0,0,6.75131328709938,12.2508217564385,4.98391599392629,4.96150078214319,9.06571805287623,26.3340444236252,0,0,0,0,0,0,0,0,473.621450474813,350.7673745476,368.945259914863,710.572789391594,430.688991642438,471.906461841155,286.92758171584,916.311029592242,18.1972923339651,13.4770434956414,14.1819860741065,27.3113634109434,16.5324378294849,18.1166346637015,11.0274802364713,35.2175356255996,249.100236418147,183.342934356578,270.99221805416,528.587232784789,337.786338596248,363.206348604928,253.814162940222,812.876107649093,9.57082867667089,7.04432875291071,10.4164720842005,20.3158688257468,12.9673781096518,13.9445575823148,9.75330640085511,31.236833000748,0,0,37.5030048028458,74.2245659808424,38.8933739481736,39.0172134938784,81.2475892336101,233.782149951297,0,0,0,0,0,0,0,0,1217.06766896387,555.277446804712,3843.21777971334,3866.63517420353
"312",2015,477,25.9166666666667,2205.26935950176,1725.98012228558,493.260437197532,904.657664727745,156.983564886106,165.73086631654,125.017236328701,394.603672053097,0,0,0,0,0,0,0,0,0,0,0.82020484154092,1.49968616237203,0.318643103374311,0.333307854793401,0.258848545964683,0.812597162103093,0,0,0,0,0,0,0,0,7162.23376024107,4994.77067632847,1056.86381001371,1936.97387603767,685.394109646857,700.874037429566,1385.35842181939,4124.42595287601,275.184474692544,191.90707686828,40.745429725361,74.680619537234,26.4146417565934,27.0116494875304,53.4834021882268,159.219623990397,19547.163222657,13470.8914165511,3075.95751224079,5505.8435258713,2198.66008607468,2154.85466608483,3791.71880982887,10987.7172711674,751.032556832738,517.57320634061,119.660663940223,214.453239395456,86.0760843798741,84.3759983377339,148.880047766221,431.384834921178,0,0,6.7120273562878,12.1588272472925,4.97141892899863,4.90568207686907,9.12043343210574,26.5452583520284,0,0,0,0,0,0,0,0,473.838845579881,350.671268637952,366.946112329632,705.363730928893,429.90396904318,466.710636693937,288.54771044657,922.899187429355,18.2056450224219,13.4733509523525,14.1051595853077,27.1112267567297,16.5023159173863,17.9172419917911,11.089776868936,35.4709074041424,249.370935894764,183.397960427376,269.688436993486,524.850055286588,337.459507111132,359.365588557284,255.353450321208,819.079437608459,9.58122939643971,7.04644294220239,10.3663809572187,20.1723084627312,12.9548562265787,13.7971725958179,9.81250535000462,31.4754169908622,0,0,37.3006031621256,73.5964576541621,38.8110897942118,38.5486790628781,81.7824598513411,235.687376375353,0,0,0,0,0,0,0,0,1221.85072056562,557.183009804403,3858.7396014164,3877.64838828705
"313",2016,477,26,2200.69953436135,1721.8693579384,490.596515872928,900.775164530509,156.603237542911,166.073190728122,123.966765311059,392.707089866486,0,0,0,0,0,0,0,0,0,0,0.816330359616423,1.49304189103715,0.317818481221354,0.33385051379473,0.256761167101125,0.808999482287276,0,0,0,0,0,0,0,0,7162.00287906746,4991.0726795388,1050.59843339709,1923.68249094147,686.210690252884,701.851078035861,1390.17816993899,4145.20071237973,275.175603868635,191.764993917898,40.5040219460546,74.1682319700204,26.4461321953204,27.0493368314251,53.6698804913943,160.022892895617,19551.4844110913,13463.8610025628,3057.82029118674,5469.13372707509,2201.16103376608,2157.93689081563,3805.26636011493,11043.2419684049,751.198596340475,517.303086291141,118.956331383406,213.020289995166,86.1742079831907,84.4948110302718,149.413807834034,433.565958613572,0,0,6.67653774256587,12.0781399528977,4.97720006358522,4.91254059467083,9.15401009016693,26.6830962353527,0,0,0,0,0,0,0,0,474.234695043874,350.666314517189,365.174203281157,700.826106501041,430.944878959976,467.621581001987,288.576488472377,923.203588570614,18.2208542118699,13.4731606065791,14.0370675066614,26.9368943898915,16.5422813985089,17.9522876948236,11.0909813870325,35.4830193488817,249.686804433348,183.491215768694,268.517199007545,521.589824243115,338.389571913576,360.132931893522,255.560765873363,820.238683850154,9.5933655834256,7.0500259612132,10.3213837046221,20.0470765046157,12.990583599155,13.8267046897426,9.82056333697529,31.520322598749,0,0,37.1196441303835,73.0382522779283,38.8724598652294,38.5738563124101,82.1620018395909,237.042174837052,0,0,0,0,0,0,0,0,1226.48240004664,559.026282628285,3873.73584029497,3888.23160552363
"314",2016,477,26.0833333333333,2196.24181779679,1717.78334556975,487.845177846069,897.118458667612,156.477325421296,167.330969217929,122.579772086153,389.574772652925,0,0,0,0,0,0,0,0,0,0,0.812527069336006,1.48699848919933,0.317525810770886,0.336273500688486,0.254000519216274,0.80293035997279,0,0,0,0,0,0,0,0,7161.76322725092,4987.42679977756,1044.21614761423,1910.85985931339,688.080010430124,706.749477411746,1393.37279022261,4160.23444827138,275.1663960626,191.624913387092,40.2581448822519,73.6739579221439,26.5181983352874,27.2381541842826,53.7937256085137,160.604906289475,19557.1645909629,13457.8681087176,3039.52795608645,5434.13346698232,2207.27136440483,2173.34809899027,3814.51728176655,11084.0993791882,751.416850193483,517.072829431962,118.246438218408,211.654450332118,86.4137200645334,85.0965141107415,149.779553516444,435.173316441366,0,0,6.64186922888197,12.0022593540019,4.99111097330136,4.94744282439845,9.17754536557686,26.7864627301546,0,0,0,0,0,0,0,0,474.693353891725,350.693501317653,363.470423640709,696.580201596576,432.769271666658,471.287421733307,287.973766122791,921.043862625394,18.2384766377479,13.4742051664117,13.9715935064995,26.7737715985989,16.6123179793697,18.0930900577035,11.0679407080626,35.4005176282382,250.043107644603,183.613685046421,267.427141258273,518.59933222296,339.928534002529,363.037485910297,255.169677536412,819.118214317201,9.60705533484771,7.05473142638836,10.2795058540138,19.9322091052855,13.0496835781719,13.9382880661361,9.80564575037248,31.4776936632085,0,0,36.9491262140589,72.5160535398156,38.9992107437578,38.8223829074725,82.4692989269037,238.144559217863,0,0,0,0,0,0,0,0,1231.04657910939,560.84079886671,3888.52376004369,3898.66719247112
"315",2016,477,26.1666666666667,2191.98308356595,1713.8754937836,485.220833303643,893.635379486237,156.332093450275,168.520685881707,121.225485096091,386.522216139472,0,0,0,0,0,0,0,0,0,0,0.808630404511808,1.48099955744251,0.317204960311385,0.338592134216918,0.251279803070999,0.796928130753561,0,0,0,0,0,0,0,0,7161.10883705911,4983.49090241194,1037.89478868246,1898.15591751876,689.822618570542,711.432729045426,1396.32264961861,4174.40773623476,275.14125334495,191.473689916139,40.0145967612401,73.1842457554793,26.5853825252786,27.4186783432426,53.9081342570238,161.153757451637,19563.0780516372,13452.0736601578,3021.63082550351,5399.83311955501,2213.15043219213,2188.30775437128,3823.76992468337,11124.9430152764,751.644066841444,516.850197163809,117.551750305085,210.315775717813,86.6442614366472,85.6806739889239,150.145395131287,436.780264650266,0,0,6.60651412779244,11.9265521169565,5.00445318855777,4.9812793252018,9.20070558623478,26.8885725025525,0,0,0,0,0,0,0,0,475.120778039201,350.703328343162,361.730489110262,692.331816894557,434.498512150527,474.860945626816,287.478494748309,919.314581604846,18.2548989761927,13.4745827359383,13.9047282149866,26.61055002866,16.6786980560753,18.230342473082,11.049021724517,35.3345330108409,250.417955305034,183.747162618665,266.356185492715,515.672563559132,341.477406399299,365.941375902874,254.805887787437,818.052894997351,9.62145759338385,7.05985984785053,10.2383610073302,19.8197880654158,13.109161386283,14.0498427669791,9.79177550112204,31.4371804614132,0,0,36.7793123542924,72.0005430248451,39.123537496072,39.0657150608124,82.7764069698461,239.247256010976,0,0,0,0,0,0,0,0,1235.61501976247,562.65541091158,3903.33712124647,3909.12630190962
"316",2016,477,26.25,2187.91202037535,1710.13603746202,482.716954756087,890.316583250563,156.169138137485,169.645800146741,119.902970206612,383.54689227915,0,0,0,0,0,0,0,0,0,0,0.804690018428692,1.47508382575757,0.316854731575729,0.340805712577574,0.248601423074943,0.791003793322287,0,0,0,0,0,0,0,0,7160.10110344269,4979.3100903894,1031.64627940746,1885.59350224678,691.455438500344,715.92254556354,1399.05305120366,4187.80051666701,275.102534607871,191.313056432407,39.7738374832997,72.6999742163504,26.6483350584848,27.5917442634868,54.0140778720613,161.672514518173,19569.1790353729,13446.4447542931,3004.11444212628,5366.20732566054,2218.8005601491,2202.82261290535,3833.010441357,11165.7276397962,751.878488204031,516.63392531641,116.871713298627,209.003286424041,86.8659185452069,86.2475495306399,150.510794635181,438.385048030416,0,0,6.57071565773965,11.8512118481461,5.01722232847231,5.01405595655091,9.22348131565547,26.9893821787514,0,0,0,0,0,0,0,0,475.517500879579,350.695833149667,359.960488838437,688.085778850132,436.135073371925,478.338673257981,287.07674501596,917.964513872221,18.270141721028,13.4742947581186,13.8367055201725,26.4474150602792,16.7415164037658,18.3639109839628,11.033689394981,35.2830973942211,250.805714590342,183.888010122493,265.296980857909,512.797103605166,343.025193487775,368.835086391902,254.472351014163,817.062101246486,9.63635593693791,7.06527143387689,10.197666623632,19.7093362858029,13.1685948838643,14.1610033515723,9.77906572062488,31.3995260751373,0,0,36.6100327322067,71.4914252765525,39.2453735075538,39.303841759393,83.0831625953499,240.349781107092,0,0,0,0,0,0,0,0,1240.1874238772,564.470028947441,3918.17321191299,3919.60766768325
"317",2016,477,26.3333333333333,2184.01845850412,1706.5561476952,480.327485991179,887.153454773055,155.989989926771,170.70962097162,118.611362421236,380.646477495207,0,0,0,0,0,0,0,0,0,0,0.800745190180845,1.46928078024134,0.316475022756722,0.342914870662649,0.245967272874482,0.785166132656586,0,0,0,0,0,0,0,0,7158.79176191793,4974.92244015343,1025.47922572831,1873.18937950725,692.991794813007,720.236802594916,1401.58665865646,4200.48559538364,275.05222761263,191.144475893746,39.5361994661778,72.2217889117012,26.7075681218844,27.7580396281816,54.1124268044189,162.163972590678,19575.4290846095,13440.953723747,2986.96591562932,5333.23359017036,2224.22493773362,2216.9002714916,3842.22697890311,11206.4140973067,752.118636685251,516.422950864782,116.205833272922,207.716113408683,87.0788115659,86.7974323000736,150.875291190699,439.986146510523,0,0,6.53467294303031,11.7763966475251,5.02942207944037,5.04578650131314,9.24586843917717,27.0888662935642,0,0,0,0,0,0,0,0,475.884246069855,350.671217616979,358.166189566372,683.847042097103,437.682141526846,481.718730019107,286.75631208833,916.948255799209,18.2842326763146,13.4733489894977,13.7677469604827,26.2845570380501,16.8008952433493,18.4937233658675,11.0214749176218,35.244466542374,251.201714164047,184.033233739772,264.24390366579,509.963178404713,344.562684510346,371.710275897921,254.171004415336,816.160455760474,9.6515708853098,7.07085115718679,10.1572065371285,19.600478144326,13.2276304385576,14.2714494336507,9.76759050714094,31.3652911352111,0,0,36.4411690239293,70.9884620831102,39.3646600460234,39.5367588080962,83.3894199196362,241.451697679078,0,0,0,0,0,0,0,0,1244.76349943583,566.284563764482,3933.02945801422,3930.11001569744
"318",2016,477,26.4166666666667,2180.29315391059,1703.12775806145,478.04676924324,884.137989640386,155.796113191719,171.715316026535,117.349852019315,377.818811686025,0,0,0,0,0,0,0,0,0,0,0.796827302076429,1.46361296448158,0.316066458669754,0.344921167408807,0.243378834364663,0.779422188619318,0,0,0,0,0,0,0,0,7157.22491676738,4970.36047217628,1019.39979863515,1860.95581439159,694.442293777254,724.390374181288,1403.9438878426,4212.52954851143,274.992026916296,190.969197788705,39.3019214963267,71.7501625373224,26.7634895724463,27.9181368795366,54.2039653027932,162.6306883129,19581.7955100238,13435.5770410235,2970.17355490105,5300.89161099732,2229.42735533176,2230.54890816947,3851.40932750012,11246.9683141147,752.363256313764,516.21636984478,115.553662531257,206.453472402837,87.2830841389727,87.3306365220794,151.238487553609,441.582236471084,0,0,6.49855063635388,11.7022363266804,5.0410610770163,5.0764896735362,9.26786673103397,27.1870129848619,0,0,0,0,0,0,0,0,476.221868113158,350.629802370714,356.352976275167,679.620473569005,439.143281835088,485.00037609843,286.506436841854,916.22535679387,18.2972046734311,13.4717577490242,13.6980594407697,26.1221629759237,16.8569714020107,18.6197510633129,11.0119650259738,35.2170864906534,251.602049381012,184.180350044065,263.192678319923,507.163088895025,346.082177229217,374.559669054267,253.90299870001,815.358802830637,9.66695241580428,7.07650360056474,10.1168163921727,19.4929177560082,13.285972324976,14.3809015531426,9.75739378103623,31.3348912276068,0,0,36.2726416853775,70.4914591419432,39.4813462869915,39.7644689131315,83.6950477861072,242.552608909117,0,0,0,0,0,0,0,0,1249.34296213159,568.098927590392,3947.9034321422,3940.63208653442
"319",2016,477,26.5,2176.72770372303,1699.84349708939,475.869519034482,881.262750928542,155.588904496539,172.665912607921,116.117678959055,375.061881799975,0,0,0,0,0,0,0,0,0,0,0.792960840476671,1.45809690815638,0.315630247590191,0.346826920086349,0.240837219944915,0.773777451265255,0,0,0,0,0,0,0,0,7155.43786118238,4965.65174592419,1013.41210632216,1848.90123428596,695.815200840863,728.395492037783,1406.14304988424,4223.99301521822,274.923365382916,190.788280996049,39.0711630143262,71.2854203259591,26.8164174133465,28.0725069934224,54.2893969823109,163.07499103279,19588.2507721245,13430.2948754092,2953.72672260959,5269.16301082152,2234.41208999534,2243.77716490883,3860.54878073904,11287.360910812,752.611288982794,516.013420328557,114.914793988591,205.214653543269,87.4788989550931,87.8474945584562,151.600044670748,443.172175764923,0,0,6.46248288652348,11.6288354857375,5.05215177584877,5.10618797928102,9.28947923488895,27.2838220940333,0,0,0,0,0,0,0,0,476.531325901396,350.572006816778,354.525831830895,675.410769889656,440.522304898212,488.183808324363,286.317691683101,915.759968791652,18.30909455454,13.4695371509437,13.627834446832,25.9604133802107,16.9098911767568,18.7420015720177,11.0047976051192,35.1995800899541,252.003502413204,184.327330953199,262.140204748004,504.390952968039,347.577346200413,377.377003402299,253.668805160765,814.664654201759,9.68237689433508,7.08215084185005,10.0763770135239,19.3864290633699,13.3433776721094,14.489119140634,9.74849339582685,31.3086140154672,0,0,36.1044045460373,70.0002603164247,39.5953892232134,39.9869816375971,83.999928782599,243.652155565099,0,0,0,0,0,0,0,0,1253.92553635795,569.913034549579,3962.79285565585,3951.17264464628
"320",2016,477,26.5833333333333,2173.31443051371,1696.69659527887,473.79078361153,878.520806527108,155.369692533535,173.56430218033,114.914125615078,372.373800269937,0,0,0,0,0,0,0,0,0,0,0.789164706832056,1.45274433619072,0.315167998962937,0.348634994141278,0.238343228450155,0.768236118046587,0,0,0,0,0,0,0,0,7153.46217394373,4960.81965445323,1007.5186579458,1837.03105821313,697.11691953595,732.262213591979,1408.20056954484,4234.93119920861,274.847456319749,190.602624314402,38.8440219198552,70.8277718734219,26.8665981601197,28.2215374286014,54.3693531779051,163.499001956034,19594.7716526506,13425.090500427,2937.6156459619,5238.03098936958,2239.18376453715,2256.59400409435,3869.63793902063,11327.5666398193,752.861842613943,515.813459658006,114.288853865707,203.999007937126,87.666432304941,88.3483513615551,151.959674071997,444.754981966765,0,0,6.4265785671098,11.5562775598826,5.06270900002854,5.13490628432458,9.31071148942191,27.379302765004,0,0,0,0,0,0,0,0,476.813650569403,350.498324356934,352.689321182179,671.222364503029,441.823107281417,491.269914756211,286.181819752978,915.520338153633,18.319941937493,13.466706152541,13.5572474344346,25.7994786781951,16.9598042072769,18.8605090042483,10.9996555174064,35.1907274971926,252.403435281254,184.472530484473,261.084342439086,501.642382775157,349.043067690389,380.156946961051,253.46834919311,814.08275801135,9.69774296552704,7.0877296397549,10.0358061085716,19.2808434376977,13.3996497463135,14.5958973599291,9.74088626382663,31.2866410853837,0,0,35.9364379296395,69.5147403447338,39.7067534296783,40.2043132066407,84.3039577317801,244.750012103928,0,0,0,0,0,0,0,0,1258.51095605821,571.726801115981,3977.69559844551,3961.73048840941
"321",2016,477,26.6666666666667,2170.04627754165,1693.68080090772,471.805909766271,875.905672010124,155.13973843664,174.41324489662,113.738510326496,369.752785790025,0,0,0,0,0,0,0,0,0,0,0.785453385517683,1.44756324067398,0.31468156772747,0.350348620687404,0.235897396605748,0.762801327101388,0,0,0,0,0,0,0,0,7151.32471126309,4955.8841427657,1001.72077018825,1825.34842662363,698.352419336992,735.998849022301,1410.13119136212,4245.39434993959,274.765331585394,190.412994062649,38.6205501835162,70.3773391481553,26.9142232511398,28.3655485060653,54.444400829069,163.904652525335,19601.3385049458,13419.9497577952,2921.8312511778,5207.48001824032,2243.74722391992,2269.00858013807,3878.67052679275,11367.5638578342,753.114162355416,515.615943849182,113.675495297157,202.805935867605,87.8458692950869,88.83355951025,152.317130799703,446.329811979816,0,0,6.39092600039665,11.484628528011,5.07274874698932,5.16267061824836,9.3315708384225,27.4734712646077,0,0,0,0,0,0,0,0,477.069916996145,350.409300252887,350.847586904737,667.059358414928,443.049541387052,494.260061166703,286.091583336854,915.478322323946,18.3297881208614,13.4632857036424,13.4864576539522,25.6395165531515,17.0068584731996,18.9753258785809,10.9962607813296,35.1894476154168,252.799692219166,184.614618178922,260.023713164554,498.914189601611,350.475250047954,382.895010414822,253.301132946823,813.615627030406,9.71296780141241,7.09318887591803,9.99505068719293,19.1760383393807,13.454631442897,14.7010637426329,9.73455306469278,31.2690682314571,0,0,35.7687424937769,69.0347982795175,39.8154107256194,40.4164862030656,84.6070402863142,245.845883057054,0,0,0,0,0,0,0,0,1263.09896540254,573.540146495541,3992.60967588276,3972.3044577729
"322",2016,477,26.75,2166.91673951885,1690.79032418931,469.91051855002,873.411271549386,154.900236902901,175.215373897987,112.590183224467,367.197150888582,0,0,0,0,0,0,0,0,0,0,0.781837662019388,1.44255852877793,0.314172974071137,0.351971295216645,0.233500034548648,0.75747531076716,0,0,0,0,0,0,0,0,7149.04825009468,4950.86217422853,996.018812107645,1813.85464641637,699.525504788738,739.612243027603,1411.94812843039,4255.42812171941,274.677866306857,190.220042000473,38.4007632542629,69.9341735785939,26.9594393738117,28.5048042208785,54.5150481711391,164.293698136634,19607.9347679801,13414.8607092228,2906.36506392339,5177.49565550944,2248.10746286821,2281.03016102885,3887.64126570836,11407.3341524184,753.367611909965,515.420414213755,113.074394483674,201.63487962321,88.0174010412381,89.3034761725625,152.67220850472,447.895947613323,0,0,6.35559600365872,11.4139394147251,5.08228765573142,5.18950760589929,9.35206600647964,27.566349565864,0,0,0,0,0,0,0,0,477.301226661347,350.305517946607,349.004364717568,662.925502417192,444.205356922659,497.15596781551,286.040653862462,915.60903151139,18.3386754252605,13.4592982210214,13.4156087423678,25.4806712565656,17.0511980408143,19.0865183784607,10.9943703468705,35.1947843330003,253.190534690148,184.752535267609,258.957566955145,496.204181691785,351.870701688513,385.587466786226,253.166318818616,813.263908325976,9.7279846046352,7.09848787074346,9.95408191198966,19.0719295497662,13.5082002199412,14.8044751071933,9.729461450867,31.2559196509428,0,0,35.6013353611491,68.5603532602447,39.9213396923025,40.6235291277862,84.9090919545281,246.939500557825,0,0,0,0,0,0,0,0,1267.68931902082,575.352992810861,4007.5332413288,3982.89343647079
"323",2016,477,26.8333333333333,2163.91979721916,1688.01978451276,468.100482130468,871.031900717415,154.652317509856,175.973199659035,111.468522387206,364.705290404703,0,0,0,0,0,0,0,0,0,0,0.778325297188887,1.43773263011127,0.313644328647845,0.353506683121835,0.231151259296606,0.752259539874915,0,0,0,0,0,0,0,0,7146.65209563136,4945.76817071247,990.412429123049,1802.5495991929,700.639063811217,743.108038363631,1413.66320808411,4265.07393288676,274.58580222052,190.024322239212,38.1846486660799,69.4982717299091,27.0023579923167,28.6395223553281,54.5817503086699,164.667731861366,19614.5465070937,13409.8133075935,2891.20911739275,5148.06437447363,2252.26955957413,2292.6680558853,3896.54575261856,11446.8619798362,753.621655889548,515.226484725338,112.48524714008,200.485316873617,88.1812220962213,89.7584602991065,153.024734729386,449.452781595177,0,0,6.32064475292808,11.3442486418273,5.09134251490711,5.21544394718797,9.37220670620106,27.657964025754,0,0,0,0,0,0,0,0,477.508691860768,350.187586367706,347.16300060382,658.824184220731,445.294150238747,499.959597603575,286.023506361365,915.890482528228,18.346646586875,13.4547671007274,13.3448293772475,25.3230731093132,17.0929611123694,19.1941620482585,10.9937720420697,35.2058932290268,253.574579798732,184.885453224465,257.885658151721,493.510977298593,353.227006034226,388.231272493374,253.062806820925,813.026729181561,9.74274024214684,7.10359479093459,9.91289033530129,18.9684639875504,13.5602632986576,14.9060145303349,9.72556901781703,31.2471612279674,0,0,35.4342465157882,68.0913405876107,40.0245252018695,40.8254759563163,85.2100371482409,248.030621902539,0,0,0,0,0,0,0,0,1272.28178216284,577.165265256144,4022.46457845238,3993.49635367283
"324",2016,477,26.9166666666667,2161.04985490958,1685.36415992887,466.371901410779,868.762190590713,154.397046218672,176.689114449445,110.372930221335,362.275670598467,0,0,0,0,0,0,0,0,0,0,0.774921667005805,1.4330860721527,0.313097762214919,0.354958530708216,0.228851026623642,0.747154860873613,0,0,0,0,0,0,0,0,7144.15266116174,4940.61443256464,984.900751364018,1791.43212194129,701.695299731494,746.490924485149,1415.28701527054,4274.36932571375,274.489769951178,189.826307377873,37.9721740445713,69.0695899229116,27.0430642512711,28.7698840211952,54.6449147009987,165.028198199074,19621.1619754485,13404.7990830959,2876.3558659336,5119.17340273178,2256.23861414626,2303.93154743947,3905.38034141743,11486.1343118749,753.875842965602,515.033829960131,111.907765157541,199.35675444522,88.3375280607097,90.1988700061765,153.374566339334,450.999803931668,0,0,6.2861165031479,11.2755842610135,5.09992980051131,5.2405059328586,9.39200327096972,27.748344140898,0,0,0,0,0,0,0,0,477.693421027743,350.056128039973,345.326468945745,654.758419053957,446.319319271335,502.673052822377,286.035317526038,916.303262404259,18.353744193489,13.4497162611196,13.2742339699634,25.1668381363147,17.1322782909498,19.2983378198371,10.9942806575287,35.2220286534876,253.950741344222,185.012734169347,256.808129408368,490.833829646621,354.542402410714,390.823990173837,252.989306910385,812.902023421674,9.75719298038539,7.10848512811601,9.87148144157542,18.8656129826439,13.610753092057,15.0055883857476,9.72282608066605,31.2427130644821,0,0,35.2675154073269,67.6277080308912,40.1249579553187,41.0223656952626,85.5098082477267,249.119027136096,0,0,0,0,0,0,0,0,1276.87613079582,578.97689222686,4037.40209350175,4004.1121852485
"325",2017,477,27,2158.6722372448,1682.96180187295,464.831817181914,869.231707588716,154.374070606959,177.997042241398,108.347094451348,356.287871256268,0,0,0,0,0,0,0,0,0,0,0.772761234493277,1.4336279442031,0.313024240574519,0.357601948814339,0.22490467389938,0.735888752708986,0,0,0,0,0,0,0,0,7142.16412812405,4936.08357691703,980.386928545752,1786.11670107439,703.789936754695,752.434804416076,1414.16857333818,4274.38515167835,274.413367331869,189.652224658287,37.798241072368,68.8646879334964,27.1237878830825,28.998942876586,54.6023503892191,165.030868077505,19629.6142504322,13401.6060952795,2864.2216939799,5106.81634409466,2263.54983796599,2323.08522308162,3906.15703457322,11499.2440835388,754.200602857739,514.911150027092,111.436951445743,198.873077249915,88.6247361140221,90.9482621966735,153.410035726934,451.526411733778,0,0,6.2614950554939,11.2473479267179,5.11606035514437,5.28350576891428,9.39366689027547,27.7796226775736,0,0,0,0,0,0,0,0,477.903434761161,349.991983996167,343.980120709161,653.030611883668,447.989635460819,507.200951387692,284.869705170834,912.970992924757,18.3618132732224,13.4472517439605,13.2224803423838,25.1004646678618,17.1963563685286,19.4721669276959,10.9495600556672,35.094273722919,254.341037635561,185.161331339679,256.104104389685,489.879905943814,356.374447812391,394.772781349046,251.989995427872,809.799518811088,9.77218879794254,7.11419446877435,9.84442882967376,18.8289935242939,13.6810740022348,15.1572243249653,9.68451905594467,31.1238541278237,0,0,35.1560933080065,67.4074428845262,40.2856323944178,41.3613536172988,85.690474269902,249.824389006935,0,0,0,0,0,0,0,0,1281.4690864406,580.751264707178,4052.3436138884,4014.5409870062
