"","year","sim_id","time","N_1_1_1_1","N_1_1_1_2","N_1_1_2_1","N_1_1_2_2","N_1_1_3_1","N_1_1_3_2","N_1_1_4_1","N_1_1_4_2","N_1_2_1_1","N_1_2_1_2","N_1_2_2_1","N_1_2_2_2","N_1_2_3_1","N_1_2_3_2","N_1_2_4_1","N_1_2_4_2","N_2_1_1_1","N_2_1_1_2","N_2_1_2_1","N_2_1_2_2","N_2_1_3_1","N_2_1_3_2","N_2_1_4_1","N_2_1_4_2","N_2_2_1_1","N_2_2_1_2","N_2_2_2_1","N_2_2_2_2","N_2_2_3_1","N_2_2_3_2","N_2_2_4_1","N_2_2_4_2","N_3_1_1_1","N_3_1_1_2","N_3_1_2_1","N_3_1_2_2","N_3_1_3_1","N_3_1_3_2","N_3_1_4_1","N_3_1_4_2","N_3_2_1_1","N_3_2_1_2","N_3_2_2_1","N_3_2_2_2","N_3_2_3_1","N_3_2_3_2","N_3_2_4_1","N_3_2_4_2","N_4_1_1_1","N_4_1_1_2","N_4_1_2_1","N_4_1_2_2","N_4_1_3_1","N_4_1_3_2","N_4_1_4_1","N_4_1_4_2","N_4_2_1_1","N_4_2_1_2","N_4_2_2_1","N_4_2_2_2","N_4_2_3_1","N_4_2_3_2","N_4_2_4_1","N_4_2_4_2","N_5_1_1_1","N_5_1_1_2","N_5_1_2_1","N_5_1_2_2","N_5_1_3_1","N_5_1_3_2","N_5_1_4_1","N_5_1_4_2","N_5_2_1_1","N_5_2_1_2","N_5_2_2_1","N_5_2_2_2","N_5_2_3_1","N_5_2_3_2","N_5_2_4_1","N_5_2_4_2","N_6_1_1_1","N_6_1_1_2","N_6_1_2_1","N_6_1_2_2","N_6_1_3_1","N_6_1_3_2","N_6_1_4_1","N_6_1_4_2","N_6_2_1_1","N_6_2_1_2","N_6_2_2_1","N_6_2_2_2","N_6_2_3_1","N_6_2_3_2","N_6_2_4_1","N_6_2_4_2","N_7_1_1_1","N_7_1_1_2","N_7_1_2_1","N_7_1_2_2","N_7_1_3_1","N_7_1_3_2","N_7_1_4_1","N_7_1_4_2","N_7_2_1_1","N_7_2_1_2","N_7_2_2_1","N_7_2_2_2","N_7_2_3_1","N_7_2_3_2","N_7_2_4_1","N_7_2_4_2","N_8_1_1_1","N_8_1_1_2","N_8_1_2_1","N_8_1_2_2","N_8_1_3_1","N_8_1_3_2","N_8_1_4_1","N_8_1_4_2","N_8_2_1_1","N_8_2_1_2","N_8_2_2_1","N_8_2_2_2","N_8_2_3_1","N_8_2_3_2","N_8_2_4_1","N_8_2_4_2","HIV_neg_male","HIV_neg_female","HIV_pos_male","HIV_pos_female"
"1",1990,1943,0,6793.78852526092,6819.81695339315,327.615875010463,620.375637285113,136.243013003147,193.737493057072,0,0,0,0,0,0,0,0,0,0,0,0,0.505263456980139,0.971081330371062,0.246857910548804,0.35159410822762,0,0,0,0,0,0,0,0,0,0,2917.29939067981,2956.4161462222,89.7895036575437,169.35416319361,28.9522971689213,41.1611333629232,0,0,112.087307845434,113.590236147686,3.45919609838146,6.52491652567706,1.11565478466337,1.58613555186315,0,0,34075.159629592,34607.8012953547,1219.5091183283,2294.54000075615,431.701499541241,611.157344039482,0,0,1309.19273330093,1329.68831382643,47.2020780904406,88.8539768055966,16.8207281343547,23.820333530239,0,0,0,0,1.89822568976733,3.62151145553397,0.773634648780653,1.09725978012166,0,0,0,0,0,0,0,0,0,0,275.807265992004,279.58424654651,35.528509866701,68.096169735524,24.3512463198293,34.6401708867342,0,0,10.596907658294,10.7420759108976,1.36076883276158,2.60764479594276,0.929322634506269,1.32184109277258,0,0,711.790401874057,722.908822404213,66.2430651794655,129.879408987275,51.2021374595612,73.3450527825641,0,0,27.3479591566067,27.7753200561314,2.53949764148906,4.97828606640174,1.9573721740003,2.80367622377266,0,0,0,0,7.18635309306348,14.4764220705991,4.97289179419155,7.20110483535298,0,0,0,0,0,0,0,0,0,0,0,0,0,0
"2",1990,1943,0.0833333333333333,6787.52073235735,6806.62746300025,336.72112594319,637.297493454162,138.118797683104,196.873046149753,0,0,0,0,0,0,0,0,0,0,0,0,0.512299726852262,0.985406394920621,0.250245496226052,0.357281591100876,0,0,0,0,0,0,0,0,0,0,2919.76490630376,2955.75635020805,93.563444379136,176.343726890574,29.6743257342468,42.2878916043191,0,0,112.182036898483,113.564885729697,3.60441440349964,6.79390542999367,1.14347516761486,1.62955164439031,0,0,34003.8066889972,34498.7703057742,1264.64497871686,2378.38837928138,441.198688899401,626.065991851338,0,0,1306.451449432,1325.49915866581,48.9442920979818,92.0926590724141,17.191859270376,24.4030525187742,0,0,0,0,1.93954617628402,3.70348632784919,0.790638372899932,1.1240517143964,0,0,0,0,0,0,0,0,0,0,273.114524508834,277.759127343892,36.0321233990176,69.4775766567806,24.4342812586835,35.1539197950981,0,0,10.4934490533027,10.6719518840311,1.38007223950949,2.6605639920577,0.932471689476576,1.34141536633441,0,0,708.987622270342,719.319170251629,68.0617574908055,133.529640770457,52.4806485106636,75.3766514209825,0,0,27.2402734146809,27.6373998080142,2.60922476300962,5.11819555175979,2.00619331393992,2.88125342112487,0,0,0,0,7.35488122036375,14.8380869599666,5.10633016495339,7.41316012043136,0,0,0,0,0,0,0,0,0,0,3.07959061624664,1.79238368595024,1.33544009734121,1.27145193460233
"3",1990,1943,0.166666666666667,6781.49825919782,6793.76199361371,345.63943248748,653.916175179037,140.069929766661,200.115407978921,0,0,0,0,0,0,0,0,0,0,0,0,0.520635429176634,1.00199939404925,0.253695829285623,0.363067471345172,0,0,0,0,0,0,0,0,0,0,2921.44408198677,2954.30612718145,97.1976344823265,183.096394316931,30.410354677445,43.436056785545,0,0,112.24655351351,113.509165841863,3.74428544248006,7.05383220588001,1.17183550955922,1.67379346628533,0,0,33933.3971944685,34390.9388108899,1308.96130507835,2460.93501720488,451.09844409915,641.560168463887,0,0,1303.74641253995,1321.35609010249,50.6553911331606,95.2820465876291,17.5785910823385,25.0085022344811,0,0,0,0,1.98706326229915,3.79641900382107,0.808093649056913,1.15154661723247,0,0,0,0,0,0,0,0,0,0,270.606810675433,276.038304872203,36.6244704686115,70.9929249197489,24.5702188396746,35.717796029644,0,0,10.397099468142,10.6058351053286,1.40277835907966,2.71862026495383,0.937640084415295,1.36290273874588,0,0,706.151565241296,715.765533574796,69.8588270800441,137.177774109029,53.7543875978186,77.4335665733781,0,0,27.1313090977811,27.5008633327984,2.67812211608408,5.25802140655657,2.05483347568507,2.95979808102985,0,0,0,0,7.52734712496646,15.20827581533,5.24250190029854,7.63006347248908,0,0,0,0,0,0,0,0,0,0,6.13001946308009,3.57336910186528,2.68367667986829,2.56642954646658
"4",1990,1943,0.25,6775.69440584087,6781.19257965638,354.374270924152,670.236191627435,142.09299822268,203.460379404061,0,0,0,0,0,0,0,0,0,0,0,0,0.530003344405074,1.02040718201414,0.257230641447502,0.36898024873947,0,0,0,0,0,0,0,0,0,0,2922.48566373403,2952.21946507364,100.70343850139,189.632355488573,31.1607841357093,44.6068936195221,0,0,112.286572749906,113.428992946755,3.87924250681845,7.30546685674285,1.20075133939964,1.7189098090375,0,0,33863.8227851014,34284.1938686361,1352.46771583224,2542.19003276759,461.387091296146,657.623669239475,0,0,1301.07345930286,1317.25476871817,52.3357286555986,98.4225027300673,17.9804047822875,25.6360698172803,0,0,0,0,2.03945968312982,3.8980565106042,0.826091463043429,1.17986527576198,0,0,0,0,0,0,0,0,0,0,268.268804790051,274.412317086699,37.2917083772625,72.6215004929187,24.7555796499583,36.3299850386907,0,0,10.3072702978348,10.5433620278444,1.42835550324182,2.78101761090952,0.944695120917953,1.38623402004409,0,0,703.281811222738,712.241239668807,71.6408039680051,140.832395394037,55.0268143812666,79.5182517277191,0,0,27.0210500862489,27.3654542544118,2.74644010193195,5.39809302740137,2.10342460619176,3.03940372487993,0,0,0,0,7.70456669134126,15.5884380226544,5.38148658423511,7.85194285630925,0,0,0,0,0,0,0,0,0,0,9.15327523416453,5.34359601984808,4.04762660264725,3.88699041482241
"5",1990,1943,0.333333333333333,6770.08542143239,6768.89432423038,362.928990626612,686.261888957217,144.184712626715,206.903893638606,0,0,0,0,0,0,0,0,0,0,0,0,0.54018199928051,1.04025234146716,0.260864793790279,0.375039614408721,0,0,0,0,0,0,0,0,0,0,2923.0186093847,2949.62956174837,104.091544501236,195.970561153849,31.9259831782957,45.8015262259322,0,0,112.307049374075,113.329484719304,4.00969330246374,7.54953245247492,1.23023694786067,1.76494401311647,0,0,33794.9898041916,34178.4379180916,1395.17393409955,2622.1639111218,472.051282561182,674.24063245275,0,0,1298.42899134915,1313.19144606309,53.985662463637,101.514405313303,18.3967937293779,26.2851551385541,0,0,0,0,2.09565026710194,4.0065340309902,0.844691846282319,1.20908875651361,0,0,0,0,0,0,0,0,0,0,266.086778693896,272.872881375146,38.0218035126156,74.3452221738986,24.9871331992866,36.9887512795764,0,0,10.2234340868686,10.4842144203194,1.45634151733794,2.84706126948637,0.95351353445853,1.41134296620735,0,0,700.378427223159,708.740629402054,73.4129532670664,144.500263232171,56.3011107379506,81.6330535584235,0,0,26.909498955107,27.2309551399029,2.81438055136547,5.53866958666629,2.1520880737969,3.12015982042471,0,0,0,0,7.88714037133324,15.9796576410857,5.52338331318942,8.07895235809449,0,0,0,0,0,0,0,0,0,0,12.1511832764621,7.10364698140475,5.42988173390618,5.23496735225964
"6",1990,1943,0.416666666666667,6764.65013393427,6756.84501184709,371.306829679376,701.99747418487,146.341894347449,210.442005916155,0,0,0,0,0,0,0,0,0,0,0,0,0.550987594623731,1.06122009749467,0.264607916597277,0.381258513768879,0,0,0,0,0,0,0,0,0,0,2923.15468505256,2946.65157868459,107.371956118764,202.128722041536,32.7062979974253,47.0209650079421,0,0,112.312277618842,113.215065847695,4.136019601053,7.7867050297422,1.2603057108314,1.81193500956324,0,0,33726.8173539866,34073.5867244749,1437.08979054731,2700.86750530879,483.077986622874,691.395526405438,0,0,1295.8099005191,1309.16288569942,55.6055548122846,104.558146644102,18.8272630804689,26.9551703097021,0,0,0,0,2.15473994932589,4.1203060542056,0.863931698587843,1.23926826345947,0,0,0,0,0,0,0,0,0,0,264.048407543085,271.412735033232,38.8043102020458,76.1483352879876,25.2618871806662,37.692442803333,0,0,10.145117297183,10.4281132379908,1.48633527178387,2.9161459317229,0.963981100487167,1.43816647038375,0,0,697.441880895054,705.258922398538,75.1794688422927,148.18658262184,57.5801937880347,83.7802022297716,0,0,26.7966736725816,27.0971823195275,2.88210416651514,5.67995057399393,2.20093515598365,3.2021514013514,0,0,0,0,8.07549472774229,16.3827217159582,5.66830329534801,8.31126270679111,0,0,0,0,0,0,0,0,0,0,15.1254229857275,8.854054659835,6.83274732869974,6.61199572762871
"7",1990,1943,0.5,6759.3696263371,6745.02476993368,379.510928469527,717.44703553935,148.561468081168,214.070883617136,0,0,0,0,0,0,0,0,0,0,0,0,0.562267593437508,1.08304785948607,0.268465615583133,0.387644673365707,0,0,0,0,0,0,0,0,0,0,2922.99071356288,2943.38502180727,110.554002553212,208.123335522067,33.5020568899221,48.2661264667173,0,0,112.30597757199,113.089559508691,4.25857758407352,8.01761455073989,1.29097028788617,1.85991808884925,0,0,33659.2356139991,33969.5676049291,1478.22522304723,2778.31203007451,494.454476726106,709.073134174364,0,0,1293.21350425277,1305.16629503303,57.1957724017063,107.554133294749,19.2713293333065,27.6455391046082,0,0,0,0,2.21599065551923,4.23809174826565,0.883830431531027,1.27043229398728,0,0,0,0,0,0,0,0,0,0,262.14260477917,270.02549872368,39.6301747834682,78.0171367538195,25.5770747611327,38.439493645572,0,0,10.0718939674843,10.3748133764728,1.51798912699984,2.98774516109557,0.975992161461596,1.46664466654208,0,0,694.472968161979,701.792099742687,76.943637310545,151.895239065092,58.8667310867613,85.961806560844,0,0,26.6826048194516,26.9639813800781,2.94973682159529,5.82208479572736,2.25006761241182,3.28545887520185,0,0,0,0,8.26991491802008,16.7981740684067,5.81636467771958,8.54905458251324,0,0,0,0,0,0,0,0,0,0,18.0775433682057,10.5953082099456,8.2582763078413,8.01953783002834
"8",1990,1943,0.583333333333333,6754.22698526113,6733.41580638902,387.5443390889,732.614556565039,150.840455828577,217.786799160096,0,0,0,0,0,0,0,0,0,0,0,0,0.573895839460059,1.10551724466007,0.2724403687538,0.394201738933898,0,0,0,0,0,0,0,0,0,0,2922.61032333342,2939.91559165027,113.646349988823,213.969712109879,34.3135738475124,49.5378481979002,0,0,112.291362371066,112.956258453853,4.37769825026045,8.24284586942301,1.32224276581782,1.90892548304994,0,0,33592.1845326833,33866.3180490059,1518.59027228061,2854.50905133608,506.168323749027,727.258544467291,0,0,1290.6374953228,1301.19927231025,58.7566862133255,110.502785711361,19.7285200670487,28.3556966112398,0,0,0,0,2.27879614057421,4.3588333757852,0.904394128463262,1.30259192737151,0,0,0,0,0,0,0,0,0,0,260.359394772271,268.705570667393,40.4915815756436,79.9397583582652,25.9301447731018,39.228426110502,0,0,10.0033808199982,10.3240996064114,1.55100301051549,3.06140305562655,0.989449261723845,1.49672102616985,0,0,691.472755917577,698.336812908137,78.7079662063176,155.628982254292,60.1631520498831,88.1798494836305,0,0,26.5673333874797,26.8312236657813,3.01737448694444,5.96517743594557,2.29957811587522,3.37015784425918,0,0,0,0,8.47056944293319,17.2263563387903,5.96768868946753,8.79251359879812,0,0,0,0,0,0,0,0,0,0,21.0089749660001,12.327858155641,9.70829615816946,9.45890205126904
"9",1990,1943,0.666666666666667,6749.20705102706,6722.00214913812,395.410034050003,747.503928746518,153.17597049112,221.586122545783,0,0,0,0,0,0,0,0,0,0,0,0,0.585767981988943,1.12844657443308,0.276532324547295,0.400930291623316,0,0,0,0,0,0,0,0,0,0,2922.08567640303,2936.31700755562,116.65702571606,219.68202332247,35.141151740485,50.8369029224656,0,0,112.271204597001,112.817995098191,4.49368830985658,8.46294051638404,1.3541347861616,1.95898691056948,0,0,33525.6125362714,33763.7843601,1558.19507287476,2929.4704664397,518.207387163623,745.937140630252,0,0,1288.07989222659,1297.25975441958,60.288671170759,113.404537464204,20.1983736033752,29.0850888163443,0,0,0,0,2.3426585050922,4.4816573467687,0.925619205911669,1.33574549428868,0,0,0,0,0,0,0,0,0,0,258.689785152537,267.448022787421,41.3817981042148,81.9059468664633,26.3187495015885,40.0578513452281,0,0,9.93923235524965,10.2757825831685,1.58511846656978,3.13672579005052,1.00426268973175,1.52834238886855,0,0,688.44252743885,694.890294114895,80.4743078423139,159.389604475336,61.47166164546,90.4361858078433,0,0,26.4509086821268,26.6988028340747,3.08508798721991,6.10929691382411,2.34955077057619,3.45631901538687,0,0,0,0,8.67753307868947,17.6674462010183,6.12239636933098,9.04182600977807,0,0,0,0,0,0,0,0,0,0,23.9210419992986,14.0521212095529,11.184436084589,10.9312621792239
"10",1990,1943,0.75,6744.29619484518,6710.76941410395,403.110913510375,762.11896183656,155.565210252658,225.465314855951,0,0,0,0,0,0,0,0,0,0,0,0,0.597797669576996,1.1516845996024,0.280739917245858,0.407828636766794,0,0,0,0,0,0,0,0,0,0,2921.47900391367,2932.65262719218,119.593446613749,225.273355586514,35.985084101539,52.1640092945229,0,0,112.247895269788,112.677203744663,4.60683124893284,8.67839872013242,1.38665761818861,2.01012999631371,0,0,33459.4753824086,33661.9204502963,1597.04984205211,3003.20848061039,530.559807248889,765.094591517617,0,0,1285.53899514179,1293.34597058773,61.7921057050373,116.259834351347,20.680438715651,29.8331722615839,0,0,0,0,2.40716877956961,4.60584185298603,0.947495173767523,1.36988212174331,0,0,0,0,0,0,0,0,0,0,257.125653034713,266.248509330232,42.2950355887586,83.9068641903731,26.7407323569592,40.9264692161071,0,0,9.8791364806367,10.2296953359059,1.62011329374617,3.21337393163021,1.02035001430853,1.56145896473707,0,0,685.383734246452,691.450276162747,82.2439682115123,163.178098664053,62.7942542745014,92.7325416533977,0,0,26.333386472969,26.5666317754777,3.15292718453558,6.25448095835611,2.40006163874795,3.54400817474248,0,0,0,0,8.89080576594594,18.1214890315215,6.28060617381217,9.29717551991745,0,0,0,0,0,0,0,0,0,0,26.8149732544229,15.7684845029996,12.6881515992866,12.4376748615637
"11",1990,1943,0.833333333333333,6739.48215398714,6699.70463386396,410.649809980285,776.46339032445,158.005454379339,229.420923435859,0,0,0,0,0,0,0,0,0,0,0,0,0.60991395655227,1.17510619912588,0.285060246875739,0.41489329459959,0,0,0,0,0,0,0,0,0,0,2920.84373614283,2928.97663616756,122.462448593607,230.755764046731,36.8456558529274,53.519838848395,0,0,112.223487266132,112.535966290966,4.71738843752211,8.88968143587443,1.41982218990162,2.06238054205725,0,0,33393.7353174485,33560.6869561187,1635.16486732846,3075.73558240576,543.213999006221,784.716844738086,0,0,1283.01335354869,1289.4564084053,63.2673712822001,119.069133461398,21.1742744026662,30.5994137904368,0,0,0,0,2.4719937904582,4.73079484462087,0.970006292467317,1.40498387890509,0,0,0,0,0,0,0,0,0,0,255.659660514571,265.103200343496,43.2263443061603,85.9349359021515,27.1941170573136,41.8330671830038,0,0,9.8228112636752,10.1856907116945,1.65579752404483,3.29105661648942,1.03763567618202,1.59602429615658,0,0,682.297961556969,688.014933300769,84.0177855922405,166.994773484671,64.1327257320904,95.0705155425973,0,0,26.2148276663328,26.4346403417021,3.22092399754665,6.40074103092514,2.45117919546335,3.63328622745738,0,0,0,0,9.11032529987704,18.5884193470454,6.44243262744728,9.5587414362776,0,0,0,0,0,0,0,0,0,0,29.6919102634599,17.4773086640123,14.2207430802176,13.9790927676873
"12",1990,1943,0.916666666666667,6734.75385040956,6688.79606930138,418.029493297825,790.54088013593,160.494058511463,233.449576482841,0,0,0,0,0,0,0,0,0,0,0,0,0.622058386946401,1.19860755405244,0.28948952130269,0.422119568807594,0,0,0,0,0,0,0,0,0,0,2920.22574600013,2925.33535612167,125.270320380469,236.140334503475,37.7231446805007,54.905024477795,0,0,112.199743096578,112.396062488579,4.82560040208288,9.09721268281906,1.45363914414843,2.11576285594652,0,0,33328.36014902,33460.0502660431,1672.55049221475,3147.0645151346,556.158645118421,804.790118796982,0,0,1280.50173059729,1285.58977646225,64.7148518538441,121.832902081298,21.6794496265874,31.3832902535189,0,0,0,0,2.53686135429661,4.85602925872123,0.993133531029907,1.44102829933039,0,0,0,0,0,0,0,0,0,0,254.285161274816,264.008708235301,44.1714985381278,87.9836847207802,27.677095521535,42.7765186998493,0,0,9.77000134365594,10.1436385538021,1.69200900126842,3.36952514760187,1.05605053091761,1.63199520213468,0,0,679.186890767135,684.58281664013,85.7962167331798,170.839379247976,65.4886862593338,97.4515795131314,0,0,26.0952968638957,26.3027728641082,3.28909571183344,6.54806716475209,2.5029648248554,3.72420923788687,0,0,0,0,9.33598164024557,19.0680849218583,6.60798470924077,9.82669648024752,0,0,0,0,0,0,0,0,0,0,32.5529163601631,19.1789312224366,15.7833761792029,15.5563790558751
"13",1991,1943,1,6729.80823535198,6677.55486100649,425.526243847938,804.834066953994,163.027229737237,237.551189611042,0,0,0,0,0,0,0,0,0,0,0,0,0.634184940097377,1.22211851705711,0.294020824308022,0.429507317564921,0,0,0,0,0,0,0,0,0,0,2919.5771875377,2921.62785782791,128.106183873233,241.581927304795,38.6175526086382,56.3209586125332,0,0,112.174824443297,112.253614475216,4.93489041334826,9.30694105627976,1.48810849153154,2.17033050480614,0,0,33262.2907616957,33358.3130871476,1710.20055660733,3218.92529176482,569.378561347418,825.312270520426,0,0,1277.96343416914,1281.6808619978,66.1727173063078,124.61759561033,22.1953818323314,32.1847314249768,0,0,0,0,2.60155711732627,4.98120832567975,1.0168472699565,1.47800887921185,0,0,0,0,0,0,0,0,0,0,252.982855361335,262.95290312791,45.1345619995399,90.0665628212078,28.1868107608809,43.7584987674151,0,0,9.71996518862348,10.1030728128582,1.72890418942548,3.449296141404,1.07548541365486,1.66943538466902,0,0,676.033127435516,681.121949171808,87.5975195970683,174.744030356287,66.8630086955932,99.8783798043964,0,0,25.9741257472774,26.1698007345813,3.35814361573879,6.69769278962281,2.5554517295553,3.81687813482495,0,0,0,0,9.5675902770192,19.5603960307158,6.77730912764137,10.1013365101101,0,0,0,0,0,0,0,0,0,0,35.4035323118362,20.8670484790018,17.3797253179901,17.1639953409424
"14",1991,1943,1.08333333333333,6722.22488656155,6662.03709516283,435.379729544966,823.269682830809,165.60797530026,241.769897786766,0,0,0,0,0,0,0,0,0,0,0,0,0.646693462250584,1.2464303647763,0.29863100911288,0.437099353757967,0,0,0,0,0,0,0,0,0,0,2918.21403633012,2916.7279621292,131.650533915173,248.264018628106,39.5317410590764,57.7811756278713,0,0,112.122449993992,112.065352646709,5.07140846783883,9.56434705897926,1.52333985344968,2.22660420108108,0,0,33186.9731303427,33241.6729116202,1756.18517184306,3305.42248083667,582.883703786187,846.43772232066,0,0,1275.06981123174,1277.19935016857,67.95106544533,127.965278478586,22.7224327521002,33.0097260053133,0,0,0,0,2.66760828061779,5.10936388592839,1.04106214224531,1.51606943834022,0,0,0,0,0,0,0,0,0,0,251.639350615573,261.856441143313,46.1890837589219,92.3575230844902,28.7125870400128,44.8005231136887,0,0,9.66834610650694,10.060944969824,1.76931019837205,3.53704999182373,1.09553302905358,1.70916576972403,0,0,672.678240582005,677.377299159165,89.571236127456,178.981554502878,68.2525635512145,102.365014383528,0,0,25.8452271791701,26.0259252236552,3.43381345373978,6.86009907395465,2.60852042610489,3.91183171444509,0,0,0,0,9.80471174699954,20.0662744493665,6.94998269451898,10.3838670435094,0,0,0,0,0,0,0,0,0,0,38.2816135416223,22.4869221805333,19.0331345169056,18.7503173509011
"15",1991,1943,1.16666666666667,6714.73564074302,6646.70846471263,445.01908033784,841.349942548062,168.258668816864,246.090831160423,0,0,0,0,0,0,0,0,0,0,0,0,0.659791269819196,1.27178958226196,0.303352057839607,0.444857873240229,0,0,0,0,0,0,0,0,0,0,2916.98924381303,2911.98406133556,135.120493719452,254.829549474895,40.4725925349258,59.284586739009,0,0,112.075391506835,111.883084391917,5.20507810191112,9.81729305387681,1.55959815288572,2.28454159693225,0,0,33112.0057178591,33125.6840773109,1801.2740920293,3390.45292682318,596.752027225319,868.11631906221,0,0,1272.1896429765,1272.74286398625,69.6953131686669,131.257245168703,23.2636282152198,33.8563022354928,0,0,0,0,2.73580238497951,5.24138952128781,1.06588845396002,1.55508281669028,0,0,0,0,0,0,0,0,0,0,250.376236662984,260.801969405564,47.2701396158609,94.6909016682654,29.265953586097,45.8778560291007,0,0,9.61981574894202,10.0204304597019,1.81073124562614,3.62642543650564,1.11663341607273,1.75024284697041,0,0,669.299857569978,673.635777791484,91.549309486682,183.249011853016,69.6643612827245,104.903065114924,0,0,25.7154258477215,25.8821699206792,3.50964779265759,7.02364710847321,2.66243888987082,4.00874825163874,0,0,0,0,10.047944443488,20.585030207457,7.12664903378061,10.6733265227356,0,0,0,0,0,0,0,0,0,0,41.1448327221207,24.1001578731211,20.7214993576454,20.3758547964796
"16",1991,1943,1.25,6707.33002314278,6631.55768574694,454.448079680851,859.079888480829,170.975821235755,250.50960897578,0,0,0,0,0,0,0,0,0,0,0,0,0.673321901985368,1.29792804951911,0.308190055667336,0.452790979674272,0,0,0,0,0,0,0,0,0,0,2915.93722491956,2907.4303477434,138.523352256329,261.291161104736,41.4399005671159,60.8312898290639,0,0,112.034971258592,111.708123433547,5.33617776663725,10.0662620339232,1.59687558019592,2.34414664127866,0,0,33037.3653896038,33010.3218066486,1845.47997947577,3474.03245102037,610.970065002079,890.331822876911,0,0,1269.32204056299,1268.31045145545,71.4059306864463,134.494076787616,23.8184556628128,34.7238441108668,0,0,0,0,2.8055105624528,5.376206548443,1.09134656920295,1.5950773513806,0,0,0,0,0,0,0,0,0,0,249.18868011311,259.787529869234,48.3722932890688,97.058362428673,29.8462313241558,46.9907166152974,0,0,9.57418841048059,9.98145405123072,1.85295850604178,3.71710210281799,1.13876068472909,1.79267500619993,0,0,665.899123760678,669.895837612386,93.5326947737912,187.546965530585,71.0994732656618,107.493424994363,0,0,25.5847657593714,25.7384753698897,3.58568313819267,7.18835827504608,2.71724792380658,4.10766169826789,0,0,0,0,10.2974500723466,21.116969736798,7.30740879091203,10.9698805875404,0,0,0,0,0,0,0,0,0,0,43.994078915916,25.707008597482,22.446048818791,22.0415421848746
"17",1991,1943,1.33333333333333,6699.998530675,6616.57448843795,463.670410935399,876.46444068942,173.756035928193,255.021945029419,0,0,0,0,0,0,0,0,0,0,0,0,0.687156197626631,1.32462313661777,0.313147712373722,0.460902420826647,0,0,0,0,0,0,0,0,0,0,2915.08668903029,2903.09510301041,141.865813930272,267.660481621907,42.4335051116627,62.4214137537633,0,0,112.002292309575,111.541556398116,5.46496366571815,10.311698417604,1.63516607898368,2.40542443520522,0,0,32963.0331251001,32895.5655585216,1888.81554555068,3556.1771348305,625.524635894885,913.068273264157,0,0,1266.46627322082,1263.90132335249,73.0833904790017,137.676364903253,24.3864131256227,35.6117458159516,0,0,0,0,2.8762176134507,5.51292608671342,1.11744392946579,1.63606477969171,0,0,0,0,0,0,0,0,0,0,248.072303650958,258.811414699238,49.4909093093675,99.4527701462862,30.4527365058718,48.139231559516,0,0,9.53129590874753,9.943950126632,1.89581395461538,3.80880583048979,1.16188873376848,1.83646707166163,0,0,662.477324188669,666.156297615193,95.5219127904544,191.875333158971,72.5589003512286,110.136981707955,0,0,25.4532962869926,25.5947961951103,3.66193932080116,7.35422915817505,2.7729856439349,4.20860580791191,0,0,0,0,10.5532918197638,21.6622303151446,7.49236473773202,11.2736980100542,0,0,0,0,0,0,0,0,0,0,46.8301886253005,27.307716074423,24.2079019191826,23.7482422129576
"18",1991,1943,1.41666666666667,6692.73251476717,6601.7494953095,472.689662873521,893.508404990921,176.596005605201,259.623644230602,0,0,0,0,0,0,0,0,0,0,0,0,0.701187711395185,1.3516902467319,0.318225204362722,0.469192648434463,0,0,0,0,0,0,0,0,0,0,2914.46141561421,2899.00151196423,145.154030199049,273.948181358754,43.453289694177,64.0551196003698,0,0,111.978268305011,111.384274083776,5.59167094757842,10.5540101399769,1.67446524210521,2.46838128705941,0,0,32888.9934446298,32781.3984290163,1931.29352950356,3636.90328307741,640.402845988171,936.309990112893,0,0,1263.62174621886,1259.51483020073,74.7281664904729,140.804710151873,24.9670092996479,36.519411841039,0,0,0,0,2.94750235480273,5.65081698490159,1.14417847220348,1.67804452822918,0,0,0,0,0,0,0,0,0,0,247.023136711298,257.872129173094,50.6220539865988,101.868049108975,31.0847926017462,49.3234549310284,0,0,9.49098568927226,9.9078612562558,1.93914655366645,3.90130322420446,1.18599171293112,1.88162106692121,0,0,659.035851100299,662.41629457773,97.5171245647929,196.233496084407,74.0435661769768,112.834600698093,0,0,25.3210709226772,25.451099229956,3.73842236162618,7.52123574792293,2.82968722017698,4.31161348500264,0,0,0,0,10.8154537632013,22.2208118958831,7.68161863137807,11.5849466287741,0,0,0,0,0,0,0,0,0,0,49.6539502373167,28.9025120487362,26.0080804000228,25.4967548676945
"19",1991,1943,1.5,6685.52404830657,6587.07408278475,481.509338295225,910.21648453738,179.492505779092,264.310595562949,0,0,0,0,0,0,0,0,0,0,0,0,0.715328186994943,1.37897538028043,0.323420898165696,0.477659737325219,0,0,0,0,0,0,0,0,0,0,2914.08109788439,2895.16854408989,148.393652077697,280.164063905231,44.4991764357628,65.7325993245547,0,0,111.963655889639,111.23700532848,5.71651569533531,10.7935721054935,1.71477012620964,2.53302466687348,0,0,32815.2337904777,32667.8065074773,1972.92668008996,3716.2273844586,655.592077159336,960.041563158537,0,0,1260.78797709199,1255.15043752938,76.3407334111622,143.879720710065,25.5597631226112,37.4462565967345,0,0,0,0,3.01901843900744,5.78927422382579,1.17154149935497,1.72100734446525,0,0,0,0,0,0,0,0,0,0,246.037557809371,256.9683528229,51.7623835315051,104.299020035911,31.7417390112331,50.5433873077547,0,0,9.4531186097491,9.87313670559316,1.98282794779145,3.9943953754696,1.21104436289092,1.92813695338053,0,0,655.576172899425,658.675229300522,99.5182072140675,200.62041157192,75.5543158791912,115.587112848697,0,0,25.1881460845912,25.3073614522188,3.81512738852187,7.6893377551165,2.88738482443548,4.41671631153011,0,0,0,0,11.0838591808268,22.7926075670739,7.87526901272162,11.9037904471251,0,0,0,0,0,0,0,0,0,0,52.4661097741072,30.4916198007186,27.8475236033842,27.2878278324733
"20",1991,1943,1.58333333333333,6678.36585785992,6572.54031077405,490.132856799504,926.593283915169,182.44239316778,269.078770245961,0,0,0,0,0,0,0,0,0,0,0,0,0.729505250879279,1.40635134040275,0.328731711526865,0.486299846265283,0,0,0,0,0,0,0,0,0,0,2913.96178667688,2891.61141894968,151.589852697274,286.31710477995,45.5711229431312,67.4540744549486,0,0,111.959071762248,111.100334892148,5.83969577949525,11.0307276509322,1.75607913539462,2.59936316039183,0,0,32741.7441994104,32554.7785343545,2013.7277412898,3794.16608725417,671.079988958812,984.247854698663,0,0,1257.96458305742,1250.80771272747,77.9215661339497,146.902011372688,26.164203847774,38.3917045168531,0,0,0,0,3.09048460446645,5.92780282267751,1.1995190854716,1.76493708950243,0,0,0,0,0,0,0,0,0,0,245.112266538367,256.098919227158,52.9090857688428,106.741315371787,32.4229367278126,51.7989869074131,0,0,9.4175678641384,9.83973165884554,2.0267502213525,4.08791460224397,1.23702223564492,1.97601305996571,0,0,652.09981532428,654.932737745159,101.524796180798,205.034676001242,77.0919138531878,118.395305824489,0,0,25.054580393765,25.1635688749566,3.89204025984807,7.85848104254871,2.94610754367672,4.52394421470334,0,0,0,0,11.3583801609739,23.3774195035653,8.07340994354521,12.2303879310811,0,0,0,0,0,0,0,0,0,0,55.2673734618215,32.075254857534,29.7270962682823,29.122162108571
"21",1991,1943,1.66666666666667,6671.25123609516,6558.14083190624,498.563559398445,942.643315174265,185.442601865637,273.924217593582,0,0,0,0,0,0,0,0,0,0,0,0,0.743659541330088,1.43371300040043,0.334153547821086,0.495107772056032,0,0,0,0,0,0,0,0,0,0,2914.11644694497,2888.34218642582,154.747365847297,292.415518153411,46.6691187671989,69.2197949672646,0,0,111.965014057076,110.974725750525,5.96139232021878,11.2657910785291,1.79839188879682,2.66740643025211,0,0,32668.5168943734,32442.3054772823,2053.70943586383,3870.73616678274,686.854513166893,1008.91399505593,0,0,1255.15126532728,1246.48630875605,79.4711391177565,149.872202301436,26.7798708456085,39.3551898940879,0,0,0,0,3.16167256254569,6.06599781467445,1.22809377864363,1.80981289998782,0,0,0,0,0,0,0,0,0,0,244.244245863352,255.262790884361,54.0598051651507,109.191269235709,33.1277735137935,53.0901820079834,0,0,9.38421753394318,9.80760625352776,2.07082301409239,4.18172021306511,1.26390189682193,2.02524656275668,0,0,648.608340798795,651.18865530143,103.536335374172,209.474599669493,78.6570433607748,121.259915914719,0,0,24.9204338807442,25.0197151735793,3.9691394917646,8.02860050204596,3.00588136351543,4.63332515392774,0,0,0,0,11.6388492052688,23.9749783434834,8.27612971043959,12.5648902618699,0,0,0,0,0,0,0,0,0,0,58.0584114670381,33.6536259413856,31.6475986240762,31.0004191127291
"22",1991,1943,1.75,6664.17396512766,6543.86881209509,506.804712325809,958.371002757859,188.490140115838,278.843061562648,0,0,0,0,0,0,0,0,0,0,0,0,0.757742335255089,1.46097337147392,0.339681625404427,0.504077372658865,0,0,0,0,0,0,0,0,0,0,2914.55544331803,2885.37023284569,157.870522102874,298.466819106961,47.7931816790069,71.0300373988463,0,0,111.981880999758,110.860538541319,6.08177105864222,11.4990500205654,1.84170908059857,2.73716514734437,0,0,32595.5459286041,32330.3801618581,2092.8844493484,3945.95449426587,702.903849538067,1034.02537940771,0,0,1252.34779543503,1242.18594996219,80.9899257688501,152.790917828763,27.4063134500923,40.3361567668374,0,0,0,0,3.23239704961873,6.20352771670513,1.25724586279327,1.85561080484536,0,0,0,0,0,0,0,0,0,0,243.430729181261,254.459037815961,55.212576629257,111.645819513322,33.8556676996495,54.4168814949775,0,0,9.35296132260567,9.77672475835976,2.11497097482775,4.27569473946666,1.29166107460982,2.07583389221657,0,0,645.103330474956,647.442985088119,105.552120532356,213.938272115842,80.2503071568441,124.181621657992,0,0,24.7857672956334,24.8758004679147,4.04639792474164,8.19962256673686,3.06672919129663,4.74488487645846,0,0,0,0,11.9250687267096,24.5849591570444,8.48350992871449,12.9074400847844,0,0,0,0,0,0,0,0,0,0,60.8398611853603,35.2269357625912,33.6097754343447,32.9232270318472
"23",1991,1943,1.83333333333333,6657.12826117614,6529.71787321856,514.859509741728,973.780686877339,191.582087839032,283.831498167841,0,0,0,0,0,0,0,0,0,0,0,0,0.771713981094189,1.48806098441071,0.345310662806644,0.513201808453455,0,0,0,0,0,0,0,0,0,0,2915.28688694107,2882.7026419987,160.963278293595,304.477874234196,48.9433544192408,72.8851026408046,0,0,112.009984233458,110.758045435049,6.20098347655536,11.7307673628313,1.88603235721555,2.80865090858679,0,0,32522.8269320926,32218.9970091835,2131.26541738129,4019.83801188402,719.216462090465,1059.56766513135,0,0,1249.5540054943,1237.90642199478,82.4783979499063,155.65878549841,28.043090824839,41.3340588250604,0,0,0,0,3.30250932857188,6.34012364000683,1.28695403821934,1.90230461058268,0,0,0,0,0,0,0,0,0,0,242.669176348939,253.686822804208,56.3657772955507,114.102435726203,34.6060699549722,55.7789819350687,0,0,9.32370163446946,9.74705500608076,2.15913190736465,4.36974116114359,1.32027872982593,2.12777100625774,0,0,641.586371914499,643.695874865225,107.571329389748,218.423608150656,81.8722292367094,127.161040417425,0,0,24.6506416348106,24.7318304351378,4.12378388267372,8.37146698089684,3.12867092265553,4.85864678650229,0,0,0,0,12.2168171726352,25.2069918696232,8.69562516995115,13.2581709341235,0,0,0,0,0,0,0,0,0,0,63.612329696124,36.7953815617079,35.614322725468,34.8911855201249
"24",1991,1943,1.91666666666667,6650.10872033797,6515.68203707411,522.731076292905,988.876626589772,194.715594106783,288.88579284155,0,0,0,0,0,0,0,0,0,0,0,0,0.785542345975733,1.51491729895483,0.351035067591874,0.522473786912998,0,0,0,0,0,0,0,0,0,0,2916.31697425078,2880.34454709844,164.029247983021,310.454954165893,50.1197017561289,74.7853141413599,0,0,112.049561835181,110.667443657988,6.31916795506818,11.9611832422261,1.93136420623596,2.88187617037804,0,0,32450.356864045,32108.1517801692,2168.86491261778,4092.40370687928,735.781075039752,1085.52676878064,0,0,1246.76977868824,1233.64756198041,83.9370254728033,158.476435068652,28.689771815961,42.3483593023631,0,0,0,0,3.37189073570302,6.47556849583826,1.31719612742029,1.94986681291758,0,0,0,0,0,0,0,0,0,0,241.957249988952,252.945386997902,57.5180791130608,116.559047965469,35.3784647379209,57.1763742021993,0,0,9.29634866441426,9.71856784039901,2.20325494725067,4.46378017183499,1.34973511369079,2.18105364619605,0,0,638.059047428924,639.947594592259,109.593050871763,222.92839236894,83.5232567411163,130.198725202585,0,0,24.5151176929344,24.5878154475257,4.20126229466016,8.54404851159333,3.19172351416834,4.974631823861,0,0,0,0,12.5138550910719,25.8406715756483,8.91254257402851,13.6172066423651,0,0,0,0,0,0,0,0,0,0,66.3763962100043,38.3591556413721,37.6618944148134,36.9048703207775
"25",1992,1943,2,6642.45796378298,6500.40730475392,531.400921192217,1005.30615568781,197.87564722161,293.974692473748,0,0,0,0,0,0,0,0,0,0,0,0,0.799223648948878,1.54150182014886,0.356823726218455,0.53183158375986,0,0,0,0,0,0,0,0,0,0,2917.35833958885,2877.80950576257,167.347806174449,316.858615634797,51.318999204911,76.7235897328824,0,0,112.089572756789,110.570043315904,6.44705808797916,12.2079915301471,1.97758032004291,2.95656796111266,0,0,32374.9534704796,31992.3479113516,2208.91339723535,4168.98629103219,752.539273535066,1111.78339072637,0,0,1243.87285016301,1229.19818299394,85.4898973089496,161.448758867119,29.3440832215572,43.3744114964099,0,0,0,0,3.44050580104371,6.60965423131746,1.34785399129849,1.99806609487393,0,0,0,0,0,0,0,0,0,0,241.236568632318,252.138677325965,58.6870363570717,119.032620162514,36.1596891914421,58.5794753735954,0,0,9.26865931191496,9.68757274815046,2.24801615868313,4.55846830459509,1.37952798613518,2.23455327343002,0,0,634.460712042586,636.09427650171,111.670181854508,227.536358971719,85.1977085420274,133.281458934095,0,0,24.3768654054828,24.4397647384649,4.28086583608875,8.72058541703715,3.25566977124054,5.0923348534516,0,0,0,0,12.8154798898305,26.4842280170456,9.13367231612664,13.9832375912362,0,0,0,0,0,0,0,0,0,0,69.1679538901381,39.9713023108521,39.780261735839,39.0354002455803
"26",1992,1943,2.08333333333333,6633.61057617979,6482.70576497504,541.731906545595,1024.52215576826,201.068772222495,299.094936375434,0,0,0,0,0,0,0,0,0,0,0,0,0.813279540999765,1.56866993155362,0.362652709472859,0.541223118941394,0,0,0,0,0,0,0,0,0,0,2918.09235341841,2874.59566158114,171.153188606904,324.074621580804,52.5418291986167,78.6971156986661,0,0,112.117774741933,110.446562282972,6.59365909510815,12.4860223455841,2.0247027110506,3.03261736700278,0,0,32293.7738697304,31866.6658988044,2254.26219165801,4254.30174342896,769.502371205174,1138.30662089461,0,0,1240.75399400051,1224.36926968059,87.2466083262796,164.756998349753,30.0064312592983,44.4109645067027,0,0,0,0,3.51020095342291,6.74533845177232,1.37883243260986,2.04669954950326,0,0,0,0,0,0,0,0,0,0,240.458418877702,251.18626323757,59.9051821553678,121.567793988064,36.9397728045473,59.9645297130264,0,0,9.23876193750717,9.65097945848168,2.29466675866011,4.65552458087231,1.4092771180815,2.28736391700074,0,0,630.738741198944,632.042382601619,113.850738815957,232.322074020833,86.8901832131624,136.394781499755,0,0,24.2338628631647,24.2840844279615,4.36443980531777,8.90394417256802,3.32030356373293,5.21120386599351,0,0,0,0,13.1211557597716,27.1361525110128,9.35841378558254,14.354924119972,0,0,0,0,0,0,0,0,0,0,72.0186184408973,41.6791339718254,41.9960389766754,41.3507437377175
"27",1992,1943,2.16666666666667,6624.83089117519,6465.18720911193,551.828111302363,1043.34185711691,204.325211327651,304.30792529176,0,0,0,0,0,0,0,0,0,0,0,0,0.827793628555205,1.59662388578332,0.368578950784545,0.550762302979805,0,0,0,0,0,0,0,0,0,0,2919.07309456601,2871.63625078458,174.909418203235,331.220166760452,53.7965139453269,80.7226503266283,0,0,112.155456385195,110.332856987569,6.73837979774415,12.7613614474483,2.07305205066686,3.1106701397975,0,0,32212.9562447279,31741.7114114967,2298.6816871913,4338.05511395333,786.781962014254,1165.3240302763,0,0,1237.64904432814,1219.56830912397,88.9678617253599,168.005741256911,30.6811652030321,45.4668948036342,0,0,0,0,3.5813066401874,6.8834292123554,1.41034123602358,2.09618799775376,0,0,0,0,0,0,0,0,0,0,239.730970655639,250.273906977992,61.1412112163064,124.137286671689,37.7440385424143,61.3900893408586,0,0,9.21081258717678,9.61592525499721,2.3420011210675,4.7538918745463,1.43994873050407,2.3417192574538,0,0,627.014570889394,627.992747494064,116.031236540556,237.119144231992,88.6126844735039,139.564678812784,0,0,24.0907758060081,24.1284909043161,4.44800750004741,9.08772962799109,3.3860835770744,5.33223170624693,0,0,0,0,13.4318919423291,27.7992270015165,9.58805973491642,14.735070850875,0,0,0,0,0,0,0,0,0,0,74.8603754003949,43.3806391690602,44.2587783999444,43.717820422985
"28",1992,1943,2.25,6616.11059215674,6447.84252219367,561.69353337817,1061.7707257861,207.641226538485,309.608855826004,0,0,0,0,0,0,0,0,0,0,0,0,0.842625601405073,1.62512695392368,0.374607611662247,0.560455659764872,0,0,0,0,0,0,0,0,0,0,2920.32007312262,2868.94962374847,178.622378591286,338.30531126545,55.0831590361592,82.8006960070346,0,0,112.203367295469,110.229632480471,6.88144505357565,13.0343933890983,2.12263250709072,3.19074574557098,0,0,32132.4879379839,31617.469737533,2342.18598283185,4420.26549754647,804.364595727837,1192.81885848213,0,0,1234.55751484646,1214.79473606839,90.654183420633,171.195694368496,31.3677712290552,46.5415636679034,0,0,0,0,3.65331662108201,7.02307918696601,1.44239632635388,2.14655195168192,0,0,0,0,0,0,0,0,0,0,239.051799019673,249.400101862426,62.3912989221198,126.734870644847,38.5723371077572,62.8562404412189,0,0,9.18471809118347,9.58235224844112,2.38987236636031,4.85333103337148,1.47153718134304,2.39762266094227,0,0,623.288524516579,623.945072520941,118.211971352931,241.927628928841,90.3655253071437,142.791720742232,0,0,23.9476166596893,23.9729726925989,4.5315802748916,9.27194398357319,3.45302164446579,5.45543994624603,0,0,0,0,13.7477547162744,28.4735496059249,9.82266579927631,15.123781988284,0,0,0,0,0,0,0,0,0,0,77.6938103402943,45.0760845447236,46.5695143594828,46.1376736683996
"29",1992,1943,2.33333333333333,6607.44204123788,6430.66329827395,571.332072754479,1079.81411059946,211.013174761999,314.993022988565,0,0,0,0,0,0,0,0,0,0,0,0,0.85766003579192,1.65398325119716,0.380740676548445,0.570305670940956,0,0,0,0,0,0,0,0,0,0,2921.84907963376,2866.55036002731,182.297439051935,345.339234943559,56.401875171456,84.9317452606037,0,0,112.262114170767,110.137448931475,7.02306012268261,13.3054691705788,2.17344842254731,3.27286324526362,0,0,32052.3589200666,31493.9288312507,2384.78917505078,4500.9521523704,822.237133266941,1220.77466668286,0,0,1231.47902022834,1210.04808769916,92.3060996393372,174.327571271092,32.0657471056404,47.634344263432,0,0,0,0,3.72581812711932,7.16359349941882,1.47500256107416,2.19779806344768,0,0,0,0,0,0,0,0,0,0,238.418718567409,248.56350694767,63.6522178896357,129.355249723499,39.4244898829803,64.363026335609,0,0,9.16039448341394,9.55020891761579,2.43815659091148,4.95363874225552,1.50403568825761,2.45507583417981,0,0,619.561074708404,619.899278224493,120.392946158432,246.747116869221,92.1489952017056,146.076452330804,0,0,23.8044035833215,23.8175267399104,4.6151582193888,9.45657137675582,3.52112871056736,5.58084922150601,0,0,0,0,14.0687315722125,29.1590865432951,10.0622887102515,15.5211626771554,0,0,0,0,0,0,0,0,0,0,80.5194812853481,46.765726992219,48.9292103049531,48.6112863578287
"30",1992,1943,2.41666666666667,6598.81818018352,6413.64173808891,580.747537572191,1097.47725089631,214.437502971181,320.455814978151,0,0,0,0,0,0,0,0,0,0,0,0,0.872801573467551,1.68302999400905,0.386977832540873,0.580311869534177,0,0,0,0,0,0,0,0,0,0,2923.67281006437,2864.44991203612,185.939502626232,352.33032031565,57.7527805647345,87.1162869881859,0,0,112.332184810365,110.056746360682,7.16341249385157,13.5749093891565,2.22550441013196,3.35704153986636,0,0,31972.5613337411,31371.0788448387,2426.50533410964,4580.13445436675,840.386739150082,1249.17533064311,0,0,1228.41325860445,1205.32798564665,93.9241360066865,177.402090611655,32.7746019158244,48.744621382534,0,0,0,0,3.79847325147365,7.3043999921994,1.50815696191189,2.24992309087693,0,0,0,0,0,0,0,0,0,0,237.829748826764,247.76291886017,64.921246840026,131.993923538849,40.3002995568803,65.9104594193011,0,0,9.13776567146969,9.51944902697051,2.48674935751913,5.0546423014009,1.53743674087942,2.51407928749797,0,0,615.832812239752,615.855465793999,122.573932067237,251.576820544406,93.9633523542559,149.419382601405,0,0,23.6611592753855,23.6621569341004,4.6987325280232,9.64158150953348,3.5904145311664,5.70847880055016,0,0,0,0,14.3947492557597,29.8557011600096,10.3069835533634,15.9273155504368,0,0,0,0,0,0,0,0,0,0,83.337921771572,48.4498148427948,51.3387695951547,51.1395905527671
"31",1992,1943,2.5,6590.23245558934,6396.77057152837,589.94364923864,1114.7652831039,217.910744145681,325.992708775229,0,0,0,0,0,0,0,0,0,0,0,0,0.88797157921935,1.71213209339866,0.393317021698302,0.590471532265401,0,0,0,0,0,0,0,0,0,0,2925.80133038322,2862.65708345194,189.553044952258,359.286218845453,59.1360014119597,89.3548093241422,0,0,112.41396596488,109.987863019441,7.30267335956944,13.8430067579512,2.27880537513842,3.44329948383767,0,0,31893.0891560283,31248.9117809066,2467.34848761006,4657.83186465403,858.800874120123,1278.00503370269,0,0,1225.35999857913,1200.6341226374,95.5088169076093,180.419974840884,33.493855785473,49.8717911874235,0,0,0,0,3.87100616445381,7.44502865614322,1.54185069881101,2.30291635243987,0,0,0,0,0,0,0,0,0,0,237.283088557319,246.997251373814,66.1961017108661,134.647083970725,41.1995575109009,67.4985299868084,0,0,9.11676244928611,9.49003084194735,2.53556304367358,5.15619563896572,1.57173238713649,2.57463267677414,0,0,612.10442278777,611.813887831514,124.754513511861,256.415646235003,95.8088190938463,152.820977409441,0,0,23.5179100806371,23.5068729805416,4.78228723489525,9.82693234248107,3.66088749689394,5.83834631030401,0,0,0,0,14.7256860370265,30.5631738367603,10.5568021906721,16.3423387029203,0,0,0,0,0,0,0,0,0,0,86.1496431927525,50.1285887468337,53.7990438754848,53.7234749993662
"32",1992,1943,2.58333333333333,6581.67876431475,6380.04300131739,598.92404520376,1131.68324427087,221.429515045582,331.59926769043,0,0,0,0,0,0,0,0,0,0,0,0,0.903105717050281,1.74117822832512,0.399754832891087,0.600780171943887,0,0,0,0,0,0,0,0,0,0,2928.24242039176,2861.17838317681,193.14214314116,366.213900178047,60.5516721722332,91.6478017530722,0,0,112.507756546724,109.931048990179,7.44099871270435,14.110027977255,2.33335652831017,3.53165596927742,0,0,31813.9379473578,31127.4212348726,2507.33260506165,4734.06390133845,877.467292847547,1307.24826504679,0,0,1222.31906959264,1195.96625259624,97.0606648935711,183.381949133654,34.2230398005757,51.0152611475274,0,0,0,0,3.94319386149897,7.58509671975422,1.57607048641348,2.35676145997101,0,0,0,0,0,0,0,0,0,0,236.777097155728,246.265520542349,67.4748844813564,137.31153813928,42.1220493889648,69.127212990193,0,0,9.09732178270034,9.46191655774511,2.58452487186195,5.25817634653337,1.60691444911812,2.63673506522785,0,0,608.376669372546,607.774926454445,126.934122239781,261.262246985237,97.6855781513084,156.281653402979,0,0,23.3746853154539,23.3516895607944,4.86580052070396,10.0125721320877,3.73255448987316,5.97046750449115,0,0,0,0,15.0613806980445,31.2812165853496,10.8117920984492,16.7663241701595,0,0,0,0,0,0,0,0,0,0,88.9551364384627,51.8022822794775,56.3108393658953,56.363790806508
"33",1992,1943,2.66666666666667,6573.1513921813,6363.45263980846,607.692282735182,1148.23607661178,224.990512702078,337.271137589563,0,0,0,0,0,0,0,0,0,0,0,0,0.918151306511006,1.77007655458966,0.406286915775632,0.611232057883232,0,0,0,0,0,0,0,0,0,0,2931.00195113482,2860.01841207951,196.710512643969,373.119715254681,61.999936022014,93.9957577171988,0,0,112.613782130829,109.88648104563,7.57853074834179,14.3762161359263,2.38916340589763,3.62213002911371,0,0,31735.1045775261,31006.6021147732,2546.47158206275,4808.85010817306,896.374037114572,1336.88981328075,0,0,1219.29035139216,1191.32417988097,98.5802000684375,186.288740180338,34.9616957561229,52.1744498030767,0,0,0,0,4.01485609382297,7.72429239456232,1.61080005933694,2.41143814840323,0,0,0,0,0,0,0,0,0,0,236.310273618632,245.566828375699,68.7560257922817,139.984621316254,43.0675605169003,70.7964747594042,0,0,9.07938600117507,9.435071672137,2.63357470120316,5.36048232681293,1.64297473331741,2.70038518389709,0,0,604.650373875087,603.739069624936,129.11207339897,266.115079124642,99.5937696230251,159.801772735113,0,0,23.2315165577312,23.1966254231445,4.94924609996247,10.1984416040429,3.80542076688582,6.10485606077852,0,0,0,0,15.4016421311632,32.0094887009105,11.0719952663479,17.199356490793,0,0,0,0,0,0,0,0,0,0,91.7548738504758,53.4711226496325,58.8749238915479,59.0613577500701
"34",1992,1943,2.75,6564.64496447334,6346.99345790291,616.251841914823,1164.42863107122,228.590511597685,343.004043922959,0,0,0,0,0,0,0,0,0,0,0,0,0.93306532394537,1.79875143872396,0.412908260890396,0.621820571449522,0,0,0,0,0,0,0,0,0,0,2934.08418804572,2859.18017341019,200.261539079165,380.009450514701,63.4809445539007,96.399175791452,0,0,112.732206601964,109.854274575469,7.7153990743928,14.6417927741371,2.44623186013974,3.71474088465528,0,0,31656.5870060256,30886.450416981,2584.77922654553,4882.21002740903,915.509430312538,1366.91476152449,0,0,1216.27376559184,1186.70775066503,100.067939554474,189.141075140066,35.7093759543725,53.3487865858523,0,0,0,0,4.08584782253128,7.86236261169836,1.64602114358361,2.46692349277955,0,0,0,0,0,0,0,0,0,0,235.881239697084,244.900350084909,70.0382381224192,142.664125193411,44.0358798901768,72.5062782805673,0,0,9.06290215056662,9.40946449540115,2.68266322592516,5.4630290333363,1.67990518528921,2.76558163607072,0,0,600.926402124908,599.706891781982,131.287594118907,270.972447708742,101.533489295497,163.38163951368,0,0,23.0884370739268,23.0417026384571,5.03259431942793,10.384475700018,3.87948989503125,6.24152344488379,0,0,0,0,15.7462564792022,32.7476085149798,11.3374475579431,17.6415118329592,0,0,0,0,0,0,0,0,0,0,94.5493108095199,55.1353312507078,61.4920326924013,61.8169694880788
"35",1992,1943,2.83333333333333,6556.1544075902,6330.65974549945,624.606127990403,1180.26567002936,232.226361323049,348.793789304433,0,0,0,0,0,0,0,0,0,0,0,0,0.947812942007305,1.82714105689911,0.419613382119102,0.632538439863194,0,0,0,0,0,0,0,0,0,0,2937.49202345443,2858.66531030525,203.798305189145,386.888373718941,64.9948572063105,98.8585601353124,0,0,112.863141088073,109.834492711624,7.85172173747192,14.9069596280723,2.50456803887932,3.80950796476065,0,0,31578.3841140398,30766.9630552038,2622.2692475162,4954.16317724184,934.862072499018,1397.30848308641,0,0,1213.26926921782,1182.11684636738,101.524397054224,191.939680770039,36.4656430238542,54.5377116615883,0,0,0,0,4.15605374914835,7.99910407900878,1.68171407259775,2.52319268765654,0,0,0,0,0,0,0,0,0,0,235.488726877843,244.265324518853,71.3204791704999,145.348241231959,45.0268028540153,74.2565870165924,0,0,9.04782149292699,9.38506578288354,2.73175056681935,5.56574729098114,1.71769799364666,2.83232304524351,0,0,597.205652600839,595.679038851701,133.459844934963,275.832541072641,103.504788037494,167.021497747757,0,0,22.9454813849306,22.8869460242478,5.11581298126992,10.5706049056032,3.9547637284936,6.38047883224063,0,0,0,0,16.0949922460756,33.4951618885069,11.6081783907632,18.0928575237736,0,0,0,0,0,0,0,0,0,0,97.3388869919619,56.7951240784639,64.1628730151241,64.6313976822958
"36",1992,1943,2.91666666666667,6547.67491122551,6314.4460725562,632.758473684093,1195.75186988279,235.894984160096,354.636251020727,0,0,0,0,0,0,0,0,0,0,0,0,0.962366069260605,1.85519499774807,0.426396504535363,0.643377975657235,0,0,0,0,0,0,0,0,0,0,2941.22720520635,2858.47433881484,207.32361850693,393.761281131605,66.5418409190774,101.374421277863,0,0,113.006652744169,109.827155281567,7.98760627613112,15.171900426911,2.56417837380011,3.90645093773507,0,0,31500.495539345,30648.1376928531,2658.95524360426,5024.72902869568,954.42083508234,1428.05663674695,0,0,1210.27684836504,1177.55137721182,102.950082404507,194.685282532571,37.2300697244982,55.7406757578516,0,0,0,0,4.22538283396085,8.13435433448468,1.71785843126342,2.58021985664351,0,0,0,0,0,0,0,0,0,0,235.13156345677,243.661044743507,72.6019156056555,148.035504473576,46.0401335717451,76.0473684432343,0,0,9.03409900984493,9.3618483730385,2.78080487674633,5.66858113407981,1.75634568598181,2.90060819220915,0,0,593.489045506571,591.656213619408,135.627940667677,280.693464520006,105.507671314411,170.721529447464,0,0,22.802684846332,22.7323825826538,5.19886814530783,10.7567565450303,4.0312423900061,6.52172903558225,0,0,0,0,16.4476054064664,34.2517106916683,11.8842103998477,18.5534515616141,0,0,0,0,0,0,0,0,0,0,100.124027630698,58.4507121478113,66.8881286600114,67.5053960816221
"37",1993,1943,3,6536.98362754702,6295.27544580064,642.082992093181,1213.25127223269,239.627636447137,360.622679423318,0,0,0,0,0,0,0,0,0,0,0,0,0.976866582504421,1.88327914521433,0.433307553962174,0.654496675183078,0,0,0,0,0,0,0,0,0,0,2944.89788251372,2857.99330342419,211.254289390569,401.335699975179,68.13279026417,103.976205099834,0,0,113.147686036353,109.808673132601,8.13906957413396,15.4638065455025,2.62548246306422,4.00670418995574,0,0,31417.9540642252,30522.4869272116,2699.49814340426,5101.88002929964,974.311901758885,1459.52797580329,0,0,1207.10565720374,1172.72366503933,104.524125777091,197.684404419732,38.0075777122898,56.9720740466051,0,0,0,0,4.29441180910174,8.26963777281989,1.75465968717607,2.63864554843377,0,0,0,0,0,0,0,0,0,0,234.809975733206,243.119812466124,73.952455459715,150.910178796872,47.1052670387476,77.974893356033,0,0,9.02174339252872,9.34105334949183,2.83250898329794,5.77859612507808,1.7969696711273,2.97410913317258,0,0,589.707768089362,587.527167596763,137.876150914143,285.71732863008,107.556330817532,174.527387899042,0,0,22.6574035752154,22.5737379679673,5.2849968277519,10.9491555178152,4.10946803810843,6.66701784441663,0,0,0,0,16.8049292004083,35.0212362303454,12.1671179374935,19.0281425788697,0,0,0,0,0,0,0,0,0,0,102.843497948535,59.9766342811034,69.6071268007779,70.215994188001
"38",1993,1943,3.08333333333333,6524.27579200267,6273.43819878359,652.413529119943,1232.48413380724,243.438599585368,366.767553402637,0,0,0,0,0,0,0,0,0,0,0,0,0.991791912063182,1.91217900881022,0.440344621624368,0.665886674461012,0,0,0,0,0,0,0,0,0,0,2948.62533146292,2857.35652557523,215.549019028294,409.547304106546,69.7779389238964,106.677840673211,0,0,113.290900585803,109.784207109329,8.30453079716223,15.7802160862868,2.68887360170183,4.1108030092286,0,0,31331.1662028115,30390.6846765623,2743.37289658234,5184.73791708155,994.584341152211,1491.77296348107,0,0,1203.77131443392,1167.65960288486,106.226411279132,200.903389568272,38.8000492023495,58.2338394787683,0,0,0,0,4.36490009700678,8.40780192973548,1.79211462536683,2.69845044460762,0,0,0,0,0,0,0,0,0,0,234.519768859519,242.630248960166,75.3785778473753,153.972106889296,48.218377629678,80.0266209942084,0,0,9.01059346962275,9.32224352326742,2.88711251721616,5.89578883969398,1.83942436686009,3.05234808434335,0,0,585.862938244581,583.301409731258,140.197371714006,290.896856076943,109.652222662197,178.445109849024,0,0,22.509680522364,22.4113775292467,5.37392609669508,11.147521588861,4.18949630124007,6.81657546003663,0,0,0,0,17.1668564686887,35.8034431376894,12.4568307645733,19.5168003783142,0,0,0,0,0,0,0,0,0,0,105.503121294847,61.3845691555265,72.3270369724044,72.7808256249632
"39",1993,1943,3.16666666666667,6511.57751563517,6251.74730106117,662.484273438543,1251.27267706254,247.299179758986,372.987283515556,0,0,0,0,0,0,0,0,0,0,0,0,1.00702848706561,1.94158588295313,0.44746321648527,0.677405488263631,0,0,0,0,0,0,0,0,0,0,2952.79263409067,2857.14620736466,219.83012447117,417.756717777166,71.4706235998471,109.45802387019,0,0,113.451015016983,109.776126347344,8.46947751182531,16.0965583997604,2.75409511884794,4.21792653900724,0,0,31244.6712438626,30259.5873413942,2786.30032376229,5265.98293700612,1015.12340677802,1524.45742147498,0,0,1200.448224411,1162.62262477759,107.892478379478,204.06080500328,39.6030112182374,59.5129338925903,0,0,0,0,4.43640454514399,8.54758976160129,1.83004527734633,2.7590665610882,0,0,0,0,0,0,0,0,0,0,234.258530418338,242.160151301014,76.8176437354207,157.054186459725,49.3530582146232,82.1151026051549,0,0,9.00055655619231,9.30418160612692,2.94221192312044,6.01375250863221,1.88270268360585,3.13199000224225,0,0,582.017372791049,579.081400606321,142.514021556636,296.083585430594,111.78291391483,182.435605589534,0,0,22.3619291984469,22.2492379667693,5.46267600229985,11.3461540887592,4.27085212543856,6.96890856185727,0,0,0,0,17.5325215520132,36.5944961611252,12.7519688884698,20.0151857919131,0,0,0,0,0,0,0,0,0,0,108.159619850607,62.7897221991592,75.1052955849925,75.4045367658915
"40",1993,1943,3.25,6498.88442552794,6230.19763657406,672.299458624332,1269.62275726377,251.20543988556,379.276696708845,0,0,0,0,0,0,0,0,0,0,0,0,1.02245368601325,1.97129554192636,0.454665865243432,0.689055723921166,0,0,0,0,0,0,0,0,0,0,2957.39422854643,2857.35550327494,224.101140685115,425.969767143033,73.2103886457794,112.316691849139,0,0,113.627815634702,109.784167830917,8.63404465095177,16.4130559762392,2.82112969931113,4.32807265964339,0,0,31158.4743378996,30129.1974847765,2828.29586992301,5345.63705483342,1035.9163269218,1557.56527750306,0,0,1197.13658503665,1157.61282919408,109.522905528639,207.157468509894,40.4159742193082,60.8087425602932,0,0,0,0,4.50849102746516,8.68829002419625,1.86846395714301,2.82050899898097,0,0,0,0,0,0,0,0,0,0,234.026056150735,241.71001669293,78.2673896701654,160.153589339183,50.5102804773789,84.2422893568147,0,0,8.99162480447137,9.28688670145103,2.99772027305689,6.13237849222961,1.92684191246795,3.2131096503199,0,0,578.171994949819,574.867500186151,144.826019491757,301.276164572093,113.948033043521,186.498077064893,0,0,22.2141850749898,22.0873331109345,5.55124358877685,11.5450014629434,4.35352131079626,7.12398667952766,0,0,0,0,17.9019521046445,37.3943995506613,13.0525500564147,20.5233513188885,0,0,0,0,0,0,0,0,0,0,110.813320790872,64.1922077023224,77.9427598681198,78.087864318099
"41",1993,1943,3.33333333333333,6486.19232185353,6208.78427982071,681.863213029116,1287.54009884926,255.153530799029,385.630705599861,0,0,0,0,0,0,0,0,0,0,0,0,1.03796696659503,2.00113949526981,0.461952441008425,0.70083668210985,0,0,0,0,0,0,0,0,0,0,2962.42425608753,2857.97729586533,228.365307473983,434.19178553249,74.9968721371431,115.253877783424,0,0,113.821077336697,109.808058096591,8.79835591972959,16.7299125430228,2.88996359510189,4.44124289948749,0,0,31072.5807304686,29999.5177539482,2869.37486170609,5423.72218309663,1056.9505995866,1591.08073030937,0,0,1193.8365978631,1152.63031784482,111.118267037642,210.194196372072,41.2384586809165,62.120660697368,0,0,0,0,4.58080655198236,8.82932103894898,1.90737318443087,2.88278084529006,0,0,0,0,0,0,0,0,0,0,233.822133509528,241.280280918621,79.7259147126086,163.267959384207,51.6908482991187,86.4099031131704,0,0,8.98379004823353,9.27037555270612,3.05356460105624,6.25157635245549,1.97187290849157,3.29577300923838,0,0,574.327766278726,570.660160720285,147.133104574013,306.47303816862,116.147261509495,190.631826833411,0,0,22.0664850964741,21.9256803378925,5.63961898653393,11.7440043490603,4.43749169800802,7.28178320785552,0,0,0,0,18.2751080426625,38.2030466193565,13.3585923312694,21.0413487977805,0,0,0,0,0,0,0,0,0,0,113.464548904222,65.5921427200217,80.8402762272805,80.8315492919887
"42",1993,1943,3.41666666666667,6473.49715010602,6187.50246687134,691.17956811501,1305.03030641107,259.139685960696,392.044303357405,0,0,0,0,0,0,0,0,0,0,0,0,1.05348515642736,2.03097752106089,0.469320968815658,0.71274533805921,0,0,0,0,0,0,0,0,0,0,2967.87667992654,2859.00431497128,232.625603641496,442.427672047749,76.8297943148183,118.269701364222,0,0,114.03056817994,109.847517813019,8.96252509188813,17.047315291244,2.96058618841317,4.55744207809472,0,0,30986.9956841778,29870.5508032694,2909.55249760417,5500.26015724172,1078.21398395164,1624.98824223489,0,0,1190.54846509771,1147.67519271395,112.679132685397,213.17180243906,42.0699947851156,63.4480931982937,0,0,0,0,4.65306154449959,8.97020295517638,1.94676875651337,2.9458768640549,0,0,0,0,0,0,0,0,0,0,233.646541351549,240.871323289609,81.1916188821929,166.395333649666,52.8954317452047,88.61947615947,0,0,8.97704379096963,9.25466273364539,3.10968352830177,6.3712708076036,2.01782139620232,3.38003880148691,0,0,570.485674572404,566.459908571741,149.434877688149,311.672499181843,118.380313139653,194.836228941804,0,0,21.9188672154385,21.7642998713522,5.72778702190181,11.9430975616378,4.52275237686617,7.44227429070951,0,0,0,0,18.6518985168553,39.02024653394,13.6701116787234,21.5692264670438,0,0,0,0,0,0,0,0,0,0,116.113626549595,66.9896466242756,83.798682022105,83.6363376808721
"43",1993,1943,3.5,6460.79498721612,6166.34758098759,700.252461367157,1322.09886876416,263.160220228713,398.512562601614,0,0,0,0,0,0,0,0,0,0,0,0,1.06894007325118,2.06069387380106,0.47676800624728,0.724776808871731,0,0,0,0,0,0,0,0,0,0,2973.745353719,2860.42920710548,236.884763998695,450.681920453287,78.7089509151785,121.364363292297,0,0,114.256052012049,109.902264447459,9.12665665438471,17.3654359726091,3.03298973917746,4.67667809906162,0,0,30901.7244320101,29742.2992479764,2948.84383767256,5575.27271709732,1099.69450171519,1659.27254166466,0,0,1187.27238780919,1142.74755428243,114.206067323015,216.091097416271,42.9101224769545,64.7904547331116,0,0,0,0,4.72502095353797,9.11054374937159,1.98664117268913,3.009785223687,0,0,0,0,0,0,0,0,0,0,233.499050047797,240.4834692299,82.6631701181874,169.534099906097,54.1245854531996,90.8723728284025,0,0,8.9713772101206,9.23976074757769,3.16602598913909,6.4914000920049,2.06470867582457,3.46595932136667,0,0,566.646726480809,562.267333805316,151.730825035336,316.872718639907,120.646922510528,199.110712066623,0,0,21.7713701088709,21.6032143825475,5.81572812079267,12.1422112389147,4.60929324101326,7.60543817572102,0,0,0,0,19.032190621408,39.8457381278071,13.9871207727685,22.1070274392879,0,0,0,0,0,0,0,0,0,0,118.760873530656,68.3848408294445,86.8188067523131,86.5029811317892
"44",1993,1943,3.58333333333333,6448.08202705421,6145.31513754508,709.085740016016,1338.7511639344,267.211527792794,405.030633499268,0,0,0,0,0,0,0,0,0,0,0,0,1.0842760871985,2.09019339354839,0.48428902298164,0.736924819715354,0,0,0,0,0,0,0,0,0,0,2980.02408687901,2862.24460102618,241.145299001214,458.958652522425,80.6342060263385,124.538139229476,0,0,114.497290980813,109.972014785014,9.29084655247379,17.6844321663989,3.10716911447822,4.79896172220084,0,0,30816.772134044,29614.7656217425,2987.26379466518,5648.78148922522,1121.38043550465,1693.91862251548,0,0,1184.00856426484,1137.84749989743,115.699630528534,218.952888184137,43.7583914116399,66.1471697351041,0,0,0,0,4.79649515426054,9.25002488736014,2.02697705530252,3.07448922025756,0,0,0,0,0,0,0,0,0,0,233.379421761197,240.116993477093,84.1394696050072,172.682951907652,55.3787673861347,93.1698120293207,0,0,8.96678116775005,9.22568015035904,3.22254989420272,6.61191422919761,2.11255234347234,3.55358129948192,0,0,562.81194033665,558.083079559898,154.020341790112,322.071775335741,122.946833704087,203.454742752879,0,0,21.6240329026284,21.442448581904,5.90341921877734,12.3412719865958,4.69710455688736,7.77125457263821,0,0,0,0,19.4158181742425,40.6792038707679,14.3096278952907,22.6547883028465,0,0,0,0,0,0,0,0,0,0,121.406606998888,69.7778484997136,89.901473316999,89.4322375456191
"45",1993,1943,3.66666666666667,6435.3545662229,6124.40076919143,717.683165043799,1354.99246445419,271.290079807057,411.593741604021,0,0,0,0,0,0,0,0,0,0,0,0,1.09944775790794,2.11939772567975,0.491878755140135,0.749182139759248,0,0,0,0,0,0,0,0,0,0,2986.70670539017,2864.44316844668,245.409515581624,467.261653293128,82.6054846623692,127.791373350909,0,0,114.75404787065,110.056487261191,9.45518298047705,18.0044486194709,3.18312150702392,4.92430632029086,0,0,30732.1438379892,29487.9523383249,3024.82712575363,5720.80796958348,1143.26032601013,1728.91174252418,0,0,1180.75718841421,1132.97512229879,117.16037628208,221.757977126473,44.6143608544412,67.5176723446137,0,0,0,0,4.8673311547918,9.38838743260199,2.06776047295301,3.13996888439239,0,0,0,0,0,0,0,0,0,0,233.287410933132,239.772123716048,85.6196170373082,175.840844407267,56.6583571339003,95.5128896943149,0,0,8.9632462292384,9.21242969000403,3.27922079150013,6.73277329576154,2.16136699393829,3.64294676393502,0,0,558.982339234269,553.907831468563,156.302755158435,327.267684724728,125.27978979559,207.867809218931,0,0,21.4768949055173,21.2820288125423,5.99083464794614,12.5402039904912,4.78617656076758,7.93970403344322,0,0,0,0,19.8025901358939,41.5202833140547,14.637635978593,23.2125378971331,0,0,0,0,0,0,0,0,0,0,124.051141363668,71.16879424359,93.0474993421251,92.4248716551767
"46",1993,1943,3.75,6422.60899396142,6103.60021520005,726.04841426281,1370.82794140904,275.392422568276,418.197186272326,0,0,0,0,0,0,0,0,0,0,0,0,1.11441821768965,2.14824271192556,0.499531414708436,0.761540843130223,0,0,0,0,0,0,0,0,0,0,2993.78709262189,2867.01766463398,249.679533906498,475.594399099838,84.6227665076679,131.124472589105,0,0,115.026087670831,110.155403521763,9.61974701807237,18.32561831186,3.26084619753997,5.05272766122822,0,0,30647.8444535246,29361.8616669648,3061.54842615152,5791.37350996304,1165.32296945274,1764.2374218373,0,0,1177.51844890324,1128.13050867382,118.58885271498,224.507161604393,45.4775995922805,68.9014063632916,0,0,0,0,4.9374066418219,9.52542255765495,2.1089737018128,3.20620191904805,0,0,0,0,0,0,0,0,0,0,233.22276499733,239.449043882242,87.1028844608231,179.006959032798,57.9636691558427,97.9025957140559,0,0,8.96076269071193,9.2000164336062,3.33601085871578,6.85394610526869,2.21116472903253,3.73409368986436,0,0,555.158945935923,549.74230958534,158.577341110147,332.458420042519,127.645525884501,212.349409756622,0,0,21.3299954135846,21.1219827400911,6.07794678009983,12.7389298290562,4.87649919181327,8.11076750864872,0,0,0,0,20.1922962459602,42.3685822034391,14.9711421548417,23.7802966990595,0,0,0,0,0,0,0,0,0,0,126.69478820981,72.5578038582226,96.2576983132395,95.4816554847392
"47",1993,1943,3.83333333333333,6409.84178367846,6082.90931248968,734.18508510957,1386.26266808092,279.51517582855,424.836339230637,0,0,0,0,0,0,0,0,0,0,0,0,1.12915781487877,2.17667619442815,0.507240854876438,0.773992515669759,0,0,0,0,0,0,0,0,0,0,3001.25922189109,2869.9609605903,253.957302728371,483.960083169276,86.6860802306603,134.537901282008,0,0,115.313178826553,110.268489659233,9.78461321342064,18.6480634300126,3.3403443386119,5.18424370521994,0,0,30563.8787324002,29236.4957136175,3097.44212359718,5860.49930592902,1187.55741487791,1799.88144140181,0,0,1174.29252830968,1123.31373993614,119.985601891738,227.201233487733,46.3476858384597,70.2978252006603,0,0,0,0,5.00662500258881,9.66096358756922,2.15059782260871,3.27316443757567,0,0,0,0,0,0,0,0,0,0,233.185225162904,239.147897345952,88.5886934500139,182.180674391705,59.294964006143,100.339828647965,0,0,8.95932060912933,9.18844588967913,3.39289802423415,6.97540905558192,2.26195558846167,3.82705656357348,0,0,551.342778563014,545.587261337618,160.843338582182,337.641930245345,130.043763523521,216.89904297212,0,0,21.1833735445691,20.9623390819081,6.16472657257508,12.9373711634486,4.96806187872982,8.28442597412702,0,0,0,0,20.5847116957168,43.2236800751154,15.3101374565775,24.3580763972738,0,0,0,0,0,0,0,0,0,0,129.337856224695,73.9450040946838,99.5328806256222,98.6033687575636
"48",1993,1943,3.91666666666667,6397.04948487905,6062.32398702926,742.096697473602,1401.30162362322,283.655031074592,431.506643132091,0,0,0,0,0,0,0,0,0,0,0,0,1.14364278970502,2.20465587389311,0.515000733344501,0.786528458485246,0,0,0,0,0,0,0,0,0,0,3009.11718670349,2873.26607280027,258.244614705003,492.36164116977,88.7954979307194,138.032175923088,0,0,115.615094400861,110.395477355774,9.94985016516016,18.9718963384111,3.4216187435469,5.31887440578046,0,0,30480.2512502557,29111.8564040004,3132.52247306306,5928.20638499433,1209.95296114407,1835.82984107487,0,0,1171.07960244464,1118.52489007435,121.351159600293,229.840978694869,47.2242071260864,71.7063918103457,0,0,0,0,5.07491046107313,9.79487823262553,2.19261331481614,3.34083169535022,0,0,0,0,0,0,0,0,0,0,233.17452722245,238.868790138438,90.0765928674167,185.361536897595,60.6524591169421,102.825409967171,0,0,8.95890983333031,9.17772213211184,3.44986511051715,7.09714500392366,2.31374796376643,3.92186692877165,0,0,547.534846491484,541.443454679911,163.099963126195,342.816157212986,132.474205491923,221.516198447745,0,0,21.0370680801955,20.8031273440355,6.25114409269801,13.1354493991772,5.06085333963173,8.46066007407927,0,0,0,0,20.979601677305,44.0851376511368,15.6546065291195,24.9458794839149,0,0,0,0,0,0,0,0,0,0,131.980651131965,75.3305224257279,102.873854626064,101.790799293698
"49",1994,1943,4,6382.73679882253,6039.16756031927,751.626913717875,1418.97106969049,287.792143219033,438.177579435395,0,0,0,0,0,0,0,0,0,0,0,0,1.15799607303295,2.23237072234624,0.522762236465188,0.799077086339964,0,0,0,0,0,0,0,0,0,0,3016.82070066974,2876.08901145937,263.043280360297,501.594341062962,90.9449134537136,141.597892564361,0,0,115.911075726667,110.503939173413,10.1347388697695,19.3276731602706,3.50443400881568,5.45625729751968,0,0,30391.5221502821,28979.1954925261,3172.23796392304,6003.18341733382,1232.41858417014,1871.94537339432,0,0,1167.67066668042,1113.42783728598,122.894831475818,232.760160643802,48.1036025944864,73.1217365995101,0,0,0,0,5.1426064143667,9.92765001138075,2.23481840709023,3.40890990649622,0,0,0,0,0,0,0,0,0,0,233.10739555292,238.491994239113,91.6029885625287,188.605061084543,62.0116587342514,105.31944468154,0,0,8.95633078985131,9.16324501837875,3.50831373347009,7.22129305962245,2.36560755154442,4.01700343347166,0,0,543.64565772535,537.166648442994,165.425903068575,348.106349953077,134.925331297918,226.182116687289,0,0,20.8876406104832,20.638805549041,6.3402235627752,13.3379788555895,5.15443365237941,8.63875360919344,0,0,0,0,21.3758655902578,44.9507505393061,16.0032067858388,25.5416668500882,0,0,0,0,0,0,0,0,0,0,134.662881980062,76.7534888014603,106.332851165871,105.137364552017
"50",1994,1943,4.08333333333333,6367.80103553565,6015.04029307684,761.667209147453,1437.45585924372,291.95675643962,444.889239039296,0,0,0,0,0,0,0,0,0,0,0,0,1.1727015795655,2.26062329150539,0.530552767424784,0.811676961410381,0,0,0,0,0,0,0,0,0,0,3024.63513765599,2878.86657908945,268.046904813327,511.172787409727,93.1422166861302,145.245524377541,0,0,116.211318892286,110.610657763561,10.3275129286109,19.6967536509444,3.58909384082035,5.59679562773945,0,0,30300.910429999,28843.6923947555,3213.3356511666,6080.24829078213,1255.05983245727,1908.3683981132,0,0,1164.1893980345,1108.22158312984,124.491710863438,235.759800328653,48.9899602210718,74.549303099738,0,0,0,0,5.21131419106293,10.0618724546142,2.27732514063065,3.47755827624939,0,0,0,0,0,0,0,0,0,0,233.035206003377,238.091263356702,93.1641399544035,191.907590178046,63.3895669683103,107.849360317282,0,0,8.95355741534407,9.14784828422965,3.56809846489919,7.34770907693268,2.41818333579458,4.11351267587342,0,0,539.729786176059,532.843099760092,167.774667560656,353.437493442947,137.402768939596,230.905360516273,0,0,20.7371879424754,20.4726878345745,6.43017872206685,13.5420772993375,5.24901822246174,8.81903424000728,0,0,0,0,21.7739920543542,45.8214348385078,16.3566199622953,26.1465036249073,0,0,0,0,0,0,0,0,0,0,137.360999038512,78.1906437052624,109.882256420865,108.592713659243
"51",1994,1943,4.16666666666667,6352.87527605407,5991.07897796096,771.432828598495,1455.46741808205,296.155997795393,451.652365320396,0,0,0,0,0,0,0,0,0,0,0,0,1.18767226250719,2.28927702554365,0.538396368157566,0.824361375677532,0,0,0,0,0,0,0,0,0,0,3032.78777472431,2881.95256265415,273.044375928688,520.762880697068,95.39125896406,148.981362245442,0,0,116.524556245898,110.729226187127,10.5200609052793,20.0663011152572,3.67574672363583,5.74073186993246,0,0,30210.7317300697,28709.0707464235,3253.50336720851,6155.71212152843,1277.9108339696,1945.15027666921,0,0,1160.72476569601,1103.04919573769,126.052969440577,238.698181508587,49.8846171159737,75.9911052311852,0,0,0,0,5.28077574588011,10.197161023293,2.32023053185363,3.54691321855889,0,0,0,0,0,0,0,0,0,0,232.99314923684,237.71775379957,94.744755064973,195.246452841888,64.7974989043904,110.433938935591,0,0,8.95194178755446,9.13349743705644,3.62863065312071,7.47551958803936,2.47190719397332,4.21211140317632,0,0,535.826087315317,528.534743956158,170.11292816146,358.755443922179,139.910925089922,235.692970100745,0,0,20.5872029587709,20.3071538553136,6.5197289936243,13.7456643494134,5.34477550881676,9.00177106656689,0,0,0,0,22.174430479424,46.6980025601815,16.7153798174505,26.7612347957938,0,0,0,0,0,0,0,0,0,0,140.058455514215,79.6254640877942,113.501839012862,112.119285019703
"52",1994,1943,4.25,6337.95354274208,5967.27687594858,780.927993305647,1473.01161522689,300.385703565796,458.461382282303,0,0,0,0,0,0,0,0,0,0,0,0,1.20278910314216,2.31813705065097,0.546295499552038,0.837132628146178,0,0,0,0,0,0,0,0,0,0,3041.28493960738,2885.35198512487,278.03982550603,530.37153995185,97.6924545506829,152.806616239547,0,0,116.85103090911,110.859837434704,10.7125406329192,20.4365799864735,3.76440870599485,5.88811272795165,0,0,30120.981531984,28575.3227657756,3292.75623548466,6229.5969074744,1300.95910419026,1982.27496272792,0,0,1157.27659606898,1097.91037612132,127.57917431851,241.576124387374,50.7870928764113,77.4465261411439,0,0,0,0,5.35060868225613,10.3329051581425,2.36354314162224,3.61698398004988,0,0,0,0,0,0,0,0,0,0,232.980562622746,237.371009480576,96.3421266442013,198.617725008564,66.2357746299714,113.074039961478,0,0,8.95145844727495,9.12017495325916,3.68980638183321,7.60457403652281,2.52679153891581,4.31283274403549,0,0,531.934840448457,524.241780782098,172.440919695681,364.05981820881,142.449514347905,240.54442492849,0,0,20.4376963907655,20.1422112860041,6.60888361537269,13.9487258010355,5.44169471994081,9.18694441643213,0,0,0,0,22.5771867597435,47.580396559676,17.0794632175472,27.3858451296855,0,0,0,0,0,0,0,0,0,0,142.75559637777,81.0581127391741,117.192832136914,115.718263648807
"53",1994,1943,4.33333333333333,6323.0302441652,5943.62764722531,790.15683386904,1490.0942184655,304.641809559241,465.310816288687,0,0,0,0,0,0,0,0,0,0,0,0,1.21795459979193,2.34704276195543,0.554249948763048,0.849989712428189,0,0,0,0,0,0,0,0,0,0,3050.13124179551,2889.06818677331,283.036992530568,540.005009063506,100.046203029667,156.722444258538,0,0,117.190919985913,111.002619844873,10.9050949740879,20.8078289456472,3.85509525401405,6.03898288181005,0,0,30031.6564786287,28442.4418324586,3331.10930735924,6301.92467159423,1324.19247074192,2019.7267497688,0,0,1153.84476017926,1092.80486991546,129.070890239644,244.394450688467,51.6969187777163,78.9149615905919,0,0,0,0,5.420502939674,10.4686071961359,2.40726317353967,3.68776984084699,0,0,0,0,0,0,0,0,0,0,232.996852407949,237.050621541818,97.9539769635871,202.018095295284,67.7046624465918,115.770462955215,0,0,8.95208458167112,9.10786512386076,3.75153825700779,7.73474544048901,2.58284679129256,4.41570753135332,0,0,528.056424171979,519.964524887303,174.758663354909,369.349943232533,145.018258226514,245.459221604807,0,0,20.2886827847555,19.9778722159761,6.69764361908728,14.1512363169524,5.53976534351366,9.37453529571884,0,0,0,0,22.9822076044186,48.4684656592276,17.4488471911861,28.0203181287195,0,0,0,0,0,0,0,0,0,0,145.452759156464,82.4887497797696,120.956431980978,119.390813003381
"54",1994,1943,4.41666666666667,6308.10010833995,5920.12528325519,799.123397696218,1506.72090250203,308.920343501645,472.195288095851,0,0,0,0,0,0,0,0,0,0,0,0,1.23308794232295,2.37586028898523,0.562257666470277,0.862929328063984,0,0,0,0,0,0,0,0,0,0,3059.32994327441,2893.10319487315,288.039278321453,549.668954477949,102.452895903101,160.729967691651,0,0,117.544348807013,111.157651308729,11.0978539197435,21.1802646445263,3.94782150859109,6.19338559319103,0,0,29942.754110113,28310.4222237164,3368.57754491556,6372.7174222304,1347.59905323213,2057.49024819943,0,0,1150.42916352469,1087.73245724196,130.528678895528,247.153982103723,52.6136370199438,80.3958190999501,0,0,0,0,5.49020416278651,10.6038568906608,2.45138521949793,3.75926332801426,0,0,0,0,0,0,0,0,0,0,233.041479058864,236.756216454354,99.5783787363511,205.444754998719,69.2043908186146,118.523957977021,0,0,8.95379946110421,9.09655359727954,3.81375236172853,7.86592615518452,2.64008184073781,4.52076470227378,0,0,524.191293599748,515.703380439496,177.066017190255,374.624924243434,147.616874836875,250.436859961866,0,0,20.140179626938,19.8141521739984,6.78600377199615,14.3531620508887,5.63897674945215,9.56452485534947,0,0,0,0,23.3893962464889,49.3619888639866,17.8235068258266,28.6646335671805,0,0,0,0,0,0,0,0,0,0,148.150275028402,83.9175330498441,124.793805452578,123.138080714222
"55",1994,1943,4.5,6293.15815728764,5896.76408088895,807.831649893936,1522.89724997078,313.217424742662,479.109512627698,0,0,0,0,0,0,0,0,0,0,0,0,1.2481230923533,2.40447948810991,0.570315087591356,0.875946271132343,0,0,0,0,0,0,0,0,0,0,3068.88311813939,2897.457884659,293.04976577838,559.368499146339,104.912918435261,164.830276804854,0,0,117.911397062469,111.324965454188,11.2909353207055,21.554082997601,4.04260235801107,6.35136291411454,0,0,29854.2727477884,28179.2589985507,3405.17580615139,6441.99712780665,1371.16726447571,2095.55038655104,0,0,1147.02974161901,1082.69294825912,131.953098362144,249.855539330329,53.536800775735,81.888517992547,0,0,0,0,5.55950711574403,10.7383212816378,2.49589928606379,3.83145142943044,0,0,0,0,0,0,0,0,0,0,233.113951393404,236.487451076454,101.21372248435,208.895352919653,70.7351539706432,121.335230588907,0,0,8.95658421367091,9.08622718945909,3.87638699986195,7.99802613317472,2.69850426167828,4.62803149116891,0,0,520.339969676966,511.458829318485,179.362699003927,379.883676439769,150.245073333502,255.476835203041,0,0,19.9922069328381,19.6510696746629,6.87395345683506,14.5544618638449,5.73931797684974,9.75689409034786,0,0,0,0,23.7986189864403,50.2606854892638,18.2034143326931,29.3187663012033,0,0,0,0,0,0,0,0,0,0,150.848469152401,85.3446182084266,128.706093645792,126.961201386383
"56",1994,1943,4.58333333333333,6278.19967060971,5873.53860535148,816.285476509038,1538.62875487875,317.529261034556,486.048295711586,0,0,0,0,0,0,0,0,0,0,0,0,1.26300618468215,2.43280986429786,0.578417551804982,0.889033945742976,0,0,0,0,0,0,0,0,0,0,3078.79186122786,2902.13218731332,298.071251269122,569.108278610021,107.426652723221,169.02443887443,0,0,118.292106817685,111.504559637168,11.4844461012698,21.9294613191982,4.1394525581877,6.51295600165678,0,0,29766.2113450019,28048.9478493498,3440.91883128429,6509.78568903831,1394.8858024801,2133.89240249714,0,0,1143.64645425764,1077.68617746098,133.344702566223,252.499940995378,54.4659738922479,83.3924890595381,0,0,0,0,5.62824678449323,10.8717309930476,2.54079214840194,3.90431718997786,0,0,0,0,0,0,0,0,0,0,233.213818655299,236.244006294396,102.858671284347,212.367932152844,72.2971188181328,124.204948285648,0,0,8.96042152068648,9.07687363953771,3.93939095401416,8.13097049027559,2.75812058059625,4.73753367756841,0,0,516.50302589097,507.231416286036,181.648315401264,385.124964725142,152.902547950496,260.578629236106,0,0,19.84478673672,19.4886456485878,6.96147778866473,14.7550888527737,5.84077750480131,9.95162350739685,0,0,0,0,24.2097136717051,51.1642283200111,18.5885380180625,29.9826850135503,0,0,0,0,0,0,0,0,0,0,153.547661219444,86.7701589122952,132.694416401241,130.861300051746
"57",1994,1943,4.66666666666667,6263.2201525717,5850.44365677504,824.48868736526,1553.92082558308,321.852145753563,493.006531345622,0,0,0,0,0,0,0,0,0,0,0,0,1.27769321111726,2.46077692538781,0.586559662332796,0.902184801875475,0,0,0,0,0,0,0,0,0,0,3089.05647747864,2907.12527846888,303.106274920629,578.892494015578,109.994480196497,173.313505289051,0,0,118.686489788899,111.696402184163,11.6784834121998,22.3065603437224,4.23838683076999,6.67820539287236,0,0,29678.5693517133,27919.4849676878,3475.82122916751,6576.10491178553,1418.74364344076,2172.50183515895,0,0,1140.27928031614,1072.71199852111,134.704040756712,255.08800260661,55.4007306314204,84.907174273328,0,0,0,0,5.69629047470767,11.0038680290445,2.58604849543069,3.97784106574455,0,0,0,0,0,0,0,0,0,0,233.340663462458,236.025581461237,104.512118922152,215.860871393025,73.8904312258998,127.133746532667,0,0,8.96529534574982,9.06848139617682,4.00272187494211,8.26469724578017,2.81893651732292,4.84929581883484,0,0,512.681076014826,503.021735271839,183.922388335267,390.347440283623,155.588972781618,265.741702707947,0,0,19.6979426206791,19.3269029155022,7.04855863512233,14.9549917566184,5.94334305186684,10.1486928194308,0,0,0,0,24.6224972149824,52.0722553272279,18.9788414491268,30.6563511770102,0,0,0,0,0,0,0,0,0,0,156.248165937917,88.1943069644996,136.759876566495,134.839495396024
"58",1994,1943,4.75,6248.21530996708,5827.47424755776,832.445018217425,1568.77878709561,326.182455890146,499.979199835444,0,0,0,0,0,0,0,0,0,0,0,0,1.29214856858313,2.48831987331685,0.594735475595842,0.915390570730134,0,0,0,0,0,0,0,0,0,0,3099.67660778545,2912.4357033311,308.157142750106,588.724950268683,112.616782438831,177.698515187457,0,0,119.094532178673,111.900437199637,11.8731354732184,22.6855256795723,4.33941989614287,6.84715114603987,0,0,29591.3466250104,27790.8669558393,3509.89746800592,6640.97648811287,1442.73003629524,2211.36451944186,0,0,1136.92821431208,1067.77028089288,136.031657142193,257.62053581904,56.3406554688654,86.4320265779731,0,0,0,0,5.76353292372397,11.1345581476504,2.63165150940484,4.05200162168771,0,0,0,0,0,0,0,0,0,0,233.494097317488,235.831891028606,106.173160853203,219.372843860927,75.515220261869,130.122233361002,0,0,8.97119076225084,9.0610394881494,4.06634516441944,8.39915574184744,2.88095714882108,4.96334142690134,0,0,508.874765684483,498.830419873768,186.184372828016,395.549665400837,158.303998866662,270.965489958813,0,0,19.5516993910242,19.1658658192505,7.13517529720475,15.1541159099226,6.04700146416861,10.3480807522496,0,0,0,0,25.0367701686334,52.9843769005526,19.3742831342272,31.3397186270067,0,0,0,0,0,0,0,0,0,0,158.950293347508,89.6172123987867,140.903562971929,138.896901976564
"59",1994,1943,4.83333333333333,6233.18103116231,5804.62558094317,840.158132861048,1583.2078833044,330.516650037247,506.96136595583,0,0,0,0,0,0,0,0,0,0,0,0,1.30634367662064,2.51538940553841,0.602938681291788,0.928642487718613,0,0,0,0,0,0,0,0,0,0,3110.65134774837,2918.06149437507,313.2259486185,598.609093872567,115.293942028626,182.18049903638,0,0,119.516199238515,112.116589088139,12.0684824089282,23.066489251317,4.44256650704874,7.01983297951606,0,0,29504.543344798,27663.0907437105,3543.16186634952,6704.42197771002,1466.83449705528,2250.46658017544,0,0,1133.59326316577,1062.86090661781,137.328090538565,260.098347714922,57.2853428845377,87.9665096723904,0,0,0,0,5.82989164551073,11.2636635990249,2.67758341946345,4.12677619581221,0,0,0,0,0,0,0,0,0,0,233.673756381909,235.662661431575,107.841066337083,222.902777769317,77.1716021123472,133.17099367112,0,0,8.97809379100935,9.05453740465139,4.13023290325315,8.53430512215399,2.9441870599834,5.07969313384319,0,0,505.084764448028,494.658134365145,188.43367369314,400.730136925764,161.047251594521,276.249394323509,0,0,19.4060827727989,19.0055598822773,7.22130515164369,15.3524041441345,6.15173861561926,10.5497648644072,0,0,0,0,25.4523210601367,53.9001827090642,19.7748162352439,32.0327331756177,0,0,0,0,0,0,0,0,0,0,161.654349119701,91.0390235580646,145.126553295812,143.034632350667
"60",1994,1943,4.91666666666667,6218.1133663006,5781.89303075523,847.631625251012,1597.21327920979,334.851266390455,513.948177160165,0,0,0,0,0,0,0,0,0,0,0,0,1.32025566697473,2.54194563000562,0.611162771270709,0.941931501464835,0,0,0,0,0,0,0,0,0,0,3121.97935953276,2924.00028199165,318.314595746808,608.548049962965,118.026343310398,186.760482008517,0,0,119.951439566679,112.344766805494,12.2645970682015,23.4495707113981,4.54784147946844,7.19629040281809,0,0,29418.1599345126,27536.1535109215,3575.62858453135,6766.46278996993,1491.04680294717,2289.79442610629,0,0,1130.27444315398,1057.98376733185,138.593874033401,262.522240108479,58.234397146378,89.510097788331,0,0,0,0,5.89530252072213,11.3910762435115,2.72382602167065,4.2021415223449,0,0,0,0,0,0,0,0,0,0,233.87929750427,235.517628213857,109.515251785296,226.449818406865,78.8596836905099,136.280593267572,0,0,8.98599124766926,9.04896498484749,4.19436282597925,8.67011287281678,3.00863048263704,5.19837284710271,0,0,501.311758251052,490.505565170473,190.669661273434,405.887308406476,163.818328427507,281.592783815586,0,0,19.2611191210594,18.8460114781116,7.30692425539682,15.5497976378562,6.25753932045883,10.7537213817562,0,0,0,0,25.8689304763526,54.8192481751859,20.180388320321,32.7353322758725,0,0,0,0,0,0,0,0,0,0,164.360634845835,92.4598871676322,149.429916808445,147.253799107191
"61",1995,1943,5,6200.57762232557,5756.06854592423,856.462892797844,1613.80397972487,339.119135184407,521.114231774107,0,0,0,0,0,0,0,0,0,0,0,0,1.33393768633306,2.56872429010085,0.619271911668991,0.955562179734485,0,0,0,0,0,0,0,0,0,0,3133.17705760357,2929.69742463372,323.801866705324,619.286473445095,120.793014699093,191.507789364443,0,0,120.381673033574,112.563660136498,12.4760309938538,23.8633951424313,4.6544363098861,7.37919406801437,0,0,29326.7209004458,27403.6326516803,3611.20181908024,6834.93287156855,1515.05732129751,2330.11849714203,0,0,1126.76137957332,1052.89209613656,139.978890908471,265.193642346509,59.1757143804483,91.0929006486415,0,0,0,0,5.95967475218153,11.5195274492526,2.76978118520972,4.27947725660237,0,0,0,0,0,0,0,0,0,0,233.957309813712,235.458573373585,111.178718777702,230.315519631125,80.4983044738286,139.672047896581,0,0,8.98898885461835,9.04669599238291,4.25809021060093,8.81813628823573,3.071191188261,5.32781172534328,0,0,497.482503737269,486.296420574671,192.927243256062,411.186312284699,166.578742530563,287.094498589974,0,0,19.113994320364,18.6842893565507,7.39337643694498,15.7526334557193,6.36293384928985,10.9637250180869,0,0,0,0,26.283602133554,55.7503025210029,20.586584248331,33.4583836748236,0,0,0,0,0,0,0,0,0,0,167.170031916333,93.7219748364852,153.977824072676,151.078483450346
"62",1995,1943,5.08333333333333,6182.69117821515,5729.95521273675,865.225914592152,1630.3042053638,343.389224483933,528.323672840531,0,0,0,0,0,0,0,0,0,0,0,0,1.34776087330115,2.5957774381731,0.627378431250415,0.969269926886035,0,0,0,0,0,0,0,0,0,0,3144.71087570237,2935.67083523209,329.364424160705,630.194967721864,123.621222499931,196.380253735037,0,0,120.824820769458,112.793168124182,12.6903668469755,24.283774956453,4.76340112167464,7.56691837950482,0,0,29234.970608067,27271.1147230661,3646.42241376513,6902.92675161861,1539.15537527343,2370.81801017304,0,0,1123.23635634079,1047.80053758723,141.35036638896,267.846909644622,60.1205763894659,92.6906364457184,0,0,0,0,6.02424535530655,11.6485211568427,2.81594550975437,4.35761181875105,0,0,0,0,0,0,0,0,0,0,234.048847967137,235.424093693631,112.861219653206,234.241011468386,82.1638941543687,143.146597255524,0,0,8.99250614497792,9.04537121699571,4.3225505126197,8.96845662463635,3.13478542145316,5.46042896104333,0,0,493.650632483674,482.099605602613,195.169338250562,416.495517900789,169.353398162219,292.682991899188,0,0,18.9667689726675,18.5230409593013,7.47923600756363,15.9558601253108,6.46887397446103,11.1770435537989,0,0,0,0,26.6985792936113,56.6855173629938,20.9969277985759,34.192691825702,0,0,0,0,0,0,0,0,0,0,169.993843554674,94.9627654958138,158.630346124712,154.919072317412
"63",1995,1943,5.16666666666667,6164.77498971458,5703.97740962567,873.709326241902,1646.31434932175,347.667051849615,535.54850057459,0,0,0,0,0,0,0,0,0,0,0,0,1.36164348273851,2.62288401548985,0.635501012441215,0.983013916981846,0,0,0,0,0,0,0,0,0,0,3156.64452696356,2941.99245696613,334.953810018594,641.178502505791,126.514229671276,201.370886599284,0,0,121.283330734841,113.036054940547,12.9057427798698,24.7070567570304,4.87486183466467,7.75919424896359,0,0,29143.6411697322,27139.4561717997,3680.78012275313,6969.41491907651,1563.37259337732,2411.77902747927,0,0,1119.72750205379,1042.74199775111,142.688701748934,270.442408926323,61.0702225862091,94.2988576142697,0,0,0,0,6.08882802239549,11.7773784909009,2.86240147086681,4.43636684654652,0,0,0,0,0,0,0,0,0,0,234.174160944563,235.405915330453,114.564005718487,238.185829518891,83.8677831361752,146.676937254312,0,0,8.99732111523214,9.04467276432067,4.38779084667601,9.11952322844087,3.19984580537556,5.5951836327828,0,0,489.826817322433,477.925729968299,197.39149213524,421.791385181577,172.147031527474,298.344032948667,0,0,18.819853143598,18.362673928611,7.56433175042968,16.1585750542609,6.57554080444209,11.393134070564,0,0,0,0,27.1141922109029,57.6235579038502,21.4119298520313,34.9367593960095,0,0,0,0,0,0,0,0,0,0,172.81896437728,96.2034171984719,163.3674514989,158.839864593572
"64",1995,1943,5.25,6146.82540509184,5678.13073392209,881.917388385738,1661.8403465682,351.948614437436,542.783106876315,0,0,0,0,0,0,0,0,0,0,0,0,1.37549946557962,2.64990134912683,0.643638773345769,0.996791716198591,0,0,0,0,0,0,0,0,0,0,3168.97377770078,2948.65752097751,340.571558073897,652.239884381813,129.471914210091,206.480674212159,0,0,121.757040264724,113.29213735843,13.1222172405045,25.1333476997401,4.98881391214904,7.95605985806283,0,0,29052.7348183591,27008.6555953765,3714.29022401993,7034.42011205425,1587.69824313971,2452.98740633114,0,0,1116.23490251154,1037.71642274121,143.994472276592,272.980991654422,62.0242376317077,95.9170170986764,0,0,0,0,6.15319419751829,11.905733406487,2.90914789729963,4.51573977476368,0,0,0,0,0,0,0,0,0,0,234.332536244489,235.404451902546,116.285310033189,242.149668532351,85.6100110156717,150.265468128141,0,0,9.00340639005146,9.04461652624361,4.45374351056086,9.27132445312034,3.26637416470933,5.73216785395351,0,0,486.012558018502,473.775059155802,199.594230981777,427.071669962465,174.959746513975,304.075666035882,0,0,18.6733044563502,18.2031984648018,7.64868406193207,16.3606928805545,6.68293851993575,11.6119224488576,0,0,0,0,27.5303636973136,58.5642191584303,21.8315265094767,35.6905094322639,0,0,0,0,0,0,0,0,0,0,175.6457976826,97.4440169528729,168.190705096543,162.841797279464
"65",1995,1943,5.33333333333333,6128.83887129996,5652.41089185934,889.85426564486,1676.88801972231,356.230002098467,550.021973629492,0,0,0,0,0,0,0,0,0,0,0,0,1.38925863989115,2.67671223700367,0.651789067840386,1.01059871639058,0,0,0,0,0,0,0,0,0,0,3181.69442152244,2955.66125992343,346.219104758344,663.381685799776,132.494234320701,211.710622932216,0,0,122.245787742814,113.561232208896,13.3398449927013,25.5627460273442,5.1052558771936,8.15755413680436,0,0,28962.2536918643,26878.7115339118,3746.96778100246,7097.96484875335,1612.12184338086,2494.42927433144,0,0,1112.75863986289,1032.72375646591,145.268245381488,275.463501356513,62.9822155794003,97.5445778214995,0,0,0,0,6.21715996439993,12.0332896316408,2.9561787337469,4.59572228859041,0,0,0,0,0,0,0,0,0,0,234.52329564985,235.42006965258,118.023614495694,246.132353423289,87.3905777494395,153.91440093074,0,0,9.01073591136133,9.04521657439525,4.5203503675802,9.42385369485628,3.33437078697428,5.87146650906322,0,0,482.20930447669,469.647904893774,201.777912416823,432.334145418845,177.791599170842,309.876047752969,0,0,18.5271786184163,18.0446265449872,7.73230687561697,16.5621288905175,6.79106949370362,11.8333388784836,0,0,0,0,27.9469826764983,59.5072418480671,22.2556520489851,36.4538607604677,0,0,0,0,0,0,0,0,0,0,178.474738197666,98.6846538699174,173.101640880741,166.925837583912
"66",1995,1943,5.41666666666667,6110.81192412811,5626.81368759037,897.5240353941,1691.46309035277,360.507391628315,557.259667676403,0,0,0,0,0,0,0,0,0,0,0,0,1.40286315792894,2.70321939541151,0.659948054917819,1.02442881891371,0,0,0,0,0,0,0,0,0,0,3194.80230389966,2962.99893700548,351.897798318024,674.606275288299,135.581215805622,217.061759684292,0,0,122.74941354547,113.843157496576,13.5586774606895,25.9953422182263,5.22418883295213,8.36371678569654,0,0,28872.1998205249,26749.6224548781,3778.82764973984,7160.07142738229,1636.63315208592,2536.09101473614,0,0,1109.29879212077,1027.76394004257,146.510580847762,277.890773595467,63.9437594284254,99.1810121441879,0,0,0,0,6.28057588009077,12.1598050783599,3.003484689539,4.67630221720188,0,0,0,0,0,0,0,0,0,0,234.745791466476,235.453092654451,119.777608241341,250.133812900039,89.2094575553132,157.625786380343,0,0,9.01928479381851,9.04648536021439,4.58756124436738,9.57710836853641,3.40383495928345,6.01315835767351,0,0,478.418458464028,465.544615995431,203.942759677829,437.576612637752,180.642595120672,315.743421983077,0,0,18.3815294877619,17.8869715711289,7.81520897004906,16.7627994290595,6.89993418772195,12.0573169010313,0,0,0,0,28.3639136496767,60.4523270541535,22.6842378599477,37.2267267989776,0,0,0,0,0,0,0,0,0,0,181.306172838116,99.9254188255854,178.10176660434,171.092980189591
"67",1995,1943,5.5,6092.74118705331,5601.33502157029,904.930689126004,1705.57118135644,364.777047558941,564.490842170994,0,0,0,0,0,0,0,0,0,0,0,0,1.41626606345918,2.72934318656768,0.668110926538872,1.03827471042494,0,0,0,0,0,0,0,0,0,0,3208.2933374832,2970.665863477,357.608900882819,685.915826963937,138.732946345412,222.535132012457,0,0,123.267760630196,114.137733072325,13.7787628054588,26.4312193468112,5.34561624502668,8.57458827972502,0,0,28782.5751158607,26621.3867419717,3809.88447296929,7220.76191486647,1661.22217039727,2577.95926999178,0,0,1105.85543273502,1022.83691136974,147.72203061031,280.263635542925,64.9084812784638,100.825802000679,0,0,0,0,6.34332283446116,12.2850854738151,3.05105388533837,4.75746428373147,0,0,0,0,0,0,0,0,0,0,234.999405609508,235.503804494327,121.546170607568,254.154067690975,91.0666056771687,161.401526380342,0,0,9.02902928971011,9.04843377953638,4.65533327481611,9.73108945095156,3.47476522927697,6.15731647557542,0,0,474.641372471931,461.465573981024,206.088876924003,442.796908424255,183.512686703625,321.676107938233,0,0,18.2364090291088,17.7302482018458,7.89739455657227,16.9626222007586,7.00953104248793,12.2837929522596,0,0,0,0,28.7810008568119,61.3991426840185,23.1172119008185,38.0090148334186,0,0,0,0,0,0,0,0,0,0,184.140480832615,101.16640430806,183.192565916965,175.344246783711
"68",1995,1943,5.58333333333333,6074.62336728338,5575.97088588001,912.078136605759,1719.21782253058,369.035320100686,571.710235136044,0,0,0,0,0,0,0,0,0,0,0,0,1.42942943369639,2.75501868569404,0.676272189999348,1.05212820402064,0,0,0,0,0,0,0,0,0,0,3222.16351531161,2978.65741459185,363.353593328542,697.312336773505,141.949567985971,228.131807834727,0,0,123.800675043125,114.444781246001,14.0001461069904,26.8704537005976,5.46954365543945,8.79020986140602,0,0,28693.3813632302,26494.0026866764,3840.15268095194,7280.05814265882,1685.87913871348,2620.02093683191,0,0,1102.42863030797,1017.94260480301,148.903138778354,282.582905809632,65.8760021891403,102.47843871913,0,0,0,0,6.40530672755347,12.4089761630645,3.09887265964406,4.83919103758562,0,0,0,0,0,0,0,0,0,0,235.28354771266,235.572451229582,123.328347909549,258.193215672061,92.9619658352418,165.243390195677,0,0,9.0399467163088,9.0510712862803,4.72363000598398,9.88580090377614,3.54715969282072,6.30400887386978,0,0,470.879350233544,457.411187664365,208.216268525053,447.992911936147,186.401771709451,327.67248569171,0,0,18.0918673338125,17.5744721444191,7.97886401975647,17.1615165265031,7.11985642646057,12.5127058081795,0,0,0,0,29.1980732998468,62.3473313004055,23.5544981918415,38.8006254071564,0,0,0,0,0,0,0,0,0,0,186.978034096326,102.407704213907,188.375501222699,179.680684731337
"69",1995,1943,5.66666666666667,6056.45525245867,5550.71736008397,918.970209971777,1732.40845617746,373.278643445338,578.912668544737,0,0,0,0,0,0,0,0,0,0,0,0,1.44232255036486,2.78019278366025,0.684425931560653,1.06598055925987,0,0,0,0,0,0,0,0,0,0,3236.40892325295,2986.96904507342,369.132980342353,708.797639070633,145.231269019934,233.852874689567,0,0,124.34800639705,114.764127380806,14.2228695540393,27.3131154096795,5.5959783733452,9.01062351439285,0,0,28604.62021484,26367.4684803358,3869.64649128529,7337.98170101757,1710.59453349284,2662.26316230118,0,0,1099.01844832579,1013.08095085045,150.054441620798,284.849394218497,66.8459520667944,104.138422878804,0,0,0,0,6.46645324982555,12.5313540420099,3.14692631348572,4.9214637197898,0,0,0,0,0,0,0,0,0,0,235.597653232667,235.659244573567,125.123329403804,262.251416528232,94.895477484716,169.153031297367,0,0,9.05201538304316,9.0544060148127,4.79242047301227,10.0412490787983,3.6210162743693,6.45329914357292,0,0,467.13364716515,453.381887384242,210.32485899305,453.162551609702,189.309692529103,333.730981128081,0,0,17.9479526368215,17.4196599331544,8.05961468230834,17.3594036109886,7.23090460152982,12.743996008852,0,0,0,0,29.6149496740316,63.2965178513166,23.9960163825203,39.6014517772814,0,0,0,0,0,0,0,0,0,0,189.819197608157,103.649413626746,193.652016789664,184.103365755377
"70",1995,1943,5.75,6038.2337091273,5525.57060902057,925.610666508817,1745.14844088168,377.503534642834,586.093047842839,0,0,0,0,0,0,0,0,0,0,0,0,1.45492091016907,2.80482259980329,0.692565931641864,1.0798226250639,0,0,0,0,0,0,0,0,0,0,3251.02574472242,2995.59629597567,374.948094058508,720.37341726293,148.578278391998,239.699438387539,0,0,124.909608052679,115.095600156905,14.4469725805747,27.7592688509688,5.72492926160024,9.23587191326055,0,0,28516.2931877632,26241.7822115211,3898.37990922582,7394.5539359212,1735.35906450618,2704.67334080149,0,0,1095.62494508246,1008.25187607147,151.176467572829,287.06390168039,67.8179695663939,105.805264204202,0,0,0,0,6.52670509528419,12.6521231978018,3.19519942008619,5.00426263187046,0,0,0,0,0,0,0,0,0,0,235.941182208692,235.764364200037,126.93043213473,266.328882432377,96.8670794677637,173.131998292007,0,0,9.06521454383262,9.05844486848763,4.86167861643102,10.1974423570187,3.69633286815419,6.60524687369183,0,0,463.405470927575,449.378121261053,212.414505153614,458.303808791707,192.236236784489,339.850056751325,0,0,17.8047113382478,17.265828785555,8.13964127181612,17.556206682618,7.34266774587328,12.977605506405,0,0,0,0,30.0314409336728,64.2463137714625,24.4416816737252,40.4113797900783,0,0,0,0,0,0,0,0,0,0,192.664329676625,104.891628664696,199.023540909419,188.613385031689
"71",1995,1943,5.83333333333333,6019.95568124329,5500.52688054766,932.003191657255,1757.44305560414,381.706592389074,593.246361457408,0,0,0,0,0,0,0,0,0,0,0,0,1.46720516711896,2.82887378993051,0.700685794057434,1.09364499877277,0,0,0,0,0,0,0,0,0,0,3266.01026520917,3004.53480148998,380.799897929761,732.041215155417,151.990859840923,245.672621592109,0,0,125.485337292564,115.439031832948,14.6724920111054,28.2089730789095,5.85640651326447,9.46599837062027,0,0,28428.4016621667,26116.941863592,3926.36672813737,7449.79594588514,1760.16367171536,2747.23911078361,0,0,1092.24817361154,1003.45530298307,152.269737246751,289.227220065552,68.7917019797937,107.478481446374,0,0,0,0,6.5860189730801,12.7712102472495,3.24367617841526,5.08756755295945,0,0,0,0,0,0,0,0,0,0,236.31361792565,235.88796019419,128.749084994211,270.425868252436,98.8767137354323,177.181746344429,0,0,9.07952434573027,9.06319361381925,4.93138266912034,10.354390769366,3.77310748215008,6.75990808819853,0,0,459.695982082066,445.400351243287,214.485008919624,463.414721441681,195.181138111559,346.028202097866,0,0,17.6621880285665,17.1129964504221,8.21893641061979,17.7518511361213,7.45513598257032,13.2134772978451,0,0,0,0,30.4473530410464,65.1963213645376,24.8914047159527,41.2302877310462,0,0,0,0,0,0,0,0,0,0,195.513782226753,106.134446318995,204.491488173799,193.211860230138
"72",1995,1943,5.91666666666667,6001.61818898476,5475.58250356513,938.151402015953,1769.29750376498,385.884495836456,600.367680375981,0,0,0,0,0,0,0,0,0,0,0,0,1.47916016076669,2.85231898853573,0.708779060155034,1.10743816701024,0,0,0,0,0,0,0,0,0,0,3281.35887536428,3013.78029430014,386.689290543397,743.802447808635,155.469306208479,251.773562186262,0,0,126.075055439749,115.794258451823,14.8994622039922,28.662282237738,5.99042143438029,9.70104677589244,0,0,28340.946880544,25992.9453132826,3953.62053017441,7503.72857920562,1784.99952189758,2789.94835130022,0,0,1088.88818165681,998.691150005549,153.334763451586,291.34013209111,69.7668051145311,109.157602259314,0,0,0,0,6.64436286730884,12.8885600542679,3.29234072323622,5.17135810664301,0,0,0,0,0,0,0,0,0,0,236.714465600831,236.030155482399,130.578813583341,274.542662368715,100.924328547262,181.303648055914,0,0,9.09492577846157,9.06865697383622,5.00151457420087,10.5121056411118,3.851338361934,6.91733566214179,0,0,456.006294838395,441.449049309413,216.536129276151,468.493387353651,198.144077314908,352.263924802172,0,0,17.5204255173593,16.9611810619248,8.29749107534119,17.94626465654,7.56829742248111,13.4515550827766,0,0,0,0,30.8624894610992,66.1461377995309,25.3450915556793,42.0580462330488,0,0,0,0,0,0,0,0,0,0,198.36790108688,107.377964296508,210.057261690197,197.899930574935
"73",1996,1943,6,5983.1232648837,5450.60233437396,944.118015558788,1780.82942180842,390.032805454477,607.458622387196,0,0,0,0,0,0,0,0,0,0,0,0,1.49077248587895,2.87515289965769,0.716837031789485,1.12120447400813,0,0,0,0,0,0,0,0,0,0,3297.06540010734,3023.3294859686,392.617052378108,755.66359038819,159.013499082607,258.006259410499,0,0,126.678525237769,116.161153666499,15.1279129411378,29.1194453871026,6.12696947667629,9.94117125798532,0,0,28253.855508342,25869.7234693464,3980.18496323757,7556.47604028694,1809.85244312154,2832.81939735843,0,0,1085.54215158445,993.956762543836,154.373212204678,293.407408331417,70.7427258462369,110.843345664413,0,0,0,0,6.70170367946999,13.0042016526176,3.34116706847903,5.25567012976723,0,0,0,0,0,0,0,0,0,0,237.140113897939,236.193608059764,132.419088643227,278.690263067411,103.008322359975,185.50888402468,0,0,9.11128008889358,9.07493707298275,5.07205430785465,10.6710086306511,3.93096461293878,7.077956699163,0,0,452.337684831283,437.525766607293,218.566887699875,473.539890091694,201.124065895115,358.559613025778,0,0,17.3794728163817,16.8104422176526,8.37526794764866,18.1394509294752,7.68211461990579,13.6919307575357,0,0,0,0,31.2766036602466,67.0957138439288,25.8025664553816,42.8949800766639,0,0,0,0,0,0,0,0,0,0,201.228524533162,108.617143241943,215.725305224841,202.658914107154
"74",1996,1943,6.08333333333333,5963.13793874198,5423.74478945095,950.724498984545,1793.60256990118,394.136776719002,614.612324669732,0,0,0,0,0,0,0,0,0,0,0,0,1.50215254044279,2.8978334856792,0.724823257318529,1.13510439000426,0,0,0,0,0,0,0,0,0,0,3313.10243490715,3033.19944775508,398.591331106145,767.713716372441,162.619218842434,264.415276867044,0,0,127.294693760711,116.540373382075,15.3581562909996,29.583891400202,6.26588780433512,10.1880884767112,0,0,28166.0668739228,25746.3145491731,4006.4964999868,7609.50944407726,1834.63744728504,2876.270529454,0,0,1082.16933060578,989.215187391777,155.401816348748,295.485791533821,71.7161397023182,112.552078057268,0,0,0,0,6.7579749708299,13.1192528999814,3.38999433124367,5.34127808611483,0,0,0,0,0,0,0,0,0,0,237.547526166283,236.412657952791,134.267705791794,283.013227465927,105.107375911321,189.933084766616,0,0,9.12693374174309,9.08335331027762,5.14291925956234,10.8366383849262,4.01117288344542,7.24694678747737,0,0,448.690480316636,433.64463391263,220.566574427954,478.584553402699,204.11000075919,364.972163416666,0,0,17.2393425375688,16.6613228446901,8.45185645635802,18.3325711990198,7.79616381745932,13.9367774646448,0,0,0,0,31.688798545062,68.0496992980403,26.2625712016221,43.7474310445008,0,0,0,0,0,0,0,0,0,0,204.116644003623,109.780134408436,221.538764782992,207.209490986368
"75",1996,1943,6.16666666666667,5943.08835714963,5396.989367165,957.07138117304,1805.9083393321,398.215234572384,621.73261029354,0,0,0,0,0,0,0,0,0,0,0,0,1.51341022633588,2.92026087163523,0.732768702799431,1.14895609781933,0,0,0,0,0,0,0,0,0,0,3329.52256727301,3043.38394016061,404.620739811155,779.890093036928,166.295743392312,270.964462443294,0,0,127.925581504778,116.931677867022,15.5905242534006,30.0532034863394,6.40753377223297,10.440405224778,0,0,28078.6933742785,25623.7174480844,4032.09992232893,7661.2690415275,1859.43141751337,2919.84473027354,0,0,1078.81245891776,984.504803681675,156.403112561291,297.515097580895,72.6900498236175,114.265917203259,0,0,0,0,6.81337609136082,13.2327600133994,3.43896388690803,5.427336859058,0,0,0,0,0,0,0,0,0,0,237.985098007284,236.647966709863,136.127084618656,287.348122198386,107.246107724788,194.427460838068,0,0,9.14374617159352,9.09239423917299,5.21420028587487,11.0027338067838,4.09290293024769,7.41862973460953,0,0,445.060102881983,429.789394243055,222.54466113709,483.600068910283,207.109379506225,371.446328471677,0,0,17.0998587715448,16.5131983236814,8.52762036648836,18.5245810295121,7.91073172724489,14.1839861308242,0,0,0,0,32.0996020640466,69.0024157956709,26.7261638103228,44.6084911293959,0,0,0,0,0,0,0,0,0,0,207.009903498592,110.94424318215,227.454249884444,211.850178403864
"76",1996,1943,6.25,5922.97256415701,5370.33341637116,963.162505161402,1817.75222815487,402.264764135916,628.814365273399,0,0,0,0,0,0,0,0,0,0,0,0,1.52449519623293,2.94234847577243,0.740670898469793,1.16275497572845,0,0,0,0,0,0,0,0,0,0,3346.31858442574,3053.87568720463,410.704393549841,792.191272676493,170.043090766189,277.65479202018,0,0,128.570911343461,117.334787566533,15.8249828863706,30.527326170792,6.5519081592202,10.6981592293059,0,0,27991.7387838423,25501.932484202,4057.00865043135,7711.77563494426,1884.22639811674,2963.53087970661,0,0,1075.47168154305,979.825623635957,157.377608379971,299.496108688786,73.6641451991588,115.984428312559,0,0,0,0,6.86787846621952,13.344668575106,3.48806389687994,5.51383134825606,0,0,0,0,0,0,0,0,0,0,238.452306853093,236.899817477571,137.997413774242,291.697036771782,109.424545864554,198.994233733849,0,0,9.16169730061684,9.10207073861567,5.28590479420495,11.1693753089714,4.17615610405885,7.59309091422214,0,0,441.448083674385,425.960669677208,224.500971751265,488.583803225321,210.121990213487,377.979969227777,0,0,16.9610803472359,16.3660925558853,8.60255312248068,18.7153800980318,8.02581057491556,14.4334758808523,0,0,0,0,32.5088446719647,69.9535029183641,27.1932357724223,45.4780085646441,0,0,0,0,0,0,0,0,0,0,209.90866851676,112.109550653799,233.473255760277,216.582018282548
"77",1996,1943,6.33333333333333,5902.78857212009,5343.77420396154,969.001719661295,1829.13979492693,406.282037119569,635.852563620479,0,0,0,0,0,0,0,0,0,0,0,0,1.5353666402059,2.964025507413,0.748526391484103,1.17649514221346,0,0,0,0,0,0,0,0,0,0,3363.48395433605,3064.66804994159,416.841544790165,804.615989281129,173.861331130717,284.487261029471,0,0,129.230432305747,117.749447401702,16.0615035093818,31.0062109243095,6.69901373666851,10.9613889519094,0,0,27905.2060873757,25380.9591190134,4081.23604595101,7761.05005188187,1909.01461105393,3007.31799877117,0,0,1072.14711316425,975.177626563765,158.325809410172,301.429608507555,74.6381214127229,117.70718155293,0,0,0,0,6.92146217772314,13.454939185506,3.53728206847678,5.60074566954199,0,0,0,0,0,0,0,0,0,0,238.948629540863,237.168441694616,139.878838387957,296.061825386122,111.642696124659,203.635454397513,0,0,9.18076702812047,9.11239170085233,5.35803851869282,11.3366342847766,4.26093289477134,7.77040918506451,0,0,437.855843389018,422.159040217236,226.435337629286,493.533328224524,213.147553595693,384.570982140538,0,0,16.8230618498473,16.2200278259138,8.67664845574321,18.9048759446688,8.14139001771243,14.6851671972599,0,0,0,0,32.9163560235737,70.9025967740792,27.6636736318871,46.3558217492695,0,0,0,0,0,0,0,0,0,0,212.813296527959,113.276138824935,239.597245851629,221.406063543187
"78",1996,1943,6.41666666666667,5882.53436094324,5317.30897181714,974.592789440229,1840.07649776201,410.263805761803,642.84226084468,0,0,0,0,0,0,0,0,0,0,0,0,1.54599170660665,2.98523441446927,0.756331004858996,1.19016977597654,0,0,0,0,0,0,0,0,0,0,3381.01285373997,3075.75503805244,423.031581206878,817.163171132605,177.750598988502,291.462921806806,0,0,129.903920652522,118.175427214891,16.3000626241104,31.4898166575506,6.84885574123063,11.2301350302361,0,0,27819.0977059052,25260.7963216006,4104.79516473285,7809.11269883463,1933.78846708805,3051.19530434451,0,0,1068.83884680436,970.560772855249,159.248209789793,303.316364935553,75.6116811346948,119.433754296357,0,0,0,0,6.9741142351516,13.5635445323288,3.58660593538724,5.68806360549567,0,0,0,0,0,0,0,0,0,0,239.473555864059,237.454030022045,141.771472468174,300.44413644586,113.900561191924,208.353041252388,0,0,9.20093575120999,9.123364451387,5.43060599575582,11.504574239367,4.34723366731192,7.95065834845381,0,0,434.284704938459,418.385056286843,228.347589302664,498.446395554245,216.185730314783,391.217313754469,0,0,16.6858541076324,16.075025281928,8.74990006818747,19.0929829964651,8.25745742398634,14.9389824821992,0,0,0,0,33.3219660024183,71.8493322481741,28.1373602954102,47.2417622951826,0,0,0,0,0,0,0,0,0,0,215.724138616276,114.444090750797,245.827686206584,226.323406461356
"79",1996,1943,6.5,5862.20789796574,5290.93495469465,979.93940348222,1850.56770626695,414.206900039313,649.778592474208,0,0,0,0,0,0,0,0,0,0,0,0,1.55634383106505,3.00592816817092,0.764080083391251,1.2037714223661,0,0,0,0,0,0,0,0,0,0,3398.90003848137,3087.13119024119,429.273999734542,829.831902613097,181.711078877946,298.582870652097,0,0,130.591174894923,118.612517174376,16.540640920759,31.9781082591492,7.00144132685601,11.5044397825855,0,0,27733.4155926264,25141.4426572445,4127.69878141905,7855.98359634976,1958.54055954855,3095.1522037687,0,0,1065.54695751153,965.975007385862,160.145293119233,305.157131448807,76.5845338963755,121.16373093184,0,0,0,0,7.02582705986917,13.6704668160934,3.63602303304528,5.77576883463055,0,0,0,0,0,0,0,0,0,0,240.026589912965,237.75673886443,143.675407444565,304.845445257827,116.198144662572,213.148799067822,0,0,9.22218441629391,9.13499499953489,5.50361089109978,11.6732520410061,4.43505881686705,8.13390786922951,0,0,430.735904697521,414.639243073138,230.237556343417,503.320913646934,219.23612642862,397.916950851779,0,0,16.549504623936,15.9311051024582,8.82230162615278,19.279621685563,8.37399807989012,15.1948456798299,0,0,0,0,33.7255058758968,72.7933451261753,28.6141752238858,48.1356553093441,0,0,0,0,0,0,0,0,0,0,218.641539848567,115.613490310216,252.166044792369,231.335174222356
"80",1996,1943,6.58333333333333,5841.80715083505,5264.64939182051,985.045177415932,1860.61870603357,418.10822913921,656.656776704285,0,0,0,0,0,0,0,0,0,0,0,0,1.56640196926668,3.02606901515283,0.771768606861831,1.21729213540704,0,0,0,0,0,0,0,0,0,0,3417.1407827828,3098.791518422,435.568393893683,842.621405306274,185.742998013674,305.848241156451,0,0,131.292013461022,119.060525629921,16.7832227926643,32.4710558721225,7.15677928268764,11.7843469522988,0,0,27648.1612760233,25022.8963283034,4149.95939423849,7901.68238630696,1983.26366724791,3139.17829875584,0,0,1062.27150401581,961.420261087004,161.017532645664,306.952647384191,77.5563962059934,122.896703017251,0,0,0,0,7.07659778173891,13.7756965547457,3.6855209823795,5.86384504062076,0,0,0,0,0,0,0,0,0,0,240.607251196169,238.076693241992,145.590716239987,309.267068456805,118.535453006963,218.024426857154,0,0,9.2444945621731,9.1472881487742,5.57705615547872,11.8427184727419,4.52440884479367,8.32022317769822,0,0,427.210596476725,410.922102097332,232.105067744615,508.154938929275,222.298295378381,404.667915387493,0,0,16.4140577298606,15.7882865567533,8.8938467741727,19.4647181110272,8.49099526444178,15.4526820819763,0,0,0,0,34.1268090218475,73.7342734025287,29.0939944742619,49.0373193763447,0,0,0,0,0,0,0,0,0,0,221.565839318106,116.78442208442,258.613791357442,236.442527375178
"81",1996,1943,6.66666666666667,5821.33010171038,5238.44953947882,989.913658512085,1870.23470631349,421.964780739851,663.472114929403,0,0,0,0,0,0,0,0,0,0,0,0,1.5761495639638,3.04562679268817,0.779391334601633,1.23072365915123,0,0,0,0,0,0,0,0,0,0,3435.73079665984,3110.73143224006,441.914436547268,855.531012481993,189.846616578216,313.260195172878,0,0,132.006271522756,119.519276212754,17.0277956757621,32.9686339168853,7.31487966092493,12.0699013619354,0,0,27563.3359202034,24905.1552300431,4171.58923877695,7946.22835162428,2007.95075221909,3183.2633840647,0,0,1059.01253104724,956.896453091087,161.865391784379,308.703638688241,78.5269914708383,124.632269239786,0,0,0,0,7.12642730095176,13.8792309840575,3.73508758905391,5.95227604358707,0,0,0,0,0,0,0,0,0,0,241.215075428145,238.413990914099,147.517458404672,313.71018473671,120.912497732166,222.981529818746,0,0,9.26784835030124,9.16024765517739,5.65094422126538,12.013019025702,4.61528444230175,8.50966612591254,0,0,423.709858370689,407.23411357962,233.94995234948,512.946661664074,225.371741867263,411.468258053361,0,0,16.2795548473918,15.6465880956428,8.96452915052503,19.6482034950443,8.60843039662955,15.7124180811398,0,0,0,0,34.5257116884852,74.6717586937721,29.5766908435661,49.9465667316852,0,0,0,0,0,0,0,0,0,0,224.497370369498,117.956971201082,265.172397188288,241.646657118241
"82",1996,1943,6.75,5800.77475892631,5212.3326812201,994.54832967978,1879.42084623954,425.773620736648,670.219992678261,0,0,0,0,0,0,0,0,0,0,0,0,1.58557377341141,3.06457766325646,0.786942904459737,1.24405755317421,0,0,0,0,0,0,0,0,0,0,3454.66616146234,3122.94668053802,448.311866183808,868.560148723469,194.022219961564,320.819915520427,0,0,132.733798519322,119.988605586611,17.2743495230079,33.4708203109766,7.47575347928423,12.3611486337796,0,0,27478.9403717173,24788.2169939191,4192.60029848274,7989.64043119773,2032.59495801243,3227.39744668415,0,0,1055.77007113476,952.403492394521,162.68932451654,310.410818485363,79.4960499396111,126.370035393785,0,0,0,0,7.17531958820973,13.9810728581053,3.78471090558924,6.04104588448883,0,0,0,0,0,0,0,0,0,0,241.849614953104,238.768705603178,149.455683773107,318.175851076328,123.329296632488,228.021628730645,0,0,9.29222858107001,9.17387635127917,5.72527714252684,12.1841945200759,4.70768653897886,8.70229534656633,0,0,420.23469812878,403.575738075199,235.772039529533,517.694394904026,228.455925324886,418.316053135056,0,0,16.1460346957463,15.5060274143953,9.03434241236925,19.8300137583121,8.72628316684115,15.9739809729409,0,0,0,0,34.9220535537642,75.6054473030648,30.0621340148912,50.8632034287998,0,0,0,0,0,0,0,0,0,0,227.436460797505,119.131223207942,271.84333506253,246.948783164117
"83",1996,1943,6.83333333333333,5780.13916705231,5186.29613653827,998.952613110675,1888.18220045425,429.531892969837,676.895880532383,0,0,0,0,0,0,0,0,0,0,0,0,1.59466484634416,3.08290308284092,0.794417904332262,1.25728528462418,0,0,0,0,0,0,0,0,0,0,3473.94327509843,3135.4333019388,454.760475110329,881.708312353894,198.270112090562,328.528599634797,0,0,133.474456052588,120.46836154905,17.5228763518523,33.9775957958398,7.6394124651888,12.6581349465593,0,0,27394.9751992866,24672.0790241598,4213.00431410316,8031.93723317515,2057.18960763776,3271.57066460907,0,0,1052.54414613257,947.941279263286,163.489775746003,312.074887582168,80.4633086309607,128.109614342774,0,0,0,0,7.22328111954138,14.0812294743933,3.83437926973445,6.13013887985908,0,0,0,0,0,0,0,0,0,0,242.510438870625,239.140889759994,151.405435226142,322.665016640062,125.785874423623,233.146168077188,0,0,9.31761869863632,9.18817625232284,5.80005670090449,12.3562816372315,4.80161632756972,8.89816656334787,0,0,416.786057893174,399.947417721921,237.571160022753,522.396564883533,231.550263326855,425.209394103892,0,0,16.0135334734155,15.3666215006559,9.10328026704066,20.0100891505066,8.84453166665699,16.2372987865998,0,0,0,0,35.3156781480057,76.5349910534105,30.5501907188793,51.787029528457,0,0,0,0,0,0,0,0,0,0,230.383433051878,120.307263962446,278.628079317476,252.350151850262
"84",1996,1943,6.91666666666667,5759.42141582758,5160.33726846673,1003.12987368844,1896.52378434632,433.236818963236,683.495335047725,0,0,0,0,0,0,0,0,0,0,0,0,1.60341558695598,3.10058891550351,0.801810930393299,1.27039830358284,0,0,0,0,0,0,0,0,0,0,3493.55880401014,3148.18758180061,461.260098955297,894.975059751021,202.590609463412,336.387453740787,0,0,134.228116041927,120.958401377594,17.7733698418421,34.4889433358157,7.80586882695722,12.9609068121105,0,0,27311.4407285821,24556.738529664,4232.81279237495,8073.13704708668,2081.72820131232,3315.77340539933,0,0,1049.33476855638,943.50970645849,164.267181627643,313.696534928003,81.4285112544164,129.850625973083,0,0,0,0,7.27032039292367,14.1797118379037,3.88408133280229,6.2195396634265,0,0,0,0,0,0,0,0,0,0,243.197132985231,239.530577003941,153.36675090376,327.178535016136,128.282263037437,238.356523260829,0,0,9.3440027889851,9.20314865002028,5.87528449047477,12.5293133882422,4.89707527566836,9.09733286629694,0,0,413.364818461545,396.349577219644,239.34714681772,527.051702470165,234.654134926341,432.146389814969,0,0,15.8820850219444,15.2283866720735,9.17133650515075,20.1883739213723,8.9631525153205,16.5023001385468,0,0,0,0,35.70643319516,77.4600479799361,31.0407248986119,52.717839295946,0,0,0,0,0,0,0,0,0,0,233.338604440643,121.485179532881,285.528105959085,257.852034428347
"85",1997,1943,7,5739.13191158026,5134.79309333406,1007.32765391432,1904.91156505798,436.819274448781,689.935286191697,0,0,0,0,0,0,0,0,0,0,0,0,1.6117087526952,3.11746540825883,0.808992516929286,1.28324016489943,0,0,0,0,0,0,0,0,0,0,3513.5173204175,3161.24282529271,467.747311411528,908.270122076332,206.951366069271,344.356483929035,0,0,134.994954159343,121.460004710104,18.0233890343812,35.0013886069499,7.97387638464608,13.2679234897041,0,0,27228.7442093908,24442.6932537751,4251.71901819818,8112.88390853199,2105.88189188315,3359.60997056552,0,0,1046.15758563035,939.127898080389,165.009625526493,315.261866145538,82.3787915496269,131.577569731171,0,0,0,0,7.31588431170159,14.2757111124734,3.93320289291432,6.30850657799918,0,0,0,0,0,0,0,0,0,0,243.848273353065,239.893512742384,155.273388970579,331.611542713241,130.71942351052,243.515184483419,0,0,9.36902085177201,9.21709321198174,5.9484234502838,12.6992752673035,4.99028278038037,9.29454637240424,0,0,409.970973523282,392.786724431931,241.075916424734,531.619367163787,237.7299441258,439.074087026095,0,0,15.7516890988484,15.0914961279987,9.23758795713999,20.3633186002011,9.0807100012925,16.7669637723024,0,0,0,0,36.0914046693019,78.3757741649677,31.52876925298,53.6492550971731,0,0,0,0,0,0,0,0,0,0,236.378759093349,122.721619189434,292.726637670076,263.725933516186
"86",1997,1943,7.08333333333333,5720.38723737124,5110.40982198909,1012.06759241488,1914.33126265453,440.147229496046,696.060136715536,0,0,0,0,0,0,0,0,0,0,0,0,1.61952579359938,3.13358474260899,0.815694973617159,1.29548907192226,0,0,0,0,0,0,0,0,0,0,3533.67956213305,3174.53262235486,474.06684639525,921.357308438289,211.261057196694,352.312648903193,0,0,135.769619728892,121.970619965867,18.266958592124,35.5058420209679,8.13991859846776,13.5744479377078,0,0,27147.8564211191,24331.0902501214,4269.09386570958,8150.45690937722,2128.95888578731,3402.25035428526,0,0,1043.04989626638,934.839925776457,165.692663262596,316.74274403874,83.2870776509769,133.257924310289,0,0,0,0,7.35876358621645,14.3675171614595,3.98042768311388,6.39544288993437,0,0,0,0,0,0,0,0,0,0,244.344307047326,240.143161354606,156.994631925982,335.753677576574,132.902140936363,248.34383882149,0,0,9.38807948347196,9.22668510094661,6.01446643883323,12.8581127430292,5.07378595987639,9.47918395138059,0,0,406.607433784737,389.272970623836,242.703210086165,536.014079050997,240.687722748793,445.869115542788,0,0,15.6224575374986,14.9564920458809,9.29995486067154,20.5316479029025,9.19376821950517,17.0265797444641,0,0,0,0,36.4645888080388,79.2723535985698,32.0037473260128,54.5677102648117,0,0,0,0,0,0,0,0,0,0,239.665199074339,124.136449040711,300.606554605659,270.551754378334
"87",1997,1943,7.16666666666667,5701.59931339774,5086.13775280427,1016.58765768182,1923.3446299487,443.432231625949,702.120563418189,0,0,0,0,0,0,0,0,0,0,0,0,1.62730568542226,3.14960341443562,0.822307309699045,1.30760719310237,0,0,0,0,0,0,0,0,0,0,3553.94879003041,3187.87417143075,480.407265325855,934.497178853259,215.611543434465,360.368644683555,0,0,136.548395878635,122.483223616758,18.5113350350629,36.0123321996018,8.30753523404038,13.884822911036,0,0,27067.5568693887,24220.405003156,4285.95783715645,8187.06539972647,2151.95951187675,3444.89088631686,0,0,1039.96480698151,930.587215205629,166.355894180902,318.186262553428,84.1924949818901,134.938535322334,0,0,0,0,7.40072002294259,14.4577221190016,4.02761269875191,6.48257884646023,0,0,0,0,0,0,0,0,0,0,244.880628000612,240.421389796513,158.741896573403,339.94097281388,135.146220926374,253.283267599503,0,0,9.4086860127928,9.23737507278397,6.08151088139442,13.0186908906016,5.15964038890301,9.66806888534304,0,0,403.279578656043,385.798408722395,244.302286421255,540.356367696954,243.637303940016,452.683182926492,0,0,15.494597022699,14.8229937800827,9.36124626861116,20.6979822879204,9.30652287256165,17.2869421652473,0,0,0,0,36.8344711330819,80.1635687877943,32.4805053270154,55.4921325028789,0,0,0,0,0,0,0,0,0,0,242.958591711689,125.552835588488,308.600211398124,277.490548687145
"88",1997,1943,7.25,5682.76213326404,5061.97044217182,1020.89073078539,1931.95576533569,446.671380239746,708.11197138627,0,0,0,0,0,0,0,0,0,0,0,0,1.63499467158524,3.16542663492794,0.82883112002076,1.31959558640607,0,0,0,0,0,0,0,0,0,0,3574.34911947173,3201.28975619031,486.772405532345,947.697763955997,220.006406370183,368.530960503158,0,0,137.33220915935,122.998671837011,18.7566656797264,36.5211673161911,8.47686367424911,14.1992974405205,0,0,26987.8255005124,24110.6157373325,4302.31896635266,8222.72156693046,2174.87705673707,3487.52085458343,0,0,1036.9015472907,926.368929716012,166.999622146105,319.592877735752,85.0947786482843,136.61898015722,0,0,0,0,7.44177913306722,14.5463467446141,4.0747454811326,6.56989643932681,0,0,0,0,0,0,0,0,0,0,245.454934757335,240.726673223807,160.512817258617,344.17032013035,137.447500843787,258.329476086337,0,0,9.43075201428286,9.2491045405348,6.14946621087162,13.1808907587573,5.24768707255286,9.86104866256954,0,0,399.987444623225,382.362467587194,245.874015236694,544.645947851346,246.580028372495,459.516513662506,0,0,15.3681089563639,14.6909793864697,9.42149557320461,20.8623111207758,9.419025319374,17.548060187341,0,0,0,0,37.2009092220043,81.0490992653909,32.9588927540033,56.4222850543808,0,0,0,0,0,0,0,0,0,0,246.259463685157,126.970942726665,316.710198809605,284.54438005057
"89",1997,1943,7.33333333333333,5663.87036510969,5037.90207389347,1024.97971168947,1940.16885434413,449.861892840917,714.029914816146,0,0,0,0,0,0,0,0,0,0,0,0,1.64254889423206,3.18097643843546,0.835266450796872,1.33145321561267,0,0,0,0,0,0,0,0,0,0,3594.90097509292,3214.79817386437,493.165477323972,960.965772595818,224.448736768278,376.805263219382,0,0,138.121844318212,123.517686846295,19.0030737984299,37.0326048675083,8.64802250385799,14.5180890552132,0,0,26908.6449309222,24001.7032215172,4318.18544361574,8257.43803913071,2197.70519209142,3530.1300819333,0,0,1033.85944929801,922.184330416172,167.624157297658,320.96306303115,85.9936785290883,138.298856628289,0,0,0,0,7.48196524088579,14.6334137914237,4.12181506467651,6.65737962940506,0,0,0,0,0,0,0,0,0,0,246.065178108959,241.057668690593,162.305401244028,348.439152468965,139.802455476169,263.479182271553,0,0,9.45419875421544,9.26182190606761,6.21825615453574,13.3446141526147,5.33779141430156,10.057998085456,0,0,396.731128533147,378.964696614173,247.419127645522,548.882475615621,249.516906372211,466.369030631815,0,0,15.2429970595472,14.5604315521083,9.48073084970244,21.0246215030854,9.53131428677654,17.8099314083699,0,0,0,0,37.563769444513,81.9286366112825,33.4387584671059,57.3579285930811,0,0,0,0,0,0,0,0,0,0,249.568312217805,128.390925847511,324.938926015906,291.715229800011
"90",1997,1943,7.41666666666667,5644.91925855519,5013.92737138952,1028.85751043518,1947.98815161881,453.001099130045,719.870089722383,0,0,0,0,0,0,0,0,0,0,0,0,1.649932605858,3.19618873276027,0.841612207868735,1.34317748501284,0,0,0,0,0,0,0,0,0,0,3615.62167018521,3228.41528630011,499.58916454799,974.306799597615,228.941203273427,385.196514703026,0,0,138.917966559556,124.040878082143,19.250662471961,37.5468596326691,8.82111413728909,14.8413882736901,0,0,26830.0000249769,23893.6503696931,4333.56556083998,8291.22777328346,2220.43793874298,3572.70887166028,0,0,1030.83793147549,918.032760833518,168.22981392839,322.297304965664,86.8889578952084,139.977780884596,0,0,0,0,7.52130156244471,14.7189473794038,4.16881166271832,6.74501392817184,0,0,0,0,0,0,0,0,0,0,246.709527828965,241.413188875957,164.117965778705,352.745346485355,142.208095633801,268.729699411314,0,0,9.47895591249384,9.27548155061167,6.2878163210948,13.5097798927717,5.42983933373009,10.2588147696778,0,0,393.51076799145,375.604741011095,248.938241509409,553.065571736272,252.4486722045,473.240407377369,0,0,15.1192666193058,14.4313366453091,9.53897583149481,21.1848991667621,9.64341794718579,18.0725438747433,0,0,0,0,37.9229263725726,82.8018841736694,33.9199509156701,58.2988214690732,0,0,0,0,0,0,0,0,0,0,252.885608390142,129.812932883929,333.288650158517,299.005012338568
"91",1997,1943,7.5,5625.90456293044,4990.0415203103,1032.52704104647,1955.41796721488,456.086434211482,725.628325547829,0,0,0,0,0,0,0,0,0,0,0,0,1.65711669367999,3.21101083958049,0.847866458548668,1.35476463943049,0,0,0,0,0,0,0,0,0,0,3636.52590742323,3242.15449628788,506.045710381683,987.725503856113,233.486113105676,393.709074719675,0,0,139.721140783655,124.568760501196,19.4995178772011,38.0641104967562,8.99622714076913,15.1693625412704,0,0,26751.8775295602,23786.4418942216,4348.4676699859,8324.10396712483,2243.0696313264,3615.24795533166,0,0,1027.83648462394,913.913633592073,168.816908875504,323.596099740791,87.7803920585954,141.655385411881,0,0,0,0,7.55981030277935,14.8029725453646,4.21572642513503,6.83278607268765,0,0,0,0,0,0,0,0,0,0,247.386342444674,241.792178789307,165.949084709734,357.087140965198,144.661879914096,274.078834682924,0,0,9.50496042123689,9.29004293973903,6.35809215361987,13.6763206858121,5.52373388836592,10.4634152603354,0,0,390.326526169006,372.282321264859,250.431882684768,557.194839030554,255.375830936328,480.130112775326,0,0,14.9969239049429,14.3036839267283,9.5962507243265,21.3431291430674,9.75535571166906,18.3358777939161,0,0,0,0,38.2782621394641,83.668556542089,34.4023182930091,59.2447198977759,0,0,0,0,0,0,0,0,0,0,256.211800319766,131.237105281593,341.76150200642,306.415588290397
"92",1997,1943,7.58333333333333,5606.82248018852,4966.24012365211,1035.99121725213,1962.46265803313,459.115436278837,731.300582566179,0,0,0,0,0,0,0,0,0,0,0,0,1.66407778701603,3.22540000465104,0.854026613012469,1.36621000602728,0,0,0,0,0,0,0,0,0,0,3657.62608071941,3256.02703529966,512.536969201438,1001.22571591727,238.085448265839,402.346762268748,0,0,140.531843184443,125.101765634566,19.7497112745944,38.5845045723207,9.17343761721108,15.5021585769477,0,0,26674.2658528179,23680.0640963297,4362.90015440414,8356.08000068245,2265.59489960961,3657.73846447713,0,0,1024.85466337182,909.826422362648,169.385760413708,324.859950979508,88.6677676566204,143.331317946849,0,0,0,0,7.5975127109628,14.885514967074,4.26255129708729,6.92068383422534,0,0,0,0,0,0,0,0,0,0,248.094151238369,242.193701744537,167.797555955799,361.463086719346,147.161660519531,279.524826622234,0,0,9.5321557732338,9.30547008446931,6.42903768222645,13.8441812019875,5.61939319904955,10.6717326341334,0,0,387.178581898904,368.997220253494,251.900498050469,561.269873739754,258.298687310744,487.037438695499,0,0,14.8759757875211,14.1774650541894,9.65257270541793,21.4992961981073,9.86713933473466,18.5999065945013,0,0,0,0,38.6296661345935,84.5283793935817,34.8857086466404,60.1953780513555,0,0,0,0,0,0,0,0,0,0,259.547315001547,132.66357856428,350.359501605856,313.9487726924
"93",1997,1943,7.66666666666667,5587.66960759538,4942.51914760023,1039.25294790534,1969.12661768116,462.085742062566,736.882946466204,0,0,0,0,0,0,0,0,0,0,0,0,1.67079721429105,3.23932165233203,0.860089628856914,1.37750826709442,0,0,0,0,0,0,0,0,0,0,3678.9326317832,3270.0423018765,519.064468957216,1014.81056812012,242.740910497822,411.112931962867,0,0,141.350474949095,125.640254589232,20.0013013986176,39.1081621861677,9.35281092667483,15.8399052967865,0,0,26597.1548030845,23574.5046193078,4376.8713980972,8387.16937106494,2288.00864264464,3700.17189228918,0,0,1021.8920761444,905.770652380293,169.936687063914,326.089367204731,89.550881662026,145.005240009875,0,0,0,0,7.63442915445235,14.9666006588231,4.30927885457208,7.00869579668094,0,0,0,0,0,0,0,0,0,0,248.83163214365,242.616922470364,169.662363228086,365.871988259565,149.705619149056,285.066271371142,0,0,9.56049117268748,9.321730892342,6.50061405627155,14.0133158376976,5.71674799535104,10.8837136726561,0,0,384.067119584823,365.749269077762,253.344470441514,565.290276820134,261.217379437493,493.961531544288,0,0,14.7564293521293,14.052673538311,9.70795649564004,21.6533852661915,9.97877420317551,18.8645981350615,0,0,0,0,38.9770345336083,85.3810890983503,35.3699699954791,61.1505481914013,0,0,0,0,0,0,0,0,0,0,262.892560644416,134.092483038958,359.084576660892,321.606344355025
"94",1997,1943,7.75,5568.4428912661,4918.87487744418,1042.31513338885,1975.41426844847,464.995083307771,742.371624408872,0,0,0,0,0,0,0,0,0,0,0,0,1.67726017055038,3.25274798252116,0.866052161584262,1.38865366325794,0,0,0,0,0,0,0,0,0,0,3700.45434247118,3284.20813945693,525.62946182782,1028.4826006336,247.453958422475,420.010536714657,0,0,142.177373490585,126.184528722644,20.2543363992928,39.6351809427718,9.53440310740453,16.1827162134003,0,0,26520.5353743973,23469.7522456794,4390.38976077628,8417.38563918488,2310.30600725586,3742.54006202516,0,0,1018.94837692299,901.74589265125,170.47000662612,327.284859779189,90.4295405599212,146.676825695627,0,0,0,0,7.6705791877792,15.0462557500246,4.35590218187381,7.09681119036181,0,0,0,0,0,0,0,0,0,0,249.597593129019,243.061093037643,171.542644894628,370.312856691608,152.292213909794,290.702061765022,0,0,9.58992081994234,9.3387966267213,6.57278835041218,14.1836869081335,5.81573958284146,11.0993165275081,0,0,380.992321338936,362.538335569481,254.764130716309,569.255662515372,264.131906680912,500.901418331364,0,0,14.6382915958101,13.9293043009779,9.7624148217485,21.8053817786663,10.0902604026655,19.1299157026629,0,0,0,0,39.3202698982545,86.226432368625,35.8549504352326,62.1099807907227,0,0,0,0,0,0,0,0,0,0,266.247928657667,135.523944385191,367.938577550193,329.39005341843
"95",1997,1943,7.83333333333333,5549.13959355406,4895.30388654924,1045.18066328486,1981.3300558796,467.841284201733,747.762942341598,0,0,0,0,0,0,0,0,0,0,0,0,1.68345514850701,3.26565700287702,0.87191065578698,1.39964011888547,0,0,0,0,0,0,0,0,0,0,3722.19854152947,3298.53103296617,532.232959757545,1042.24383626276,252.225834318947,429.042172622321,0,0,143.01282039106,126.734837196,20.5088552044521,40.1656385913063,9.71826190089487,16.5306911543273,0,0,26444.3995944486,23365.7967534217,4403.46356091197,8446.7423928279,2332.48237199937,3784.83510379351,0,0,1016.02325940312,897.751750428691,170.98603552108,328.446941476019,91.3035597348095,148.345760785793,0,0,0,0,7.70598160879134,15.1245063546912,4.40241479526224,7.18501978792076,0,0,0,0,0,0,0,0,0,0,250.390958470311,243.525542653665,173.437672196611,374.784877160074,154.920141356225,296.431343979015,0,0,9.62040338404978,9.35664151467669,6.64553272925599,14.3552633981094,5.91631838954103,11.3185090582978,0,0,377.954362031542,359.364316437438,256.15976608114,573.165663516992,267.042149537572,507.856025092375,0,0,14.5215692373606,13.8073533735743,9.81595873514883,21.9552718617164,10.2015934777197,19.3958187182294,0,0,0,0,39.6592808643475,87.0641659562818,36.3404982206547,63.0734246363899,0,0,0,0,0,0,0,0,0,0,269.613795140033,136.958084086985,376.923287872708,337.301626538865
"96",1997,1943,7.91666666666667,5529.75726057968,4871.80300552705,1047.85241401924,1986.87844324477,470.622258724909,753.053342257137,0,0,0,0,0,0,0,0,0,0,0,0,1.68937336413497,3.27803155393999,0.877661440039777,1.41046137176824,0,0,0,0,0,0,0,0,0,0,3744.17131099626,3313.0163046917,538.875770448779,1056.0958563462,257.057591366473,438.210124830343,0,0,143.857049332152,127.291384500096,20.7648888995166,40.6995959345874,9.90442779464599,16.8839180178519,0,0,26368.7403726015,23262.6287725607,4416.10105867999,8475.25320934833,2354.53333071719,3827.04943072409,0,0,1013.11645115503,893.787865702894,171.485088127593,329.576125034486,92.1727628421554,150.011741838348,0,0,0,0,7.74065451354832,15.2013784351887,4.44881056417773,7.2733117973818,0,0,0,0,0,0,0,0,0,0,251.210754925034,244.009667410727,175.346827329602,379.287376111629,157.588298433988,302.253473970623,0,0,9.65190147156469,9.37524235310668,6.71882360684966,14.528019705946,6.01844250872199,11.5412671628045,0,0,374.953404569233,356.227129587449,257.531628400674,577.01993588474,269.947889454363,514.824195060851,0,0,14.4062685359134,13.6868176019085,9.86859793010673,22.1030425249275,10.3127651892992,19.6622634321788,0,0,0,0,39.993981822059,87.8940563412164,36.8264618519256,64.040626938663,0,0,0,0,0,0,0,0,0,0,272.990522380537,138.3950198669,386.040434974772,345.342772047765
"97",1998,1943,8,5510.57450173208,4848.48742289911,1050.53269959677,1992.54579024203,473.269548923403,758.206898224988,0,0,0,0,0,0,0,0,0,0,0,0,1.69490445059611,3.2898177558669,0.883175252487991,1.42104796945262,0,0,0,0,0,0,0,0,0,0,3766.45920508219,3327.8375817823,545.40565062725,1069.85407550241,261.911463360648,447.494279636957,0,0,144.713385865048,127.860841667648,21.0165834726504,41.2299578072181,10.0914457500329,17.2416219863887,0,0,26294.2779976802,23161.3945657689,4427.47171509204,8502.09120914734,2376.11624127115,3869.00381493605,0,0,1010.25562654998,889.898279744274,171.935120483208,330.640542416501,93.0237323666302,151.667737648945,0,0,0,0,7.77402125678857,15.2765060858307,4.49444457941478,7.3613511434035,0,0,0,0,0,0,0,0,0,0,251.997584486018,244.50324925048,177.194678494293,383.769533118244,160.184150427798,308.100897748483,0,0,9.68213292037309,9.39420654784769,6.78977058609178,14.7000093916065,6.11781422020163,11.7650117910453,0,0,371.997699846475,353.146690707196,258.847507703959,580.784507500383,272.808869445917,521.781464450166,0,0,14.2927065031232,13.5684621786381,9.91909681145767,22.2473902024319,10.4222377199534,19.9283159524547,0,0,0,0,40.3214259595469,88.7139203908089,37.3073928251611,65.0084670616138,0,0,0,0,0,0,0,0,0,0,276.451657094711,139.85707000365,395.49158448503,353.641587011849
"98",1998,1943,8.08333333333333,5491.7014301057,4825.40558250265,1053.29638085836,1998.50905828168,475.763595893404,763.218079972399,0,0,0,0,0,0,0,0,0,0,0,0,1.70012855141903,3.30122864513351,0.888404129400834,1.4313731083179,0,0,0,0,0,0,0,0,0,0,3789.03086771938,3342.99826845566,551.766458705242,1083.44492152871,266.760978467903,456.868957540507,0,0,145.580625239478,128.443339494143,21.2617779158562,41.7538931435825,10.2782969365263,17.6028154395892,0,0,26221.3084557875,23062.5261298023,4437.31363493031,8527.01176195341,2397.0935290345,3910.62275422723,0,0,1007.45215773638,886.099590567846,172.326010553397,331.630747131414,93.8510804674011,153.310786337522,0,0,0,0,7.80559302139463,15.3494078124939,4.53906058864362,7.44899484511451,0,0,0,0,0,0,0,0,0,0,252.736333008396,245.004428487271,178.956537383407,388.208589175461,162.677865512737,313.953349658319,0,0,9.71051702186486,9.41346264680011,6.85742687765611,14.870359633467,6.21329385289238,11.9889691389885,0,0,369.089214286171,350.132129133208,260.092084841062,584.450705922327,275.600739742056,528.716663079036,0,0,14.18095869176,13.4526378675106,9.96686799518063,22.3879821533071,10.5290809349148,20.1935499766309,0,0,0,0,40.6404638867727,89.5229095734777,37.7810880222216,65.9756340652396,0,0,0,0,0,0,0,0,0,0,280.02346265635,141.352477272245,405.346955131995,362.246734426709
"99",1998,1943,8.16666666666667,5472.75479260125,4802.39599084256,1055.87242132213,2004.1107350371,478.195820914244,768.131465634551,0,0,0,0,0,0,0,0,0,0,0,0,1.70521008356171,3.31236277757127,0.893519512201923,1.44152170328784,0,0,0,0,0,0,0,0,0,0,3811.75945770444,3358.25187322809,558.16770407105,1097.12222155467,271.655665124426,466.360841809481,0,0,146.453894013566,129.029407382595,21.5085276058266,42.2811577323214,10.4668896206455,17.9685263295157,0,0,26148.8434522123,22964.4409627118,4446.79483180983,8551.19376475038,2417.9198756168,3952.13154467158,0,0,1004.66807323191,882.330995882445,172.702807455837,332.592145217792,94.6726033641239,154.949713947457,0,0,0,0,7.83614625925872,15.4205742847833,4.58351329616765,7.53666739379462,0,0,0,0,0,0,0,0,0,0,253.508422369659,245.52650398112,180.735425040912,392.671651342309,165.223960456272,319.902728130105,0,0,9.74018212886024,9.43352161346064,6.92573998915621,15.041640699039,6.31078264095722,12.2166484925469,0,0,366.216834005358,347.156688567053,261.308797942592,588.065040657946,278.375368144237,535.660183710506,0,0,14.0705980898769,13.3383166486297,10.0135778930437,22.5266034183397,10.6352764006879,20.4591266655087,0,0,0,0,40.9548726322435,90.3234378646909,38.2545948318824,66.9457969316311,0,0,0,0,0,0,0,0,0,0,283.605962159025,142.851011044344,415.333944167542,370.98782813893
"100",1998,1943,8.25,5453.73196166191,4779.45533919486,1058.26360130637,2009.3551911461,480.564290721335,772.943651465299,0,0,0,0,0,0,0,0,0,0,0,0,1.71012178068004,3.32316651534412,0.898520819304444,1.45149184582434,0,0,0,0,0,0,0,0,0,0,3834.65574757062,3373.60848756526,564.609784599904,1110.88780265638,276.597361228246,475.973860091473,0,0,147.333606085268,129.619433063255,21.7568481487248,42.8118221310632,10.657294309502,18.3389054707286,0,0,26076.8721760698,22867.1263936378,4455.92216148466,8574.64879840965,2438.59175828438,3993.52320243866,0,0,1001.90295766942,878.592008853035,173.065773081507,333.525174754016,95.4881585358549,156.5842396886,0,0,0,0,7.86576880590988,15.490119091113,4.6277914603962,7.6243530563286,0,0,0,0,0,0,0,0,0,0,254.312188476023,246.068582252316,182.530572813755,397.158722486083,167.819214241271,325.946958045075,0,0,9.77106430434067,9.45434911890799,6.99468062737678,15.2138529606037,6.41015765853617,12.4479708613451,0,0,363.380883387254,344.220020251825,262.498373632698,591.626539568185,281.13391993608,542.611116061589,0,0,13.9616371608167,13.2254851221935,10.0592542918542,22.6632167638141,10.7408686559861,20.7250115895082,0,0,0,0,41.2645395013812,91.1152417480686,38.7277607873016,67.9186929971802,0,0,0,0,0,0,0,0,0,0,287.199615542353,144.352796216876,425.454782452327,379.86661690913
"101",1998,1943,8.33333333333333,5434.63064590064,4756.58061994746,1060.47269682731,2014.24683100639,482.867167428543,777.65136240678,0,0,0,0,0,0,0,0,0,0,0,0,1.71484178460208,3.33359634712532,0.903406785927228,1.46128062344397,0,0,0,0,0,0,0,0,0,0,3857.72883268714,3389.07662024542,571.092907502388,1124.74293750075,281.587631012331,485.711404519987,0,0,148.220110913213,130.213743456989,22.0067477985593,43.3459355800404,10.849571028995,18.7140831550683,0,0,26005.3850260775,22770.5709143425,4464.70244307872,8597.38849685934,2459.10589105145,4034.79109524668,0,0,999.15644215612,874.882187314396,173.415168092786,334.430276220786,96.2976126101623,158.214096245154,0,0,0,0,7.89453519180195,15.5581401666549,4.67188611537495,7.71203867587511,0,0,0,0,0,0,0,0,0,0,255.146126630528,246.629865638905,184.341308260764,401.66985833008,170.46086473124,332.084376142993,0,0,9.80310573555973,9.47591451569235,7.06422317249011,15.3869988064382,6.51131353396897,12.6828730426569,0,0,360.581649617294,341.321805848265,263.661494356115,595.134381818941,283.877284722087,549.568399974399,0,0,13.8540869387249,13.1141310570947,10.1039232929449,22.7977907519045,10.8458917028976,20.9911645684489,0,0,0,0,41.5693691270815,91.8980823250912,39.2004333937197,68.8940580593475,0,0,0,0,0,0,0,0,0,0,290.804860090258,145.857952467092,435.711573497604,388.884819832353
"102",1998,1943,8.41666666666667,5415.44884713425,4733.76908676085,1062.50247615724,2018.79008468893,485.102703738966,782.251446464447,0,0,0,0,0,0,0,0,0,0,0,0,1.71935257351926,3.34361694028055,0.908175681095403,1.47088442812436,0,0,0,0,0,0,0,0,0,0,3880.98640405097,3404.66345554548,577.617131109147,1138.68845099847,286.627803407938,495.576411333263,0,0,149.113703997805,130.812614595205,22.2582290635584,43.8835300956859,11.0437707900224,19.0941721978153,0,0,25934.3734102977,22674.7639909503,4473.14244046189,8619.42449887377,2479.45919993058,4075.92890229938,0,0,996.428196579435,871.201126537878,173.751251195243,335.307890628564,97.1008404146731,159.839028242937,0,0,0,0,7.92250927011996,15.6247227423586,4.71578996361274,7.79971298716336,0,0,0,0,0,0,0,0,0,0,256.008870509608,247.209637934048,186.167036526716,406.205143405587,173.146530628608,338.31365048942,0,0,9.83625392629003,9.49819028599971,7.13434496557729,15.561081718844,6.61415946275024,12.9213045338118,0,0,357.819380822228,338.46174913164,264.798803052891,598.587881632255,286.606125648253,556.530861802777,0,0,13.7479569570519,13.0042430719018,10.1476094895459,22.9302991170945,10.9503708892742,21.2575410666919,0,0,0,0,41.869280489987,92.6717416925957,39.6724606493191,69.8716269705441,0,0,0,0,0,0,0,0,0,0,294.422112999283,147.366594906579,446.106314195407,398.04413359045
"103",1998,1943,8.5,5396.18483406008,4711.01822973715,1064.35569793874,2022.98940352589,487.269240514574,786.740872232396,0,0,0,0,0,0,0,0,0,0,0,0,1.72364029374256,3.3531999170559,0.912825432077612,1.48029913555417,0,0,0,0,0,0,0,0,0,0,3904.43492265151,3420.37501924145,584.182389990429,1152.72478614564,291.718996637444,505.571411320312,0,0,150.014633580588,131.416277997854,22.5112896722948,44.4246229982653,11.2399365283566,19.479269867647,0,0,25863.8296171913,22579.6959422256,4481.24885088939,8640.76841803448,2499.64880721844,4116.93058892311,0,0,993.717924652706,867.548454554631,174.07427869342,336.15845835193,97.8977243759649,161.458791279855,0,0,0,0,7.94974584472425,15.6899411959808,4.75949703442649,7.88736622643722,0,0,0,0,0,0,0,0,0,0,256.899178118554,247.807254884424,188.007228922101,410.764677300265,175.874160051074,344.633728000904,0,0,9.87046115721031,9.52115167658552,7.20502587173321,15.7361057466882,6.71861723919072,13.1632255200245,0,0,355.094285165312,335.639570681881,265.910906173754,601.986476917178,289.320911812155,563.497238216188,0,0,13.6432552137902,12.8958104308453,10.1903360810432,23.0607203295628,11.0543241479363,21.5240931053536,0,0,0,0,42.1642050808091,93.4360207016853,40.1436913537171,70.8511339886214,0,0,0,0,0,0,0,0,0,0,298.051773111897,148.878834515614,456.640908295216,407.346237024674
"104",1998,1943,8.58333333333333,5376.83712041031,4688.32575476856,1066.035109518,2026.84925630403,489.365204950953,791.116727250754,0,0,0,0,0,0,0,0,0,0,0,0,1.72769418985064,3.36232280920449,0.917353728698101,1.48952025595704,0,0,0,0,0,0,0,0,0,0,3928.07976784537,3436.2163198559,590.788516292035,1166.85206072238,296.862139656007,515.698573897676,0,0,150.923106345045,132.024926100382,22.7659233943968,44.9692190886583,11.4381039241399,19.8694595730273,0,0,25793.7467054008,22485.3578357671,4489.02829500136,8661.43181634428,2519.67201792932,4157.79038466131,0,0,991.025359680551,863.92382816724,174.384504100047,336.982418106412,98.6881540011647,163.073151089051,0,0,0,0,7.9762920555161,15.753860631626,4.80300239992612,7.97498980656198,0,0,0,0,0,0,0,0,0,0,257.815919568396,248.42213594967,189.861413199517,415.348563211997,178.641985977261,351.043789014143,0,0,9.90568401627401,9.54477638215897,7.27624790806733,15.9120750662941,6.82461955095021,13.4086051321852,0,0,352.406530404313,332.855003527068,266.998376249258,605.329718898088,292.021946315172,570.466196455757,0,0,13.5399881544928,12.7888228764335,10.2321249702485,23.1890371967838,11.1577630691248,21.790770038378,0,0,0,0,42.4540853359653,94.1907370536811,40.6139753753096,71.8323130794029,0,0,0,0,0,0,0,0,0,0,301.694222419792,150.394778516855,467.317177943718,416.792794964915
"105",1998,1943,8.66666666666667,5357.4044426372,4665.68956258252,1067.54344553694,2030.37412558657,491.389108079612,795.376215475318,0,0,0,0,0,0,0,0,0,0,0,0,1.73150604936772,3.37096803606546,0.921758120696879,1.49854307530189,0,0,0,0,0,0,0,0,0,0,3951.92538481404,3452.19148888708,597.435260284981,1181.07012307406,302.057994224245,525.959752242983,0,0,151.839293082159,132.63871764156,23.0221208313099,45.517312790421,11.6383022458001,20.2648125895136,0,0,25724.118394236,22391.7413847609,4496.48730843324,8681.42618031916,2539.52630515194,4198.50275998782,0,0,988.350260351166,860.326928982798,174.682177805943,337.780206017881,99.4720253177115,164.681882649315,0,0,0,0,8.00218872888419,15.8165384268857,4.84630190630369,8.06257600996681,0,0,0,0,0,0,0,0,0,0,258.758064447629,249.053755958837,191.729164007229,419.956897643328,181.448481923483,357.543202735797,0,0,9.94188291351126,9.56904422481085,7.34799487856986,16.088993586181,6.93210828249345,13.6574197383769,0,0,349.756244215282,330.107789154745,268.061754667017,608.61726091358,294.709393973426,577.436353500522,0,0,13.4381606847133,12.6832704762011,10.2729968686511,23.3152364333668,11.2606939597462,22.0575192867542,0,0,0,0,42.7388730846136,94.9357233734337,41.0831638896471,72.8148982043926,0,0,0,0,0,0,0,0,0,0,305.349827648883,151.914530761476,478.136875146372,426.38546180687
"106",1998,1943,8.75,5337.88574278668,4643.1077325296,1068.88342700176,2033.56850508139,493.339542875601,799.516655602676,0,0,0,0,0,0,0,0,0,0,0,0,1.73506977994883,3.37912212014681,0.92603608432438,1.50736275360112,0,0,0,0,0,0,0,0,0,0,3975.97540029615,3468.30389133703,604.122305333197,1195.37859442387,307.307172648205,536.35651910461,0,0,152.763333137028,133.257781910145,23.2798699926593,46.0688897751527,11.8405550284408,20.6653894304313,0,0,25654.9389772849,22298.8388663422,4503.6323359827,8700.76290324122,2559.20929811211,4239.06240762545,0,0,985.692407417169,856.757460276232,174.96754684939,338.55225493087,100.249240417313,166.284769472646,0,0,0,0,8.02747139984091,15.8780254198158,4.8893919923086,8.15011777912619,0,0,0,0,0,0,0,0,0,0,259.724671349894,249.701638308555,193.610095687173,424.58976367903,184.29232636971,364.131492107203,0,0,9.97902167866624,9.59393689267591,7.42025209867337,16.2668646891486,7.04103315341125,13.9096515962474,0,0,347.143515021104,327.397674573765,269.101553992269,611.848848644397,297.38330349844,584.406290927124,0,0,13.3377762018412,12.5791435098201,10.3129713843322,23.4393082856649,11.3631186909692,22.3242869073918,0,0,0,0,43.0185283625575,95.6708257215365,41.551109550537,73.7986235419175,0,0,0,0,0,0,0,0,0,0,309.018941583441,153.438192043742,489.10169078968,436.125884077242
"107",1998,1943,8.83333333333333,5318.28015391677,4620.5785087382,1070.05776060711,2036.43689751097,495.215182558593,803.535479671335,0,0,0,0,0,0,0,0,0,0,0,0,1.73838105260355,3.38677502239341,0.930185075145088,1.51597440362966,0,0,0,0,0,0,0,0,0,0,4000.23272200108,3484.55622082715,610.849280145521,1209.77690456643,312.610153387899,546.890198086681,0,0,153.695338228494,133.882222399382,23.5391567682777,46.6239283339352,12.044880670846,21.0712410445491,0,0,25586.2032479351,22206.6430511522,4510.46972717644,8719.45327070064,2578.71877146925,4279.4642259861,0,0,983.05160083402,853.215144283773,175.240854739781,339.298993844013,101.01970704732,167.881602973449,0,0,0,0,8.0521711725043,15.9383669151724,4.93226954546475,8.23760855024783,0,0,0,0,0,0,0,0,0,0,260.714878509591,250.365348964423,195.50385617906,429.247225951389,187.172371858551,370.808303650485,0,0,10.0170672014028,9.61943770945708,7.49300616215245,16.4456910391033,7.15135053561184,14.1652876963373,0,0,344.56839314603,324.724409956896,270.118260104079,615.024311112742,300.04362669212,591.374567349447,0,0,13.2388366394606,12.4764323785252,10.3520671029085,23.5612461859709,11.4650354315536,22.5910180690945,0,0,0,0,43.2930184030058,96.3959023174506,42.0176666306608,74.783223679956,0,0,0,0,0,0,0,0,0,0,312.70190425668,154.965860378511,500.21326237415,446.015702462462
"108",1998,1943,8.91666666666667,5298.58698771698,4598.10028831339,1071.06913828207,2038.98381292084,497.014779065234,807.430231905184,0,0,0,0,0,0,0,0,0,0,0,0,1.74143700193035,3.3939195812622,0.934202569518963,1.52437315346084,0,0,0,0,0,0,0,0,0,0,4024.69962378727,3500.95058127194,617.615768694338,1224.26432176337,317.967294740241,557.561890847848,0,0,154.635395721837,134.512119945028,23.7999653105646,47.1824005263011,12.2512929589459,21.482409857497,0,0,25517.9064353101,22115.1471426782,4517.00573303166,8737.50844899444,2598.05263573541,4319.70330453001,0,0,980.427657298624,849.699719872299,175.502341327614,340.020847455949,101.783338245228,169.472181911561,0,0,0,0,8.07631544153153,15.9976035339688,4.97493178901621,8.32504212239617,0,0,0,0,0,0,0,0,0,0,261.727895439107,251.044491180296,197.41012186717,433.929326995215,190.087618264227,377.573381723276,0,0,10.0559891099936,9.64553143153154,7.5662447441079,16.6254744412073,7.26302243012978,14.4243187744189,0,0,342.030892210039,322.087746767368,271.112334175067,618.143552457867,302.690234984308,598.339728759798,0,0,13.1413425209241,12.3751275331326,10.3903016625718,23.6810464364976,11.5664392794817,22.8576574479775,0,0,0,0,43.5623167800711,97.1108224464938,42.4826911378627,75.7684337868341,0,0,0,0,0,0,0,0,0,0,316.399044018861,156.497631245249,511.473180603948,456.056553373848
"109",1999,1943,9,5278.81559876695,4575.4500031349,1072.01385227646,2041.32404899002,498.791073351735,811.144331147064,0,0,0,0,0,0,0,0,0,0,0,0,1.74433324228208,3.40045129726342,0.938187199939568,1.53245068304897,0,0,0,0,0,0,0,0,0,0,4049.67761454799,3517.82782070855,624.197774849546,1238.43450045849,323.412454702715,568.332463919646,0,0,155.595090070899,135.160570473745,24.0536924087803,47.7286878712262,12.4610965760364,21.8973882822891,0,0,25451.7110794007,22026.0732923003,4522.0969476965,8752.76494569846,2617.48690006135,4359.4764204222,0,0,977.884453376838,846.277354894241,175.708176931825,340.634533468808,102.550946431347,171.044604229282,0,0,0,0,8.10022139444452,16.0550310781408,5.01791694666278,8.41184428722263,0,0,0,0,0,0,0,0,0,0,262.828961043819,251.72051120619,199.378473737135,438.530885711028,193.138457955748,384.300096868786,0,0,10.0982939833474,9.67150519414175,7.64186707220106,16.8021831047824,7.37988505453325,14.6819075910087,0,0,339.559165858976,319.521282144351,272.077006133246,621.147731003119,305.358075179616,605.257212365425,0,0,13.0463755518523,12.2765198295821,10.4274133182899,23.7964507193088,11.6686656540526,23.1225028453602,0,0,0,0,43.8287683430393,97.8121504478696,42.9506835783059,76.74881492696,0,0,0,0,0,0,0,0,0,0,320.052872160029,158.068357907488,522.705656858852,466.480739959521
"110",1999,1943,9.08333333333333,5258.9630214873,4552.70512049251,1072.86355027829,2043.42742103036,500.525336433177,814.69686399204,0,0,0,0,0,0,0,0,0,0,0,0,1.7470493894509,3.40646480980194,0.942102433229158,1.54023858157264,0,0,0,0,0,0,0,0,0,0,4075.04728476032,3535.0511460194,630.684492832053,1252.44170212178,328.929841790048,579.206311133792,0,0,156.569833370854,135.8223181752,24.3037606319195,48.2687142467825,12.6736835520901,22.3163463516715,0,0,25387.039337438,21938.8099301804,4526.17951288713,8766.03494376928,2636.90896995183,4398.85873063922,0,0,975.399787749566,842.924551842322,175.875065818613,341.171277772327,103.31813130225,172.601821355921,0,0,0,0,8.12324793539805,16.1101603355229,5.06103567257697,8.4981830215538,0,0,0,0,0,0,0,0,0,0,263.990832960079,252.402768806764,201.375105288925,443.081152243277,196.280099841234,391.039287719216,0,0,10.1429351281597,9.69771861442205,7.71857701669185,16.9769368488627,7.50022733421833,14.9399963299418,0,0,337.14713786269,317.010327581143,273.021775570809,624.052119556182,308.044381939798,612.130329407999,0,0,12.9537022745579,12.1800449118986,10.4637669316491,23.9080454677692,11.7716088602876,23.3856807152901,0,0,0,0,44.0915451687378,98.5008015400291,43.4200453531546,77.7257571405817,0,0,0,0,0,0,0,0,0,0,323.684204631519,159.666289089054,533.975038809751,477.211724780921
"111",1999,1943,9.16666666666667,5239.02307471052,4530.01213170309,1073.55904803913,2045.22589686816,502.181021202844,818.122073429239,0,0,0,0,0,0,0,0,0,0,0,0,1.7495220638374,3.41202932483754,0.945879310182293,1.54780158331191,0,0,0,0,0,0,0,0,0,0,4100.60618509253,3552.39114868828,637.224813918078,1266.55378292853,334.496957845528,590.207944010469,0,0,157.551847194625,136.488548807338,24.5558883705306,48.8127746576183,12.8881869264078,22.7402284764761,0,0,25322.7873126715,21852.2080666725,4530.02724702154,8778.77875285554,2656.12993677977,4438.03782997996,0,0,972.931247523795,839.597164668372,176.032667880898,341.687279022898,104.077487516896,174.151184916908,0,0,0,0,8.14519957831685,16.1634789384154,5.10391672341339,8.58441111425432,0,0,0,0,0,0,0,0,0,0,265.168610685211,253.10351062071,203.365147881828,447.649213505905,199.443434307801,397.874894665732,0,0,10.1881873982247,9.72464222782294,7.79503889050743,17.1523839605275,7.62140873714274,15.201792140793,0,0,334.776798670336,314.532108290354,273.951789491528,626.894485093072,310.726859182001,618.985157242074,0,0,12.8626307349966,12.0848277362405,10.4995611563437,24.0172800522792,11.8744169590465,23.6481874230693,0,0,0,0,44.3489740867635,99.1787000506975,43.8875990737757,78.7023907186875,0,0,0,0,0,0,0,0,0,0,327.331664608752,161.268604400881,545.400031481101,488.099421555728
"112",1999,1943,9.25,5218.99622808886,4507.37043829485,1074.10304675523,2046.72417515457,503.757214472595,821.418067189647,0,0,0,0,0,0,0,0,0,0,0,0,1.75175001592452,3.41713499685067,0.94951589964482,1.55513638800679,0,0,0,0,0,0,0,0,0,0,4126.3537783163,3569.84753785033,643.816488630451,1280.76632180037,340.114438668947,601.337594698251,0,0,158.541110901042,137.159251194665,24.8099897716557,49.3607000033304,13.1046310656328,23.1690435317862,0,0,25258.9520759458,21766.2625177832,4533.64594550961,8791.00716851177,2675.1489786413,4477.01037886911,0,0,970.478720156666,836.294994194913,176.181206958125,342.182950446317,104.828976687421,175.692553990419,0,0,0,0,8.16621133665835,16.2151755887945,5.14654877012399,8.67051300273874,0,0,0,0,0,0,0,0,0,0,266.361979478566,253.822056804499,205.350842654003,452.236259654642,202.62867385395,404.805170744961,0,0,10.2340387007271,9.75224991366716,7.87133876964258,17.3285703747888,7.74343747048997,15.4672286536039,0,0,332.447683977595,312.086849867822,274.865819452742,629.675233739306,313.403931238538,625.821853769843,0,0,12.7731430939508,11.9908769703577,10.5347487974678,24.1241698310181,11.9770297674365,23.9100291247167,0,0,0,0,44.6009669514357,99.8456471560777,44.353203405168,79.6784557010783,0,0,0,0,0,0,0,0,0,0,330.995469206157,162.875418875637,556.981297996437,499.145584496198
"113",1999,1943,9.33333333333333,5198.88300894075,4484.77948351395,1074.49821742304,2047.92692641788,505.253069554905,824.583051324325,0,0,0,0,0,0,0,0,0,0,0,0,1.75373296689186,3.42177495138344,0.953010331969238,1.56223964252891,0,0,0,0,0,0,0,0,0,0,4152.28953545898,3587.4200421222,650.45741284538,1295.07524332525,345.782757707764,612.595473135135,0,0,159.537604166129,137.834414910199,25.0659844909161,49.9123343505923,13.3230341169203,23.6027995516437,0,0,25195.5306732549,21680.9681204657,4537.04119281314,8802.73063052234,2693.96537224014,4515.77314101943,0,0,968.042092150488,833.017842049273,176.320898873863,342.658691824893,105.572564308861,177.225791661015,0,0,0,0,8.18639549349627,16.2654083615641,5.18892364455107,8.75647623711812,0,0,0,0,0,0,0,0,0,0,267.570644743536,254.557771886739,207.334111599348,456.843228854108,205.836059517724,411.82855667598,0,0,10.2804777168162,9.78051725612599,7.9475504739896,17.5055323307598,7.86632284995486,15.736246671116,0,0,330.159303371756,309.674709253301,275.762888427894,632.394873796373,316.074085105257,632.640369344099,0,0,12.6852205090825,11.8981986441235,10.5692923073521,24.2287340903175,12.0793894830185,24.171204027587,0,0,0,0,44.8474591837097,100.501478132009,44.8167168041089,80.6536907743101,0,0,0,0,0,0,0,0,0,0,334.675831248772,164.486843287683,568.719555493404,510.351950795104
"114",1999,1943,9.41666666666667,5178.68401065853,4462.23875971807,1074.74720493244,2048.83879923744,506.667804204706,827.61532824327,0,0,0,0,0,0,0,0,0,0,0,0,1.75547138637402,3.42594463762557,0.956360816764678,1.56910800619375,0,0,0,0,0,0,0,0,0,0,4178.41288897969,3605.10836712821,657.145607776967,1309.47675775476,351.502245106035,623.981750160804,0,0,160.541305184059,138.514028643555,25.3237969349137,50.467532645903,13.5434087343516,24.0415030771492,0,0,25132.520157389,21596.3197583816,4540.21838559694,8813.9592662693,2712.57848250737,4554.32298113693,0,0,965.62125026866,829.765511653385,176.451952317317,343.114891149881,106.308219362846,178.750764940878,0,0,0,0,8.20584668475949,16.3143114396884,5.23103537434818,8.84229057716164,0,0,0,0,0,0,0,0,0,0,268.794329791588,255.310060140132,209.316611254453,461.470853903051,209.065842923786,418.94365151831,0,0,10.3274938156966,9.80942136640245,8.02373762874697,17.6832981639172,7.99007460828648,16.0087930464924,0,0,327.911146711574,307.295785155236,276.64222372187,635.053990561278,318.735875166771,639.440486903241,0,0,12.5988433800564,11.8067965500707,10.6031619778227,24.3309950750632,12.1814408672564,24.4317039248899,0,0,0,0,45.0884046153433,101.146055497622,45.2779984108351,81.6278343023252,0,0,0,0,0,0,0,0,0,0,338.372959702969,166.102984587799,580.615567255629,521.720241817087
"115",1999,1943,9.5,5158.3999001227,4439.74781444294,1074.8526296306,2049.46442318606,508.000701817402,830.51329941344,0,0,0,0,0,0,0,0,0,0,0,0,1.75696639389189,3.42964154125661,0.959565653360347,1.57573818386708,0,0,0,0,0,0,0,0,0,0,4204.72320599926,3622.91217186082,663.879210985644,1323.96733335312,357.273096020039,635.496547679583,0,0,161.552189638601,139.198079292679,25.5833559208545,51.0261596612168,13.7657623956203,24.4851587766732,0,0,25069.9176046001,21512.3123765952,4543.1827407623,8824.70290643507,2730.98775877662,4592.65686617291,0,0,963.216082175975,826.537808788382,176.574569149644,343.55192522392,107.035914176442,180.267344827155,0,0,0,0,8.22464413360838,16.3619980862978,5.27287978634469,8.92794761612791,0,0,0,0,0,0,0,0,0,0,270.03277470004,256.078363645883,211.299757192515,466.11968357787,212.318276596465,426.149197715149,0,0,10.3750770107425,9.8389408083629,8.09995460462407,17.861889126063,8.11470252216532,16.2848201107372,0,0,325.702687373638,304.950122571442,277.503235033848,637.653234103049,321.38792667485,646.221841786853,0,0,12.513991473271,11.7166724170837,10.6363350977752,24.4309775176239,12.2831313794488,24.6915149526153,0,0,0,0,45.3237732424674,101.779266099972,45.7369085145188,82.6006248751791,0,0,0,0,0,0,0,0,0,0,342.087059824488,167.723946057794,592.670138743112,533.252163352504
"116",1999,1943,9.58333333333333,5138.03142385226,4417.30625550692,1074.81708950871,2049.80841234838,509.251111284384,833.275466112725,0,0,0,0,0,0,0,0,0,0,0,0,1.75821964032096,3.43286483671455,0.962623240432113,1.58212696095228,0,0,0,0,0,0,0,0,0,0,4231.21976184283,3640.83104512302,670.656464597042,1338.54366167428,363.095382259876,647.139929021286,0,0,162.570229686589,139.886551058725,25.8445942305193,51.5880886701495,13.9900978461757,24.9337690734439,0,0,25007.7201314207,21428.9409954654,4545.93930778475,8834.97110794766,2749.19272900205,4630.77186453115,0,0,960.826477084827,823.334542128329,176.688944873839,343.97016053723,107.755624204051,181.775406280361,0,0,0,0,8.2428543532002,16.4085642439803,5.31445403686337,9.01344033432113,0,0,0,0,0,0,0,0,0,0,271.285734748489,256.862159438004,213.284754847889,470.790108944542,215.593603873935,433.4440623996,0,0,10.4232178994224,9.86905548881638,8.17624770120372,18.0413203965073,8.24021602348396,16.5642849572511,0,0,323.533385995946,302.637718742534,278.345487317123,640.193305056512,324.028937751998,652.98394591304,0,0,12.4306440656915,11.6278261391386,10.6687949110906,24.5287080905359,12.3844112545652,24.9506185134804,0,0,0,0,45.5535484902376,102.401017497889,46.1933090358183,83.5718019008042,0,0,0,0,0,0,0,0,0,0,345.818333388095,169.349827550379,604.884112465731,544.949406167911
"117",1999,1943,9.66666666666667,5117.57941299507,4394.91375508751,1074.64316210241,2049.87536831639,510.41844681561,835.900430106827,0,0,0,0,0,0,0,0,0,0,0,0,1.75923320915306,3.43561509607988,0.965532083372276,1.58827123146657,0,0,0,0,0,0,0,0,0,0,4257.90171915828,3658.8644870581,677.475704735905,1353.20262717792,368.969062935391,658.911891292384,0,0,163.595393155614,140.579424736396,26.1074482101497,52.1532002895931,14.2164135056364,25.3873338498327,0,0,24945.924907636,21346.2007211126,4548.49297973387,8844.77317412885,2767.19299453974,4668.66514493347,0,0,958.452326253598,820.155523642403,176.795269054355,344.369954036867,108.467327830613,183.274828189265,0,0,0,0,8.26053339958624,16.4540915418779,5.35575623728934,9.09876274044854,0,0,0,0,0,0,0,0,0,0,272.552978911827,257.660956814,215.272626370429,475.482385955762,218.892050850445,440.827220469585,0,0,10.471907605399,9.89974655418712,8.25265617787193,18.2216019505141,8.36662388859351,16.8471487939691,0,0,321.402693677358,300.358528398621,279.168677275685,642.674942699988,326.657680210332,659.726209022758,0,0,12.3487800677782,11.5402559768897,10.7005297141943,24.6242149471103,12.485233535482,25.2089920887148,0,0,0,0,45.7777249303036,103.01123493662,46.6470639145306,84.5411061011437,0,0,0,0,0,0,0,0,0,0,349.56697889123,170.980725706993,617.258363223381,556.813646478736
"118",1999,1943,9.75,5097.04478707837,4372.57005270716,1074.33340607581,2049.66988260402,511.502187723286,838.386894239288,0,0,0,0,0,0,0,0,0,0,0,0,1.76000954060036,3.43789406253334,0.96829079863848,1.59416801741478,0,0,0,0,0,0,0,0,0,0,4284.76811318722,3677.01189625784,684.335352110492,1367.94128151433,374.893994273471,670.812360307418,0,0,164.627642978118,141.276677218629,26.3718574137441,52.7213814993269,14.4447038429263,25.8458502509778,0,0,24884.5291649675,21264.0867521015,4550.84850290549,8854.11817179759,2784.98822545458,4706.33397476568,0,0,956.093523320324,817.000568851623,176.893725683756,344.751653779473,109.171006194607,184.765493315334,0,0,0,0,8.27772860470477,16.4986496234084,5.39678520082098,9.18390962284133,0,0,0,0,0,0,0,0,0,0,273.834288386143,258.474294792651,217.2642333182,480.196654060339,222.213820508842,448.297739285481,0,0,10.5211377218916,9.93099629283818,8.32921312492218,18.4027392744862,8.49393401175205,17.1333763574822,0,0,319.310054602564,298.1124682585,279.972613803096,645.098915518479,329.272998949918,666.447956756289,0,0,12.2683781243414,11.4539587305356,10.7315321050065,24.7175273577299,12.5855540505637,25.4666099287014,0,0,0,0,45.9963065230976,103.609859001746,47.0980393752947,85.508279888235,0,0,0,0,0,0,0,0,0,0,353.333191732322,172.616734153737,629.793793699806,568.846546359906
"119",1999,1943,9.83333333333333,5076.4285569906,4350.27495755208,1073.890362633,2049.19653873141,512.501878140799,840.733662903629,0,0,0,0,0,0,0,0,0,0,0,0,1.76055136684627,3.43970445612526,0.970898117009479,1.59981448463045,0,0,0,0,0,0,0,0,0,0,4311.8178403568,3695.27255987691,691.233903382718,1382.75682054401,380.869938668029,682.841186680484,0,0,165.666936753065,141.978281116766,26.6377642760428,53.2925247658828,14.674959722265,26.3093125331566,0,0,24823.5302035334,21182.5943841344,4553.0104856601,8863.01494669763,2802.57815622062,4743.77571823783,0,0,953.749964550884,813.869497009206,176.98449351909,345.115599519874,109.866643025893,186.247288229773,0,0,0,0,8.2944800570262,16.5422981386644,5.43754023593233,9.26887634462266,0,0,0,0,0,0,0,0,0,0,275.129455178987,259.301739701617,219.260296809741,484.932952487628,225.559088116095,455.854764693539,0,0,10.5709002575121,9.9627880423837,8.40594623715436,18.5847339918483,8.6221532271478,17.4229353778472,0,0,317.254908321736,295.899421090637,280.757200739351,647.46601319065,331.873810702594,673.148446757366,0,0,12.1894167021288,11.3689298958489,10.761798320901,24.8086754009796,12.685331366047,25.7234436682019,0,0,0,0,46.2093051133707,104.196843604952,47.5461041456312,86.4730676908595,0,0,0,0,0,0,0,0,0,0,357.117164369525,174.257943682143,642.491330321231,581.049754081808
"120",1999,1943,9.91666666666667,5055.73182721002,4328.02835014274,1073.31655675466,2048.45991397475,513.417126676033,842.939642394125,0,0,0,0,0,0,0,0,0,0,0,0,1.76086165856921,3.4410498120728,0.973352885642848,1.60520795488186,0,0,0,0,0,0,0,0,0,0,4339.04965012507,3713.64564668188,698.169923284528,1397.64656408442,386.896572993431,694.998143150547,0,0,166.713226432635,142.684204493489,26.9051138136906,53.8665272703718,14.9071687211853,26.7777119597317,0,0,24762.9253961293,21101.7190128111,4554.98340647121,8871.4721372486,2819.96258180092,4780.9878343406,0,0,951.421549003484,810.762131206586,177.067746388126,345.462123235492,110.554224497853,187.720103242415,0,0,0,0,8.31082182670164,16.585088398385,5.47802098941084,9.35365868511325,0,0,0,0,0,0,0,0,0,0,276.438280762844,260.142882893946,221.261415178655,489.691234237815,228.927997849649,463.497508329436,0,0,10.6211875845296,9.99510610195317,8.48287849160097,18.7675844008044,8.7512871782648,17.7157960923403,0,0,315.236691692329,293.719239337594,281.522421945456,649.777039981979,334.459102133892,679.826882795188,0,0,12.1118741644331,11.2851638034321,10.7913276656685,24.8976897089375,12.7845267137152,25.9794628657962,0,0,0,0,46.4167391826624,104.77215430528,47.991129623113,87.4352162288634,0,0,0,0,0,0,0,0,0,0,360.919086460347,175.904442414968,655.351919378938,593.424904375526
"121",2000,1943,10,5036.36913444108,4306.73605536193,1073.18525680268,2048.40423936961,514.162651820673,844.759730077987,0,0,0,0,0,0,0,0,0,0,0,0,1.76086398369637,3.44156055777922,0.97548441638972,1.60986780554957,0,0,0,0,0,0,0,0,0,0,4366.4948226647,3732.15069392789,704.994633414757,1412.28777315377,392.892085425607,707.049317987235,0,0,167.767713851084,143.395198001383,27.1681823582842,54.4309633184642,15.1381800021735,27.2420385520816,0,0,24704.1813697526,21022.4816668297,4556.46590920057,8878.6199753515,2836.65252122473,4816.54591968831,0,0,949.164626734758,807.717701003291,177.131731528124,345.757128269914,111.214573059593,189.127995141934,0,0,0,0,8.32605477511603,16.6246217568647,5.51726394753876,9.43544418576779,0,0,0,0,0,0,0,0,0,0,277.698839894219,260.872242797235,223.162341935274,494.059657847231,232.125224823802,470.546770161167,0,0,10.6696204402103,10.0231292685838,8.55597539112546,18.9355077541622,8.87386898859347,17.9859975847787,0,0,313.260667911983,291.576416020268,282.23720687632,651.922727613657,336.968948781588,686.27054170213,0,0,12.035952731407,11.2028330823453,10.8189283553838,24.9803819356529,12.8808494043952,26.2265379824295,0,0,0,0,46.6146456920792,105.320265853233,48.4246299675995,88.3683394581049,0,0,0,0,0,0,0,0,0,0,364.838061615851,177.715033592973,668.711575918181,607.176799851042
"122",2000,1943,10.0833333333333,5017.34634608672,4285.76880502349,1073.08594152208,2048.35963270529,514.813817098779,846.391167013217,0,0,0,0,0,0,0,0,0,0,0,0,1.76081377025653,3.44187797611307,0.977420546099069,1.61414623296885,0,0,0,0,0,0,0,0,0,0,4393.95324459654,3750.61663770735,711.782024062835,1426.83837382337,398.878931548102,719.093923769297,0,0,168.82271033237,144.10468909156,27.429816794064,54.9919167741243,15.3688611552607,27.706119208377,0,0,24646.3569737563,20944.2404802695,4557.71784867798,8885.16621941347,2853.01587979711,4851.49264291604,0,0,946.943037249885,804.711544882738,177.186574168074,346.028325385648,111.862104158949,190.511884569016,0,0,0,0,8.34072982173962,16.6627866881861,5.55595394487632,9.51621666494012,0,0,0,0,0,0,0,0,0,0,278.960024912869,261.588614340137,225.045785885846,498.36292835597,235.305504824794,477.530920869749,0,0,10.718077343058,10.0506534016544,8.62840699014353,19.100946418041,8.99581321960673,18.2537337817949,0,0,311.330749243096,289.471435464682,282.92853822477,653.980724684537,339.444534799871,692.608816553019,0,0,11.9618027182526,11.1219563411689,10.8456351308308,25.0597278983177,12.9758734742595,26.4696129861974,0,0,0,0,46.806170880446,105.852813055015,48.8526852526213,89.2910937464356,0,0,0,0,0,0,0,0,0,0,368.802410887688,179.574823473201,682.323471284961,621.43842907398
"123",2000,1943,10.1666666666667,4998.27097752536,4264.87453580556,1072.86152133722,2048.068292504,515.395117906003,847.902832145647,0,0,0,0,0,0,0,0,0,0,0,0,1.76072601631741,3.44209435273909,0.979213049132016,1.61818217472348,0,0,0,0,0,0,0,0,0,0,4421.41633776147,3769.03847174415,718.573447705901,1441.38723794482,404.880122336718,731.196317632166,0,0,169.877886289901,144.812485414884,27.6916077622431,55.552808611195,15.6000979720071,28.172432167994,0,0,24589.0397416621,20866.7042737233,4558.82931564797,8891.3644581611,2869.18817986028,4886.21969528603,0,0,944.740932951242,801.732475265203,177.235787263324,346.285648895645,112.502126562569,191.887143643892,0,0,0,0,8.35507179962486,16.7002898524357,5.59435367296971,9.59674200756852,0,0,0,0,0,0,0,0,0,0,280.238394979722,262.326331440269,226.940620637385,502.713789577343,238.521332449801,484.634973918013,0,0,10.7671945213515,10.078997665265,8.70128000029624,19.2682207132433,9.119126333346,18.5260759150476,0,0,309.444742347538,287.402725003313,283.605363609835,655.983212807452,341.901949658881,698.90040720536,0,0,11.8893398536902,11.0424731554912,10.8717910645912,25.136960807799,13.0702138491993,26.7109309289218,0,0,0,0,46.9924602854215,106.374119546529,49.2775045784984,90.2104847309875,0,0,0,0,0,0,0,0,0,0,372.784847648142,181.43979044671,696.095539711794,635.878243790359
"124",2000,1943,10.25,4979.14093561462,4244.05026006961,1072.51395587778,2047.53367851276,515.905854505043,849.293353877675,0,0,0,0,0,0,0,0,0,0,0,0,1.76057293674039,3.44215883153212,0.980865201049408,1.62197978467524,0,0,0,0,0,0,0,0,0,0,4448.9040868588,3787.43425710426,725.372587623134,1455.94196654104,410.899910884642,743.363554298144,0,0,170.934009567784,145.519280906394,27.953696718294,56.1139304916672,15.8320535765509,28.6412479501768,0,0,24532.2114285686,20789.8546403096,4559.80149331932,8897.21693606699,2885.167708928,4920.72183975707,0,0,942.557612844685,798.779784928557,177.279417804566,346.529184982999,113.134568816273,193.253559423484,0,0,0,0,8.3691011264397,16.7371476862008,5.63246091116041,9.67701220363812,0,0,0,0,0,0,0,0,0,0,281.53285108414,263.083910919043,228.845707886048,507.107424075168,241.769517373385,491.850923222897,0,0,10.8169297493811,10.1081050733201,8.77455071699686,19.4371458530545,9.24368617367395,18.8027177004513,0,0,307.601012884589,285.369503845843,284.267483059618,657.932080353179,344.340898681503,705.147698168415,0,0,11.8185013439775,10.9643535260912,10.897388366807,25.2121527350772,13.1638591330976,26.9505826912967,0,0,0,0,47.1735345593204,106.88416845416,49.6989605692956,91.1262563902498,0,0,0,0,0,0,0,0,0,0,376.785608726742,183.310081152516,710.029275018141,650.498885557274
"125",2000,1943,10.3333333333333,4959.95475873341,4223.29353403619,1072.04528423204,2046.75942737139,516.345442280653,850.56154276818,0,0,0,0,0,0,0,0,0,0,0,0,1.7603320704181,3.44203007863318,0.982379299506617,1.62554182745087,0,0,0,0,0,0,0,0,0,0,4476.43298017165,3805.81898136647,732.182295683823,1470.50854678835,416.941713566616,755.601423651948,0,0,171.991713672224,146.225651412834,28.2161932132468,56.6755121749846,16.0648590182202,29.1127886022007,0,0,24475.8563069696,20713.6754324791,4560.63591970826,8902.72663759694,2900.95313699201,4954.99446976224,0,0,940.392472657667,795.852853457848,177.317526547174,346.759048615714,113.759374376575,194.610943472154,0,0,0,0,8.3828359358724,16.7733764519335,5.67027467120038,9.75702115645506,0,0,0,0,0,0,0,0,0,0,282.84244607168,263.860035964228,230.760141574984,511.539717503726,245.047457360636,499.171911826548,0,0,10.8672466359929,10.1379250317852,8.84818434924342,19.6075640207723,9.3693931319965,19.0833968794428,0,0,305.798070883176,283.371070406138,284.914751133612,659.829044691937,346.76099389211,711.352594692959,0,0,11.7492299422702,10.8875704968998,10.9224213306665,25.2853691761412,13.2567943352976,27.1886407807293,0,0,0,0,47.3494204825985,107.382953438251,50.1169311537179,92.0381599412966,0,0,0,0,0,0,0,0,0,0,380.804916030922,185.185832029751,724.126037980985,665.302804563682
"126",2000,1943,10.4166666666667,4940.71149556211,4202.60235118735,1071.45760560933,2045.7493137156,516.713397361513,851.70636942763,0,0,0,0,0,0,0,0,0,0,0,0,1.75998510977198,3.44167424090529,0.983756967891592,1.6288701065014,0,0,0,0,0,0,0,0,0,0,4504.01672902818,3824.2051955593,739.004779774704,1485.09170701335,423.008279669452,767.914702262524,0,0,173.051525414375,146.932079164791,28.4791820806173,57.237735126564,16.2986197684847,29.5872373306023,0,0,24419.9606442655,20638.1522974237,4561.33439473363,8907.89710435059,2916.54343992193,4989.03349016974,0,0,938.244984764568,792.951129394974,177.350184420663,346.975376473752,114.376498648618,195.959127261206,0,0,0,0,8.39629245900843,16.808992016748,5.70779475870675,9.83676406570407,0,0,0,0,0,0,0,0,0,0,284.166353025132,264.653525369382,232.683184233704,516.007103927458,248.352993870871,506.591992986601,0,0,10.9181134097378,10.1684121568177,8.92215257643491,19.7793384356826,9.49616461032167,19.3678860635783,0,0,304.034541908634,281.406780578352,285.547072783136,661.675685366237,349.161794487101,717.516623958196,0,0,11.6814728408064,10.8120993203328,10.9468861758431,25.3566703287821,13.3490024265827,27.4251632138522,0,0,0,0,47.520149773659,107.870477143097,50.5312991761535,92.9459532428666,0,0,0,0,0,0,0,0,0,0,384.84297932487,187.067170924774,738.38708863019,680.292296561818
"127",2000,1943,10.5,4921.41066094744,4181.97510272779,1070.75307145606,2044.50723501897,517.009333341309,852.726959923603,0,0,0,0,0,0,0,0,0,0,0,0,1.75951745143597,3.44106416038688,0.984999271465609,1.63196563058872,0,0,0,0,0,0,0,0,0,0,4531.66654023839,3842.60325709668,745.841676221765,1499.69505201442,429.101755565443,780.307244766611,0,0,174.113875377799,147.638962110672,28.7427262131201,57.8007377044857,16.5334181782172,30.0647419990036,0,0,24364.5125037207,20563.2725003472,4561.89894219079,8912.73236135198,2931.93787113697,5022.83527526673,0,0,936.114690539218,790.074123448457,177.377471060682,347.178324104705,114.985907897105,197.29796055402,0,0,0,0,8.40948517549509,16.8440097775501,5.74502161285915,9.91623719885656,0,0,0,0,0,0,0,0,0,0,285.503852985151,265.463322117559,234.614242394099,520.506506644753,251.68435478661,514.106037247931,0,0,10.9695024470783,10.1995258361339,8.99643260461237,19.9523510824016,9.62393282454148,19.6559891724019,0,0,302.309156517955,279.476038946586,286.164401200879,663.473456216676,351.542824123313,723.640976549841,0,0,11.6151812657625,10.7379171195519,10.9707809669907,25.4261115596893,13.4404650037199,27.6601951082298,0,0,0,0,47.6857586343384,108.346750699899,50.9419523774854,93.8494007668559,0,0,0,0,0,0,0,0,0,0,388.899997222084,188.954217629778,752.813597988234,695.469516284714
"128",2000,1943,10.5833333333333,4902.05216808731,4161.41051786338,1069.93387421146,2043.03718914726,517.232953779147,853.622584513074,0,0,0,0,0,0,0,0,0,0,0,0,1.75891753298774,3.44017821103801,0.98610688072586,1.63482884639948,0,0,0,0,0,0,0,0,0,0,4559.39152330074,3861.02168991979,752.694156200502,1514.32126423851,435.223782907002,792.782127722066,0,0,175.179113563995,148.346627753928,29.0068706433515,58.3646228718094,16.7693172389409,30.5454206365947,0,0,24309.5014478765,20489.0246613764,4562.33175662373,8917.23681219788,2947.13591771361,5056.3966010345,0,0,934.001188959657,787.221398385138,177.399472755604,347.368061869475,115.587577551361,198.627308792576,0,0,0,0,8.42242704444028,16.8784445674665,5.781956080723,9.99543756704763,0,0,0,0,0,0,0,0,0,0,286.854316730472,266.288475649272,236.552831769186,525.035250666498,255.040072795178,521.709594242196,0,0,11.0213895723558,10.2312295477162,9.07100582986521,20.1264993529494,9.75264167427208,19.9475361367453,0,0,300.620734388874,277.578287051558,286.766733959199,665.22370387036,353.903592491582,729.726565459012,0,0,11.5503098674688,10.6650024376513,10.994105466907,25.4937441161849,13.5311631189798,27.8937709459024,0,0,0,0,47.8462870548819,108.811792835804,51.3487831942781,94.7482733084744,0,0,0,0,0,0,0,0,0,0,392.97615874469,190.847084796006,767.406665344823,710.836498194229
"129",2000,1943,10.6666666666667,4882.63627644465,4140.90761793589,1069.00223857391,2041.34325691106,517.384046507142,854.392649216047,0,0,0,0,0,0,0,0,0,0,0,0,1.75817632409535,3.43899940225942,0.987080190860367,1.63745980977027,0,0,0,0,0,0,0,0,0,0,4587.19900395512,3879.46746155297,759.563007285543,1528.97225806918,441.375575272387,805.341761316715,0,0,176.247521439605,149.055343797985,29.2716456714191,58.9294641117501,17.0063635189876,31.0293657159832,0,0,24254.9183098922,20415.3985529006,4562.63516271679,8921.4151585048,2962.13726632657,5089.71459259131,0,0,931.904127822729,784.392561243646,177.416280876623,347.544771827346,116.181490890725,199.947051070734,0,0,0,0,8.43512969068257,16.9123106037326,5.81859925835329,10.0743626922906,0,0,0,0,0,0,0,0,0,0,288.217190606807,267.128127957279,238.498551464534,529.5909956187,258.418923323021,529.398784861988,0,0,11.0737535133139,10.2634903255523,9.14585684835054,20.3016934722949,9.88224436235772,20.2423787659139,0,0,298.968172285726,275.712994781633,287.354109148008,666.92768193292,356.243610668508,735.774072280791,0,0,11.4868162580401,10.5933349068873,11.016860989381,25.559615672576,13.6210778704808,28.1259163455918,0,0,0,0,48.0017782679726,109.265629168989,51.7516885990855,95.6423477707941,0,0,0,0,0,0,0,0,0,0,397.071644520957,192.745878651061,782.16733088288,726.395172402367
"130",2000,1943,10.75,4863.1635495058,4120.46567924989,1067.96041448743,2039.42958794294,517.46247887346,855.03668886604,0,0,0,0,0,0,0,0,0,0,0,0,1.75728692015601,3.43751465675474,0.987919407722774,1.63985831053235,0,0,0,0,0,0,0,0,0,0,4615.09477766817,3897.94620698401,766.448698228603,1543.64930261485,447.557980813143,817.98797983552,0,0,177.319321675724,149.765326748087,29.5370693498109,59.4953101358139,17.2445895638836,31.5166476180383,0,0,24200.7550085712,20342.384935467,4562.81158347747,8925.27233615546,2976.9417756086,5122.78668143427,0,0,929.823196637176,781.587257029224,177.427990647049,347.70864526962,116.767637977656,201.257078486111,0,0,0,0,8.44760356800318,16.9456214771342,5.8549523854063,10.1530104463887,0,0,0,0,0,0,0,0,0,0,289.591984937088,267.981501982754,240.451064747823,534.171682275613,261.819876046069,537.170213159601,0,0,11.1265754558017,10.2962783137976,9.22097271794316,20.4778544467559,10.0127015348724,20.5403873707131,0,0,297.350434447898,273.879653946538,287.926601126935,668.586562526823,358.562401639051,741.783985419515,0,0,11.4246606420858,10.52289500177,11.0390502370466,25.6237707743226,13.7101908069402,28.3566495279181,0,0,0,0,48.1522782949673,109.708291603004,52.1505699466225,96.5314069755387,0,0,0,0,0,0,0,0,0,0,401.186627757002,194.650699606564,797.096585010091,742.147377519865
"131",2000,1943,10.8333333333333,4843.63481803492,4100.08420082316,1066.81067103302,2037.30038832013,517.468193460112,855.554360894917,0,0,0,0,0,0,0,0,0,0,0,0,1.75624419076077,3.43571418420071,0.988624619676471,1.64202397713061,0,0,0,0,0,0,0,0,0,0,4643.08332975162,3916.46242268597,773.351434831675,1558.35312796081,453.771537256639,830.722121312204,0,0,178.394686605203,150.47674936592,29.8031496268925,60.062188958177,17.4840160040706,32.0073176828144,0,0,24147.0043876602,20269.97541534,4562.8635130314,8928.81346037411,2991.54945194286,5155.61056773659,0,0,927.758120449292,778.805163240937,177.434700089596,347.859880594098,117.346014723202,202.557292687048,0,0,0,0,8.45985810369114,16.9783901502186,5.89101675999717,10.2313789183257,0,0,0,0,0,0,0,0,0,0,290.978263897031,268.847891357941,242.410082933241,538.775486307208,265.242053565091,545.020889309863,0,0,11.1798386547768,10.3295663726715,9.29634233945972,20.6549122892046,10.1439796959186,20.8414478105115,0,0,295.766544325694,272.077773035814,288.484316438487,670.20144635981,360.859508461996,747.756633275214,0,0,11.3638054991894,10.4536638376749,11.0606771452841,25.6862512255747,13.7984842417934,28.5859825879289,0,0,0,0,48.2978355464677,110.139817784015,52.54533282906,97.4152394913824,0,0,0,0,0,0,0,0,0,0,405.321275079035,196.561642799343,812.19537607657,758.094871777319
"132",2000,1943,10.9166666666667,4824.05114911601,4079.76287727054,1065.55529131509,2034.95991011026,517.401204331805,855.945439945797,0,0,0,0,0,0,0,0,0,0,0,0,1.75504448758608,3.43359095786224,0.989195852779375,1.64395635771199,0,0,0,0,0,0,0,0,0,0,4671.16802005368,3935.01962920938,780.271206098587,1573.08401326947,460.016518468581,843.545094856651,0,0,179.473745318781,151.189746916664,30.0698861177401,60.6301112744042,17.7246533395112,32.5014107887478,0,0,24093.6600809691,20198.1623249092,4562.79349445616,8932.04378047812,3005.96042906911,5188.18418837921,0,0,925.708654660655,776.045985276735,177.436509168155,347.998681553183,117.916622099604,203.847604641017,0,0,0,0,8.47190182518636,17.0106289698762,5.9267936784107,10.3094663160452,0,0,0,0,0,0,0,0,0,0,292.375636950384,269.72665157151,244.375352756078,543.400779881867,268.684697871573,552.948164502381,0,0,11.2335281052338,10.3633297390164,9.37195597184352,20.8328045456493,10.2760499211887,21.145458997502,0,0,294.215577712842,270.306873190975,289.027389815009,671.773371255499,363.134499906783,753.692212342497,0,0,11.3042153200495,10.3856230160863,11.081746729593,25.7470964174744,13.8859414700977,28.8139225722802,0,0,0,0,48.4385004808568,110.560250624844,52.9358869406002,98.2936394828489,0,0,0,0,0,0,0,0,0,0,409.475747237836,198.478798562504,827.464616312541,774.239342299885
"133",2001,1943,11,4803.46066280938,4058.17049876185,1064.65980444074,2033.16634070934,517.31932884474,856.244228877967,0,0,0,0,0,0,0,0,0,0,0,0,1.75383686875956,3.43130418540606,0.98974107021154,1.64571807138509,0,0,0,0,0,0,0,0,0,0,4699.21902925076,3953.3517484705,787.425381042098,1588.14624163292,466.348801649585,856.498889456972,0,0,180.551509950445,151.894096254837,30.3456364724325,61.2107732669129,17.9686540041278,33.0005437721265,0,0,24039.3952230717,20124.786257935,4563.8791687824,8936.78307188272,3020.50735415968,5220.70839392221,0,0,923.623819172751,773.22675527901,177.482629621338,348.195067362971,118.492501479784,205.13589284417,0,0,0,0,8.48437045094498,17.0429385710148,5.96293532412036,10.3876698284764,0,0,0,0,0,0,0,0,0,0,293.820027632204,270.600034088868,246.440608968703,548.135711386603,272.289186422164,561.05317294904,0,0,11.289024044839,10.3968864857549,9.45140963402783,21.0149130860167,10.4143195717975,21.4562888403572,0,0,292.689788850054,268.549848624433,289.58326231452,673.332193164949,365.429749287966,759.619800992494,0,0,11.2455925007906,10.3181153052434,11.1033118300167,25.8074519063598,13.9741826894907,29.0415807964273,0,0,0,0,48.5769554629834,110.97170019193,53.3279274494908,99.170135970563,0,0,0,0,0,0,0,0,0,0,413.58488078895,200.380986534736,842.666243388504,790.403717673893
"134",2001,1943,11.0833333333333,4782.79040548168,4036.60654186451,1063.66306015379,2031.1706151156,517.169697515245,856.421172129357,0,0,0,0,0,0,0,0,0,0,0,0,1.75257558044449,3.42887363921593,0.990157593888143,1.64725027528692,0,0,0,0,0,0,0,0,0,0,4727.39233846742,3971.73441199999,794.614091241227,1603.26831159447,472.72554421183,869.56148577623,0,0,181.633973544439,152.600387584631,30.6227177820496,61.7937416218226,18.2143667956248,33.5038674336502,0,0,23985.4576860269,20051.9078220323,4564.86529531982,8941.24555940417,3034.87913641596,5252.99512472456,0,0,921.551559047728,770.426645103288,177.524729301366,348.380347165988,119.061441796378,206.414754738777,0,0,0,0,8.49697180578694,17.075253197379,5.9988282477909,10.4656182727161,0,0,0,0,0,0,0,0,0,0,295.273309918191,271.483910246739,248.513560215712,552.89572769729,275.909042306461,569.229539470433,0,0,11.344861612918,10.4308464150155,9.53116307464759,21.1979945687061,10.5531868438724,21.7698698965314,0,0,291.194583266532,266.819920543727,290.128890325992,674.850310841589,367.709512369424,765.511517001834,0,0,11.1881447303023,10.2516486851119,11.1244880717093,25.8662580159915,14.0618409424488,29.267890888958,0,0,0,0,48.7107360690215,111.372203627478,53.7158070687442,100.040875281297,0,0,0,0,0,0,0,0,0,0,417.711749999505,202.288523422183,858.034949362342,806.761726141622
"135",2001,1943,11.1666666666667,4762.07969552786,4015.12375506852,1062.54932374212,2028.94762849489,516.949997317677,856.47469734666,0,0,0,0,0,0,0,0,0,0,0,0,1.75123404461862,3.42625755069222,0.990442509070426,1.64855172498421,0,0,0,0,0,0,0,0,0,0,4755.69151738521,3990.17736385687,801.827561119485,1618.43558288314,479.143779810835,882.729944880652,0,0,182.721273253637,153.308995288374,30.9007542095401,62.3784536351816,18.4616776272616,34.011268879887,0,0,23931.8967956559,19979.6072032274,4565.70501665861,8945.36642879921,3049.06312035887,5285.03510776444,0,0,919.493769453997,767.648735625473,177.561005056071,348.552028638804,119.622942745083,207.683818153868,0,0,0,0,8.50963494790952,17.1074799832242,6.03445401097613,10.5433022238355,0,0,0,0,0,0,0,0,0,0,296.734039803979,272.378519195354,250.590771708491,557.676527805441,279.539705797736,577.472795485246,0,0,11.4009853285999,10.4652187153312,9.61108448891485,21.3818839887063,10.6924775065003,22.0860316969578,0,0,289.729421925852,265.11750946019,290.663140654466,676.327810830452,369.970841983461,771.36582290708,0,0,11.1318512980899,10.1862393124054,11.1452318472809,25.9235176602545,14.1488033468223,29.4927936392766,0,0,0,0,48.8398354970566,111.761800762793,54.099218904185,100.905518988192,0,0,0,0,0,0,0,0,0,0,421.859033219942,204.202318893253,873.580794948379,823.322020789326
"136",2001,1943,11.25,4741.33058015221,3993.72250889841,1061.32139827108,2026.50248364304,516.660252610973,856.404729760738,0,0,0,0,0,0,0,0,0,0,0,0,1.74979397757638,3.42342450211156,0.990596819697366,1.64962334301678,0,0,0,0,0,0,0,0,0,0,4784.11419904722,4008.67940556909,809.064348871727,1633.64498784616,485.602409614963,896.00249500079,0,0,183.813318135771,154.019873318854,31.1796902895557,62.9647913418896,18.7105443527036,34.5226801519021,0,0,23878.7102845977,19907.8800799211,4566.40193090307,8949.1527991176,3063.05969156573,5316.82711878216,0,0,917.450363275673,764.892860802652,177.591597076854,348.710387463229,120.177015768438,208.943027394469,0,0,0,0,8.52231632031983,17.1395529465274,6.06981788296554,10.6207255519511,0,0,0,0,0,0,0,0,0,0,298.202230250234,273.283444498607,252.672439057834,562.477223588559,283.182161497404,585.782475906025,0,0,11.4573956898587,10.4999873865596,9.69118133679415,21.5665472521212,10.8322293495313,22.404756817978,0,0,288.29349896002,263.442377057781,291.185939652244,677.765881358393,372.212543027575,777.182370948979,0,0,11.0766812415883,10.1218780306342,11.1655401993953,25.9792760263298,14.2350240143514,29.7162753099869,0,0,0,0,48.9643456810453,112.140612743178,54.4780907676569,101.763887459426,0,0,0,0,0,0,0,0,0,0,426.026834903127,206.122447019131,889.304287220018,840.086042989495
"137",2001,1943,11.3333333333333,4720.54517094685,3972.40322022517,1059.98205913012,2023.84025354193,516.300548657427,856.211291250922,0,0,0,0,0,0,0,0,0,0,0,0,1.74824099509998,3.42034974495909,0.990621215774281,1.65046568239241,0,0,0,0,0,0,0,0,0,0,4812.65792595172,4027.23926328716,816.323073389298,1648.89362509258,492.100296682214,909.377380193303,0,0,184.910013769692,154.732972732736,31.4594728775297,63.5526431370849,18.9609233400103,35.0380338656305,0,0,23825.8959217841,19836.7222113764,4566.95953267248,8952.61160709538,3076.8692573259,5348.36997465283,0,0,915.421254791312,762.158857698783,177.616641615555,348.855692455153,120.723673272147,210.192328525811,0,0,0,0,8.53498057355777,17.1714185222018,6.1049236279525,10.6978901883727,0,0,0,0,0,0,0,0,0,0,299.677882778071,274.198292467083,254.758692918836,567.296923224712,286.837214892019,594.158045495296,0,0,11.5140927551422,10.5351373025226,9.77145858663895,21.7519501176028,10.9724732955071,22.7260251222852,0,0,286.886037852157,261.794261367556,291.697252332681,679.165624578266,374.43359299965,782.960835362736,0,0,11.0226047259486,10.0585547745262,11.1854116516984,26.0335750018345,14.3204636613858,29.9383230161417,0,0,0,0,49.0843505307618,112.508750296617,54.8523544884069,102.615806516265,0,0,0,0,0,0,0,0,0,0,430.215259608447,208.048978964325,905.205970151846,857.05521488718
"138",2001,1943,11.4166666666667,4699.72564324756,3951.16635210384,1058.53405677627,2020.96598483083,515.871028496911,855.894496158098,0,0,0,0,0,0,0,0,0,0,0,0,1.74656375702025,3.41701376952307,0.990516197146452,1.65107908305946,0,0,0,0,0,0,0,0,0,0,4841.32013874825,4045.85557731487,823.602402168215,1664.17872335137,498.636274486204,922.852849174919,0,0,186.011261821065,155.448241288318,31.740050687461,64.141902393234,19.2127698018556,35.5572627876283,0,0,23773.4515211286,19766.1294416808,4567.38122451209,8955.74962975096,3090.49224558498,5379.66253576111,0,0,913.406360007742,759.446566636903,177.636271420477,348.988206425728,121.262928580814,211.431669463017,0,0,0,0,8.54759873130454,17.2030328516965,6.13977391380591,10.7747966557126,0,0,0,0,0,0,0,0,0,0,301.160988347756,275.122689358223,256.84961087687,572.13473699551,290.505517600917,602.598909544252,0,0,11.5710761771332,10.5706541034325,9.85191917013968,21.9380584179403,11.1132343661036,23.0498141696196,0,0,285.506290176157,260.172881575637,292.197074708816,680.528067557535,376.633114421014,788.70090984453,0,0,10.9695929956137,9.99625875475687,11.2048459153679,26.0864535961876,14.4050885526998,30.158924625152,0,0,0,0,49.1999278091029,112.866316467739,55.2219454278112,103.46110689459,0,0,0,0,0,0,0,0,0,0,434.424411832326,209.981983255841,921.286415275527,874.230938789485
"139",2001,1943,11.5,4678.87423787965,3930.01241513931,1056.98011708067,2017.88469828487,515.371893534272,855.454552842657,0,0,0,0,0,0,0,0,0,0,0,0,1.74475361556308,3.41340171602786,0.990282125782412,1.65146374039243,0,0,0,0,0,0,0,0,0,0,4870.09816802719,4064.5268948354,830.901046343106,1679.4976260391,505.209150510055,936.427149116528,0,0,187.116959726901,156.165623166054,32.0213741020885,64.7324668695066,19.4660379346168,36.0802995983363,0,0,23721.3749465507,19696.0977037467,4567.67031966,8958.57349055151,3103.92910539313,5410.70370926076,0,0,911.405596853125,756.755831352853,177.650615842567,349.108186419797,121.794795958924,212.661000104736,0,0,0,0,8.56014743738747,17.2343606644058,6.17437047504137,10.8514442799052,0,0,0,0,0,0,0,0,0,0,302.651527354287,276.0562803018,258.945222263873,576.989779937616,294.187577289612,611.104417376251,0,0,11.6283452025801,10.6065241546065,9.93256416662646,22.1248381611626,11.2545320612018,23.3760993508837,0,0,284.153535833286,258.577940175545,292.685430560557,681.854166488412,378.810363552144,794.402307051105,0,0,10.9176183834084,9.93497854064502,11.2238437652457,26.1379481020293,14.4888700689594,30.3780687358988,0,0,0,0,49.3111499135017,113.213407830577,55.5868023887304,104.299624209832,0,0,0,0,0,0,0,0,0,0,438.654395873989,211.921525837633,937.546216732375,891.614595834124
"140",2001,1943,11.5833333333333,4657.99326092469,3908.94196743875,1055.32294258962,2014.60139027935,514.803402185268,854.891762201642,0,0,0,0,0,0,0,0,0,0,0,0,1.7428041125229,3.40950253039429,0.989919294896267,1.65161979380879,0,0,0,0,0,0,0,0,0,0,4898.98922835299,4083.25166441257,838.217753474167,1694.8477693901,511.817711543408,950.098518674802,0,0,188.227000466315,156.885058757285,32.3033948971686,65.3242378748729,19.7206811235868,36.6070766271809,0,0,23669.6641163772,19626.6230211723,4567.83004830509,8961.08967183225,3117.18030666231,5441.49245123459,0,0,909.418885346039,754.086499066768,177.65980107455,349.215884190207,122.31929060142,213.880272419377,0,0,0,0,8.57260788133661,17.2653736803516,6.20871434298249,10.9278314884047,0,0,0,0,0,0,0,0,0,0,304.149470012884,276.998727481103,261.045515320804,581.861174924435,297.883773538852,619.673868284087,0,0,11.6858986871074,10.6427344765855,10.0133930773026,22.3122556482295,11.3963809662757,23.7048541163332,0,0,282.827082316979,257.009126001528,293.162366750329,683.144813863183,380.964713006763,800.064757330437,0,0,10.8666542822919,9.87470217669837,11.2424068603968,26.1880923703505,14.571784040699,30.5957446279907,0,0,0,0,49.4180849766588,113.550116124794,55.9468673814251,105.131198734854,0,0,0,0,0,0,0,0,0,0,442.905315686173,213.867670217313,953.98598493039,909.207545153178
"141",2001,1943,11.6666666666667,4637.08508314924,3887.9556142466,1053.56521333406,2011.1210335767,514.165868823662,854.206516612941,0,0,0,0,0,0,0,0,0,0,0,0,1.74071060227812,3.40530832802648,0.989427976652614,1.65154738857853,0,0,0,0,0,0,0,0,0,0,4927.99041531117,4102.02823324643,845.55130203923,1710.22666574496,518.46072772719,963.865182730163,0,0,189.341272447054,157.606484558793,32.5860660309272,65.9171196285616,19.9766520998111,37.137525652632,0,0,23618.3170056145,19557.7015085901,4567.8635623608,8963.30452410953,3130.24634011954,5472.02776844232,0,0,907.446147682805,751.438420496455,177.663950333231,349.311546553501,122.836428632387,215.089440516225,0,0,0,0,8.584964996416,17.2960494096473,6.24280600941909,11.003956021896,0,0,0,0,0,0,0,0,0,0,305.654776621627,277.949708583807,263.150442760066,586.748054593848,301.594370881687,628.306515927602,0,0,11.7437351053075,10.6792726856135,10.0944040383073,22.5002775467098,11.5387912514403,24.0360501446139,0,0,281.526264000874,255.466116644213,293.627949583336,684.400844542648,383.095637699174,805.688007853633,0,0,10.8166751180026,9.81541727542679,11.2605376046779,26.2369180431798,14.6538102099485,30.8119422267497,0,0,0,0,49.5207976854656,113.876529485176,56.3020854683579,105.955675274012,0,0,0,0,0,0,0,0,0,0,447.177274734267,215.820477580672,970.606341277507,927.011123088047
"142",2001,1943,11.75,4616.15213888997,3867.05400713928,1051.70958743026,2007.44857774246,513.459662664951,853.39929874473,0,0,0,0,0,0,0,0,0,0,0,0,1.73846994927906,3.40081387960148,0.988808455494253,1.65124671957235,0,0,0,0,0,0,0,0,0,0,4957.09870515865,4120.85484676247,852.900496889067,1725.6318898697,525.136955849083,977.725348343885,0,0,190.459659492077,158.329833157021,32.8693414703219,66.5110187364778,20.2339030680441,37.6715777488164,0,0,23567.3316465225,19489.3293705643,4567.77393962269,8965.22427393395,3143.12771731235,5502.30871957698,0,0,905.487308259516,748.811449815056,177.663184018095,349.395415689413,123.346227105608,216.288460697411,0,0,0,0,8.59720682007783,17.3263701860594,6.27664554816231,11.0798150912147,0,0,0,0,0,0,0,0,0,0,307.167397788212,278.908915346977,265.259926451605,591.649562438619,305.319530601263,637.001571931665,0,0,11.8018525594522,10.7161269377348,10.1755940003142,22.6888709325513,11.6817691231616,24.3696574811553,0,0,280.250441304298,253.948580524716,294.082261759911,685.623041408426,385.202702440397,811.271821917781,0,0,10.7676563169947,9.75711109703282,11.2782390299828,26.2844547703101,14.7349317550351,31.0266520749664,0,0,0,0,49.6193499295386,114.192733420179,56.6524046490875,106.77290308399,0,0,0,0,0,0,0,0,0,0,451.470375859373,217.780006895315,987.407913522348,945.026642514632
"143",2001,1943,11.8333333333333,4595.1969246115,3846.23784296373,1049.75870155272,2003.58894933346,512.685206601633,852.470680259485,0,0,0,0,0,0,0,0,0,0,0,0,1.73608026789595,3.39601616773225,0.988061055181186,1.65071806682222,0,0,0,0,0,0,0,0,0,0,4986.31095582134,4139.72964940514,860.264165311782,1741.06106717115,531.845142186322,991.677201444194,0,0,191.582040877871,159.055033258557,33.1531760405905,67.1058437401924,20.492385817212,38.2091631599385,0,0,23516.7061283805,19421.5028998177,4567.56418753619,8966.85503085091,3155.82497063532,5532.33441624834,0,0,903.542293663075,746.205444582894,177.657619854919,349.467729405991,123.848704005822,217.47729149922,0,0,0,0,8.60932394524633,17.3563223353424,6.31023271711893,11.1554055086054,0,0,0,0,0,0,0,0,0,0,308.687274651923,279.876052204252,267.373861543019,596.564853507476,309.059321460531,645.758209008959,0,0,11.8602487880218,10.7532858768163,10.256958886482,22.8780033170014,11.8253172351466,24.7056446583618,0,0,278.998999796914,252.45617873591,294.525399707706,686.812140610305,387.2855508047,816.815978356229,0,0,10.7195742720372,9.69977062015617,11.2955146940597,26.3307304105309,14.8151348640799,31.2398653089482,0,0,0,0,49.7138013548382,114.498811646346,56.9977757628979,107.582735814642,0,0,0,0,0,0,0,0,0,0,455.784721143969,219.746315004803,1004.39133156108,963.255392223874
"144",2001,1943,11.9166666666667,4574.22199712919,3825.50786251476,1047.71517127137,1999.54705184638,511.842975991356,851.42132041262,0,0,0,0,0,0,0,0,0,0,0,0,1.7335407077988,3.3909140192344,0.987186158332145,1.64996182148331,0,0,0,0,0,0,0,0,0,0,5015.62390931322,4158.65068670478,867.641153730646,1756.51186391703,538.584024846128,1005.71890427743,0,0,192.708291427403,159.78200976955,33.4375252990121,67.7015047426557,20.7520518114794,38.7502112038946,0,0,23466.4385963829,19354.2184747334,4567.23724655422,8968.20279341722,3168.3386533818,5562.10402367419,0,0,901.611032628734,743.620265651506,177.647373023611,349.528721368391,124.343878250866,218.655893721975,0,0,0,0,8.62130906985464,17.3858954878084,6.34356703763298,11.2307237892903,0,0,0,0,0,0,0,0,0,0,310.214339095625,280.850835030952,269.492119993446,601.493094669341,312.813729396966,654.575563591294,0,0,11.9189211738501,10.7907385863327,10.3384937279914,23.0676426568734,11.9694350596769,25.0439787969716,0,0,277.771349247216,250.988566643791,294.957471312825,687.968836404994,389.343895282542,822.320271055366,0,0,10.6724063056556,9.64338260340078,11.3123685936235,26.3757712172183,14.8944083578041,31.4515736388319,0,0,0,0,49.8042098143264,114.794846768072,57.3381524124001,108.385031473507,0,0,0,0,0,0,0,0,0,0,460.120411780735,221.719456713523,1021.55722370895,981.698636363575
"145",2002,1943,12,4553.33540414901,3804.89025953616,1045.68517227797,1995.49033977915,510.928478809988,850.226039045633,0,0,0,0,0,0,0,0,0,0,0,0,1.7308450258362,3.38546017024792,0.986174270305823,1.64892783940548,0,0,0,0,0,0,0,0,0,0,5045.01505249646,4177.57551177635,875.048400201826,1771.99109516003,545.346589151648,1019.81681645216,0,0,193.837546149916,160.509131812799,33.7230394215869,68.298260086844,21.0126308835126,39.2934259050822,0,0,23416.5328914149,19287.3368435507,4566.94195356719,8969.42085195346,3180.63776013011,5591.44587753797,0,0,899.693672760664,741.050562743071,177.638153553141,349.584208626729,124.830530059035,219.817512107618,0,0,0,0,8.63311787373503,17.4148225112685,6.37658403983964,11.3054199951727,0,0,0,0,0,0,0,0,0,0,311.743617950367,281.815075790053,271.609457667451,606.383430206511,316.567017052583,663.351945339145,0,0,11.9776786400629,10.8277862527898,10.4199974555957,23.2558388298076,12.1135204125245,25.3807692516714,0,0,276.565741278041,249.542935649279,295.378204884554,689.084934746906,391.373645896536,827.758916571812,0,0,10.6260852426138,9.5878391358876,11.3287902388706,26.4192628187015,14.9725955904185,31.6607904823141,0,0,0,0,49.8903816488993,115.079155503446,57.6729137914855,109.176308845112,0,0,0,0,0,0,0,0,0,0,464.483921765631,223.717124817619,1038.93172001207,1000.52448376633
"146",2002,1943,12.0833333333333,4533.08201616805,3784.5285406342,1044.18519141093,1992.23375614317,509.924751348137,848.767641734154,0,0,0,0,0,0,0,0,0,0,0,0,1.72808275324475,3.37963211033972,0.984978745326308,1.64736801981986,0,0,0,0,0,0,0,0,0,0,5074.31036382881,4196.23380722337,882.558652891669,1787.50655216508,552.086297728082,1033.77520890662,0,0,194.963118859466,161.226013361646,34.0125117582655,68.8963935986829,21.2723317954881,39.8312694867238,0,0,23367.0693261296,19220.2217100176,4567.41418728135,8971.26489410095,3192.58060180731,5619.52341796884,0,0,897.79329994141,738.471888326758,177.658197650376,349.662875865384,125.303089405113,220.929241333811,0,0,0,0,8.64476026882262,17.4421448921693,6.40896440659106,11.3777448220309,0,0,0,0,0,0,0,0,0,0,313.251244432358,282.682267525245,273.704560561613,611.002771662503,320.244689994816,671.603820984928,0,0,12.0356041877429,10.8611051404669,10.5006532299303,23.4336541302476,12.2547225305701,25.6975145197731,0,0,275.379761864313,248.1077915304,295.78968281313,690.115963164082,393.358473825471,832.992333499232,0,0,10.5805183324676,9.53269859120105,11.3448597162588,26.4595003408864,15.0490716131539,31.8621759626189,0,0,0,0,49.9712826725215,115.343311450342,57.9992893516623,109.939851482677,0,0,0,0,0,0,0,0,0,0,468.907053309419,225.827609076549,1056.64063462842,1020.56825494722
"147",2002,1943,12.1666666666667,4512.83720092719,3764.28127009,1042.58814657894,1988.79587402836,508.867198077987,847.210334383023,0,0,0,0,0,0,0,0,0,0,0,0,1.72535600343362,3.37383453228754,0.983664141530006,1.64559470340217,0,0,0,0,0,0,0,0,0,0,5103.57902534724,4214.82846932499,890.052951140395,1802.98112047309,558.827962698227,1047.76401110075,0,0,196.087667640548,161.940450015602,34.3013748389046,69.4929621746915,21.5321110911253,40.3702904390154,0,0,23318.048105414,19153.7221414476,4567.77505045723,8972.85377446971,3204.36645186086,5647.37574491186,0,0,895.90992183468,735.916864941352,177.673811690506,349.731343079355,125.769371796116,222.031920653262,0,0,0,0,8.65657478322293,17.4696032406221,6.44109196704056,11.4497705292661,0,0,0,0,0,0,0,0,0,0,314.766890265436,283.5623316527,275.810170103512,615.662628424652,323.94253741697,679.950698388615,0,0,12.093837850551,10.8949186061127,10.5817160288314,23.6130329366688,12.3967064765332,26.0179168698342,0,0,274.222634296441,246.698500100774,296.196872455736,691.11579462405,395.32334270722,838.167721272168,0,0,10.536059948492,9.47855134849836,11.3607670149284,26.4985479808106,15.1247912304283,32.0613594943023,0,0,0,0,50.0485764954534,115.5982115448,58.3207697736833,110.695701864282,0,0,0,0,0,0,0,0,0,0,473.351581606448,227.944626526292,1074.53137352136,1040.82718688769
"148",2002,1943,12.25,4492.600811375,3744.14675331095,1040.89636740082,1985.18082946558,507.755808147134,845.554216589698,0,0,0,0,0,0,0,0,0,0,0,0,1.72263251654139,3.36801315802791,0.982235000596693,1.64361444209456,0,0,0,0,0,0,0,0,0,0,5132.83447223962,4233.37188915648,897.534921811992,1818.42163136932,565.574968040856,1061.78861765443,0,0,197.211708694565,162.652917859595,34.5897675402494,70.0882273776862,21.7920985152329,40.9106954943979,0,0,23269.4551571724,19087.8239699139,4568.02522914402,8974.18865431706,3215.9937658202,5674.99861853903,0,0,894.042997771179,733.384948232164,177.685023204714,349.789656598626,126.229315775665,223.12538044327,0,0,0,0,8.66849767287301,17.4970946551525,6.47296854897353,11.5214941157435,0,0,0,0,0,0,0,0,0,0,316.289953959968,284.454237476508,277.924623856945,620.357655351261,327.658375312972,688.38515742063,0,0,12.152356518302,10.9291870487406,10.6631219298258,23.7937699697415,12.5393884451614,26.3416920857613,0,0,273.092865120477,245.314323853042,296.599368671412,692.086076184101,397.267658318441,843.287718351749,0,0,10.4926527100108,9.42536907155965,11.3764964720761,26.5364685761744,15.1997315086526,32.2584415604902,0,0,0,0,50.1223437182219,115.843978297536,58.6373054691179,111.443713655245,0,0,0,0,0,0,0,0,0,0,477.817615819938,230.068269510947,1092.60485015085,1061.30349093647
"149",2002,1943,12.3333333333333,4472.37317572728,3724.12369604291,1039.11223948635,1981.39288820013,506.590671738965,843.799548366223,0,0,0,0,0,0,0,0,0,0,0,0,1.71988612887134,3.36212383421232,0.980694842365337,1.6414324170457,0,0,0,0,0,0,0,0,0,0,5162.08738048396,4251.87410809603,905.007388823404,1833.83343861354,572.329898462849,1075.85323544642,0,0,198.335652209664,163.363802699432,34.8777979625387,70.6823941393178,22.0523931607583,41.4526458523884,0,0,23221.2783997453,19022.5147643331,4568.16576332096,8975.27140787883,3227.4613587114,5702.38840256195,0,0,892.192063556935,730.875660576842,177.691873437257,349.83789044795,126.682873906383,224.209474639898,0,0,0,0,8.68047735037868,17.5245357662815,6.50459554267889,11.5929126232934,0,0,0,0,0,0,0,0,0,0,317.819923208002,285.357066875035,280.046545195109,625.083231795564,331.390428599337,696.90075718994,0,0,12.2111405073128,10.9638751926479,10.7448179874326,23.975687757811,12.6827003203535,26.6685934774504,0,0,271.989112919453,243.954601291437,296.996790148707,693.028236077832,399.190866838853,848.354592799606,0,0,10.4502450778408,9.37312634465215,11.392033329274,26.5733165539028,15.2738710373179,32.4535084360755,0,0,0,0,50.1926566516496,116.08072401394,58.948852841768,112.183750397564,0,0,0,0,0,0,0,0,0,0,482.30525719298,232.198623064188,1110.86187091038,1081.99918499177
"150",2002,1943,12.4166666666667,4452.15502314133,3704.21114129886,1037.23818983116,1977.43641669115,505.371970936321,841.946735740468,0,0,0,0,0,0,0,0,0,0,0,0,1.71709575048412,3.35613088546829,0.979046422570641,1.63905278176347,0,0,0,0,0,0,0,0,0,0,5191.34610960818,4270.34319692514,912.472507727923,1849.22066536032,579.094671138632,1089.96107401287,0,0,199.459819372277,164.073414627446,35.1655485860529,71.2756202210971,22.3130685164422,41.9962644727501,0,0,23173.5074218846,18957.7835561716,4568.19797645568,8976.10448812523,3238.76834878398,5729.54197757494,0,0,890.356719177535,728.388580546536,177.694414625743,349.876141158278,127.130010595454,225.284077388183,0,0,0,0,8.69247213300469,17.5518591847224,6.53597397523223,11.6640231144677,0,0,0,0,0,0,0,0,0,0,319.356358407583,286.269998428067,282.174787747538,629.835346891524,335.137241862567,705.491879134335,0,0,12.2701729273808,10.9989514775551,10.8267601001451,24.1586322340442,12.8265862510207,26.9984058657011,0,0,270.910168222521,242.618732453255,297.388784862341,693.943515032668,401.092466087716,853.370296170847,0,0,10.4087905823703,9.32180011624215,11.4073639443346,26.6091391363746,15.34719036493,32.6466342593185,0,0,0,0,50.2595810147372,116.308553166564,59.2553736599312,112.915684654433,0,0,0,0,0,0,0,0,0,0,486.814600190957,234.3357656612,1129.30315472474,1102.91611842209
"151",2002,1943,12.5,4431.94741046061,3684.40840706672,1035.27667411038,1973.31585609844,504.099969173447,839.996314183207,0,0,0,0,0,0,0,0,0,0,0,0,1.71424437438318,3.35000549877516,0.977291951204429,1.63647895516191,0,0,0,0,0,0,0,0,0,0,5220.6171369122,4288.78562711585,919.931896415393,1864.58644310766,585.870664671907,1104.11453148377,0,0,200.584459050625,164.78200228794,35.4530812794919,71.8680253707971,22.5741774095592,42.5416431994447,0,0,23126.1331683388,18893.6205683801,4568.1234102357,8976.69080087238,3249.91410221401,5756.45665385643,0,0,888.536616717851,725.923332491143,177.692707479355,349.904522896266,127.570699953326,226.349079663375,0,0,0,0,8.70444814580836,17.5790101694248,6.56710458012336,11.7348226559396,0,0,0,0,0,0,0,0,0,0,320.898877019301,287.192291083935,284.308384082007,634.610486148084,338.897599557659,714.153572026767,0,0,12.3294390807377,11.0343874310708,10.9089110397831,24.3424683836226,12.9709995891292,27.3309396407805,0,0,269.854932572658,241.306165520304,297.77503211186,694.832998725744,402.972009929523,858.336518861222,0,0,10.3682470193083,9.27136918458524,11.4224758718052,26.6439775907576,15.4196721727409,32.8378831579191,0,0,0,0,50.3231774763568,116.527564510166,59.5568343732512,113.639397011902,0,0,0,0,0,0,0,0,0,0,491.345733630895,236.479770072689,1147.92935071728,1124.05599809786
"152",2002,1943,12.5833333333333,4411.75168462745,3664.71505432543,1033.23016917725,1969.03570739123,502.775006826313,837.948941802139,0,0,0,0,0,0,0,0,0,0,0,0,1.7113185657414,3.34372488880137,0.975433204032197,1.63371377296487,0,0,0,0,0,0,0,0,0,0,5249.90527975076,4307.20646104058,927.386702867465,1879.93303440576,592.658786123666,1118.31528860978,0,0,201.70975633518,165.48976018536,35.7404398962844,72.459696024394,22.8357545748348,43.0888463627127,0,0,23079.1477789064,18830.0170771969,4567.94378947136,8977.03363788086,3260.89820532089,5783.13012877898,0,0,886.731454178286,723.479581229564,177.686819823719,349.923164879155,128.004924721255,227.40438762741,0,0,0,0,8.7163782521373,17.6059449238415,6.59798783170665,11.805308310616,0,0,0,0,0,0,0,0,0,0,322.447145292811,288.123275913298,286.446519154255,639.405573390915,342.670484460716,722.881472145221,0,0,12.3889261441685,11.0701573518587,10.9912394318964,24.5270780151962,13.1159012951722,27.6660277016258,0,0,268.822408319783,240.016390030209,298.155243661453,695.697634699118,404.829110358762,863.254718852935,0,0,10.3285760575208,9.22181393689386,11.4373579080665,26.677867880556,15.4913013573399,33.0273103537158,0,0,0,0,50.3835024474156,116.737852211327,59.8532058281504,114.354775708429,0,0,0,0,0,0,0,0,0,0,495.898741199083,238.630703749922,1166.74104636021,1145.42040072343
"153",2002,1943,12.6666666666667,4391.5694347692,3645.13084652301,1031.10116435594,1964.60051359636,501.397494371363,835.805388674345,0,0,0,0,0,0,0,0,0,0,0,0,1.7083078137563,3.33727123606053,0.973471658349789,1.63075967105663,0,0,0,0,0,0,0,0,0,0,5279.21397896882,4325.60959341353,934.83769108797,1895.26198908862,599.459556675474,1132.56443128973,0,0,202.835843428709,166.196837960852,36.0276535675885,73.0506912929589,23.0978199380951,43.6379154738943,0,0,23032.5443832818,18766.9652358226,4567.66097913463,8977.13659389603,3271.72042834464,5809.56042965297,0,0,884.94096759247,721.057025274992,177.676824940844,349.932208165333,128.432674869389,228.44992041633,0,0,0,0,8.72824070494479,17.6326284456846,6.62862399104524,11.8754771288197,0,0,0,0,0,0,0,0,0,0,324.000868035204,289.062345313904,288.588497379993,644.217896320951,346.455027025811,731.671701093419,0,0,12.4486227758966,11.1062378948677,11.0737184912272,24.7123569035244,13.2612579947444,28.0035215386496,0,0,267.811684919215,238.748928543451,298.529164217016,696.538254250242,406.663438296832,868.126158372243,0,0,10.2897427125961,9.17311602917156,11.4520001111649,26.710841508242,15.5620650643707,33.2149635706838,0,0,0,0,50.4406090627516,116.939507203694,60.1444628348894,115.061716017065,0,0,0,0,0,0,0,0,0,0,500.47370214439,240.788629379355,1185.73877805072,1167.01078957764
"154",2002,1943,12.75,4371.40245562174,3625.65571874455,1028.89215471228,1960.01484603744,499.967907066403,833.5665286098,0,0,0,0,0,0,0,0,0,0,0,0,1.70520404436776,3.3306308828743,0.971408586497772,1.62761881299528,0,0,0,0,0,0,0,0,0,0,5308.54551311677,4343.99793356686,942.285305948503,1910.57426160578,606.273176576997,1146.86254258611,0,0,203.962807876761,166.903347395611,36.3147391874691,73.6410474590776,23.3603811062545,44.1888727514828,0,0,22986.3169462479,18704.4579412617,4567.27695220602,8977.00350431879,3282.38069829619,5835.7458707898,0,0,883.164925079339,718.655391718773,177.66280032637,349.931803242596,128.853946546124,229.485608479036,0,0,0,0,8.74001815882846,17.6590329435265,6.65901314017156,11.945326143853,0,0,0,0,0,0,0,0,0,0,325.559780950715,290.008944709441,290.733718603436,649.04505016595,350.250469179713,740.520788327408,0,0,12.5085188212626,11.1426077523879,11.1563250987467,24.8982126265176,13.4070405889339,28.3432882635077,0,0,266.821928443286,237.50333064764,298.896570901439,697.35558953934,408.474722284481,872.951932374973,0,0,10.2517149438654,9.12525815584765,11.4663937818628,26.7429261737568,15.6319526407978,33.4008841288536,0,0,0,0,50.4945478882372,117.132618166425,60.4305838479897,115.760119797426,0,0,0,0,0,0,0,0,0,0,505.070691769752,242.953605309776,1204.92303824994,1188.82852708634
"155",2002,1943,12.8333333333333,4351.25271695003,3606.28975204054,1026.60563545944,1955.28329280397,498.48678029238,831.233331971459,0,0,0,0,0,0,0,0,0,0,0,0,1.70200121950568,3.32379366760481,0.969245125845085,1.62429318630456,0,0,0,0,0,0,0,0,0,0,5337.90117575342,4362.37355609765,949.729726667457,1925.87030747985,613.099578936782,1161.20977856766,0,0,205.090699379934,167.609368198975,36.6017034626214,74.2307816735268,23.6234354299361,44.7417240277818,0,0,22940.4601397709,18642.4887241626,4566.79376352967,8976.63839419227,3292.87907663033,5861.68501793601,0,0,881.40312192885,716.274431997849,177.644826678619,349.922108053507,129.268741213811,230.511392201244,0,0,0,0,8.75169687754442,17.6851365601907,6.68915521050274,12.0148523703222,0,0,0,0,0,0,0,0,0,0,327.123644394074,290.962565541213,292.881658965478,653.884890971577,354.056136217614,749.425606921053,0,0,12.5686050727183,11.1792473847799,11.2390390668071,25.0845627722451,13.5532231754876,28.6852081463656,0,0,265.852372716945,236.279168252731,299.257272060455,698.150288189894,410.262745801859,877.73299270505,0,0,10.2144633138187,9.07822386901155,11.4805314187973,26.7741463364464,15.7009555341203,33.5851078718262,0,0,0,0,50.5453674766441,117.317272290287,60.7115507006256,116.449895125182,0,0,0,0,0,0,0,0,0,0,509.689781815915,245.12568591808,1224.29428076002,1210.87488524985
"156",2002,1943,12.9166666666667,4331.12233705344,3587.03315129108,1024.24409712054,1950.41044871113,496.954705332167,828.806859186837,0,0,0,0,0,0,0,0,0,0,0,0,1.69869499405427,3.31675235283598,0.966982335589994,1.6207846808355,0,0,0,0,0,0,0,0,0,0,5367.28142785971,4380.73783009526,957.170912665191,1941.15016599169,619.93847599614,1175.60593374718,0,0,206.219535649854,168.314952973546,36.8885446699969,74.8198951242725,23.8869717780749,45.2964612570417,0,0,22894.9692332352,18581.0516542517,4566.21352764919,8976.0454346648,3303.21574009876,5887.37665748358,0,0,879.655376384669,713.913918261427,177.622987041251,349.903286309534,129.677064907315,231.527220714163,0,0,0,0,8.76326606379893,17.7109222905111,6.71905000813827,12.0840528038539,0,0,0,0,0,0,0,0,0,0,328.692238074227,291.92273916107,295.031854903559,658.735495398654,357.871413737297,758.383318209755,0,0,12.6288730663354,11.2161387858314,11.3218425245501,25.2713333956682,13.69978216334,29.0291724935529,0,0,264.902311556172,235.076031720112,299.611105804977,698.92292607422,412.027344064452,882.470169111088,0,0,10.1779606898929,9.03199742968663,11.494406663373,26.8045237070757,15.7690671711736,33.7676659734806,0,0,0,0,50.5931148311651,117.493555911973,60.9873483728371,117.130955970132,0,0,0,0,0,0,0,0,0,0,514.331040774587,247.304921931332,1243.8529249086,1233.15105461131
"157",2003,1943,13,4311.36851852901,3568.06822843499,1022.03639367857,1945.77014911819,495.353501325697,826.227530473532,0,0,0,0,0,0,0,0,0,0,0,0,1.69526083707026,3.30939958669095,0.964583219024195,1.61697427282638,0,0,0,0,0,0,0,0,0,0,5396.64408553523,4399.00995916605,964.628102001517,1956.40733610459,626.762558804003,1189.95741464297,0,0,207.347695913607,169.016997392673,37.1759996476558,75.408128884152,24.1499381151215,45.84947861538,0,0,22849.983182163,18520.0108047925,4565.77718097579,8975.47632744801,3313.26197270424,5912.38044122781,0,0,877.927027394942,711.568627982985,177.606498559521,349.884826540223,130.07386291693,232.515772354215,0,0,0,0,8.77456200693456,17.7357450521599,6.74843126891241,12.1520161578416,0,0,0,0,0,0,0,0,0,0,330.245319734236,292.846984757463,297.155606601934,663.459960044264,361.625612905714,767.108628111132,0,0,12.6885450629261,11.2516497747784,11.403634302935,25.4532727994344,13.8440113384996,29.3642605156884,0,0,263.969028520961,233.889182805173,299.953847502897,699.650678616643,413.752245839535,887.09675817109,0,0,10.1421027023402,8.98639678692533,11.5078573731744,26.8331827269646,15.8356645312365,33.9460053374064,0,0,0,0,50.6368510806932,117.657185265928,61.2555660257313,117.794446919645,0,0,0,0,0,0,0,0,0,0,519.021117919834,249.536089507106,1263.71186125472,1256.11917265617
"158",2003,1943,13.0833333333333,4292.39680341776,3549.6101373104,1020.22818606485,1941.76738917914,493.672627198971,823.444743623611,0,0,0,0,0,0,0,0,0,0,0,0,1.6918098776033,3.30186647334943,0.962010548516747,1.61273767385573,0,0,0,0,0,0,0,0,0,0,5425.84034840498,4417.01351426102,972.098474194491,1971.58302522168,633.516131532848,1204.10875676329,0,0,208.469463022829,169.708722770153,37.4639581247497,75.9932148898826,24.4101911937723,46.3947913982352,0,0,22805.731546923,18459.2829948794,4565.75635334331,8975.2277147267,3322.89607592906,5936.24137678439,0,0,876.226895073656,709.235365215667,177.605769738479,349.87795855655,130.454350037744,233.459139494645,0,0,0,0,8.78560791095879,17.7592533019698,6.77700581292847,12.2177292684115,0,0,0,0,0,0,0,0,0,0,331.762795750564,293.693233942333,299.22852826008,667.932363813623,365.251131773291,775.323036751953,0,0,12.7468490339959,11.2841640168294,11.483478770184,25.6255503854098,13.9833222340754,29.6798100765786,0,0,263.054709327119,232.715711064972,300.285035154117,700.308904572413,415.42162756995,891.526010289176,0,0,10.106973329912,8.9413101168471,11.5208657485739,26.8591779475737,15.9001415596459,34.11680492858,0,0,0,0,50.6757517498102,117.803912324712,61.5137808515416,118.430978513296,0,0,0,0,0,0,0,0,0,0,523.78896809476,251.868108481749,1283.99052835433,1280.28209838235
"159",2003,1943,13.1666666666667,4273.46732509044,3531.28235684376,1018.34238246985,1937.6260856913,491.956435073871,820.593893962588,0,0,0,0,0,0,0,0,0,0,0,0,1.68842802516717,3.29444463411411,0.959350493266206,1.60833910900921,0,0,0,0,0,0,0,0,0,0,5454.92218094293,4434.88972005615,979.533354862275,1986.67281789273,640.246983129199,1218.23656610588,0,0,209.58683353571,170.395555183881,37.7505543698774,76.5750016065187,24.6695723700006,46.9392044007248,0,0,22761.9379281314,18399.1630099949,4565.65197694483,8974.78820206387,3332.39678907573,5959.89205916259,0,0,874.54435959102,706.925456097273,177.601722279344,349.863441743667,130.829467637823,234.393994242647,0,0,0,0,8.79678280843602,17.7828703474378,6.80533169690305,12.2830891535756,0,0,0,0,0,0,0,0,0,0,333.287114930348,294.551160400711,301.311689956655,672.443450742704,368.8972131766,783.629550736953,0,0,12.8054159291019,11.3171269184736,11.5637187822797,25.7993185389251,14.1234277627705,29.9989025199891,0,0,262.164927590877,231.565164694243,300.614928862511,700.948010889522,417.070345962191,895.89592293146,0,0,10.0727867197828,8.89710427637239,11.53382511812,26.8844417872267,15.9638320255088,34.2853445578881,0,0,0,0,50.7120419566089,117.943233343917,61.7671027981277,119.059029269344,0,0,0,0,0,0,0,0,0,0,528.578726794205,254.206903977861,1304.45179961643,1304.67121372747
"160",2003,1943,13.25,4254.57934404131,3513.08260357896,1016.38107452518,1933.34986178177,490.204936092888,817.675282332996,0,0,0,0,0,0,0,0,0,0,0,0,1.68508270717204,3.28707824191455,0.956607931220394,1.60378614171804,0,0,0,0,0,0,0,0,0,0,5483.90797349193,4452.65509837357,986.937845860017,2001.68702799335,646.960213830476,1232.34964121453,0,0,210.700514038631,171.078129428683,38.0359839288346,77.1538843527125,24.9282772746762,47.4830550055112,0,0,22718.584491903,18339.6338562531,4565.4636116523,8974.1565731573,3341.76193629539,5983.32724384338,0,0,872.878735745418,704.638247695204,177.594340002987,349.841231006597,131.199131347463,235.320130950924,0,0,0,0,8.80803265708208,17.8065032776115,6.83340956008696,12.3480913517837,0,0,0,0,0,0,0,0,0,0,334.817414352561,295.419557799435,303.402882512834,676.986711756599,372.560238158494,792.017832579554,0,0,12.8642125934528,11.35049213046,11.6442694139835,25.9743272302582,14.2641890767522,30.3211416288747,0,0,261.298113447138,230.436660882178,300.942986435152,701.569167616184,418.698318302551,900.210121200817,0,0,10.0394825554136,8.85374534649107,11.5467145579975,26.9090188219866,16.026732497555,34.4517623925408,0,0,0,0,50.7457785468299,118.075250919634,62.0155079402228,119.678500436309,0,0,0,0,0,0,0,0,0,0,533.390486273363,256.552563997015,1325.09657954883,1329.28875002769
"161",2003,1943,13.3333333333333,4235.73268512438,3495.00907115065,1014.34643042452,1928.94250845805,488.418249021205,814.689377907717,0,0,0,0,0,0,0,0,0,0,0,0,1.68174748105285,3.27972178982445,0.953786659400257,1.59908483673809,0,0,0,0,0,0,0,0,0,0,5512.81253378626,4470.32315564547,994.315964894829,2016.63388664668,653.659826650136,1246.45502002978,0,0,211.811073468424,171.756964443284,38.32040078205,77.7301786024523,25.1864594629222,48.0266131014888,0,0,22675.6560194994,18280.6807709006,4565.19132206009,8973.33264725146,3350.98984078511,6006.54256289567,0,0,871.229438812913,702.373172800556,177.583626270808,349.811321400475,131.563276207442,236.237378114913,0,0,0,0,8.81931405176584,17.8300774307569,6.86124017804083,12.412732395614,0,0,0,0,0,0,0,0,0,0,336.352957816304,296.297360554106,305.500287770293,681.556588292328,376.237254632403,800.479012371472,0,0,12.9232107410465,11.3842187113308,11.7250607592779,26.1503629230077,14.4054929121982,30.6461874523439,0,0,260.452882486381,229.329423819077,301.268699919066,702.173347239219,420.305426445037,904.471699217507,0,0,10.0070076457529,8.81120351934705,11.5595144511659,26.932946034145,16.0888381699471,34.6161762440469,0,0,0,0,50.7770129320683,118.200061397057,62.2589789121769,120.289305208949,0,0,0,0,0,0,0,0,0,0,538.224327111007,258.905167400123,1345.92560187561,1354.13666195559
"162",2003,1943,13.4166666666667,4216.92762971861,3477.06033993389,1012.24067329272,1924.40794168491,486.596585571709,811.636794549435,0,0,0,0,0,0,0,0,0,0,0,0,1.67840088588525,3.27233821167799,0.950889688388048,1.5942401616814,0,0,0,0,0,0,0,0,0,0,5541.64775366409,4487.90494503568,1001.67085538469,2031.51994081248,660.348934441634,1260.55830436325,0,0,212.918968728527,172.432484907913,38.6039253871491,78.3041352599865,25.4442383484428,48.57009351408,0,0,22633.1394238485,18222.2908143485,4564.83556925445,8972.3170669696,3360.07923340343,6029.5343742374,0,0,869.595965971241,700.129734253338,177.569599803852,349.773739925885,131.921853131578,237.145592533339,0,0,0,0,8.83059197414181,17.8535325932807,6.88882437325171,12.4770095094832,0,0,0,0,0,0,0,0,0,0,337.893111135778,297.183620827157,307.60239463852,686.14829713976,379.925828528744,809.005421055207,0,0,12.982386005464,11.4182702436495,11.8060347078476,26.3272418504759,14.5472458789922,30.973746078337,0,0,259.628005358732,228.2427623873,301.591600846907,702.761360798291,421.89154295633,908.683310667839,0,0,9.97531475737949,8.76945224108905,11.572206691552,26.9562542040785,16.1501438710678,34.7786870483,0,0,0,0,50.8057924310831,118.317756681721,62.4975040013063,120.891367288967,0,0,0,0,0,0,0,0,0,0,543.080320119846,261.264785098183,1366.9394644073,1379.21667170131
"163",2003,1943,13.5,4198.16483736511,3459.23531120006,1010.06606596425,1919.75017195435,484.740239473842,808.518273319666,0,0,0,0,0,0,0,0,0,0,0,0,1.67502560985973,3.26489750631267,0.947919434814698,1.58925625200595,0,0,0,0,0,0,0,0,0,0,5570.4230915796,4505.40947350935,1009.00493767833,2046.35033975393,667.029910191665,1274.66389319013,0,0,214.024563227877,173.105036884575,38.8866504748136,78.8759516386826,25.7017049635613,49.1136649434989,0,0,22591.0233992644,18164.4525736785,4564.39713400598,8971.11114698349,3369.02918696129,6052.29965273955,0,0,867.977882841562,697.907493550693,177.552291715074,349.728539675731,132.274826362641,238.044655089187,0,0,0,0,8.84183823133914,17.8768203472172,6.91616296499042,12.5409204197841,0,0,0,0,0,0,0,0,0,0,339.43732432427,298.077491453453,309.707940483114,690.757703598141,383.623940362678,817.590395845307,0,0,13.041717255349,11.4526141779755,11.8871426942677,26.5048051462322,14.6893704923092,31.3035621721997,0,0,258.822385479774,227.176054559035,301.91126172507,703.333884622308,423.456545834913,912.847236743414,0,0,9.94436175792487,8.72846761240761,11.5847747432552,26.9789689405844,16.2106446322988,34.9393814758998,0,0,0,0,50.832161171775,118.428425451239,62.7310764808495,121.484619816281,0,0,0,0,0,0,0,0,0,0,547.958527714742,263.631480958513,1388.13865269342,1404.53030135122
"164",2003,1943,13.5833333333333,4179.44529020423,3441.53316065263,1007.82489960137,1914.97328172261,482.849578999554,805.334670491512,0,0,0,0,0,0,0,0,0,0,0,0,1.67160790035943,3.25737576049876,0.944877854731499,1.58413659538589,0,0,0,0,0,0,0,0,0,0,5599.14591267973,4522.84398817159,1016.32001642705,2061.12903753632,673.70449425183,1288.77514754934,0,0,215.128139947196,173.774898818638,39.1686451641343,79.4457792217957,25.9589260690424,49.6574562826003,0,0,22549.2981748502,18107.1559544069,4563.87706184476,8969.71676605994,3377.83906990488,6074.83591391066,0,0,866.37481401387,695.706062846143,177.531743387301,349.675795660652,132.622171680146,238.934467795623,0,0,0,0,8.85303036341832,17.8999022106652,6.94325673664203,12.6044632259747,0,0,0,0,0,0,0,0,0,0,340.985118960644,298.978213945875,311.81586995141,695.381232018504,387.329912459655,826.2281424718,0,0,13.1011861090085,11.4872213720196,11.9683441167462,26.6829154097723,14.8318023801972,31.6354136937686,0,0,258.03504350249,226.128736614326,302.227296758554,703.89147954413,425.000328015214,916.965434406281,0,0,9.91411101946146,8.68822797427467,11.5972036699432,27.0011114215274,16.2703360556767,35.0983337868428,0,0,0,0,50.8561607188378,118.532154008088,62.959694154285,122.069004660685,0,0,0,0,0,0,0,0,0,0,552.859004841228,266.005312421884,1409.52355606077,1430.07889524393
"165",2003,1943,13.6666666666667,4160.77023378624,3423.95328901706,1005.51948205271,1910.08140208174,480.925038409646,802.086943909318,0,0,0,0,0,0,0,0,0,0,0,0,1.66813692988523,3.24975409583006,0.941766581617255,1.57888422235315,0,0,0,0,0,0,0,0,0,0,5627.8218540564,4540.21428297202,1023.61739555348,2075.85901039379,680.373909856594,1302.89456983798,0,0,216.229915472572,174.442293322913,39.449959369416,80.0137319935334,26.2159485820124,50.2015634870568,0,0,22507.955249327,18050.3919566958,4563.2766050827,8968.13625225166,3386.50849606112,6097.14112989332,0,0,864.786432858746,693.525096351245,177.508004232462,349.615600367386,132.963874454062,239.814950540933,0,0,0,0,8.86415048096761,17.9227476571168,6.97010640526793,12.667636268355,0,0,0,0,0,0,0,0,0,0,342.536074709239,299.88510532926,313.925291499267,700.015769321309,391.042332574623,834.913586207991,0,0,13.1607764164862,11.5220655847826,12.0496046675268,26.8614530024202,14.9744873528525,31.9691061845332,0,0,257.265100212339,225.10029182232,302.539361727811,704.434611615541,426.522805982245,921.039588549891,0,0,9.88452876130502,8.64871347305875,11.6094801316092,27.0226991918161,16.3292146472717,35.2556078338771,0,0,0,0,50.8778307290183,118.629027148714,63.183358831259,122.644471579248,0,0,0,0,0,0,0,0,0,0,557.781799995764,268.386331210605,1431.09448471026,1455.86364464149
"166",2003,1943,13.75,4142.14113176161,3406.49528434948,1003.15212891646,1905.07869478572,478.967111224343,798.776142297707,0,0,0,0,0,0,0,0,0,0,0,0,1.66460431401962,3.24201786140437,0.938587020577932,1.57350183772871,0,0,0,0,0,0,0,0,0,0,5656.45510190871,4557.52493123402,1030.89796524207,2090.5424207955,687.038951175069,1317.02393945738,0,0,217.330050644467,175.107396111795,39.7306271348992,80.5798927276999,26.4728029516865,50.746054773646,0,0,22466.9871900847,17994.1525055652,4562.59717937665,8966.37229637985,3395.03728670718,6119.21366577942,0,0,863.212453806613,691.364283812093,177.481130012277,349.548060410828,133.299928175579,240.686038620976,0,0,0,0,8.87518441689536,17.9453326617694,6.99671260675661,12.7304380431079,0,0,0,0,0,0,0,0,0,0,344.089819138901,300.797547949302,316.035445612506,704.6585918673,394.759998421409,843.642258213043,0,0,13.2204738683929,11.5571230849972,12.1308951122641,27.0403132395618,15.1173792739213,32.3044684087421,0,0,256.511763412656,224.090242232741,302.847152639988,704.963668191879,428.023923918874,925.07115274398,0,0,9.85558454613164,8.60990574514045,11.6215923339319,27.0437467829429,16.3872779784158,35.4112586269505,0,0,0,0,50.8972094103194,118.719128765407,63.402075923988,123.21097757038,0,0,0,0,0,0,0,0,0,0,562.72695597971,270.77458388366,1452.85168172222,1481.88560648287
"167",2003,1943,13.8333333333333,4123.55962773572,3389.15889042268,1000.72515605007,1899.96933710965,476.976344347985,795.403395960592,0,0,0,0,0,0,0,0,0,0,0,0,1.6610037069457,3.2341559527289,0.935340421394703,1.56799192314048,0,0,0,0,0,0,0,0,0,0,5685.04862389616,4574.77948028341,1038.16227464999,2105.18075455415,693.700057334868,1331.16442681275,0,0,218.428659485107,175.770343479217,40.0106694223156,81.1443182433849,26.7295059977032,51.2909749894784,0,0,22426.3874648613,17938.4303086184,4561.84032777349,8964.42787995477,3403.42543882133,6141.05222589037,0,0,861.652625880617,689.223345042889,177.451181447749,349.473293743974,133.630333226902,241.5476806574,0,0,0,0,8.88612103323581,17.9676385090219,7.02307588849071,12.7928671396865,0,0,0,0,0,0,0,0,0,0,345.646019232529,301.714980776007,318.145678930551,709.307304144527,398.48187282081,852.410199799979,0,0,13.2802656696897,11.592372316993,12.2121902960122,27.2194040364288,15.2604383391761,32.6413486818518,0,0,255.774316775073,223.098142050264,303.150403809899,705.478971616304,429.503655684469,929.061383992745,0,0,9.8272508515935,8.57178766234513,11.633529955516,27.064266239924,16.4445247632635,35.5653336673387,0,0,0,0,50.9143338852922,118.80254231441,63.6158541005396,123.768486317391,0,0,0,0,0,0,0,0,0,0,567.694510520594,273.170112317872,1474.7953325692,1508.14571918354
"168",2003,1943,13.9166666666667,4105.02751276392,3371.94397989835,998.240873215872,1894.75750893641,474.953332866021,791.969908571057,0,0,0,0,0,0,0,0,0,0,0,0,1.65733045821052,3.22616023135617,0.932027936497114,1.56235681867498,0,0,0,0,0,0,0,0,0,0,5713.60436631974,4591.98061633041,1045.41059338897,2119.77493688574,700.357375305448,1345.31669045877,0,0,219.525816774486,176.431238633671,40.2900964681313,81.7070438540728,26.9860633216109,51.8363493356571,0,0,22386.1502990381,17883.2187353886,4561.0076905937,8962.30621437261,3411.67309818369,6162.65580784469,0,0,860.106727213729,687.102025290233,177.418223054065,349.391427303633,133.955095838596,242.399836817302,0,0,0,0,8.89695164453688,17.9896507976962,7.04919670696304,12.8549221934831,0,0,0,0,0,0,0,0,0,0,347.20437422658,302.6368919027,320.255422875851,713.959786739892,402.207046942953,861.213880865797,0,0,13.3401402645707,11.6277936124957,12.2934683222373,27.3986439102934,15.403629665774,32.9796117420727,0,0,255.052110234185,222.123572211146,303.448885655958,705.980790960438,430.962005398682,933.011372617488,0,0,9.79950270126712,8.53434312356836,11.6452840640009,27.0842675732504,16.5009548824559,35.7178740942228,0,0,0,0,50.9292404844066,118.879351186383,63.8247049833385,124.316967703325,0,0,0,0,0,0,0,0,0,0,572.684496789676,275.572954128977,1496.92557278074,1534.64481609615
"169",2004,1943,14,4086.43978977323,3354.58169392638,995.86066456013,1889.68089351298,472.150442241946,786.621323272735,0.77271930008958,1.83018084513102,0,0,0,0,0,0,0,0,0,0,1.65363256369083,3.21799047795192,0.927180558681238,1.55293416774342,0.00151872344686898,0.0036154806547091,0,0,0,0,0,0,0,0,5742.16499901624,4609.08609001275,1052.68815330719,2134.35202139781,705.89642276252,1356.28830138353,1.17039934044958,3.19696417209111,220.623161955972,177.088458287094,40.5706492169426,82.2691045427843,27.1995311876031,52.2591691121523,0.0450976970978063,0.12318220583542,22346.2374348115,17828.0925490963,4560.35090693422,8960.21160156902,3414.35779395062,6169.44247849283,5.60099806858963,14.385382881741,858.573287867101,684.983986274835,177.39197778887,349.310226519581,134.061301085165,242.668925077232,0.219924847632318,0.565849510147394,0,0,8.90790343284394,18.0110857615419,7.06385920787768,12.8861517502432,0.011607307488473,0.0300950237775745,0,0,0,0,0,0,0,0,348.796259104031,303.536008394431,322.41426864648,718.550686047834,405.368972032333,867.88316477535,0.653966226842463,1.99099364971943,13.4013031293896,11.6623391017107,12.3766328929218,27.5755250208556,15.5252550107586,33.2361510556598,0.0250461162276671,0.0762458658963633,254.344572078411,221.162070369813,303.749399680824,706.454156522965,431.711670238211,934.702822843758,0.709064538922116,2.18153762246485,9.77231812920632,8.49740067834749,11.6571155869941,27.1031762598476,16.5302513556024,35.7839548346696,0.0271499792426763,0.0835172170659089,0,0,50.9431978102891,118.94754387627,63.9269549472175,124.561689263339,0.105086643193353,0.290920190925758,0,0,0,0,0,0,0,0,577.661448420226,278.003970706335,1519.07884936107,1561.60401777129
"170",2004,1943,14.0833333333333,4067.72398507887,3337.0177800535,993.556555978434,1884.69265047196,468.612925271503,779.46494474714,2.27796650555771,5.39192562561869,0,0,0,0,0,0,0,0,0,0,1.64995702559415,3.20974358136837,0.920879960040283,1.53992026246469,0.00448747273772342,0.0106723601952041,0,0,0,0,0,0,0,0,5770.85087024264,4626.18891748362,1060.03136350188,2148.9845546238,710.357586021997,1364.14774061076,3.58674316388295,9.80186304213125,221.725319002053,177.745576268841,40.8537270541833,82.8332889254847,27.3714628818478,52.5620677761692,0.138204484135273,0.377676675563264,22306.5115931197,17772.9475311684,4559.83179738096,8958.08032509438,3411.6265804312,6161.73969398912,16.7027603736445,42.9088808920321,857.047033384106,682.865223751645,177.370972742933,349.227232501042,133.954675427769,242.367719357729,0.655884083671644,1.68791814681079,0,0,8.9190311835669,18.032102681591,7.06734018190736,12.88715279193,0.0347732607943424,0.0901705737949114,0,0,0,0,0,0,0,0,350.417479768116,304.413820474604,324.616186806756,723.089665366637,407.955526279975,872.428636134399,1.90212345689835,5.7923656745798,13.4635931203441,11.6960660414056,12.4614526064482,27.7504181032864,15.6248487176755,33.4113656918331,0.0728506042527075,0.221825824180515,253.646128885808,220.205177890035,304.047713523061,706.873159590115,431.760289512541,934.12680364927,2.11867571006715,6.51484757279669,9.74548299590054,8.46063533233858,11.6688620572155,27.119997925085,16.5327043950346,35.7632255154201,0.0811259376219849,0.249419527072659,0,0,50.95602399117,119.006741202383,63.9242038049416,124.506690135799,0.314893588428182,0.871223913976226,0,0,0,0,0,0,0,0,582.626146405534,280.462766965658,1541.22498197743,1588.95571652332
"171",2004,1943,14.1666666666667,4048.97198943178,3319.50715938017,991.166223379157,1879.55395173411,465.094503541011,772.368082784999,3.74016945393465,8.84731643971744,0,0,0,0,0,0,0,0,0,0,1.64625068661968,3.20145239037901,0.914604924915564,1.52699820237331,0.00738383172081859,0.0175439232679063,0,0,0,0,0,0,0,0,5799.62149789972,4643.33212571549,1067.39545092126,2163.64471779608,714.843283629355,1372.04588031679,6.11458146668844,16.7172749007134,222.830732525741,178.404245744001,41.137607012015,83.3985332694656,27.5443377479889,52.8664539084134,0.235608880718738,0.644139464712235,22266.9854711214,17718.1821271703,4559.19859123846,8955.70769238154,3408.88426766339,6154.05479537507,27.7466372016343,71.298044534007,855.528451630145,680.761046638129,177.345483051837,349.134670856233,133.847427590761,242.066836897363,1.08962607627047,2.80481751564491,0,0,8.93010724933413,18.0529902064333,7.07080868728615,12.8881902062647,0.0580255678576279,0.150492391286245,0,0,0,0,0,0,0,0,352.035991824426,305.297229886105,326.811184656293,727.642540248257,410.524611332121,876.994043378318,3.08614131518901,9.39911410793861,13.5257790412584,11.7300080395808,12.5460083112039,27.9258486189983,15.7237775363251,33.5873500444017,0.118200903690068,0.35995967828289,252.956510383041,219.256168179413,304.337346361165,707.252252271604,431.791378668612,933.483243479037,3.52046813856023,10.8197551117692,9.71898691711852,8.42417285509625,11.6802746367824,27.1352866092759,16.5344848014185,35.7399043840445,0.134805303267143,0.414244005510631,0,0,50.9665287800227,119.05909371471,63.9174758824642,124.444439694287,0.525534949764769,1.45315339700343,0,0,0,0,0,0,0,0,587.61384713563,282.928686474963,1563.51477698467,1616.46036950041
"172",2004,1943,14.25,4030.19550822836,3302.05792839221,988.694582507391,1874.27367957222,461.595383117596,765.330979265484,5.15990925889442,12.1979124188169,0,0,0,0,0,0,0,0,0,0,1.64249576529232,3.19308411134739,0.908356161861874,1.51416904178557,0.0102073616819958,0.0242302510634012,0,0,0,0,0,0,0,0,5828.4362462849,4660.4836648509,1074.76793547388,2178.30662853487,719.342517302888,1379.95981783787,8.74868782500328,23.928594891717,223.93784123836,179.063235305797,41.42180972193,83.9638433786724,27.717733348071,53.1714477513406,0.337110477779293,0.92201058493792,22227.6840086363,17663.8144289018,4558.45958014605,8953.10978432609,3406.13418852363,6146.39328702157,38.7362678449006,99.5631262568775,854.018500830327,678.672150050102,177.315830862678,349.033168136317,133.739691920731,241.766500925555,1.52128849333105,3.91693625938072,0,0,8.94111436799614,18.0737100288014,7.07426883897546,12.8892696800777,0.081365123201811,0.211069815329152,0,0,0,0,0,0,0,0,353.652256597961,306.185981215663,329.000388335733,732.208203038921,413.07925354379,881.578955576953,4.21364488080333,12.8332522553639,13.5878786169791,11.7641552828492,12.6303432268593,28.1017740742388,15.8221575154598,33.7640880282555,0.161389238475498,0.491490964744415,252.277195207764,218.31705889631,304.620161484832,707.599849347409,431.807693690213,932.785406997126,4.90871907286622,15.0790130952566,9.69288670453647,8.38809076827956,11.6914247235705,27.1493648893252,16.5356979317109,35.714498920376,0.187968883274025,0.577330037354059,0,0,50.9748126136828,119.104843743178,63.9069100799409,124.375194104224,0.736969680977991,2.03660948209795,0,0,0,0,0,0,0,0,592.624515623711,285.401773539608,1585.94750927923,1644.11856155479
"173",2004,1943,14.3333333333333,4011.40514591268,3284.67726467966,986.146247504593,1868.86016300947,458.115698992736,758.353729651014,6.53777770197132,15.4452958971712,0,0,0,0,0,0,0,0,0,0,1.6386787649779,3.18461369283377,0.902134154254379,1.50143349207013,0.0129578565627319,0.03073185077301,0,0,0,0,0,0,0,0,5857.26068315275,4677.61666001845,1082.13846746853,2192.94903062531,723.8463837838,1387.87139877885,11.4836874277172,31.4207113806446,225.045322197976,179.721512378694,41.7059375314309,84.5284025217746,27.8913076172876,53.4763517414906,0.442503082011587,1.21071034218712,22188.6276145702,17609.8588363823,4557.62195188174,8950.30048592898,3403.37888527444,6138.75911651762,49.6750691095621,127.713740761105,852.517965125744,676.599087259243,177.282295682236,348.923265997297,133.631572030456,241.46687416299,1.95100057854933,5.024638857114,0,0,8.95203723426873,18.0942279287065,7.07772196549307,12.8903913350574,0.104792197346301,0.271909359127335,0,0,0,0,0,0,0,0,355.26655549082,307.079721205374,331.184448068638,736.784925352063,415.62155808015,886.181776046313,5.29147050704105,16.1146026525494,13.6499026594272,11.7984941984759,12.7144822913108,28.2781281128109,15.9200693233665,33.9415186924517,0.202677604240316,0.617179267508511,251.609344568797,217.3894919779,304.89771553253,707.9230705066,431.811673475203,932.044805202878,6.27876258852142,19.2785233747224,9.66722697371721,8.35245215773819,11.7023719621475,27.1625056908935,16.5364370372064,35.6874495524854,0.240437970924118,0.738137631966115,0,0,50.9809652323135,119.144210025016,63.8926367461307,124.299192912787,0.949158155150618,2.62149782290623,0,0,0,0,0,0,0,0,597.658122145795,287.882069997551,1608.52256772902,1671.93083808717
"174",2004,1943,14.4166666666667,3992.6105733154,3267.37156820777,983.52557005248,1863.32125183975,454.65553380555,751.436316773599,7.87437528752179,18.5910675915519,0,0,0,0,0,0,0,0,0,0,1.63478967310171,3.17602240383562,0.895939219335649,1.48879199513107,0.0156353084523154,0.0370495931409078,0,0,0,0,0,0,0,0,5886.06553864952,4694.70853401579,1089.49845787566,2207.55448506489,728.347690508412,1395.76633076669,14.3141424915517,39.1782634757286,226.152050810001,180.378209510471,41.9896603317633,85.0915404213756,28.0647841303027,53.780616529917,0.55157800110948,1.50964923983437,22149.8329319946,17556.3266924177,4556.6919773572,8947.29187041334,3400.6202669497,6131.15500058607,60.5662265043359,155.758837903168,851.027483968921,674.542294074163,177.245121594888,348.805436037882,133.523146896791,241.168071443655,2.37888280144968,6.12826455097802,0,0,8.96286241931782,18.1145136940433,7.08116743893705,12.8915515177877,0.128306436635937,0.333014853280755,0,0,0,0,0,0,0,0,356.879025124628,307.978023891155,333.363651451053,741.370552635106,418.152924029396,890.800114453667,6.32573613160766,19.2609830065195,13.7118564178259,11.8330084202388,12.7984365096595,28.4548279861759,16.0175665069973,34.1195505163532,0.242300461321768,0.737707338392208,250.953854152723,216.474789692112,305.171290048756,708.227889532928,431.805454008727,931.271361445049,7.62685386790347,23.4069406852615,9.64204213844283,8.31730782711772,11.7131654515805,27.1749380037834,16.5367837940903,35.6591359848314,0.292069145465281,0.896232247841127,0,0,50.9850673106655,119.177391293982,63.8747786707695,124.216661002706,1.16206195525619,3.2077281157681,0,0,0,0,0,0,0,0,602.714639916831,290.369614523853,1631.23941560492,1699.89767767107
"175",2004,1943,14.5,3973.82066557564,3250.14657781016,980.836671858311,1857.66437787894,451.214932800072,744.578637997496,9.17030967460533,21.6368427004242,0,0,0,0,0,0,0,0,0,0,1.63082130527424,3.16729666584144,0.889771555064521,1.47624478355848,0.0182398782575919,0.0431846590590736,0,0,0,0,0,0,0,0,5914.82584632738,4711.74028394476,1096.84077207564,2222.10869852793,732.840638841963,1403.63345123677,17.2346220884122,47.1858526550165,227.257067823585,181.032596579393,42.2727038182276,85.6527075089006,28.2379399563352,54.0838129048374,0.664126730797656,1.81823612074034,22111.313470369,17503.226806052,4555.67516496046,8944.09451570852,3397.859737815,6123.58269018123,71.4126902759731,183.70668975862,849.547576414665,672.502108952282,177.204523220421,348.680092025527,133.414475838796,240.870169984027,2.80504669482189,7.22812682007603,0,0,8.9735782626877,18.1345409570259,7.08460330784611,12.8927441509131,0.151906883474712,0.394387627487167,0,0,0,0,0,0,0,0,358.489686239193,308.880410916048,335.538013795009,745.962656360814,420.674215147318,895.431074413032,7.32190628983773,22.2883793426963,13.7737406890338,11.8676795688976,12.8822064227966,28.631780397651,16.1146820483238,34.2980724615609,0.280467225154296,0.853687728432342,250.311397510263,215.574002068794,305.441921585817,708.519270067324,431.790886706775,930.47357053465,8.95004828979595,27.4553187532026,9.61735807768623,8.28269812024113,11.723844897961,27.1868520839064,16.5368089966153,35.6298832688487,0.342749639234672,1.05127123442428,0,0,50.9871918425319,119.204569333408,63.8534519549865,124.127810322932,1.37564369101477,3.79521342981842,0,0,0,0,0,0,0,0,607.794043224531,292.864442118025,1654.09756028555,1728.01947357802
"176",2004,1943,14.5833333333333,3955.04361427532,3233.00746602818,978.083471236379,1851.89660491143,447.79391551097,737.780526655827,10.4261943982275,24.5842477106607,0,0,0,0,0,0,0,0,0,0,1.62676877832533,3.15842711042867,0.883631275906105,1.46379192870281,0.0207718709910256,0.0491384942405273,0,0,0,0,0,0,0,0,5943.52024509681,4728.69589347689,1104.15948013156,2236.59997437764,737.320567118476,1411.464131813,20.2397582772098,55.4282139958398,228.359552511507,181.684058212507,42.5548399163102,86.2114538754355,28.4105958058189,54.3856089482672,0.779943116265915,2.1358847591165,22073.080120245,17450.565878104,4554.57638584208,8940.71776074438,3395.09830017492,6116.04318168922,82.2171755746161,211.564889810428,848.078660895741,670.478789349607,177.160690550507,348.547599798024,133.305602502768,240.573217567091,3.22959485180214,8.32451332294759,0,0,8.98417473706988,18.154286950441,7.08802675255251,12.8939616889837,0.175592015171686,0.456026727965874,0,0,0,0,0,0,0,0,360.09846705593,309.786367571877,337.707348061877,750.558648529737,423.185891188156,900.071466087548,8.28485246505215,25.2111078819019,13.8355527152046,11.9024878685404,12.9657847929011,28.8088859005288,16.2114334081023,34.4769621450392,0.31736457829471,0.965668988364739,249.682461840698,214.687946659933,305.710430452434,708.801289094574,431.769560542491,929.658651588158,10.2460937104028,31.4167940175641,9.59319351050443,8.24865444875998,11.7344417154624,27.1984041855705,16.536573397671,35.5999676392518,0.392393210140459,1.20299171464605,0,0,50.9874053078172,119.225911555964,63.8287667755067,124.032841426757,1.58986683632923,4.38386961708984,0,0,0,0,0,0,0,0,612.896305970394,295.366583754294,1677.09653122285,1756.29652322454
"177",2004,1943,14.6666666666667,3936.28702066747,3215.95891803729,975.269705384318,1846.02467039845,444.392485070191,731.041769301515,11.6426478156983,27.4349177561708,0,0,0,0,0,0,0,0,0,0,1.6226290752089,3.14940779890385,0.877518441252041,1.45143338007321,0.0232317146508368,0.0549127702930582,0,0,0,0,0,0,0,0,5972.13039791164,4745.56184380838,1111.44964855645,2251.01875420292,741.78373782478,1419.25178461931,23.3242911222115,63.8903544749162,229.45880033513,182.332074995752,42.8358787978884,86.7674116917653,28.5826078688641,54.6857510994002,0.898825086904771,2.46201918821022,22035.1415826429,17398.3488554123,4553.39997810156,8937.16991792304,3392.33663864615,6108.53688902068,92.9821656560582,239.340361103122,846.621071720129,668.472525331409,177.113792970875,348.408285472725,133.196558129636,240.277239213094,3.65262104056368,9.41768618709566,0,0,8.99464330948576,18.1737322411977,7.09143443031306,12.8951958312031,0.199359790594886,0.517929143099951,0,0,0,0,0,0,0,0,361.70522262031,310.695355776108,339.87132059587,755.155870188626,425.688112102829,904.717967882073,9.21890874311092,28.041965242214,13.8972869269551,11.9374126451747,13.0491587439874,28.9860422989486,16.3078265280683,34.6560920571247,0.35315860275201,1.0741414225191,249.067378230289,213.817242580018,305.977447453919,709.077248753833,431.742825014089,928.832690643449,11.5133345805886,35.2863032723517,9.56956115784559,8.21520060003964,11.7449800507637,27.2097208469317,16.5361285833846,35.5696219628751,0.440936467643029,1.35119976690383,0,0,50.9857686658609,119.241573203918,63.8008280531663,123.931944824467,1.80469559040894,4.97361480763815,0,0,0,0,0,0,0,0,618.021400504383,297.876066144325,1700.23586330832,1784.72902243112
"178",2004,1943,14.75,3917.55797375161,3199.00519785006,972.398949171106,1840.055020525,441.010635634719,724.362119662293,12.8202922115285,30.1904943670734,0,0,0,0,0,0,0,0,0,0,1.6184006843273,3.140235573215,0.871433077839722,1.43916899764139,0.0256199420413202,0.0605093510415214,0,0,0,0,0,0,0,0,6000.64050471168,4762.32670408716,1118.70716583519,2265.35723315566,746.227160486944,1426.99145120425,26.4831047423598,72.5576646095215,230.554204230874,182.976207737512,43.1156621909606,87.3202804567995,28.75386102204,54.9840483844551,1.020576046618,2.79607800436296,21997.504729446,17346.5792276435,4552.14983384902,8933.45845004163,3389.57518947485,6101.06378420982,103.709917351394,267.039371136544,845.175072917871,666.483450976069,177.063982622584,348.262442282831,133.087364243237,239.982242631525,4.07421040686985,10.5078825595407,0,0,9.00497679992817,18.1928604467512,7.09482273187823,12.8964380393364,0.223207702512393,0.580090033784911,0,0,0,0,0,0,0,0,363.309750888193,311.606824580869,342.029495457355,759.751659198687,428.180820505534,909.367247701624,10.127923406283,30.7923684518777,13.9589355614282,11.9724327305016,13.1323114649313,29.1631472523587,16.4038589988871,34.8353342266632,0.38799675690555,1.17954245291068,248.466347359512,212.962339858397,306.243438798546,709.349777970121,431.711813548785,928.000773965196,12.7506260641543,39.0603300365342,9.54646873026099,8.18235386492387,11.7554777374339,27.2209027857845,16.5355178658139,35.5390408342091,0.488335581936408,1.49576070760072,0,0,50.9823382072641,119.251699239415,63.769736042957,123.825302183756,2.02009475739786,5.56436897186602,0,0,0,0,0,0,0,0,623.169296696827,300.392911589547,1723.51508453574,1813.31706342108
"179",2004,1943,14.8333333333333,3898.8631152273,3182.1502035005,969.47463089623,1833.99383947111,437.648358207868,717.741309773728,13.9597530346097,32.8526235463919,0,0,0,0,0,0,0,0,0,0,1.61408330288476,3.13090952020086,0.865375197139248,1.42699857798485,0.0279371752332362,0.0659302635987746,0,0,0,0,0,0,0,0,6029.03689694844,4778.98079064025,1125.92859739905,2279.60903993235,750.648445655169,1434.67946381123,29.7112552634461,81.4160059407344,231.645239031248,183.616084375586,43.3940578181182,87.8698147236501,28.9242632271651,55.2803594198489,1.14500595309493,3.13751774318518,21960.1749040061,17295.25927434,4550.82947141532,8929.59011636748,3386.81419697106,6093.62351088887,114.402468385846,294.667552296085,843.740869790771,664.51165386704,177.01139719009,348.110336222287,132.978034839655,239.688222623218,4.49443974840326,11.5953153721377,0,0,9.01516924279927,18.2116579481366,7.09818796745905,12.8976799015788,0.247132832568338,0.642502960772963,0,0,0,0,0,0,0,0,364.911805986435,312.520218561234,344.1813691467,764.343400683702,430.663805969226,914.016050930532,11.0153063997542,33.472484472926,14.0204891717864,12.0075267842065,13.2152235436451,29.3401002151025,16.4995225304376,35.0145636077425,0.422009694431145,1.2822615819463,247.879461250196,212.123544642708,306.50872897097,709.620923967168,431.677466524371,927.167110835767,13.9572578036789,42.7366787267884,9.5239197634641,8.15012600609099,11.7659471726111,27.2320284079209,16.5347771621505,35.5083852709812,0.534563362810264,1.6365904388843,0,0,50.9771662780715,119.256425954132,63.7355868499488,123.713087383239,2.23602964454812,6.15605354903806,0,0,0,0,0,0,0,0,628.339961214821,302.917137908125,1746.93370714219,1842.06063564691
"180",2004,1943,14.9166666666667,3880.20869231904,3165.39751205452,966.500045233519,1827.84707332161,434.305644990325,711.179058532452,15.061658248219,35.4229541275271,0,0,0,0,0,0,0,0,0,0,1.60967759968296,3.12143054113786,0.859344808104131,1.41492187471304,0.0301841124944055,0.0711776738855091,0,0,0,0,0,0,0,0,6057.30770787689,4795.51589000234,1133.1110680647,2293.76897710328,755.045687805318,1442.31317397572,33.003991255687,90.4517760508995,232.731448796931,184.2513893355,43.6709548875882,88.4158141387546,29.0937410385081,55.5745819963957,1.27193210837925,3.48581539272197,21923.1561661753,17244.3902658049,4549.44209373817,8925.57109001958,3384.05375799272,6086.21547264439,125.061646299305,322.229927105199,842.318618326874,662.557182811194,176.956162155786,347.952210582429,132.868578113729,239.395164510165,4.9133778513193,12.6801742940979,0,0,9.02521575194534,18.2301136022233,7.10152648813062,12.8989133559297,0.271131908189097,0.705160107594053,0,0,0,0,0,0,0,0,366.511108846104,313.434984240753,346.326396470567,768.928561596038,433.13675257946,918.661257969681,11.884072777384,36.0913494523287,14.0819370357567,12.0426735408382,13.2978739612532,29.5168037663052,16.5948047793017,35.1936602969676,0.455312929303497,1.38264496200132,247.306721304736,211.30104050581,306.773521576784,709.892233919783,431.640553762171,926.335145927843,15.1328869342985,46.3142755213575,9.50191431142522,8.11852407670022,11.7763961161021,27.2431569378844,16.5339358547179,35.4777870131975,0.579606692885873,1.77364781901724,0,0,50.9703018840814,119.255882315042,63.6984728750524,123.595467426618,2.45246597748699,6.74859113714715,0,0,0,0,0,0,0,0,633.53335698818,305.448758430235,1770.49122192972,1870.95962914212
"181",2005,1943,15,3861.59101165906,3148.73944076718,963.478121814102,1821.62121508661,430.967729653015,704.639980844204,16.1418872168055,37.9389025497581,0,0,0,0,0,0,0,0,0,0,1.60518591624921,3.11180245741967,0.853312696480616,1.40286873884829,0.0323917120964672,0.0763250749093273,0,0,0,0,0,0,0,0,6085.44435869265,4811.92601234451,1140.25125621658,2307.83286701613,759.391357779227,1449.81851421197,36.3836576750349,99.7255980306504,233.812503916539,184.881892478449,43.946225530586,88.9581176691971,29.2612336285127,55.8638619453076,1.40221583827285,3.84330777838123,21886.4496958053,17193.9673267195,4547.98774823971,8921.40798365723,3381.17801851052,6078.53609164024,135.808742161773,350.039533545571,840.90836385878,660.619850490801,176.898282897315,347.788327739109,132.75444966972,239.091136152471,5.33578420502131,13.7747650677293,0,0,9.03511745610171,18.2482270669079,7.10459137108783,12.8994882328715,0.29545281826182,0.768707428116559,0,0,0,0,0,0,0,0,368.108066331505,314.351007982439,348.465094629921,773.506846847823,435.586309858604,923.257411955676,12.7523137501773,38.7038860590957,14.143294785704,12.0778686342819,13.3802824854264,29.6932463799566,16.6891939845695,35.3708823899887,0.488599599087739,1.4827966764485,246.748143968064,210.494972761005,307.038025866448,710.165112947615,431.58690713667,925.461552176202,16.2927530005031,49.8399745088478,9.48045300607094,8.08755365991744,11.7868325445223,27.2543421534848,16.532451107407,35.4455864261147,0.624049352613727,1.90872735675102,0,0,50.9618197740098,119.25024716163,63.6563021438762,123.466452166782,2.67162290487017,7.34817385326656,0,0,0,0,0,0,0,0,638.748596527092,307.987175010226,1794.1832440758,1900.00687923373
"182",2005,1943,15.0833333333333,3842.10566340007,3131.1586090901,960.372784397694,1815.355647015,426.343621145899,695.060153491538,18.5344990639354,43.5232147762384,0,0,0,0,0,0,0,0,0,0,1.60067846226473,3.10215460533378,0.844724300909359,1.38473854055203,0.0372081601137076,0.0876030307827846,0,0,0,0,0,0,0,0,6113.73458258477,4828.39996662475,1147.31072625645,2321.89076819508,761.411496620749,1450.8523510393,42.2965886874434,115.930278159829,234.899459559331,185.514848146538,44.2183989774419,89.5001970048885,29.3391158762869,55.9037806571212,1.63012073387008,4.46788020985596,21849.7618021269,17143.4110894114,4546.18383592278,8917.12977990999,3367.94894743234,6043.83452837689,157.241133026441,405.394071140897,839.498822210357,658.677396676073,176.826997622363,347.619989650263,132.233657578415,237.723889348664,6.17776316713838,15.9528469194717,0,0,9.04523444022541,18.2667061802036,7.08587351766755,12.842613759093,0.342465430376911,0.891332349605825,0,0,0,0,0,0,0,0,369.763422178821,315.304857888089,350.687220145753,778.257471367041,436.847975728957,924.002057566043,14.9533150519175,45.3594833780922,14.2068962918741,12.1145170695237,13.4658952967351,29.8763074422331,16.7380718576606,35.4005501123231,0.572954621749664,1.73785579648697,246.204090874614,209.704377993699,307.304228655594,710.446698454224,430.198380556177,920.446147581754,18.7928160212473,57.4757537730562,9.45954974205225,8.05717773980898,11.7973325282193,27.2658577291474,16.4798283546351,35.2547399767338,0.719834393292805,2.20123932976724,0,0,50.9540462577877,119.244028967113,63.4158312326121,122.781604366801,3.09384987373622,8.51109879314717,0,0,0,0,0,0,0,0,643.910447879238,310.478358595013,1817.64411585951,1928.54095766786
"183",2005,1943,15.1666666666667,3822.57727680472,3113.61355929249,957.193817531014,1808.9573241564,421.787423902117,685.663322509441,20.8417213969972,48.8919473859889,0,0,0,0,0,0,0,0,0,0,1.59606112921799,3.0923429378033,0.836260347662675,1.36694634596408,0.0418710440499079,0.0984839125807338,0,0,0,0,0,0,0,0,6142.10279436796,4844.91182781212,1154.39814649618,2335.989905953,763.478670867658,1451.98325278866,48.3664233732591,132.550114062483,235.989411621614,186.149260258617,44.4916433814764,90.0438549292014,29.4188069315646,55.9474325096204,1.86408069599958,5.10847473629263,21813.1580616195,17093.1227076498,4544.27292434226,8912.61388084736,3354.88944039067,6009.6261727539,178.516750673225,460.30385490967,838.092513088685,656.745234331864,176.751507631249,347.442256600086,131.719343383333,236.375670507099,7.01364172419413,18.1135099054471,0,0,9.05504639787348,18.2847391561245,7.06748159146301,12.7866541798955,0.389482320598209,1.01387695286139,0,0,0,0,0,0,0,0,371.411495855019,316.256207326244,352.890895663433,782.98223331538,438.08546808929,924.719797959671,17.0617383655911,51.7211380896608,14.2702180045127,12.1510694328526,13.5508007113102,30.0583786484987,16.7860246519284,35.4291844978094,0.653768231976016,1.98167092377738,245.661424798569,208.918883397073,307.557407168358,710.699665930433,428.810190629439,915.458893064005,21.2471260432706,64.950490471689,9.43869976650021,8.02699777653664,11.8073310182099,27.2762713123943,16.4272132846482,35.0649544342887,0.813872619305496,2.48760204527853,0,0,50.9442276761321,119.231805470882,63.1747225223818,122.098847392812,3.51573593032,9.67033704152191,0,0,0,0,0,0,0,0,649.095406788646,312.977079430755,1841.19859129379,1957.14845262899
"184",2005,1943,15.25,3803.02405099477,3096.117716298,953.947534151412,1802.43792095434,417.298607604224,676.446896059062,23.0653345228716,54.0502001864092,0,0,0,0,0,0,0,0,0,0,1.59133303920352,3.08235955720945,0.827917631243818,1.34948462618446,0.0463817123562403,0.108973540889591,0,0,0,0,0,0,0,0,6170.48216883729,4861.40940261457,1161.49270159443,2350.08874788221,765.574348598437,1453.17564460184,54.5828846491528,149.555421315174,237.079792572149,186.783123464942,44.7651593794211,90.587496308131,29.4995949461864,55.9934510288288,2.10370098773837,5.76395113313292,21776.6829642578,17043.1356134186,4542.26721940815,8907.88438230106,3342.00320240911,5975.91478181062,199.642277101628,514.788613005147,836.691145865471,654.824647968466,176.672287327679,347.256067251923,131.211658389732,235.046640448016,7.84367427114109,20.2575082510685,0,0,9.06458258513423,18.3023443173956,7.04941298637471,12.7316036945608,0.436504289370202,1.13635212247828,0,0,0,0,0,0,0,0,373.052982314819,317.205289313684,355.078581540829,787.684122374287,439.303847366666,925.41856043027,19.0883729016526,57.8206248399101,14.3332866248893,12.1875346771452,13.635093189664,30.2395747715515,16.8332464163748,35.457089732352,0.731453965923046,2.2154597510205,245.123243506835,208.141319990441,307.800886504078,710.933046529315,427.42717190883,910.511645320062,23.6500653568251,72.2480004759951,9.41802210057864,7.99712254238905,11.8169555831913,27.2859293130828,16.374791046244,34.8766839792867,0.905948717887866,2.76719507744885,0,0,50.9324677573343,119.213869234391,62.9331757037606,121.418539676262,3.93722495586791,10.8257902363595,0,0,0,0,0,0,0,0,654.303377490416,315.483319097203,1864.84552190926,1985.8286045267
"185",2005,1943,15.3333333333333,3783.46226825388,3078.68291849872,950.639747222158,1795.80818161947,412.876500626148,667.408049067057,25.2071235509816,59.0030555877543,0,0,0,0,0,0,0,0,0,0,1.58649510363847,3.07220089405762,0.819693304757794,1.33234629781431,0.0507417812767864,0.119078185169756,0,0,0,0,0,0,0,0,6198.81668442018,4877.84930546721,1168.57733335608,2364.15344850846,767.68386755466,1454.40178898296,60.9356434580043,166.916373009895,238.16844997253,187.414770822727,45.0382917269273,91.1298208974169,29.5809165583507,56.0407704924212,2.34858475199089,6.43316334980126,21740.3731260644,16993.4769058756,4540.17703340744,8902.96165423166,3329.29248435066,5942.70137316225,220.623998885678,568.866875411898,835.296127383991,652.916678778803,176.589737917271,347.062216090733,130.710697244807,233.736853106622,8.66810025471669,22.3855508159045,0,0,9.07386524299083,18.3195328168811,7.03166213800498,12.677449746785,0.483530927095584,1.25876400891649,0,0,0,0,0,0,0,0,374.688290697528,318.152137053229,357.251894161562,792.364679826982,440.50665016579,926.103618464751,21.0428738203886,63.6865217078168,14.3961178727881,12.2239140781066,13.7188347707938,30.4199549340443,16.879872678973,35.4844680515386,0.80638188077496,2.44031742905665,244.59204330924,207.373951837063,308.037438403819,711.154288770112,426.053418058112,905.614222645361,25.9974385008439,79.3563210667229,9.39761265652413,7.96763902629621,11.8263125676082,27.2951174486193,16.3227184487323,34.6903048147936,0.995901876274168,3.03955975441844,0,0,50.9188613272707,119.1904846259,62.6913706598654,120.741000321793,4.35826439850001,11.9773707026145,0,0,0,0,0,0,0,0,659.534270976632,317.997059897916,1888.58395212414,2014.58081026325
"186",2005,1943,15.4166666666667,3763.9065625441,3061.31964451272,947.27583130119,1789.07803672299,408.520325195874,658.543788511961,27.2688707850812,63.7555601766829,0,0,0,0,0,0,0,0,0,0,1.58154960835301,3.06186678921788,0.81158480922688,1.31552463811799,0.0549530916412237,0.128804479476875,0,0,0,0,0,0,0,0,6227.05940931832,4894.19554204916,1175.63811486058,2378.15655366663,769.79572995976,1455.64031551013,67.4144627569814,184.603420035783,239.253580628014,188.042819372605,45.3105053074761,91.6697736729745,29.6623298536149,56.0885695497133,2.5983385510176,7.11497567828968,21704.2585536701,16944.1683890092,4538.01109588451,8897.86296020063,3316.75837304522,5909.98480154508,241.467787258623,622.555921989496,833.908610545286,651.022164506889,176.504199406172,346.861377354001,130.216509181679,232.446277890783,9.48714338045074,24.4982990126179,0,0,9.08291119031817,18.3363107280959,7.01422154489677,12.6241753469433,0.530560686837119,1.38111440695427,0,0,0,0,0,0,0,0,376.31760079788,319.096627068723,359.411796804395,797.024346919771,441.696250824286,926.778254267042,22.9338539185434,69.3444553222488,14.4587186562081,12.260202891585,13.802062400552,30.5995359841709,16.9259943293931,35.5114451834731,0.878882067875161,2.65722595755895,244.069810138434,206.61856254316,308.26933754477,711.369445393267,424.692341484904,900.774624362939,28.2862694390972,86.2671147122764,9.37754773707791,7.93861575725974,11.8354892480169,27.3040679029708,16.2711262292242,34.5061235334993,1.08361800864803,3.30437631133489,0,0,50.9034952213054,119.161891315545,62.4494698332371,120.066513840075,4.77880473031763,13.124999596739,0,0,0,0,0,0,0,0,664.788002285492,320.518283748126,1912.41306026456,2043.40456525598
"187",2005,1943,15.5,3744.37014826314,3044.03720426264,943.860777237581,1782.25670635062,404.229224185709,649.851001495229,29.2523520364778,68.312716197439,0,0,0,0,0,0,0,0,0,0,1.57649988129116,3.05135974831096,0.803589814275148,1.29901321117773,0.0590176748057524,0.138159358654547,0,0,0,0,0,0,0,0,6255.17105102625,4910.41831327733,1182.66371999065,2392.07590356034,771.901011525525,1456.87499414299,74.009306547109,202.587611117975,240.333674857706,188.666124186149,45.5813647964013,92.2065027744777,29.7434917012682,56.1362241763691,2.85257656329221,7.80827507191037,21668.3637112781,16895.2274397365,4535.77681858884,8892.60298518419,3304.40102652087,5877.76221930282,262.179093903762,675.871774978761,832.529535302456,649.141772801556,176.415960830077,346.654125430075,129.72910714176,231.174817548572,10.3010114284745,26.5963664535023,0,0,9.09173309995449,18.3526806638125,6.99708252890022,12.5717607917859,0.57759098085969,1.50340118611275,0,0,0,0,0,0,0,0,377.940910424015,320.038515041423,361.558755034892,801.662747088804,442.874150623611,927.44428478208,24.7689752983318,74.8173492714248,14.5210888909323,12.2963917304632,13.8847938985815,30.7783033334902,16.9716687250273,35.5380905523719,0.949248165519118,2.86706370288051,243.558097925637,205.876529542658,308.498416850134,711.583347763821,423.346736958149,895.999241446974,30.5146208774842,92.9751379288347,9.35788704680485,7.91010565849184,11.8445559524979,27.3129660101276,16.2201214770359,34.324385157257,1.16902283125496,3.56144353598046,0,0,50.8864491876534,119.128307547258,62.2076203309411,119.39533427613,5.19879899281895,14.2686054237321,0,0,0,0,0,0,0,0,670.064487713872,323.046971112737,1936.33211094106,2072.29941799469
"188",2005,1943,15.5833333333333,3724.86502633305,3026.84391113748,940.399241723897,1775.35279337908,400.002284488838,641.326497148595,31.1593334960157,72.6794744480195,0,0,0,0,0,0,0,0,0,0,1.57135000387593,3.04068428810993,0.795706167645245,1.28280580692896,0.0629377205647262,0.147149997941536,0,0,0,0,0,0,0,0,6283.11865064625,4926.49294025357,1189.64494569627,2405.89364540387,773.99283509584,1458.09364691901,80.7104310669073,220.840861090454,241.407466328048,189.283737060625,45.8505163451953,92.7393216474763,29.8241375673747,56.1832659321485,3.1109240961962,8.51198147839651,21632.7084818101,16846.6677884882,4533.48053324924,8887.19430859436,3292.21988174618,5846.02948103343,282.762953706809,728.829211326088,831.15966558929,647.276031207763,176.325269434919,346.440953140635,129.248475833536,229.922323875008,11.1098963382305,28.6803193626214,0,0,9.10034059279448,18.3686431214313,6.98023585484324,12.520185063428,0.624618292723069,1.62561875543535,0,0,0,0,0,0,0,0,379.558077596289,320.977467543087,363.692871730199,806.278930198452,444.04122546325,928.102509287169,26.5550405537171,80.125672514524,14.5832231218738,12.3324677838944,13.9670331437336,30.95622033711,17.0169292027691,35.5644344716043,1.01774085363722,3.0706149171451,243.058100310666,205.148892021413,308.726122654183,711.799774435069,422.018848083832,891.29306408321,32.6814241069879,99.4777403140359,9.33867644730503,7.88214865717273,11.8535681750202,27.3219567148234,16.1697901701719,34.1452810648037,1.25207534082531,3.81065957032895,0,0,50.8677967505261,119.089933182323,61.965955875795,118.727689045938,5.61820238939602,15.4081227032407,0,0,0,0,0,0,0,0,675.36364242871,325.583100120988,1960.34041571015,2101.26493323452
"189",2005,1943,15.6666666666667,3705.40214481703,3009.74721636821,936.895586084191,1768.37435629177,395.838554502285,632.967038090948,32.9915693156368,76.8607289025538,0,0,0,0,0,0,0,0,0,0,1.56610460276232,3.0298464556935,0.787931859965573,1.26689640126944,0.0667155504128582,0.155783762309918,0,0,0,0,0,0,0,0,6310.87457055186,4942.39903145858,1196.57434210013,2419.59546987899,776.065968625478,1459.28732138757,87.5084485566981,239.336139049638,242.473893157236,189.894874521254,46.1176733984909,93.2676797634197,29.904066093329,56.2293502512117,3.37302004537549,9.22505509632363,21597.3089129046,16798.5001242696,4531.12767452423,8881.6477673432,3280.21381081427,5814.78144557386,303.223994354999,781.441794293483,829.799617982561,645.425350414022,176.232337741811,346.222285775494,128.774577794683,228.688609442202,11.913974559195,30.7506777375249,0,0,9.1087410030406,18.3841973574088,6.96367211432167,12.4694266900182,0.671638301189139,1.74775853755501,0,0,0,0,0,0,0,0,381.168852711475,321.91308597736,365.81398493288,810.871548205125,445.197900121885,928.753020423735,28.2980753072373,85.2876656922814,14.6451117588757,12.3684157371689,14.0487738328419,31.1332350419568,17.0617917727966,35.5904800943532,1.08459101743536,3.26857841175405,242.570707496479,204.436404839815,308.953564644301,712.021596913428,420.710432478779,886.659869718272,34.786335992988,105.774442439766,9.31995014165452,7.85477375624321,11.8625684900719,27.3311501603826,16.1201996658071,33.9689561804494,1.3327623333072,4.0520057337509,0,0,50.8476059525356,119.046952199806,61.7245984082259,118.063782114296,6.03697195198175,16.5434908788996,0,0,0,0,0,0,0,0,680.685378772093,328.126645972666,1984.43730765191,2130.30066933294
"190",2005,1943,15.75,3685.99152006452,2992.75381048581,933.35390574231,1761.32896432514,391.737056608113,624.769362925343,34.7507998778179,80.8613129890997,0,0,0,0,0,0,0,0,0,0,1.56076870412991,3.0188534853084,0.78026500096441,1.25127913107596,0.070353596191129,0.164068165845199,0,0,0,0,0,0,0,0,6338.41573344535,4958.11985785499,1203.44593528122,2433.17003966041,778.116529314225,1460.44968627637,94.3943676359702,258.047588106888,243.532068678585,190.498893811666,46.382606063202,93.7911407020542,29.9831277443114,56.2742332532995,3.63851845518413,9.94650100248228,21562.1777783157,16750.7325489403,4528.72291637353,8875.97272570546,3268.38123415298,5784.01219294589,323.566450258135,833.721916931935,828.449883271816,643.590041706542,176.137348814151,345.998491526464,128.307357788986,227.473456033052,12.7134075710741,32.8079169767291,0,0,9.11693989706811,18.3993419298117,6.94738194902525,12.4194642437715,0.718645998200582,1.86980940133669,0,0,0,0,0,0,0,0,382.772902221733,322.844923995944,367.921736103508,815.438976421774,446.34426606506,929.395411166527,30.0033992328902,90.3195370622083,14.7067419864951,12.4042184408709,14.130002103073,31.3092848465724,17.1062596447444,35.6162113680904,1.1500024700475,3.46157506775008,242.096550051431,203.739580071685,309.181558580711,712.250900293374,419.422819860448,882.102382167567,36.8296242122495,111.866596189413,9.30173235735666,7.82800063039588,11.8715881908135,27.340626314113,16.0714009222747,33.7955150604624,1.41109400522983,4.2855335056187,0,0,50.8259399611764,118.999534668682,61.4836593477783,117.403796509478,6.4550662899178,17.6746534930567,0,0,0,0,0,0,0,0,686.029605123633,330.677580570846,2008.62212589981,2159.40616543275
"191",2005,1943,15.8333333333333,3666.64236588039,2975.86973141873,929.778061752068,1754.22375645368,387.696800322313,616.730209856979,36.4387500631897,84.6859959171011,0,0,0,0,0,0,0,0,0,0,1.555347574673,3.00771342639346,0.772703793241861,1.23594826591435,0.0738543776138546,0.172010829132671,0,0,0,0,0,0,0,0,6365.7228079131,4973.6416849268,1210.25493118565,2446.6083790109,780.141669033454,1461.57638911456,101.359633527806,276.950644869585,244.58125014827,191.095267229794,46.6451297540206,94.3093587409273,30.0612127405274,56.3177470964492,3.90709007372607,10.6753737701889,21527.3251788074,16703.3710627441,4526.27031806719,8870.17736421305,3256.72024148216,5753.71525606488,343.794178373532,885.680851178736,827.110849546579,641.770335624096,176.040461896975,345.769892657085,127.846747503939,226.276623648165,13.508342476769,34.85246972214,0,0,9.12494164795587,18.4140753177753,6.93135631306022,12.3702769309239,0.765635805712385,1.9917580959993,0,0,0,0,0,0,0,0,384.369833899885,323.772506070215,370.015643747842,819.979444219985,447.480210025532,930.02900117813,31.6757008009791,95.2356689865892,14.7680987347352,12.4398576244299,14.2106993605626,31.4843015231724,17.1503281671551,35.6416017327849,1.21415481792323,3.65015575084289,241.636045871967,203.058731435488,309.410670813102,712.489110142816,418.156970654118,877.622434228334,38.8120474651397,117.757030001595,9.28403915072263,7.80184133319313,11.8806489962872,27.3504398326786,16.0234307406392,33.6250281131597,1.48709936258301,4.51135092974879,0,0,50.802857699057,118.947838821301,61.2432409176176,116.747896948282,6.87244534431494,18.8015573719261,0,0,0,0,0,0,0,0,691.396224695336,333.235872133835,2032.89419816692,2188.58092669228
"192",2005,1943,15.9166666666667,3647.3631840104,2959.10044048223,926.171703052575,1747.06548281013,383.716790703962,608.846331958773,38.0571279953334,88.3394801573476,0,0,0,0,0,0,0,0,0,0,1.54984662774656,2.99643491367063,0.765246517868288,1.22089819536278,0.077220485053001,0.179619446434683,0,0,0,0,0,0,0,0,6392.77964583851,4988.95331184146,1216.99751312675,2459.90345759656,782.139365184681,1462.66463398713,108.396146428531,296.022094722013,245.620817129828,191.683564421738,46.9050974259125,94.8220628895838,30.1382430302233,56.3597837691004,4.17842306795194,11.4107796202503,21492.7589578644,16656.4198995229,4523.77342310761,8864.26887429545,3245.2286698281,5723.88376777869,363.91067760257,937.328806921415,825.782818168556,639.966394837433,175.941816238927,345.536773030846,127.392668584745,225.097856231768,14.298912735196,36.8847280921153,0,0,9.13274974926056,18.4283961813955,6.91558655944511,12.3218447816678,0.812601691419733,2.11358965873127,0,0,0,0,0,0,0,0,385.959213551307,324.695339482832,372.095146719724,824.491110004593,448.605484261302,930.652955605486,33.3191013648935,100.048796361596,14.8291653211434,12.4753143568573,14.2908439449712,31.658214100428,17.1939875278532,35.6666186893094,1.27720591802422,3.83480815204656,241.189433836263,202.394006214001,309.641255846988,712.737094447313,416.913529385879,873.221105469307,40.7347626304827,123.44977266111,9.26687969989722,7.77630152347206,11.8897644924454,27.3606239719561,15.976313809312,33.4575368742025,1.56082266230939,4.7296120289057,0,0,50.7784143484472,118.89201261482,61.0034371483657,116.096231852813,7.28907020378981,19.9241520160611,0,0,0,0,0,0,0,0,696.785134894357,335.801485039575,2057.25283384091,2217.82442004814
"193",2006,1943,16,3628.1459051076,2942.42028636044,922.537207511925,1739.8714302609,379.688950392831,600.860193286557,39.7159759852636,92.0812499760333,0,0,0,0,0,0,0,0,0,0,1.54427380604637,2.98502835538697,0.757677825796194,1.20561309617451,0.0806708386363665,0.187413218315466,0,0,0,0,0,0,0,0,6419.60018488569,5004.06877593513,1223.64768860261,2473.02854537457,783.887182534044,1463.09334229876,115.720839467869,315.863056988192,246.651305130602,192.264324724402,47.1615102276379,95.3282253870247,30.2056472871647,56.3764112399194,4.46087673861642,12.1758815434353,21458.5497502663,16609.9226811066,4521.16701120496,8858.19909728562,3232.99153097711,5692.09905022174,384.842779886483,991.092068140043,824.468503026984,638.179895367325,175.838912281382,345.297291373001,126.909209823892,223.842052179116,15.1214973233168,39.000097984225,0,0,9.14038054964407,18.4423102339857,6.89811736325584,12.2689509341226,0.861508981738753,2.24049989034896,0,0,0,0,0,0,0,0,387.544082151803,325.614202117655,374.16195589705,828.973167363006,449.59869987772,930.875115770055,35.0654473996661,105.164374443395,14.8900585848207,12.5106185256957,14.3705014326398,31.8309913156485,17.2325847183994,35.6762320589199,1.34420917062069,4.03107113075749,240.757805454901,201.746361287742,309.872962357267,712.994425319823,415.575453097758,868.530595833663,42.7179629227906,129.318562375616,9.25029594250851,7.75141796611027,11.8989211392196,27.3711622065755,15.9255648190434,33.278948719047,1.63686983384832,4.95463675212884,0,0,50.7527427958419,118.83224040332,60.7471803930592,115.400031254217,7.72226684081231,21.0914095383858,0,0,0,0,0,0,0,0,702.193625721637,338.37379355329,2081.68533611349,2247.12898265509
"194",2006,1943,16.0833333333333,3608.75987387888,2925.45199712504,918.848879369719,1732.72936821948,374.493659877541,590.122058812667,42.5495453584036,98.5684820687236,0,0,0,0,0,0,0,0,0,0,1.53865491576109,2.97353447940319,0.747762975728891,1.18477093324953,0.0864768911486167,0.20073987913647,0,0,0,0,0,0,0,0,6446.60046192622,5019.32917708946,1230.00267652091,2485.83881151411,783.061522275916,1456.33636049887,125.796270966334,343.283247387273,247.688698952513,192.850653740716,47.4065774603276,95.8222809474846,30.1738863319233,56.1161548217144,4.84934113247094,13.2330732871252,21425.2593488651,16564.2093382307,4517.69874647343,8851.33746297828,3210.33527032204,5632.86460981393,416.403224264833,1072.56429188541,823.189488971733,636.423513684781,175.702867506037,345.027220361784,126.016628681768,221.506536300198,16.3613093990268,42.2050816595688,0,0,9.1477962849534,18.4557445810583,6.85831063773734,12.1566052674707,0.933415475547707,2.42795992488025,0,0,0,0,0,0,0,0,389.160361423625,326.542023593631,376.233958913907,833.430516300462,449.161518323582,926.520171514508,38.2360107688904,114.631682939682,14.9521586952569,12.546266907593,14.4503584615508,32.0028206842483,17.2163544296273,35.510416027564,1.46580836887994,4.39413841924047,240.344428044958,201.118917118203,310.091344216319,713.229528554588,412.884166949237,859.620601621285,46.0272166199799,139.277316675503,9.23441341412022,7.7273105542279,11.9075639678878,27.3808420323916,15.8229515285705,32.9386636133046,1.76374101271975,5.33639696468656,0,0,50.726521855057,118.768605587879,60.2922999008305,114.14154408644,8.35727234910922,22.824016352175,0,0,0,0,0,0,0,0,707.593662802993,340.9464392633,2106.03192621828,2276.36326737875
"195",2006,1943,16.1666666666667,3589.352417662,2908.52343725394,915.109443909656,1725.49040841442,369.41628600367,579.691514513689,45.2588746134006,104.737554717889,0,0,0,0,0,0,0,0,0,0,1.53295527529865,2.96194341848502,0.73806527500989,1.16450579824816,0.0920507726797884,0.213460816705326,0,0,0,0,0,0,0,0,6473.51404762757,5034.50377355987,1236.35414417519,2498.62361728112,782.289907725028,1449.75548768792,136.023510505749,371.052604525678,248.722761954538,193.433686003858,47.6515016859654,96.3153451226111,30.1442061225774,55.8626805043605,5.24367222708387,14.3037662216285,21392.0501624225,16518.7379650864,4514.16263684504,8844.29906792314,3188.10105052927,5574.87705820941,447.648300261026,1153.03717245714,821.913594590257,634.676428895464,175.56414011955,344.750157382136,125.140482999931,219.219796135348,17.5887677613488,45.3707275848355,0,0,9.15472272618412,18.4685282506895,6.81928729652087,12.0466190861784,1.00505583627086,2.61430820529345,0,0,0,0,0,0,0,0,390.765876462801,327.463403257199,378.279940570268,837.848198767161,448.721175034611,922.214599792658,41.2822822382366,123.679135977612,15.013845225815,12.5816677847972,14.5292162465649,32.1731279328868,17.1999997995332,35.346478713604,1.58265206525724,4.74114000588103,239.933833740852,200.496967912949,310.29781738945,713.440229396052,410.226211986359,850.850792148843,49.2532211106789,148.934594537779,9.21863781491269,7.70341426774996,11.9157475535275,27.3895802075909,15.7216072566743,32.6037240646962,1.88743042023426,5.70663216298346,0,0,50.6986443288197,118.700288507533,59.8422676184336,112.902113139482,8.98895076166889,24.5408918183914,0,0,0,0,0,0,0,0,713.016094229238,343.526378162867,2130.40727436736,2305.56342207008
"196",2006,1943,16.25,3569.94437447694,2891.65027301387,911.325602930753,1718.16713153995,364.454439262157,569.560211943472,47.8475661161051,110.599140999794,0,0,0,0,0,0,0,0,0,0,1.52717533588995,2.95024628703674,0.728579169712526,1.14480157094824,0.0973968456796181,0.225591522857291,0,0,0,0,0,0,0,0,6500.27211650321,5049.53974429224,1242.68030852353,2511.33977894422,781.554581485065,1443.3155440781,146.387115420464,399.126467668553,249.750849751421,194.011392044458,47.8954464257059,96.8057591981983,30.1159243085802,55.6146364097862,5.6432763167438,15.3862432076999,21358.969575828,16473.5438159571,4510.57113642885,8837.10872073131,3166.28697067087,5518.12079429703,478.589484160489,1232.54805094072,820.642640483169,632.939995525278,175.423214914395,344.467070078846,124.280706034868,216.981236355711,18.8043139613088,48.498480861597,0,0,9.16122271300602,18.4807122142086,6.78103130655304,11.9389477958022,1.07643362347817,2.79957103001209,0,0,0,0,0,0,0,0,392.360929514841,328.37836056562,380.302216252931,842.228494542995,448.28097272688,917.963522439713,44.2178933130895,132.349010812544,15.0751297892504,12.6168219048871,14.6071636372798,32.3420004624664,17.1836474710985,35.1846168080275,1.6952627744484,5.0736961356661,239.52933665506,199.8833973874,310.496170333833,713.636606946225,407.606950347901,842.232559399857,52.3916668347675,158.27912646223,9.20309647838727,7.6798399036341,11.9236173145588,27.3977635466056,15.6217375575871,32.2745671015083,2.00777264978952,6.06490947159118,0,0,50.6692021797723,118.627583656148,59.3972220801046,111.681819646327,9.61728997777864,26.2421834117398,0,0,0,0,0,0,0,0,718.460777242621,346.113561100034,2154.81079780519,2334.73003416669
"197",2006,1943,16.3333333333333,3550.55433495676,2874.84631543709,907.503471522465,1710.77102605336,359.605609037779,559.719700846483,50.3191925964121,116.163744272585,0,0,0,0,0,0,0,0,0,0,1.52131726205109,2.93843901794871,0.719299346917737,1.12564242313429,0.102519779510694,0.23714790917932,0,0,0,0,0,0,0,0,6526.81797061504,5064.39399947043,1248.96366840692,2523.95284978887,780.842030805301,1436.99001103334,156.871888454547,427.460998852707,250.770783917712,194.582116282872,48.137739463973,97.2921996865838,30.0885214677352,55.3710031230924,6.04756896675827,16.4788182709255,21326.0561354546,16428.6551173949,4506.93456831215,8829.78705695406,3144.88957698424,5462.57741606915,509.237636915215,1311.13227759183,819.378107662617,631.215298083401,175.280494267668,344.178764515103,123.437170337933,214.790151841189,20.0083662407218,51.5897109474905,0,0,9.16734604585459,18.492334460938,6.7435248455756,11.8335414979848,1.14755057412746,2.98376791500994,0,0,0,0,0,0,0,0,393.94555581018,329.286725531275,382.302236242376,846.572241830202,447.842901962311,913.769628695828,47.0550165109514,140.679299511714,15.1360137391721,12.6517227366663,14.6842562526544,32.5094702873952,17.1673736838596,35.0249335390493,1.80410705581607,5.39326272939359,239.133535765424,199.28044833837,310.689481362866,713.826763378497,405.030588325463,833.774468152202,55.439896276478,167.304647741183,9.18788926144294,7.65667363371963,11.9312914144054,27.4057030058349,15.5235037227492,31.9515214848045,2.12466562513296,6.41098786902125,0,0,50.6382820836857,118.55075775986,58.957275822683,110.480693475025,10.2422830093238,27.9280523929622,0,0,0,0,0,0,0,0,723.927567002709,348.707936895456,2179.24204655818,2363.86379985536
"198",2006,1943,16.4166666666667,3531.19893090339,2858.12377189563,903.64863895153,1703.3126023448,354.867224885716,550.161558476768,52.6772651758169,121.441618415175,0,0,0,0,0,0,0,0,0,0,1.515384467227,2.92652125969119,0.710220725010251,1.10701290348205,0.107424447771415,0.248146068168418,0,0,0,0,0,0,0,0,6553.10508512069,5079.03158556666,1255.19026565509,2536.4355864654,780.142139060185,1430.75924825824,167.463095334002,456.013811109859,251.780776894564,195.144515748667,48.3778445233974,97.7736195275502,30.0616085652726,55.1310253200646,6.45598338997768,17.5798607865576,21293.3409952157,16384.0942660813,4503.26147715485,8822.35123229462,3123.90428747803,5408.22665578818,539.602922428627,1388.82296683716,818.121193111754,629.50319708602,175.13631173685,343.885911923195,122.609704237508,212.64576405595,21.2013163087224,54.6457019394195,0,0,9.17313218387864,18.5034232735776,6.70674939053883,11.7303479347208,1.21840672299041,3.16691205263251,0,0,0,0,0,0,0,0,395.519584275887,330.188185607294,384.280800341639,850.879230270264,447.408025496509,909.633926229848,49.80445451926,148.703941984403,15.196490502684,12.6863582715838,14.7605247214802,32.6755291263228,17.1512190345907,34.8674675148291,1.90959893223671,5.70114031871227,238.748427192705,198.689825151242,310.880195397017,714.017068062023,402.500314983925,825.482650202485,58.3966238406477,176.009039254109,9.17309285825591,7.63398094321728,11.93886370458,27.413643043851,15.4270280752398,31.6348227732802,2.2380598630118,6.74478525752289,0,0,50.6059652304325,118.470052091842,58.5225195905739,109.298723359854,10.8639265188825,29.5986679754936,0,0,0,0,0,0,0,0,729.416317626367,351.309452402352,2203.7006490467,2392.9654552441
"199",2006,1943,16.5,3511.89316434879,2841.49351837973,899.76625142268,1695.8015475655,350.236687915136,540.877438543789,54.9252316811594,126.442770016848,0,0,0,0,0,0,0,0,0,0,1.50938121745071,2.91449536933929,0.701338404398549,1.0888979004197,0.112115872857218,0.25860217064215,0,0,0,0,0,0,0,0,6579.09508196813,5093.42404313061,1261.3489284163,2548.76638939986,779.44735134913,1424.60875007355,178.146580831978,484.74431128463,252.779354135847,195.69749698425,48.6153322518426,98.2491882806633,30.034894942109,54.8941448658448,6.8679749241698,18.6878087036591,21260.8494070135,16339.879020336,4499.55900411931,8814.81566514834,3103.3257061855,5355.04698776842,569.694837079415,1465.65110288245,816.872867049955,627.80437483603,174.990946540854,343.58907741593,121.798104055258,210.547244700433,22.3835304336236,57.6676565108739,0,0,9.1786128594577,18.5140001937913,6.67068636491385,11.6293142428485,1.2890006774901,3.34901133638604,0,0,0,0,0,0,0,0,397.082696644099,331.082330077573,386.238255809555,855.148553919419,446.976802474495,905.556356493488,52.4758124412734,156.453319294677,15.2565478514253,12.7207127292696,14.8359822835067,32.8401419587383,17.1352009306975,34.7122163644363,2.01210649405888,5.99849295755723,238.375523472976,198.112801577013,311.070226419275,714.212457803735,400.018473959045,817.361247953396,61.2616473460246,184.393453271695,9.15876538291311,7.61181077167581,11.9464076553345,27.4217731378947,15.3324005417793,31.3246302950714,2.3479474121913,7.06634495001412,0,0,50.5723278010405,118.385686491382,58.0930260369821,108.135864148649,11.4822199840126,31.2542047618183,0,0,0,0,0,0,0,0,734.926879575363,353.918051538625,2228.18626702264,2422.03573306938
"200",2006,1943,16.5833333333333,3492.65055595492,2824.9652233424,895.861048216937,1688.24679321118,345.711388745313,531.859103274304,57.0664731419698,131.176950938022,0,0,0,0,0,0,0,0,0,0,1.50331243860741,2.90236592171641,0.692647649067956,1.07128264003213,0.116599194269881,0.26853240054359,0,0,0,0,0,0,0,0,6604.75676193348,5107.54861821184,1267.43090243426,2560.9285407802,778.752261533744,1418.52828072439,188.908850441999,513.613942465846,253.765316917486,196.240185746457,48.8498660850648,98.7182629045078,30.0081724697262,54.659967634632,7.28302418110107,19.8011778927526,21228.6014367548,16296.0230754162,4495.83306683029,8807.19239315106,3083.14778050108,5303.01594004831,599.522215407819,1541.64556447776,815.633900443175,626.119357526925,174.844630507719,343.288733767017,121.002140216947,208.493727830957,23.5553496382342,60.6566967914753,0,0,9.18381329338855,18.5240813617485,6.63531739318187,11.5303876570746,1.35932980156273,3.53006901430657,0,0,0,0,0,0,0,0,398.634457931619,331.968673190623,388.174593471397,859.378784254524,446.549236005647,901.536073345697,55.0775811313406,163.95448915803,15.3161690726457,12.7547674463747,14.9106284811563,33.0032536712406,17.1193192613043,34.5591474467931,2.11195509424267,6.28635725033773,238.015912267517,197.550274033759,311.261012900625,714.416594633491,397.586662001456,809.412663891738,64.0356905546715,192.461834615757,9.14494862513858,7.59019756090943,11.9539784817971,27.4302338356097,15.2396824241225,31.0210366958625,2.45435581578631,7.3758173123683,0,0,50.5374412016313,118.297861309102,57.668851515025,106.992040464923,12.0971652230769,32.8948411650685,0,0,0,0,0,0,0,0,740.459098169253,356.533674718469,2252.69857705663,2451.07534526788
"201",2006,1943,16.6666666666667,3473.48334334031,2808.54751209488,891.937411555554,1680.6566082239,341.2887261106,523.098452558491,59.1043026471726,135.653659271158,0,0,0,0,0,0,0,0,0,0,1.49718348417001,2.8901391096285,0.684143861294055,1.05415267316946,0.120879631581426,0.277952884808841,0,0,0,0,0,0,0,0,6630.06486575697,5121.38725997439,1273.42938708951,2572.9092482744,778.053114579053,1412.51084324173,199.737131302639,542.586363569233,254.737694738326,196.771888493305,49.0811844556787,99.1803510816148,29.9812964546521,54.4282239418883,7.70063940179676,20.9185690881642,21196.6128777469,16252.5367921485,4492.08858744312,8799.49152403926,3063.36398728401,5252.11045152342,629.093257720894,1616.83321796456,814.404900097948,624.448543238029,174.697556883693,342.985278845078,120.221564489495,206.484323765364,24.7170907338764,63.6138678647474,0,0,9.18875372417065,18.533679189158,6.60062461845606,11.4335163917123,1.42939042703695,3.7100844520514,0,0,0,0,0,0,0,0,400.174352465709,332.8466811128,390.08956298587,863.568174463215,446.125052127417,897.571779094447,57.617253794099,171.231520326916,15.3753343533739,12.7885019121562,14.9844535868392,33.1647969053315,17.1035632730808,34.4082107636053,2.20943181934992,6.56565517250894,237.670331585004,197.002829388351,311.453588612615,714.632067397627,395.20584608959,801.637854225425,66.7202161826589,200.220352968971,9.13167094044872,7.56916385927993,11.9616158611243,27.439124488836,15.1489108818166,30.7240791787776,2.55734094208754,7.67343799974094,0,0,50.5013724099442,118.206759970934,57.2500383682887,105.867151232581,12.7087659086913,34.5207578692399,0,0,0,0,0,0,0,0,746.012812112715,359.156258328929,2277.23724779108,2480.0849619951
"202",2006,1943,16.75,3454.40265076977,2792.248107788,887.999409255025,1673.03867847266,336.96612229343,514.587547977465,61.0419642131569,139.882140102774,0,0,0,0,0,0,0,0,0,0,1.49099995172633,2.87782225724738,0.675822563905328,1.03749387050984,0.124962451135072,0.286879630557523,0,0,0,0,0,0,0,0,6654.9990201117,5134.92576804296,1279.33914265623,2584.69883661206,777.347394815889,1406.55183126951,210.619413974784,571.627571101869,255.695704822568,197.292059623665,49.3090857312008,99.6350802104244,29.9541698365214,54.1987359902941,8.12035807696761,22.0386726114732,21164.8960285,16209.4278171281,4488.32968457414,8791.72161406193,3043.96748501088,5202.30716118744,658.415562017181,1691.23902277206,813.186338545706,622.792225763547,174.549887747666,342.679050248805,119.45611590278,204.518130358504,25.8690475218178,66.5401417480044,0,0,9.19345062707233,18.5428036220339,6.56659088633717,11.3386501764391,1.49917807187076,3.88905390491822,0,0,0,0,0,0,0,0,401.701813815985,333.715794174954,391.982763731035,867.714818713109,445.703831426441,893.661968230686,60.1014375651745,178.30581367487,15.4340219304488,12.8218946232302,15.057442094586,33.3246981774395,17.0879166285367,34.2593483283053,2.30478976855091,6.83720638253852,237.33923512239,196.470803807156,311.6486495628,714.860577387273,392.876475416604,794.03660336077,69.3172573461602,207.676890105035,9.11894976065193,7.54872258283471,11.9693465010887,27.4485103755303,15.0601032207849,30.4337500149711,2.65698052210875,7.95950829804532,0,0,50.4641843387004,118.112551282576,56.8366169560447,104.761073735144,13.3170271322112,36.1321364428472,0,0,0,0,0,0,0,0,751.587852437471,361.785734384928,2301.80192571155,2509.06519967632
"203",2006,1943,16.8333333333333,3435.41859957834,2776.07392338215,884.050822664974,1665.40015862024,332.741031952933,506.318625691689,62.8826323000743,143.871387306715,0,0,0,0,0,0,0,0,0,0,1.48476758482114,2.86542354257587,0.667679392502786,1.0212924234859,0.128852943801069,0.295328484639387,0,0,0,0,0,0,0,0,6679.54306878226,5148.15325220244,1285.15624505579,2596.29024461366,776.633580902728,1400.64853020843,221.544462387885,600.705925564641,256.638726422579,197.800280718059,49.5334188063831,100.08217810816,29.9267337799667,53.9713987145682,8.54174734208264,23.1602694240543,21133.4601864369,16166.701475717,4484.55979222308,8783.88990111663,3024.95120170122,5153.58257078294,687.496155832978,1764.88613453556,811.978573011829,621.150609712164,174.401758607225,342.370334327895,118.705524179087,202.59423936175,27.0114919982046,69.4364213004193,0,0,9.19791738955502,18.5514627520378,6.53319976367383,11.2457403532688,1.56868761666419,4.06697113041109,0,0,0,0,0,0,0,0,403.216242512397,334.575439819499,393.853693210232,871.81673424355,445.285068507502,889.805033444045,62.5359393845362,185.196351037269,15.4922087712729,12.8549235810182,15.1295745806023,33.4828810353953,17.0723596930529,34.1124982448853,2.39825134726524,7.10173776515244,237.022835002905,195.954321189004,311.84660356581,715.103070895658,390.598565088853,786.607722609967,71.8293022505531,214.840688104751,9.10679323591015,7.5288784919629,11.9771860425785,27.4584277862767,14.9732601006155,30.150004156959,2.75336972847997,8.23438163708287,0,0,50.4259361517754,118.015391042364,56.428607031921,103.67366642629,13.9219551113742,37.7291584183536,0,0,0,0,0,0,0,0,757.184042116322,364.422030454255,2326.39223196603,2538.01662016965
"204",2006,1943,16.9166666666667,3416.54041964354,2760.03115437477,880.095175013297,1657.74772473573,328.610950607843,498.284108359658,64.6294116501759,147.630146274904,0,0,0,0,0,0,0,0,0,0,1.47849217048423,2.85295171182607,0.659710086946881,1.00553484394076,0.132556402756504,0.303315093450297,0,0,0,0,0,0,0,0,6703.68439422287,5161.06158562614,1290.87783797246,2607.67851678376,775.910901480962,1394.79962165959,232.501818034619,629.792160873527,257.566274752073,198.296239530807,49.7540735944157,100.521453505256,29.8989582938406,53.7461607547097,8.96440415140084,24.2822315269315,21102.3121487109,16124.3611696334,4480.78178041469,8776.00254123457,3006.30792322976,5105.91320723212,716.341530625035,1837.79601547247,810.781864657779,619.523825783084,174.253283061259,342.059375333783,117.969513177385,200.711742773231,28.1446756575224,72.3035444132636,0,0,9.20216501727451,18.5596634789488,6.50043558489444,11.1547400461642,1.63791347029771,4.24382796591171,0,0,0,0,0,0,0,0,404.717023844723,335.425045575993,395.701796681899,875.871945414549,444.868235873202,885.999379966059,64.9258515433673,191.919943564352,15.5498712576972,12.8875667902901,15.2008296106243,33.6392692896939,17.0568719906154,33.9675991051056,2.49001154837445,7.35989295614651,236.721145230893,195.453332116799,312.047619099665,715.35987100922,388.371775349965,779.349238701447,74.2591821069371,221.722007270525,9.09520190434231,7.50962968797853,11.985140934897,27.4688890818986,14.888368570383,29.8727664612276,2.84661687821021,8.49845047582079,0,0,50.3866835649999,117.91542363777,56.0260191035355,102.604771668161,14.5235569365591,39.3120044899369,0,0,0,0,0,0,0,0,762.801195697207,367.065069593161,2351.00775789861,2566.93972848509
"205",2007,1943,17,3397.13095815569,2743.51836900237,875.962257703222,1649.86324397079,324.356169494895,489.919487821954,66.5283981477212,151.767238611834,0,0,0,0,0,0,0,0,0,0,1.47222899764749,2.84052619140541,0.651475306228274,0.989084496685904,0.136566839915146,0.312068017000579,0,0,0,0,0,0,0,0,6727.59513569707,5173.81606878717,1296.40894479633,2618.83058046128,774.665495561808,1387.43479130634,244.06952599532,660.580490176555,258.484963676834,198.786287170431,49.9674066245774,100.951649019237,29.8510414214975,53.4625111648571,9.41060273563673,25.469841832502,21071.3957410404,16082.3558906643,4476.59962089773,8767.79153958376,2986.02967737529,5053.52175115945,747.202127781478,1916.19996191018,809.59405510491,617.909914161942,174.089328923549,341.736089885799,117.169297325076,198.643556504436,29.3569033159316,75.3864508253112,0,0,9.20653779382249,18.568182676462,6.4639586222016,11.0530279246199,1.71171555737843,4.43321952853749,0,0,0,0,0,0,0,0,406.262084686755,336.317787433948,397.60819443087,880.090396488121,444.294363168856,881.540967119229,67.6151036786733,199.592755398695,15.6092350321401,12.9218673576272,15.2743232559727,33.8019257994785,17.0353579754526,33.7976582729322,2.59325729020055,7.65446420220235,236.440108619462,194.97412923805,312.258224294261,715.654726545495,385.936621244573,771.379603253867,76.8998431073507,229.279160088671,9.08440409830354,7.49121794446322,11.993461832284,27.4808060484443,14.7954809624789,29.5682462697242,2.9479522760186,8.78844762985807,0,0,50.3484444669564,117.817803557274,55.5915868415654,101.438650323025,15.163692152799,41.0056898668727,0,0,0,0,0,0,0,0,768.373111239874,369.655157279288,2375.35873097612,2595.18336533753
"206",2007,1943,17.0833333333333,3376.20156712367,2725.61609790534,871.389301667669,1641.39257557796,319.670584687829,480.459820573271,68.9131934184227,157.095856425834,0,0,0,0,0,0,0,0,0,0,1.46592799701368,2.82813311480046,0.642377239692337,0.970415471194272,0.141562552699428,0.323246925132787,0,0,0,0,0,0,0,0,6751.7888743264,5186.85179930141,1301.69871593158,2629.87103517883,772.228700224864,1376.45374078258,257.157348368755,695.703141936146,259.414525804856,199.287140783128,50.1714698725882,101.377569913439,29.7572093903845,53.0395048100213,9.91539826749103,26.8245240384868,21040.3999531157,16040.4368519152,4471.39528568702,8758.77269482373,2961.2579831344,4988.31524884665,783.269968365507,2008.82483927753,808.403194767772,616.299316061313,173.886234713427,341.38211418778,116.192714248474,196.071563119819,30.773439200946,79.0281906832554,0,0,9.21110758716764,18.5776895471318,6.41765940891333,10.9229937517079,1.79711081386785,4.65451803552277,0,0,0,0,0,0,0,0,407.930032056743,337.32611152314,399.667559960103,884.737340485595,443.303591210337,875.364596313706,71.0559154638317,209.664847749684,15.6733203010346,12.9606087792241,15.3536923242508,33.9810379622241,16.9978535308954,33.5618344015392,2.72532858658901,8.04104846489058,236.176220455914,194.516202412513,312.476873855333,715.99991400867,382.918961616308,761.453518126131,80.1654733962312,238.847683218375,9.07426516122674,7.47362366101043,12.0020893790448,27.4946502061167,14.6802532526346,29.1887064979652,3.07325532848393,9.15556954123827,0,0,50.3135805924843,117.72873058219,55.0720504058717,100.012602655363,15.9023771343828,42.9866484946423,0,0,0,0,0,0,0,0,773.80352000816,372.104960910897,2399.00909700899,2621.7656709796
"207",2007,1943,17.1666666666667,3355.34213303608,2707.82238504243,866.805216686677,1632.8852376987,315.098497357938,471.309152405713,71.1713566830866,162.099037504356,0,0,0,0,0,0,0,0,0,0,1.45942264407157,2.81543202509266,0.633508802620916,0.95236163331077,0.146314406447465,0.333791201255858,0,0,0,0,0,0,0,0,6775.88430472285,5199.79478710283,1307.00151888378,2640.92073564308,769.898958925338,1365.81592863818,270.328079871364,730.933516440131,260.340310773359,199.784431072487,50.3760210019235,101.803824735245,29.667496695855,52.6297132280098,10.4234095434815,28.1834136074829,21009.4024256962,15998.6783549955,4466.14814429897,8749.59991799002,2936.99049871594,4924.72304100543,818.94155668519,2100.11083473492,807.212266935338,614.69488625981,173.681415380486,341.02203816713,115.235873224419,193.562964867676,32.1744020530299,82.6171209215742,0,0,9.21491535337,18.586137543456,6.37236386967579,10.7962031860434,1.88199540111438,4.87376018880335,0,0,0,0,0,0,0,0,409.573219781242,338.314431769494,401.669428110964,889.272961804076,442.281862110954,869.207270824589,74.3897658711418,219.342298058865,15.7364542640989,12.9985816212199,15.430851855307,34.15587350177,16.9591566141406,33.3267222534364,2.85330785532175,8.41252947888483,235.910837878179,194.060671082151,312.683404133312,716.329309006668,379.96410390497,751.7721217035,83.3306390178107,248.048235937587,9.06406880481164,7.45612141637553,12.0102492409673,27.5078826599038,14.5674238054776,28.8185188326485,3.1947157634208,9.50861335330209,0,0,50.2769742010216,117.635305386318,54.5605270685449,98.6164428545492,16.635285944132,44.9424167418506,0,0,0,0,0,0,0,0,779.256011193853,374.562024912489,2422.66678718402,2648.28353873329
"208",2007,1943,17.25,3334.57317902103,2690.15245756774,862.216196553534,1624.35344815192,310.637570880331,462.457485634663,73.3072752541211,166.790094566082,0,0,0,0,0,0,0,0,0,0,1.45274496254009,2.80246507030149,0.624859545411026,0.934896839527733,0.150828708085274,0.343722111566937,0,0,0,0,0,0,0,0,6799.80289502011,5212.585684822,1312.29113585678,2651.92787097914,767.654374065694,1355.47803531312,283.565892091032,766.226709353774,261.259301262455,200.275877817668,50.5800537223395,102.228424280605,29.581062183905,52.231472091013,10.9340275102602,29.5447825937047,20978.4599221527,15957.1223249915,4460.87257846916,8740.30265499497,2913.22445430718,4862.71783024126,854.229945090906,2190.10548517645,806.023452545401,613.098235586239,173.475430998713,340.657009593135,114.298670015178,191.116699724846,33.5602979884779,86.1550962254153,0,0,9.21808169920671,18.5936613666797,6.32804849045782,10.6725821043439,1.96637478673589,5.0909867815658,0,0,0,0,0,0,0,0,411.192858042255,339.283621013239,403.619967763113,893.707516967061,441.238697084341,863.087069885795,77.6272173574481,228.66083628972,15.798683418453,13.0358194195323,15.5060387580629,34.326826237306,16.9196324945832,33.0930157332805,2.9775999437913,8.77027648984692,235.647481545638,193.610331092386,312.88038331523,716.649122227059,377.072994489252,742.333676845111,86.395663946964,256.884332386425,9.05395029841437,7.43881863141057,12.0180399867426,27.5207417365847,14.457029027822,28.4576173993842,3.31234564861805,9.8477124186729,0,0,50.2387049602199,117.5378131425,54.0570741376575,97.2498905778748,17.3624755548651,46.8734765726938,0,0,0,0,0,0,0,0,784.730262977612,377.026207124399,2446.32977049762,2674.73630214526
"209",2007,1943,17.3333333333333,3313.91263051912,2672.61943512059,857.627753379579,1615.80813699321,306.285357469963,453.894890359571,75.3252311564883,171.181912666424,0,0,0,0,0,0,0,0,0,0,1.44592318335288,2.78927064330448,0.616420472961415,0.917997098158216,0.155111867653614,0.35306079985448,0,0,0,0,0,0,0,0,6823.48063052633,5225.17658924414,1317.54650346896,2662.85097934211,765.477845610766,1345.40606487598,296.855709645303,801.540180876607,262.169037725311,200.759640500553,50.7827594356444,102.649776338201,29.4972488027488,51.8434748732607,11.4466719272687,30.9069935619637,20947.6185850377,15915.8024244845,4455.580321793,8730.90514798057,2889.9553171911,4802.2696544113,889.147390490611,2278.85354654871,804.83852446826,611.510657410707,173.268739215165,340.287974730128,113.38093161717,188.731601475629,34.931602704986,89.6438644625383,0,0,9.22070330521247,18.6003672139569,6.28468867321953,10.5520522730825,2.05025249605173,5.30623143280577,0,0,0,0,0,0,0,0,412.789788091036,340.234280300183,405.523920703454,898.048757774108,440.181321077453,857.01768002535,80.7777078228032,237.652645645463,15.8600400863076,13.0723452673023,15.5794351273634,34.4941937768566,16.879558290157,32.8612401094054,3.09856655976942,9.11552270965633,235.38887893274,193.167307933547,313.06992465647,716.964196545204,374.246130269848,733.135530309664,89.3617899247299,265.362337780672,9.04401443596982,7.42179697085248,12.0255427310804,27.5334132888354,14.3490881334977,28.1059012740499,3.4261922566977,10.1731094660698,0,0,50.1988528525927,117.436515491118,53.5617213904926,95.9126199679489,18.0840050628608,48.7803090569416,0,0,0,0,0,0,0,0,790.225967453047,379.49737083593,2469.99642661273,2701.12370444288
"210",2007,1943,17.4166666666667,3293.37622109094,2655.23466342001,853.044819234684,1607.25913688623,302.03934080109,445.611568854732,77.2293993927163,175.286953018163,0,0,0,0,0,0,0,0,0,0,1.43898225235224,2.77588368955373,0.608183697134719,0.901640149839136,0.159170364418359,0.3618282142575,0,0,0,0,0,0,0,0,6846.86533969518,5237.52890299156,1322.75071732543,2673.65692042609,763.356024679346,1335.57323738885,310.183302760079,836.834035600882,263.067515647686,201.23423614817,50.9834890804623,103.066607963608,29.4155434774795,51.4646920275804,11.9607949387061,32.2685103853152,20916.9159083095,15874.7456088431,4450.28097138214,8721.42744292401,2867.17722854124,4743.34671898801,923.705376332714,2366.39708201331,803.658923282477,609.93318740145,173.061715000582,339.915717276893,112.482433211731,186.406432050001,36.2887622919477,93.0850699671398,0,0,9.22285822666376,18.6063396047575,6.2422595846469,10.4345339008487,2.13363043807221,5.51952167653793,0,0,0,0,0,0,0,0,414.364568718603,341.166804356209,407.384938552732,902.302536631192,439.115246611322,851.009492320797,83.8496506171053,246.346666870579,15.9205457373004,13.1081743305296,15.6511811800035,34.6582007587114,16.8391453799543,32.631794136569,3.21653010608764,9.44937698314827,235.13711375396,192.733186755586,313.253733761131,717.278213023784,371.483595807585,724.174251546011,92.2309787828403,273.490841840486,9.03434127713406,7.40511733869647,12.0328229465761,27.5460385929669,14.2436045482873,27.763239763192,3.53633048353399,10.485132570465,0,0,50.157496934853,117.331652942491,53.0744757811916,94.6042685154097,18.7999349251939,50.6633919677343,0,0,0,0,0,0,0,0,795.742825778107,381.975382844406,2493.66543647174,2727.4457866462
"211",2007,1943,17.5,3272.97781223247,2638.0079770382,848.471826750905,1598.71533407095,297.896966382773,437.597896941673,79.0238483443819,179.117263027644,0,0,0,0,0,0,0,0,0,0,1.43194426454747,2.76233603238476,0.60014219808353,0.885805174764572,0.163010716935157,0.370045051112228,0,0,0,0,0,0,0,0,6869.91465049224,5249.61170250977,1327.89027523068,2684.31934093291,761.278536634762,1325.95843911979,323.535329878487,872.071146159652,263.953107028258,201.698476628101,51.1817241196535,103.477906642167,29.3355473109855,51.0943115378047,12.4758827265553,33.6279030436605,20886.3822432213,15833.9733122878,4444.98237460847,8711.88614962879,2844.88331970963,4685.91598316139,957.914648969117,2452.77559681475,802.48581513337,608.366649095333,172.854665583372,339.540887747411,111.602910452071,184.139904323807,37.6321945973591,96.4802586380724,0,0,9.22460968934224,18.6116461380345,6.20073660258917,10.3199470383031,2.21650921306231,5.73088000941566,0,0,0,0,0,0,0,0,415.917539927319,342.081429560522,409.205824489486,906.473239133526,438.044675254214,845.070356931921,86.8505371233318,254.7689116064,15.9802134348595,13.1433156912813,15.7213845372796,34.8190154637629,16.7985548184451,32.4049790263384,3.33177761499734,9.77283580466766,234.893741048093,192.309112034813,313.433158516796,717.593870735362,368.785119130562,715.445783273275,95.005749167679,281.280143200093,9.02499056900506,7.38882370755157,12.0399323778713,27.5587212436746,14.1405680376172,27.4294781516709,3.64285658552963,10.7841753776592,0,0,50.1147146676556,117.223447179477,52.5953252142544,93.3244441924305,19.5103263346089,52.5231979511272,0,0,0,0,0,0,0,0,801.280544831345,384.460112132447,2517.33570920479,2753.70281289033
"212",2007,1943,17.5833333333333,3252.7295971068,2620.94786739237,843.912760095853,1590.18476354244,293.855662485318,429.844455261691,80.7125384909131,182.684477878415,0,0,0,0,0,0,0,0,0,0,1.42482875137558,2.74865659078389,0.592289675041462,0.870472616874464,0.16663945844725,0.377731704187722,0,0,0,0,0,0,0,0,6892.59465443509,5261.40067018926,1332.95457885816,2694.81766460368,759.237472250502,1316.54521382469,336.899370825704,907.217249269919,264.824509048908,202.151427618902,51.3770574359636,103.882881564541,29.2569560658055,50.7317002229083,12.9914567975876,34.9838513525869,20856.04178479,15793.5022253936,4439.69088228761,8702.29493846974,2823.06592141624,4629.94355348708,991.785240848481,2538.02612255293,801.320129634599,606.811683770758,172.64784022438,339.164022671295,110.742067588662,181.930697433415,38.9622900970913,99.8308811095373,0,0,9.22600852907414,18.6163405217728,6.16009557132617,10.2082124042614,2.29888834428379,5.94032467144984,0,0,0,0,0,0,0,0,417.448865418977,342.978265969075,410.988690574175,910.564065872585,436.97275260028,839.206060975425,89.787006717846,262.942673741866,16.0390494686638,13.1777735780831,15.790126267062,34.9767606388784,16.7579071264187,32.1810167973984,3.44456343156617,10.0867914237723,234.65986399665,191.895854105366,313.609226324167,717.913013950109,366.150117065921,706.945555969189,97.6890606401338,288.741882578076,9.01600469760672,7.37294567488594,12.0469104688755,27.5715320307782,14.0399564372609,27.1044420762735,3.74588373394186,11.0706830343498,0,0,50.0705814902653,117.112102591373,52.1242410480587,92.0727303431187,20.2152407869808,54.36019312245,0,0,0,0,0,0,0,0,806.838835009195,386.951429006464,2541.00633652472,2779.89522339035
"213",2007,1943,17.6666666666667,3232.64233655529,2604.06167657953,839.371214760244,1581.67472098153,289.912860856877,422.342055141932,82.2993237108025,185.999831402194,0,0,0,0,0,0,0,0,0,0,1.41765301819473,2.73487165021823,0.584620379843244,0.855623980351938,0.170063111690091,0.384908218668562,0,0,0,0,0,0,0,0,6914.87839011102,5272.87688776319,1337.93537286068,2705.13595664037,757.226834193942,1307.32067789176,350.263931780023,942.240956065653,265.680685809042,202.592362250507,51.5691718275224,104.280920082233,29.1795389311163,50.3763621193372,13.507074189077,36.3351454044465,20825.913690863,15753.3451729576,4434.41163423105,8692.66510098624,2801.71678845331,4575.39509164854,1025.32651290343,2622.18336434538,800.162602864381,605.268784176735,172.441441244915,338.785566268956,109.899586202099,179.777472648101,40.2794135030436,103.13829834928,0,0,9.22709592631247,18.6204659520165,6.12031306806492,10.0992522633877,2.38076652842025,6.1478704977079,0,0,0,0,0,0,0,0,418.958579029912,343.857332147954,412.735130762008,914.577341299308,435.901848169827,833.420854047906,92.6649337326582,270.888795155661,16.0970551387542,13.2115487042737,15.8574675284845,35.1315253596267,16.717293037948,31.9600704536108,3.55511254951384,10.3920420377113,234.436221240285,191.493884191706,313.782687875548,718.236777831744,363.577740974031,698.66859703111,100.284192844333,295.888660676545,9.00741204272401,7.35750134589564,12.053786041713,27.5845145270745,13.9417373999001,26.7879416962866,3.84553738001672,11.3451375319357,0,0,50.0251704035594,116.997808121783,51.6611808875359,90.8486909279641,20.9147397196823,56.1748360044677,0,0,0,0,0,0,0,0,812.417407944028,389.449204206982,2564.67654226512,2806.02358252476
"214",2007,1943,17.75,3212.72554599823,2587.35575113415,834.85044496405,1573.19185137109,286.066012318151,415.081756765353,83.7879523745195,189.074165800336,0,0,0,0,0,0,0,0,0,0,1.41043242761702,2.72100511333406,0.577129000741558,0.841241687210617,0.173288166071285,0.391594251424551,0,0,0,0,0,0,0,0,6936.74466001273,5284.02589564504,1342.82630944207,2715.2620456379,755.242117160355,1298.27470548166,363.618435531638,977.113715916414,266.520822866533,203.020724962478,51.7578233112849,104.671554032884,29.1031224126738,50.0279072129842,14.0223271088283,37.6806842210171,20796.012955163,15713.51179836,4429.14877966283,8683.00598148747,2780.82726824559,4522.23611534554,1058.54719671237,2705.27984609323,799.013810909153,603.738320827139,172.23563254113,338.405887143439,109.075131760209,177.678885098712,41.5839053643243,106.403787188727,0,0,9.22790541399696,18.6240575236981,6.08136651925335,9.99299086946421,2.46214185954693,6.35352968422274,0,0,0,0,0,0,0,0,420.446619944021,344.718581463335,414.446347920576,918.514739558676,434.833751967247,827.717818028322,95.4895077841601,278.625911114869,16.1542281084745,13.2446392781071,15.9234544511595,35.2833737061223,16.6767810486187,31.742258185239,3.66362369298916,10.6893012048865,234.223255715906,191.103433326158,313.954058414484,718.565713969548,361.066925575223,690.609637081289,102.794644745828,302.733719463986,8.99922962273394,7.34249959721059,12.0605788792595,27.5976899032141,13.8458702631393,26.4797757606886,3.94195138984592,11.6080454811064,0,0,49.9785517653906,116.880738908499,51.2060908554372,89.6518748687834,21.6088842093057,57.9675766446423,0,0,0,0,0,0,0,0,818.015974945719,391.953308315737,2588.34564819979,2832.08854333733
"215",2007,1943,17.8333333333333,3192.98763016481,2570.83555293889,830.353397998188,1564.74221313536,282.312596805051,408.054878794883,85.1820686345008,191.917940981013,0,0,0,0,0,0,0,0,0,0,1.40318061553655,2.70707870886183,0.569810590560528,0.827308987350044,0.17632105990409,0.397809042634885,0,0,0,0,0,0,0,0,6958.17719506068,5294.83703024323,1347.62264377065,2725.18691224772,753.280024897725,1289.39938725006,376.9531980474,1011.80973846271,267.344295137326,203.436106042575,51.9428294416082,105.05443629081,29.0275794721254,49.6860306629931,14.5368420469555,39.0194727943655,20766.351023697,15674.0090456163,4423.90563065278,8673.32527669895,2760.38841273343,4470.43219166873,1091.45543396028,2787.34604503564,797.874193546937,602.220560521913,172.030545513014,338.025289873133,108.26835797607,175.633591330035,42.8760835689447,109.628545454749,0,0,9.22846419842126,18.6271437600298,6.04323421538669,9.88935460312167,2.54301200349404,6.55731238855809,0,0,0,0,0,0,0,0,421.912856463412,345.561919704141,416.123236539833,922.377430587197,433.769796002104,822.099096999741,98.2653008588531,286.170655763607,16.210563317777,13.2770416798428,15.9881213131661,35.4323503772694,16.6364220829358,31.5276621996928,3.77027189061133,10.9792057283491,234.021163765415,190.724534094727,314.123652182464,718.899887578976,358.616431383896,682.763195478217,105.224061253979,309.290709887782,8.99146498144077,7.32794168083575,12.0673010466287,27.6110606564827,13.7523076748905,26.1797348833685,4.03526522961059,11.8599292014176,0,0,49.9307932435742,116.76105759963,50.7589072520201,88.4818192427206,22.2977347714674,59.7388560588163,0,0,0,0,0,0,0,0,823.634246114969,394.46361143258,2612.0130538568,2858.09082626747
"216",2007,1943,17.9166666666667,3173.43601801701,2554.50577017212,825.882748726028,1556.33134262108,278.650132962468,401.253006669101,86.4852141186261,194.541245117784,0,0,0,0,0,0,0,0,0,0,1.3959097049281,2.69311219524592,0.562660491734176,0.813809863997622,0.179168163521826,0.403571389525855,0,0,0,0,0,0,0,0,6979.16381362837,5305.30275830547,1352.32092843897,2734.90407526078,751.338190529352,1280.6884978171,390.259398301196,1046.30589594606,268.150634583852,203.838216051197,52.1240575923092,105.429317218652,28.9528187936457,49.3504923631488,15.0502786287007,40.3506183698167,20736.9364154941,15634.8416436851,4418.68481652586,8663.62933759482,2740.39108969905,4419.94912782382,1124.05881867138,2868.4105342365,796.744078096985,600.715684954968,171.826285031261,337.64402668924,107.478911143945,173.640256748527,44.1562449537036,112.813697411617,0,0,9.22879451503156,18.6297482000255,6.00589534812358,9.78827217411215,2.62337436197819,6.75922729463315,0,0,0,0,0,0,0,0,423.357109780035,346.38722268265,417.766466405899,926.166227869483,432.710979615589,816.566134458364,100.996333588534,293.537865778991,16.2660538965676,13.3087511379899,16.0514937558408,35.5784863683229,16.5962543071235,31.3163378306526,3.87521101851106,11.2623234692512,233.829944699927,190.357062639778,314.291615743159,719.238973006451,356.224881539233,675.123653142665,107.576164260024,315.573472986439,8.98411809241221,7.31382283796111,12.0739581698524,27.6246142750904,13.6609970040765,25.8876043323384,4.12562132029727,12.1013183250585,0,0,49.8819597438743,116.638915634885,50.3195581834502,87.3380523630632,22.9813512094391,61.4891058304116,0,0,0,0,0,0,0,0,829.271929472419,396.979982858913,2635.67821516601,2884.03119665655
"217",2008,1943,18,3153.56892224128,2537.8331507394,821.275577361791,1547.7892329535,275.033490190273,394.436150902418,87.7679150495437,197.210681898365,0,0,0,0,0,0,0,0,0,0,1.38867831231456,2.67919194298856,0.555589695031612,0.800260031662123,0.181971756271298,0.409422013230474,0,0,0,0,0,0,0,0,7000.0199096604,5315.71047719816,1356.70986038982,2744.22788902176,749.304676012043,1271.39765540823,403.718406643976,1081.43083662797,268.95195914583,204.238097254758,52.2933956469079,105.789073654292,28.8745262127799,48.9926068521467,15.5696253666233,41.7060503555969,20708.1638149681,15596.2997501499,4412.80183471967,8653.29186455169,2720.40613377506,4368.18034208307,1157.03442897714,2951.36410708857,795.638628868782,599.234842448194,171.596642032708,337.238184245191,106.689965347327,171.596492607479,45.4509443764642,116.072809739306,0,0,9.22924534664788,18.6323921531048,5.9684180739483,9.68398194793955,2.70470254572588,6.96565007616533,0,0,0,0,0,0,0,0,424.857549162285,347.242209956431,419.465949836237,930.030876319307,431.741152284977,810.840186904984,103.805702583582,301.294888099585,16.3237032324477,13.341601114281,16.1170263680847,35.7275337741696,16.5594936115809,31.0975946224195,3.98316236760468,11.5604127894984,233.660034932336,190.01113763077,314.46252144293,719.593176916975,353.837397079156,667.292230415014,109.941260223709,322.031892432294,8.97758993925395,7.30053184405155,12.0807258673179,27.6387426657216,13.5698337908186,25.5880931912922,4.21648264572883,12.3494630438392,0,0,49.8342833857512,116.517994905938,49.8802899825997,86.1693138924377,23.6721276229249,63.2753764604212,0,0,0,0,0,0,0,0,834.85179321762,399.457976737306,2659.0191161508,2909.45460689987
"218",2008,1943,18.0833333333333,3133.31209238404,2520.74597375273,816.512141115076,1539.08764328655,271.452797294214,387.581940880858,89.0370737758615,199.945201214972,0,0,0,0,0,0,0,0,0,0,1.38141739144629,2.66524766654455,0.548588301747984,0.786623174377229,0.184748038460323,0.415405791433724,0,0,0,0,0,0,0,0,7020.89665195622,5326.1742007602,1360.81125105128,2753.22396235387,747.192793356821,1261.50420475111,417.368735314089,1117.33476387759,269.754076970281,204.640130247277,52.4516782067496,106.13622339709,28.7932118931987,48.6114960444463,16.0963645781558,43.0915518028208,20679.9880601086,15558.347293914,4406.1628792394,8642.20398510773,2700.36195462291,4314.86633026729,1190.45457014127,3036.46402194505,794.556110675364,597.776647092005,171.338000675693,336.803564180862,105.898725432413,169.492117803809,46.7630188089961,119.415992066098,0,0,9.22940402449895,18.6346821609337,5.93070157762015,9.57596815781524,2.7871731061025,7.17722534131212,0,0,0,0,0,0,0,0,426.418796728678,348.130529736612,421.209489125799,933.961998285496,430.846832860945,804.866607620832,106.70266498905,309.464150081969,16.3836889145894,13.3757317788221,16.1842504833451,35.8791321954919,16.5256230760455,30.869336293133,4.09448089658496,11.8743338029739,233.508812119159,189.683167116633,314.635027110587,719.952781936008,351.451720488287,659.228102372836,112.33079193267,328.711027479149,8.97177976740559,7.28793069059969,12.0875526500726,27.6530727153225,13.4787315793799,25.2796357543276,4.30828795617163,12.6060913147418,0,0,49.7878021099569,116.398240295047,49.4400664190521,84.9707071596998,24.3714311843582,65.1029758990909,0,0,0,0,0,0,0,0,840.364141240548,401.891749050948,2681.99804801301,2934.29568897207
"219",2008,1943,18.1666666666667,3113.24960508991,2503.86113315698,811.783705044317,1530.42897851182,267.954383027828,380.952658761949,90.2176283887839,202.453399506052,0,0,0,0,0,0,0,0,0,0,1.37406641805638,2.65119665710675,0.541748518891744,0.773430562361719,0.187344798841715,0.420930165949133,0,0,0,0,0,0,0,0,7041.43418751415,5336.36660392021,1364.86976074898,2762.10898857368,745.130850064491,1251.86074019764,430.993282855719,1153.04603609748,270.543161929412,205.031738676062,52.6082971688013,106.479079827793,28.7138205273763,48.2400149915697,16.6221296841485,44.4696796738034,20651.9541276068,15520.6465328667,4399.55416221729,8631.08757496143,2680.72948377258,4262.94861051081,1223.55536693024,3120.42753432069,793.479040917235,596.32812228975,171.080464890478,336.367735412073,105.123664726559,167.442694391562,48.0625080399696,122.714283149007,0,0,9.22883986973018,18.6359957901693,5.89377543505139,9.47075269475727,2.86909848733455,7.38664880625188,0,0,0,0,0,0,0,0,427.950221271405,348.997071504044,422.891284966295,937.785359261692,429.929724130839,798.964680022269,109.551234467028,317.409009196239,16.4425287478645,13.409025697314,16.2491008832736,36.0265883055181,16.4908725473186,30.6438081340036,4.20395034799693,12.1796686818174,233.363688934286,189.360554403967,314.802711521938,720.302716657085,349.128479347495,651.379995060124,114.648234740652,335.116254101348,8.96620395182162,7.27553539249462,12.0941918635615,27.6670256502285,13.390015552838,24.9794391596872,4.39733525239843,12.852235520952,0,0,49.7399531386534,116.275520145899,49.007616887133,83.8004543019155,25.0651602312015,66.9069508730073,0,0,0,0,0,0,0,0,845.896514475203,404.331662998931,2704.98107037904,2959.07115212095
"220",2008,1943,18.25,3093.39062378242,2487.18455436847,807.093114849864,1521.81958103591,264.536478958889,374.540227969269,91.3130247659945,204.74572926938,0,0,0,0,0,0,0,0,0,0,1.36665047670176,2.63706914167824,0.53506412288619,0.760664028545512,0.189767984697864,0.426013756296492,0,0,0,0,0,0,0,0,7061.60209772082,5346.26633852903,1368.87396982499,2770.86054700703,743.111140544393,1242.44914068557,444.58336052461,1188.54046614295,271.318045291454,205.412102311084,52.7628145859914,106.816782300158,28.6360559005944,47.8774668515253,17.1465855686599,45.8395011145364,20624.0848817928,15483.2128804291,4392.98179992579,8619.95617945285,2661.50299854582,4212.39425720653,1256.34468400629,3203.28855174437,792.408298081778,594.889860249528,170.824275013551,335.931229133535,104.364560728569,165.446933803984,49.3497198986776,125.969016612075,0,0,9.22767233443744,18.636457167229,5.85761530789167,9.36825785504175,2.95047895634479,7.59394598125566,0,0,0,0,0,0,0,0,429.452522134842,349.842185707622,424.516455181741,941.507568167126,428.995259954015,793.141394853509,112.354982524396,325.146699859172,16.5002496021951,13.4414963345636,16.311774076099,36.1701557526888,16.4554503905388,30.4212785376399,4.31170740804472,12.4770773773509,233.225412462949,189.04413639028,314.965057641899,720.644065511744,346.864962256733,643.742414429208,116.897110126747,341.259639467356,8.96089119673327,7.26337810467594,12.1006236112385,27.6806430594335,13.3035818687989,24.6872934105795,4.48375925450575,13.0883572072467,0,0,49.6907622590822,116.149980916462,48.5828838419959,82.6580383081643,25.7533886812882,68.6878284897818,0,0,0,0,0,0,0,0,851.448531389713,406.777567427596,2727.9663176988,2983.78122572196
"221",2008,1943,18.3333333333333,3073.74299133281,2470.72111658305,802.442864266843,1513.2651032424,261.197296555315,368.336790985634,92.32660356254,206.832234428546,0,0,0,0,0,0,0,0,0,0,1.35919112802917,2.62289199126067,0.528529718761877,0.748306644090928,0.192023482075493,0.430674783351073,0,0,0,0,0,0,0,0,7081.37668304486,5355.85724200024,1372.81478923221,2779.46103423431,741.127621499854,1233.25477691962,458.131151146076,1223.79651459395,272.077816482513,205.780600159926,52.914881874732,107.148654969354,28.5596856161605,47.5232888395817,17.6694305838939,47.2001849405878,20596.3982743662,15446.058031388,4386.45063637729,8608.8208356305,2642.67617639032,4163.16995104359,1288.82985552251,3285.07890657981,791.344571905811,593.462310303538,170.569622106887,335.494479294892,103.621167471614,163.503531921424,50.6249417625284,129.181445721434,0,0,9.22599867258549,18.6361669993779,5.82219880755974,9.26840750426546,3.03131425742235,7.79913961845622,0,0,0,0,0,0,0,0,430.92624046619,350.666124063015,426.089226450347,945.133933499771,428.047824474711,787.401933853634,115.117081307918,332.69269806195,16.5568722693159,13.4731533618894,16.3724323485232,36.3100382421637,16.4195246945409,30.2019464650958,4.41787344127423,12.767152396855,233.09442673687,188.734461381595,315.121659784286,720.977537339013,344.658639510798,636.309814770984,119.080873561144,347.153462305728,8.95585856257398,7.25147989393697,12.1068322792053,27.693952120349,13.2193336549188,24.4029865217595,4.56769216020551,13.314926079548,0,0,49.6402648846139,116.021765700275,48.1657974559786,81.5429298038435,26.4361888482232,70.446122758615,0,0,0,0,0,0,0,0,857.019818641245,409.229313334804,2750.95218909666,3008.42631898024
"222",2008,1943,18.4166666666667,3054.31344564065,2454.47482840817,797.835150329978,1504.77061220611,257.935043055101,362.334719604451,93.2616051389946,208.722573485631,0,0,0,0,0,0,0,0,0,0,1.35170702717211,2.60868919026967,0.522140522846919,0.736342493744275,0.194117105975892,0.434931045844607,0,0,0,0,0,0,0,0,7100.73959116588,5365.12725567421,1376.6849810989,2787.89663630812,739.175514425826,1224.26565030023,471.62963002972,1258.79510199964,272.82177037709,206.136768909601,53.0642214408957,107.474167388318,28.4845258470132,47.177019197243,18.1903935229591,48.5509944578353,20568.908359813,15409.190747392,4379.96450795084,8597.69059830145,2624.24227191541,4115.24229046987,1321.01774299696,3365.82855577178,790.288402389423,592.045809088105,170.316658176858,335.057842938259,102.893222408087,161.611181195152,51.8884427774574,132.352751059779,0,0,9.22389891643854,18.6352080832449,5.78750514463632,9.1711274617938,3.11160384362794,8.00225045546201,0,0,0,0,0,0,0,0,432.371801265493,351.46906931097,427.613132998154,948.668784809623,427.091004912555,781.750136721909,117.840352016938,340.060929798057,16.6124130784028,13.5040038004832,16.431211394444,36.4464018795522,16.3832329740947,29.985959371687,4.52255634858896,13.0504267997111,232.970945435036,188.431856118224,315.272191423407,721.303535845082,342.507132829911,629.076626839542,121.202893717418,352.810038974563,8.95111425925868,7.23985331416193,12.1128052992611,27.706968301375,13.1371798442324,24.1263055886707,4.64926284634953,13.5324133291895,0,0,49.5885031221285,115.891013509963,47.7562784280349,80.454591381321,27.1136314346202,72.1823347297432,0,0,0,0,0,0,0,0,862.610008885652,411.686753149734,2773.93728925278,3033.00696980818
"223",2008,1943,18.5,3035.10774177817,2438.44892806915,793.271904497309,1496.34064822086,254.747931207386,356.526623347717,94.1211710920513,210.426029336907,0,0,0,0,0,0,0,0,0,0,1.3442142818695,2.5944821205407,0.515892252255711,0.724756564507354,0.196054590452605,0.438799898533013,0,0,0,0,0,0,0,0,7119.67703866494,5374.06780924352,1380.47888590612,2796.15674746934,737.251082112079,1215.47190804438,485.072521157137,1293.51950051778,273.549377394188,206.480279275192,53.2106162234126,107.792912220387,28.4104327602782,46.8382785871146,18.709231944738,49.8912833251596,20541.6258716117,15372.6173038698,4373.52639334516,8586.57283582023,2606.1942178942,4068.57797395768,1352.91476818126,3445.56569653169,789.240201934668,590.640597715003,170.065501963948,334.621611632976,102.180450340052,159.768577752192,53.1404751151096,135.484044954903,0,0,9.22143859909925,18.6336482662051,5.753514928245,9.07634562065181,3.1913470086753,8.20329768181627,0,0,0,0,0,0,0,0,433.7895370504,352.251151881224,429.091127224137,952.115648622842,426.127725760565,776.188744747378,120.527296645138,347.263905149278,16.666884805311,13.534052661664,16.4882245628874,36.5793819272922,16.3466873212799,29.7734225611363,4.62585178570902,13.3273793425305,232.854993479215,188.136464322651,315.41638975155,721.62220676659,340.408205354996,622.037294030184,123.266435198627,358.241602234228,8.94665924434935,7.22850388739736,12.1185325550386,27.7196971706269,13.0570347896718,23.8570381702951,4.72859620575919,13.741286980662,0,0,49.5355241835461,115.757858979757,47.3542396157177,79.3924803827704,27.7857854878498,73.8969523312063,0,0,0,0,0,0,0,0,868.218739660325,414.149740391005,2796.92039706103,3057.52381828705
"224",2008,1943,18.5833333333333,3016.13076671905,2422.64597732771,788.754822014513,1487.97928017959,251.634187667688,350.905354768458,94.9083463173367,211.951520764871,0,0,0,0,0,0,0,0,0,0,1.33672679243392,2.58028983613556,0.509781023802305,0.713534642003522,0.197841579487346,0.442298233886524,0,0,0,0,0,0,0,0,7138.17908218056,5382.67324623308,1384.19216704549,2804.23342690024,735.351425818501,1206.86540776705,498.454247058175,1327.95520230235,274.260255493957,206.810913925882,53.3538999036014,108.104584409252,28.3372947346672,46.5067533850159,19.2257302558359,51.2204905224976,20514.5587623171,15336.3419073289,4367.13855398755,8575.47350675222,2588.52471697817,4023.143959929,1384.52694834458,3524.3168904853,788.200276096404,589.246837804731,169.816244364836,334.186022172619,101.482566989056,157.974427631611,54.3812753249318,138.576376241183,0,0,9.2186712898321,18.6315431928729,5.72020997654205,8.98399203736071,3.27054300642672,8.40229936957236,0,0,0,0,0,0,0,0,435.179709657229,353.012465111729,430.525682614551,955.47741072158,425.160372583541,770.719623953159,123.180129436672,354.312851231549,16.7202975102066,13.563303531625,16.5435668099522,36.7090890372351,16.3099791574858,29.5644077528682,4.72784437071163,13.5984395807051,232.746445914372,187.848282746153,315.554041766295,721.933483374274,338.359750150129,615.186300323937,125.274645340289,363.460197178229,8.94248871690217,7.21743148882107,12.1240058470363,27.7321361414379,12.9788178218782,23.594973357614,4.80581264049269,13.9420078975729,0,0,49.4813789258408,115.622432129979,46.9595875366745,78.3560514087684,28.4527184094205,75.5904503993983,0,0,0,0,0,0,0,0,873.845652389539,416.618129373514,2819.90043648435,3081.97758225229
"225",2008,1943,18.6666666666667,2997.38664876614,2407.06795078722,784.285390081013,1479.6901589252,248.592060063139,345.464011113441,95.6260817784995,213.307616415987,0,0,0,0,0,0,0,0,0,0,1.32925657556491,2.56612933278826,0.503803262787863,0.702663213492975,0.199483619199586,0.445442469529207,0,0,0,0,0,0,0,0,7156.23893722753,5390.94028895186,1387.82157245864,2812.12089395198,733.474302430141,1198.43932916744,511.7698725411,1362.08976374799,274.954144005627,207.128546927538,53.4939477686099,108.408961822583,28.2650253438693,46.1821807782339,19.7396975557808,52.5381343894357,20487.7127080955,15300.3670836585,4360.80266498586,8564.39741745769,2571.22632379915,3978.90760189725,1415.8599338467,3602.10719758464,787.168842967275,587.864626405745,169.568953490776,333.751266537195,100.799282193589,156.227452059108,55.6110657757741,141.630735404111,0,0,9.21564093907704,18.6289388306955,5.68757313593432,8.89399897856029,3.34919115625967,8.59927286456555,0,0,0,0,0,0,0,0,436.542530002556,353.753078846725,431.918888723227,958.756463945867,424.19090481421,765.343966007368,125.800808649805,361.217846773953,16.7726592968385,13.5917590938938,16.5973183462061,36.8356149274299,16.2731835628239,29.3589607952419,4.82860890338987,13.8639930326944,232.645063820381,187.567194542196,315.684971944318,722.237129918788,336.35977772576,608.518191795288,127.230545028966,368.477594785025,8.93859349725256,7.20663162900118,12.1292184186867,27.7442761392758,12.9024527699685,23.3399025965527,4.8810277091949,14.1350264645222,0,0,49.4261205344908,115.484858215552,46.5722237506415,77.3447585613633,29.1144960021878,77.2632908923106,0,0,0,0,0,0,0,0,879.490391520689,419.091774968761,2842.87644966419,3106.36903525813
"226",2008,1943,18.75,2978.87884421237,2391.71630667589,779.864910216012,1471.47655963316,245.61982206523,340.19593368469,96.2772368675815,214.502547173961,0,0,0,0,0,0,0,0,0,0,1.32181402218726,2.55201577477015,0.497955641388237,0.692129399399286,0.200986150833194,0.448248539854612,0,0,0,0,0,0,0,0,7173.85245378371,5398.86762730826,1391.36475110403,2819.81514350001,731.617989183513,1190.18788909784,525.015054309555,1395.91265775591,275.63088347871,207.433127944346,53.6306696755471,108.705890499839,28.1935581639901,45.8643378277383,20.2509657072472,53.8438069687159,20461.0914968071,15264.6939761035,4354.51991556658,8553.34841815595,2554.29150554655,3935.83674296914,1446.91904063148,3678.96029482238,786.146048088425,586.494007443088,169.323678548399,333.317499478597,100.130302271044,154.52639114406,56.8300559021745,144.648059140495,0,0,9.21238361240576,18.6258732983865,5.65558814100181,8.80630088347378,3.42729091578291,8.79423508975207,0,0,0,0,0,0,0,0,437.878172604769,354.473049206397,433.272522190331,961.954815401747,423.220936433495,760.062428406206,128.391064858511,367.987941584257,16.8239768704796,13.6194215046972,16.6495473642711,36.9590365006152,16.2363623729862,29.1571070478095,4.92821145179272,14.124385764717,232.550521521111,187.292994737409,315.809034635442,722.532778744292,334.406408482496,602.027599105294,129.137021875256,373.305225008026,8.9349610724315,7.19609643253185,12.1341646636919,27.7561030257676,12.8278676716276,23.0916205502845,4.95435186490946,14.3207800188787,0,0,49.3698035939078,115.345257728316,46.1920459234444,76.3580572316452,29.7711825190954,78.915923105335,0,0,0,0,0,0,0,0,885.152603982848,421.57053248402,2865.84757748877,3130.69899137029
"227",2008,1943,18.8333333333333,2960.61021239175,2376.59204809457,775.494517697975,1463.34141872123,242.715777312087,335.09470555955,96.8645817373447,215.544218229555,0,0,0,0,0,0,0,0,0,0,1.31440812057498,2.53796269660806,0.492235029462169,0.68192089637725,0.202354504832742,0.450731890961773,0,0,0,0,0,0,0,0,7191.01767056377,5406.45557029087,1394.82009726085,2827.31362169299,729.781172941863,1182.1061109561,538.185992235483,1429.41512643903,276.290398557487,207.724668848143,53.7640040822852,108.995272215103,28.1228425226936,45.5530326143786,20.7593874690843,55.1371683640453,20434.6973577146,15229.3225975884,4348.29109419382,8542.32956847301,2537.71269154193,3893.89978875342,1477.70928061534,3754.89858825912,785.131977117393,585.134981413078,169.080453129438,332.884844927146,99.4753319521975,152.870006736832,58.0384433704246,147.629234664336,0,0,9.2089289379818,18.6223783775984,5.62423949494572,8.72083430618678,3.50484193717436,8.98720279382821,0,0,0,0,0,0,0,0,439.186787479687,355.172426438854,434.588106007734,965.074174258769,422.251802116137,754.87524769476,130.95242681133,374.631265820431,16.8742559949758,13.6462926946481,16.7003123151361,37.0794192173493,16.1995667180654,28.9588557281527,5.02671034503162,14.3799285844102,232.462429401015,187.025411667777,315.926108290671,722.819962840141,332.497865738691,595.709255287955,130.996826048367,377.954125344611,8.93157647281505,7.18581546164615,12.1388399038962,27.7675988479,12.7549945058969,22.8499257818066,5.0258902950863,14.4996908766087,0,0,49.3124833340705,115.20374644881,45.818948724341,75.3954056008606,30.4228407244424,80.5487839422073,0,0,0,0,0,0,0,0,890.831938797436,424.05425759574,2888.81304349031,3154.96829287238
"228",2008,1943,18.9166666666667,2942.58308036094,2361.69577575551,771.175198383285,1455.28736585326,239.878262345069,330.154147979883,97.3907995783959,216.440220769455,0,0,0,0,0,0,0,0,0,0,1.30704664777488,2.52398218129318,0.486638456162191,0.672025930382672,0.203593895986248,0.452907478666599,0,0,0,0,0,0,0,0,7207.73444010932,5413.70575369704,1398.18661992329,2834.61495608039,727.962860903867,1174.18964104663,551.279382926054,1462.59003680636,276.932683576371,208.003232488879,53.8939130397086,109.277054124439,28.0528400705726,45.2480971869887,21.2648347166863,56.4179412098403,20408.5312385733,15194.2520420241,4342.11665988934,8531.34327554966,2521.48231315462,3853.0657616336,1508.23538975522,3829.94331761158,784.126666474323,583.78751350206,168.839297967994,332.453401338,98.8340759403355,151.257084561194,59.2364151559644,150.575103728845,0,0,9.20530129835568,18.6184807435383,5.59351236860846,8.6375378425942,3.58184410885785,9.17819274966037,0,0,0,0,0,0,0,0,440.46850969081,355.851261068449,435.866958265389,968.116022309136,421.284610573203,749.782329150975,133.486244895598,381.155129319095,16.9235018596813,13.6723746049726,16.7496637805758,37.1968198071529,16.162839069814,28.7642033548395,5.12415707418885,14.630900853037,232.380352737633,186.764124755795,316.036091246441,723.098143992982,330.632469412382,589.558009684894,132.812568334069,382.434902938564,8.92842299569907,7.1757763992425,12.1432402270121,27.7787429185656,12.6837689512841,22.6146212893891,5.09574284696571,14.6721648775078,0,0,49.2542150331762,115.06043553818,45.4528245759092,74.4562658890564,31.0695319617892,82.1622982225084,0,0,0,0,0,0,0,0,896.528046821941,426.542806329623,2911.77214069825,3179.17780053549
"229",2009,1943,19,2923.99891239079,2346.18249870573,766.654209775557,1447.02193973215,236.907376264692,324.916515289404,98.0953719699289,217.678138126815,0,0,0,0,0,0,0,0,0,0,1.29981270132841,2.51016204141026,0.48076371671661,0.661515903024651,0.205191825911538,0.455770974771916,0,0,0,0,0,0,0,0,7224.51623805197,5421.0380422442,1401.19340972398,2841.48355181356,725.567257318015,1164.82957593292,565.043784001641,1497.21342719778,277.577467090263,208.284950740432,54.010000647494,109.542199049521,27.960590010006,44.8875294700597,21.7961529593879,57.7545627784803,20383.1047174552,15159.7420185255,4335.08741226227,8519.50223624237,2503.49656373065,3807.99062377098,1541.03004823813,3909.79511057058,783.149771694131,582.461582153266,168.565437787269,331.989273496516,98.1240762182561,149.477846137211,60.523247331767,153.709456486562,0,0,9.20211621582838,18.6148694196228,5.55875718715461,8.54445167809992,3.66393535710397,9.380019238296,0,0,0,0,0,0,0,0,441.869567552106,356.576959971281,437.286939968273,971.298810733481,420.232940561107,743.998144319867,136.444695035539,388.708643474913,16.9773327892769,13.7002571156666,16.8044368807779,37.3196314759853,16.1228637435371,28.5430139597026,5.23790046555215,14.921387504879,232.319073281889,186.521737973193,316.151635741638,723.380015196906,328.536239939372,582.753451380404,134.917237842589,387.623447860858,8.92606857950644,7.16646351007365,12.1478518320574,27.7900228140793,12.6036804928382,22.3542370879718,5.17668368851144,14.8717997496768,0,0,49.1989591782751,114.920250650422,45.0558233629963,73.4375063878601,31.7570231250931,83.8667751273455,0,0,0,0,0,0,0,0,902.093911950204,428.971971090267,2934.13304529666,3202.70306019734
"230",2009,1943,19.0833333333333,2905.20583642906,2330.43197409749,762.046765148059,1438.66807941417,233.900164975528,319.612820675167,98.8561024938062,219.005112714988,0,0,0,0,0,0,0,0,0,0,1.29257061442188,2.49635389870068,0.474816053061773,0.650868171734938,0.20690523454631,0.458817352532384,0,0,0,0,0,0,0,0,7241.28497610884,5428.36916735116,1404.03060387971,2848.1484378796,722.918886671423,1154.88114842608,579.17619058528,1532.54758801236,278.221748822458,208.566624290751,54.1195618470376,109.799495784206,27.8585953441781,44.5042816167117,22.3416630799071,59.1185981207713,20358.0384891973,15125.564991033,4327.60898483505,8507.1700991705,2484.76129358551,3761.30817678991,1574.85859411016,3991.6018776647,782.186719345365,581.148445064717,168.274356016468,331.506297792966,97.3847642785141,147.635689771123,61.8505492567844,156.920335598024,0,0,9.19858067925294,18.6107308111277,5.52225747061465,8.4475381155805,3.74844147813149,9.58643484776948,0,0,0,0,0,0,0,0,443.313829351202,357.315612658874,438.73441377611,974.490151733517,419.106726129291,737.879789401192,139.584945324116,396.659540921875,17.0328236821741,13.7286373315225,16.8602647103164,37.4427676009259,16.0800219349735,28.3089864673681,5.358623845887,15.2271321591445,232.266889331021,186.285157055208,316.265545420042,723.640881539372,326.348178636436,575.6913574089,137.150886024672,393.083976101,8.92406362622476,7.15737369154237,12.1523982880267,27.8004899771913,12.5200613875248,22.0839540514066,5.26257699851605,15.0818796726687,0,0,49.1445431164457,114.780164814303,44.6461636404349,72.3900420788802,32.4632735492396,85.6074745564062,0,0,0,0,0,0,0,0,907.597895976138,431.371285845038,2956.16551398199,3225.8179255235
"231",2009,1943,19.1666666666667,2886.64218954191,2314.90675229926,757.492467648144,1430.38814415239,230.964669116791,314.488521231058,99.5438968664603,220.160441724607,0,0,0,0,0,0,0,0,0,0,1.28528001288538,2.48251617263228,0.469011947544236,0.640580224427785,0.20847109672928,0.461513546321238,0,0,0,0,0,0,0,0,7257.76028333167,5435.46985642685,1406.84551764329,2854.7351421758,720.342480356492,1145.22048351221,593.269355695354,1567.62231107993,278.854756472764,208.839444120242,54.2282499725495,110.053759846816,27.7593709645969,44.1321176250155,22.885671264819,60.4726592824447,20333.0513782694,15091.5755791152,4320.18013342911,8494.83556735598,2466.42274204562,3715.92559295049,1608.33867498558,4072.25329090967,781.226706285765,579.842516485297,167.985129699833,331.023146229223,96.6610682932898,145.844737416006,63.1641364095828,160.085645066238,0,0,9.19438360439752,18.6057209154783,5.48654788026975,8.35331438141661,3.83228638759419,9.79044203838347,0,0,0,0,0,0,0,0,444.721231674408,358.030578835358,440.112852345147,977.572855504808,417.954306062746,731.860419501619,142.658705840472,404.379518969325,17.0868983745334,13.7561074737669,16.9134376463794,37.5617253395282,16.0361683088574,28.0787388045163,5.47680071525748,15.5240293425537,232.21563935415,186.04735126169,316.370156317721,723.873249076117,324.216567052748,568.817543687028,139.33252603108,398.34264436619,8.92209455686652,7.14823681136579,12.156585074591,27.8098564886776,12.4386001952694,21.8208736956478,5.3464793671323,15.2842274710018,0,0,49.088779467056,114.637513342212,44.2445054382127,71.3700340742949,33.1632911370028,87.3242154891908,0,0,0,0,0,0,0,0,913.119609660106,433.775485616907,2978.18855369656,3248.85973793179
"232",2009,1943,19.25,2868.31471400956,2299.6108186399,752.993223890293,1422.18693225585,228.099349437008,309.536855957908,100.161986613782,221.15320240747,0,0,0,0,0,0,0,0,0,0,1.2779638891743,2.4686747771282,0.463345646902684,0.630636290668561,0.20989465200757,0.463875271987817,0,0,0,0,0,0,0,0,7273.91014582017,5442.3176111911,1409.62520386512,2861.21768106621,717.828686903837,1135.82609015821,607.315044781417,1602.41855536652,279.475260015936,209.102545809004,54.3355686967812,110.30399422416,27.6625575054558,43.7702111654179,23.4278603558519,61.8160125751137,20308.1692141256,15057.7913381228,4312.80713846659,8482.51273581185,2448.47547576837,3671.80999790895,1641.4798560357,4151.78587528307,780.270724928087,578.544470919463,167.698005506124,330.540370701724,95.9527749907872,144.103697807286,64.4643833255189,163.206822412565,0,0,9.18964463877808,18.5999619470992,5.4516055294625,8.26170174414064,3.91547833689574,9.99208775287615,0,0,0,0,0,0,0,0,446.093116833594,358.72247836788,441.428740099104,980.554560653872,416.782693025455,725.945696398547,145.670914018667,411.886090982063,17.1396084401175,13.7826913586868,16.9642047775823,37.6767980414083,15.9915719967485,27.8524886905358,5.59262029454842,15.8127501296803,232.16622450422,185.809672066422,316.465149834068,724.080669395081,322.138343017548,562.128492286503,141.463250707367,403.407148300303,8.9201959951814,7.13910479532746,12.1603999216951,27.8182587367938,12.3591796011383,21.5648616980249,5.42843239420234,15.4791372566152,0,0,49.0317062623394,114.492455082197,43.8507540739261,70.3768697130362,33.8571855510874,89.0176193950442,0,0,0,0,0,0,0,0,918.658603109617,436.184413326443,3000.20016071922,3271.82917978548
"233",2009,1943,19.3333333333333,2850.22888515223,2284.54716625063,748.550609006732,1414.06857667937,225.302643125952,304.751268961624,100.713483432647,221.992054024888,0,0,0,0,0,0,0,0,0,0,1.27064178981767,2.45485254126723,0.457812197770552,0.621021781517177,0.21118112616482,0.465917927551948,0,0,0,0,0,0,0,0,7289.70968729593,5448.8954146758,1412.35930677083,2867.57565102188,715.369959651911,1126.68035737386,621.305818627909,1636.91971698175,280.082303665576,209.355275537907,54.4411210308597,110.549415931953,27.5678648695399,43.417884854271,23.967943708929,63.1480178582369,20283.412510971,15024.2258468226,4305.49487702181,8470.21290422153,2430.91340161231,3628.92817586475,1674.29106512796,4230.23390035027,779.319563465171,577.25483008494,167.413175771644,330.058414790245,95.2596454282862,142.411266499344,65.7516398907613,166.285217492587,0,0,9.18446072318229,18.5935521255804,5.41740888453796,8.17262252541501,3.99802432759755,10.1914146471283,0,0,0,0,0,0,0,0,447.430617560733,359.391810305606,442.687474104172,983.441396362518,415.597563796205,720.139429141031,148.626012893435,419.195043261862,17.1909974002952,13.8084081605492,17.0127734323315,37.7882210836354,15.9464508548623,27.6303826984119,5.70625283350155,16.0938993465291,232.119240823191,185.573130426322,316.550366350437,724.266046618413,320.110810653411,555.620436806227,143.54434587056,408.285589975776,8.91839084206971,7.13001648600837,12.1638366743538,27.8258082549172,12.2816963481235,21.3157742068366,5.50848510402932,15.6669188044953,0,0,48.9733700175579,114.345142849414,43.4648047468707,69.4099317689078,34.5450631189102,90.688287513826,0,0,0,0,0,0,0,0,924.214442216168,438.597915757881,3022.19865975835,3294.72709292325
"234",2009,1943,19.4166666666667,2832.38915020219,2269.71798864103,744.165928327214,1406.03666346129,222.572979375856,300.125412662403,101.201388796019,222.685274204853,0,0,0,0,0,0,0,0,0,0,1.26333048042316,2.44106968187864,0.452407220154449,0.61172305165962,0.212335709450099,0.467656559287177,0,0,0,0,0,0,0,0,7305.13958423666,5455.19049058074,1415.03949457958,2873.79295426151,712.960124942043,1117.76856688706,635.234951400224,1671.11138227606,280.675144981056,209.597142421067,54.5445875829769,110.789407161298,27.4750556682037,43.0745723829978,24.5056620580789,64.4681190876621,20258.7976517819,14990.8896114735,4298.2471389159,8457.94521645407,2413.72996492365,3587.24689070396,1706.78067224031,4307.62964929468,778.373851361795,575.973997648785,167.130790706222,329.577638477238,94.581422691333,140.766138329281,67.026234405724,169.322102899796,0,0,9.17891159207418,18.5865718495307,5.3839375398287,8.08600071004945,4.07993044462987,10.3884620754586,0,0,0,0,0,0,0,0,448.734709007853,360.03898780282,443.893615599518,986.238380011953,414.403585500452,714.444104513243,151.528011582133,426.320658638983,17.2411027219626,13.8332737534022,17.0593188360301,37.8961871373451,15.9009839861259,27.4125166219664,5.81785193152176,16.3680241477956,232.075059110973,185.338478002057,316.625752717501,724.431750307141,318.131553615952,549.289408448112,145.577240341981,412.986303872678,8.91669334427367,7.12100076341283,12.1668932748226,27.8325960552668,12.2060579037972,21.0734595974359,5.58669202511568,15.8478908671066,0,0,48.9138227510048,114.195723141426,43.0865452946448,68.4686020620653,35.2270270835057,92.336802226304,0,0,0,0,0,0,0,0,929.78670544427,441.015842601383,3044.18262692023,3317.55442421008
"235",2009,1943,19.5,2814.79902698194,2255.12476061996,739.840242698374,1398.09427916669,219.908787732659,295.653155983748,101.628595138446,223.240766147256,0,0,0,0,0,0,0,0,0,0,1.25604422732187,2.42734400581173,0.447126821029473,0.602727316975707,0.213363540258488,0.469105829766919,0,0,0,0,0,0,0,0,7320.18539410111,5461.1937726883,1417.65921709313,2879.85725413882,710.59419423097,1109.07846357506,649.096409764555,1704.98125158176,281.253229056845,209.827798119904,54.6457172695532,111.023494400422,27.3839380147749,42.7398020377537,25.0407827206812,65.7758414078876,20234.3373898983,14957.7904519567,4291.06676169741,8445.71693115381,2396.91824079305,3546.7330523878,1738.95651564346,4384.0035097415,777.434078626629,574.702274063108,166.850963601412,329.098328600986,93.917835439079,139.167013889913,68.2884745885593,172.318677449356,0,0,9.17306202910978,18.5790861828786,5.35117213381194,8.00176215887196,4.16120200711354,10.5832665581224,0,0,0,0,0,0,0,0,450.006231001239,360.664353339579,445.050995813307,988.949583524993,413.204549338947,708.861098590045,154.380511524997,433.275813586504,17.2899566725848,13.8573012958772,17.1039881741736,38.0008525556396,15.8553168743527,27.1989436008575,5.92755554476748,16.6356177433224,232.033859528693,185.106242373441,316.691341544271,724.579670720235,316.198405967322,543.131282019366,147.563474986384,417.517749542017,8.91511042388975,7.11207789800034,12.1695709661854,27.8386947490274,12.1321813405799,20.8377602315298,5.66311200087761,16.0223770525385,0,0,48.8531207112247,114.044336022526,42.7158574730262,67.5522636636807,35.9031775839918,93.9637270074785,0,0,0,0,0,0,0,0,935.374982653159,443.438046119399,3066.15085860947,3340.31220354664
"236",2009,1943,19.5833333333333,2797.46123433081,2240.76834391461,735.574402153335,1390.24407521929,217.308506698454,291.328586376306,101.997890412448,223.66607729131,0,0,0,0,0,0,0,0,0,0,1.24879517089628,2.41369118978921,0.44196748279488,0.594022537894487,0.214269689351128,0.470279993627628,0,0,0,0,0,0,0,0,7334.836689364,5466.89922669121,1420.21339340023,2885.75927745521,708.268132193176,1100.5997338468,662.884804222489,1738.51898089968,281.816155250746,210.047010786682,54.7443153476622,111.251321685733,27.2943566295128,42.4131766873816,25.5730977364222,67.0707850940939,20210.0414965371,14924.9339957631,4283.9558038963,8433.53376930049,2380.47104232667,3507.35389108408,1770.82594845713,4459.38413235048,776.500620690634,573.439875544883,166.573777520071,328.620712290091,93.2686021104071,137.612606298093,69.5386493682333,175.276072298522,0,0,9.16696477787039,18.5711480549171,5.31909422751727,7.91983483680988,4.2418437547784,10.7758623541032,0,0,0,0,0,0,0,0,451.245916134697,361.268197364445,446.162851894896,991.578342885689,412.003542313681,703.390944165116,157.186745094885,440.072118261367,17.3375873995844,13.8805019474724,17.1469058119286,38.1023454194788,15.8095679765312,26.9896843901972,6.03548746794596,16.8971247713305,231.995675104713,184.876771919145,316.74722544792,724.711290823621,314.309408819422,537.1418163622,149.504669849717,421.888402890169,8.91364334993905,7.10326127503585,12.1718733024382,27.8441613100856,12.0599916702177,20.6085140031373,5.7378069269593,16.1907016482144,0,0,48.7913228273197,113.891115104068,42.3526184850638,66.6603031185812,36.5736117869557,95.5696070818741,0,0,0,0,0,0,0,0,940.97887349095,445.864380705643,3088.10233098703,3363.00151653716
"237",2009,1943,19.6666666666667,2780.37779912261,2226.64907381227,731.369073568091,1382.48832082563,214.770590407305,287.146009984434,102.311962043637,223.96841577046,0,0,0,0,0,0,0,0,0,0,1.24159363483524,2.40012502028334,0.436925977564509,0.585597327972468,0.215059146570732,0.471192879088269,0,0,0,0,0,0,0,0,7349.08635384869,5472.3033000298,1422.69815740633,2891.49224887966,705.978672221404,1092.32359656188,676.595343518417,1771.716030925,282.363650147873,210.254643926379,54.8402336628283,111.472628916144,27.206185761818,42.0943580868536,26.1024221233021,68.352619773117,20185.917287109,14892.3240785519,4276.9156857666,8421.4001952393,2364.38100678421,3469.07709017992,1802.39588020785,4533.79857244553,775.573758628999,572.186949466033,166.299290731353,328.14496782813,92.633434271392,136.101646368548,70.7770304848122,178.19535641199,0,0,9.16066286866328,18.5628007895782,5.28768620182214,7.84014894699065,4.32186000011763,10.9662819321409,0,0,0,0,0,0,0,0,452.45441229165,361.850773005915,447.23193642987,994.127423736233,410.803083525789,698.033536873015,159.949610404952,446.720041026911,17.3840197956764,13.9028854337892,17.1881774996208,38.2007718974705,15.7638339552063,26.7847352762536,6.14175867030781,17.152946076623,231.960426716846,184.65027231179,316.793537559913,724.827748823944,312.462775716804,531.316689498611,151.402496657199,426.106668761502,8.91228908243962,7.0945587967897,12.1738053989517,27.8490394752447,11.9894205143449,20.3855556837201,5.81084069450527,16.3531862625256,0,0,48.7284894992345,113.736187605323,41.9967022163502,65.7921122466734,37.2384240131827,97.1549700399366,0,0,0,0,0,0,0,0,946.597986143802,448.294702563925,3110.03616762996,3385.62348350108
"238",2009,1943,19.75,2763.55014290689,2212.76682926524,727.224763087072,1374.82894601602,212.293513508835,283.099949683499,102.573400450988,224.154665389636,0,0,0,0,0,0,0,0,0,0,1.23444837854045,2.38665760295291,0.43199930843665,0.577440887227632,0.215736809770674,0.471857876089097,0,0,0,0,0,0,0,0,7362.93002984718,5477.40449035266,1425.11065637576,2897.05144868185,703.723173556767,1084.24249300924,690.223793277018,1804.5655249907,282.895546318116,210.45063981625,54.9333629275395,111.687234892915,27.1193237079707,41.7830549779615,26.6285922951942,69.621078984188,20161.9700346018,14859.9630578943,4269.94729984577,8409.31963525283,2348.64066121461,3431.87087961983,1833.67281338595,4607.27241646431,774.653695043917,570.943586407975,166.027540981428,327.671233106851,92.0120391678841,134.632886250369,72.0038738963607,181.077541440549,0,0,9.15419137195458,18.5540799581683,5.25693117599282,7.76263694555423,4.40125474542105,11.1545563505344,0,0,0,0,0,0,0,0,453.632299862694,362.412306971023,448.260602045642,996.599144072286,409.605226776833,692.7882810229,162.67170381202,453.229022864034,17.4292761603937,13.9244604652744,17.2278936221405,38.2962209590344,15.7181936176707,26.5840736779666,6.24646854328775,17.4034431011193,231.927949704538,184.42683498666,316.83043863376,724.929893511027,310.656868395062,525.651535644051,153.25865451933,430.180808993496,8.91104129488879,7.08597397635107,12.1753734363916,27.8533618682671,11.9204051737403,20.1687183406586,5.88227825672802,16.5101470606091,0,0,48.6646817454177,113.579674553072,41.6479801991883,64.9470895816391,37.8977058475716,98.720326398635,0,0,0,0,0,0,0,0,952.23193642437,450.72886950736,3131.95161513095,3408.17924511322
"239",2009,1943,19.8333333333333,2746.97915741006,2199.12109388635,723.141835696689,1367.26757934401,209.875775034937,279.185141872555,102.784702433521,224.231399968273,0,0,0,0,0,0,0,0,0,0,1.22736681761555,2.37329955005904,0.427184661175624,0.569542945126766,0.216307475644967,0.472287928499665,0,0,0,0,0,0,0,0,7376.36564251744,5482.20297529072,1427.44887746836,2902.43383430327,701.499501325859,1076.34983094426,703.766434995564,1837.06210877759,283.411764042726,210.635005281159,55.0236260723208,111.895022806438,27.0336882073856,41.4790132638332,27.1514644923203,70.875954805204,20138.2033252693,14827.8520823142,4263.05110588877,8397.2946644705,2333.24247730408,3395.70410876816,1864.66287794905,4679.82990080672,773.740567730711,569.709830498591,165.758549161427,327.19961285655,91.4041218592934,133.205102268011,73.2194211071891,183.923586308477,0,0,9.147578888057,18.5450149391008,5.22681293508394,7.68723353171972,4.48003178208133,11.3407155774236,0,0,0,0,0,0,0,0,454.780106302018,362.953008563485,449.250873497678,998.995476640366,408.411647243229,687.654209614048,165.355350036066,459.607582322471,17.4733767593688,13.9452350837111,17.2661319676766,38.3887683081569,15.6727112436048,26.3876627566842,6.34970605671252,17.6489419115702,231.898016386652,184.206461521915,316.858106776279,725.018333535647,308.890175581237,520.141975607883,155.07484958184,434.118884945345,8.90989123943226,7.07750687435461,12.1765842655473,27.8571518913765,11.8528878146736,19.9578345029134,5.95218484697948,16.661892555916,0,0,48.5999605012715,113.421690997956,41.3063224305809,64.1246415567782,38.551546256829,100.266170188602,0,0,0,0,0,0,0,0,957.880347020809,453.166740810235,3153.84802236894,3430.66995066572
"240",2009,1943,19.9166666666667,2730.66526895074,2185.71100790723,719.120531954551,1359.80558023797,207.515901299954,275.396532162174,102.94827436764,224.204896912603,0,0,0,0,0,0,0,0,0,0,1.22035521194573,2.36006014649419,0.422479367400402,0.561893714140898,0.216775832353662,0.472495530400971,0,0,0,0,0,0,0,0,7389.39300381494,5486.70030501195,1429.7115028956,2907.63772762095,699.305928958466,1068.63978102451,717.220026793613,1869.20181539408,283.912296096732,210.80779988104,55.1109726932767,112.09592824094,26.949212697045,41.1820081931756,27.6709132785036,72.1170926829564,20114.6193547595,14795.9913144484,4256.22720974499,8385.32716108379,2318.17891544141,3360.54629905934,1895.37186304242,4751.49402129367,772.83446105552,568.485687986407,165.49232235598,326.730184613863,90.8093869339467,131.817096977641,74.4239003889874,186.734401439759,0,0,9.14084875704324,18.5356301620858,5.19731586739419,7.61387560333984,4.55819477117096,11.5247887527236,0,0,0,0,0,0,0,0,455.898317931509,363.473076758221,450.204506807745,1001.31813011296,407.223711534264,682.630076941325,168.002629979998,465.863411396475,17.5163402778655,13.965216934034,17.3029599993525,38.4784795023172,15.627439274795,26.195454973243,6.45155082679259,17.8897368791603,231.870354265586,183.989083748291,316.876730029272,725.093480757491,307.1612958607,514.783643261607,156.85277794608,437.928712481478,8.9088284462951,7.06915487162755,12.1774451217217,27.8604253892596,11.7868148115883,19.7527371766098,6.02062532247019,16.8087218800769,0,0,48.5343860816643,113.262346262124,40.9715980449839,63.3241834588138,39.2000317043044,101.792979535419,0,0,0,0,0,0,0,0,963.542846913046,455.608177115212,3175.72482366367,3453.09674921979
"241",2010,1943,20,2713.33807989031,2171.25654300724,714.753821127887,1351.88643711401,204.768173709507,269.904192849547,103.567877397616,225.93932097982,0,0,0,0,0,0,0,0,0,0,1.21353100820667,2.34702235806567,0.416982245595653,0.55076023846609,0.218172511813568,0.476298530006319,0,0,0,0,0,0,0,0,7402.83761261855,5491.55753199933,1431.58508261494,2912.36237024729,695.662291368045,1053.98616586227,732.364396122869,1908.50588266478,284.428859467172,210.994422309424,55.1833828086375,112.278417784084,26.8088530008328,40.6174148860998,28.2555265180073,73.6343316231425,20091.7965257822,14764.6392100718,4248.29185904223,8372.0283271661,2298.44497314303,3303.8747409036,1931.50509636419,4845.26590634181,771.957598049555,567.281089159705,165.183639564991,326.2098491997,90.031777702393,129.58543185484,75.8408132857998,190.412203517212,0,0,9.13504309230191,18.5268481977036,5.15725500739107,7.49154823974259,4.64860930023337,11.7591286670674,0,0,0,0,0,0,0,0,457.244768313066,364.072459455517,451.446945964068,1003.89102211838,405.600835594383,673.452594868461,171.672254209265,476.668968054071,17.5680730923161,13.9882461744297,17.3508862964014,38.5778023190016,15.565469947243,25.8438474722041,6.59263393098082,18.3051349583484,231.863626929898,183.789466306201,316.910768541544,725.162864332605,304.808619252659,506.107723855487,159.346047965124,445.131095075513,8.90857000030704,7.06148524926859,12.1788962098578,27.8634717685013,11.6967977352099,19.4203226994237,6.11651847633136,17.0857333501858,0,0,48.4745972543724,113.108322613309,40.5553589000659,62.1213103444918,39.9443707909821,103.734861063693,0,0,0,0,0,0,0,0,968.955178892781,457.957683193028,3196.55773185092,3474.55812882351
"242",2010,1943,20.0833333333333,2695.94169938353,2156.72938480584,710.352306430966,1343.918998038,202.003152632194,264.285389306788,104.215753240728,227.818420391883,0,0,0,0,0,0,0,0,0,0,1.20666236769166,2.33394463823574,0.411455557570129,0.539360006558714,0.21963365621059,0.480419958808961,0,0,0,0,0,0,0,0,7416.34959046073,5496.46585687506,1433.42885495657,2917.05845525362,691.847960544774,1038.45783152136,747.86772085951,1949.14696826854,284.948011263808,211.183008000392,55.254635670009,112.459786160606,26.6619088448896,40.0191029470345,28.8539759135342,75.2030960821425,20068.9881916615,14733.376915848,4240.14318468921,8358.40040188598,2278.14028939573,3244.6214622198,1968.36199082138,4941.79512259126,771.081291489273,566.079940999023,164.866755634076,325.676826492852,89.2318875930307,127.252709649453,77.2860259735902,194.197970436881,0,0,9.12872872954758,18.5173061327613,5.11587811396265,7.36317602833981,4.74084378732901,12.0002874711072,0,0,0,0,0,0,0,0,458.600856844339,364.66813121665,452.675824137948,1006.41815930759,403.85879654362,663.631401547454,175.446561331635,487.858975649351,17.6201762191752,14.0111328347495,17.3982896021663,38.675362270811,15.4989215332195,25.4675183221962,6.73773816507258,18.7352964508174,231.852197542513,183.581628630763,316.933632453206,725.175702672445,302.378475278971,496.985508850141,161.932762172482,452.751593875345,8.90813089336258,7.05349979242076,12.1799156883125,27.8643399082254,11.6038008601168,19.0707629911281,6.2160002507278,17.3787967103464,0,0,48.4146421656147,112.952792965443,40.1299948947868,60.8723545914763,40.7016921150521,105.728101038904,0,0,0,0,0,0,0,0,974.328606055403,460.291219582089,3217.14929975423,3495.6994012781
"243",2010,1943,20.1666666666667,2678.74836589766,2142.40153878509,706.003113266217,1336.02405045331,199.313446293613,258.919881309672,104.788510504295,229.457258392819,0,0,0,0,0,0,0,0,0,0,1.19973824249298,2.32082310476979,0.406083205668528,0.52846624106489,0.220946022114524,0.484066275749397,0,0,0,0,0,0,0,0,7429.70723517573,5501.25028509517,1435.28993585972,2921.74964287034,688.159550737445,1023.52212034496,763.350778895746,1989.52720680752,285.461233334893,211.366833383719,55.3265379355845,112.640939820082,26.5198133550212,39.443623459889,29.4516489522214,76.7618152234046,20046.11038859,14702.1761305065,4232.03766443672,8344.75268236982,2258.31293398131,3187.50017781685,2004.75843298666,5036.2917657832,770.202315381831,564.881156123206,164.551474452778,325.142954729401,88.4507703276758,125.003820524219,78.7131503484004,197.903812899231,0,0,9.12177628979464,18.5069104563276,5.07551602504572,7.23943019437105,4.8322238660206,12.2373585253924,0,0,0,0,0,0,0,0,459.914178536546,365.240150643856,453.828840938921,1008.83983868456,402.096960437342,654.071010028184,179.10801972874,498.473548303491,17.6706361752513,14.0331107345962,17.4427752980516,38.7688649821518,15.4316075153589,25.1011788129354,6.87851509729827,19.1433853952982,231.834778803918,183.365187640178,316.94203308885,725.139584960956,300.009068931191,488.148266565538,164.454351122902,460.041159260322,8.90746166537435,7.04518378246818,12.1803771263109,27.8633213601878,11.5131277785133,18.7321184379864,6.31298551403104,17.6591690040798,0,0,48.3531738903021,112.794529559825,39.7140088429069,59.6661232413067,41.4509363231403,107.682095926625,0,0,0,0,0,0,0,0,979.717692446347,462.628494419715,3237.70923757305,3516.70424218187
"244",2010,1943,20.25,2661.77049343404,2128.28167354652,701.709451538872,1328.208870401,196.697310484613,253.795212530304,105.290019409895,230.871018545158,0,0,0,0,0,0,0,0,0,0,1.19278275089191,2.30768598204409,0.400858110622804,0.518052780238837,0.222115078377501,0.48726132293507,0,0,0,0,0,0,0,0,7442.84240924613,5505.86114844183,1437.1439469961,2926.38604320768,684.579165726301,1009.13246548718,778.797537191507,2029.60042954198,285.965907728045,211.543990127048,55.3981543072995,112.819963690697,26.3818787570168,38.8891849775904,30.0479293196856,78.3087151377021,20023.2185765924,14671.0763674608,4223.98751327396,8331.11101053188,2238.9571030868,3132.43988386183,2040.71205084484,5128.84940593579,769.322800592301,563.686252700667,164.238272950771,324.609241979766,87.6881973024301,122.835977070506,80.1228752398189,201.533397250991,0,0,9.11430953278623,18.495793825683,5.03613853725011,7.12014075688134,4.92276838543428,12.4704897371518,0,0,0,0,0,0,0,0,461.186940311866,365.789498003786,454.914193777411,1011.16525408561,400.324513099475,644.774554773309,182.666011381806,508.565037620325,17.7195377540182,14.054217537382,17.4846583869906,38.8586637375373,15.3638805932723,24.7449502233961,7.01532469612463,19.531410380688,231.814396735933,183.143598139917,316.938211887617,725.066276811971,297.699063168261,479.593731976309,166.911544842955,467.002858115327,8.90667858093497,7.0366699585621,12.1803666515341,27.8608681903515,11.4247273997504,18.4043030553969,6.40750204320968,17.9269668988723,0,0,48.2902919286772,112.633821107457,39.30729064329,58.5013116379414,42.1923237735866,109.598306839375,0,0,0,0,0,0,0,0,985.121949514298,464.969359501712,3258.23577762536,3537.57601457444
"245",2010,1943,20.3333333333333,2645.01824307277,2114.37666823467,697.473941800105,1320.47958357485,194.152944576565,248.899457198886,105.723968711933,232.074008245435,0,0,0,0,0,0,0,0,0,0,1.18581670848987,2.29455865255977,0.395774191048525,0.508095189560519,0.223146379735733,0.490028576423035,0,0,0,0,0,0,0,0,7455.70102477922,5510.25953879696,1438.97166509784,2930.928892398,681.092654362886,995.250534402489,794.193630296741,2069.32520615333,286.459956299929,211.712983318263,55.4687471937573,112.995369539461,26.2475610251634,38.3543122751733,30.6422646138611,79.8422034051581,20000.3575693087,14640.1091907022,4216.00227185932,8317.49588179577,2220.06569179305,3079.36987262099,2076.23907789604,5219.5552140026,768.444468935311,562.496443470274,163.927524559167,324.076489208177,86.9438893627309,120.746403980635,81.5158354888187,205.090141294025,0,0,9.10642748713172,18.4840601660135,4.99771594559884,7.0051404951211,5.01249313215604,12.6998133702506,0,0,0,0,0,0,0,0,462.420948908455,366.316910742762,455.938491069957,1013.40126673299,398.548584639911,635.74219231401,186.128945088791,518.180518189739,17.7669503732399,14.0744815769738,17.5241928279784,38.9450222030736,15.2960145225088,24.3988393836464,7.14848956735167,19.9011774579301,231.793323924293,182.919552778087,316.924028207236,724.965223298259,295.447082392879,471.318281010838,169.305515010086,473.643026411628,8.90586895642323,7.02806177654888,12.1799557177223,27.8573433290905,11.3385471606079,18.0871787023842,6.49959459191557,18.1824326321549,0,0,48.2260945416558,112.470928630152,38.9097131224744,57.3766257871038,42.9260647340393,111.478135740086,0,0,0,0,0,0,0,0,990.540912834251,467.313672266425,3278.72754571222,3558.31819242619
"246",2010,1943,20.4166666666667,2628.49996663731,2100.69197067245,693.298731413361,1312.84138572543,191.678519290093,244.221204326831,106.093883610406,233.079745343978,0,0,0,0,0,0,0,0,0,0,1.17885819059433,2.2814639419699,0.390826081991083,0.498570480903538,0.224045511883895,0.492391014333331,0,0,0,0,0,0,0,0,7468.23992549279,5514.41488750538,1440.75783041242,2935.34791642877,677.688666417747,981.844064061872,809.526174074459,2108.66461661613,286.941720917169,211.872638460747,55.5377310336844,113.165994892591,26.1164236688351,37.8377632896047,31.2341592212874,81.3608604396957,19977.5638848501,14609.2999956754,4208.08942792958,8303.92370677342,2201.63068723579,3028.22029244701,2111.35454058633,5308.49067055386,767.568723498527,561.312704165467,163.619523207354,323.545339039371,86.2175320538774,118.732359730911,82.8926191910229,208.577241708645,0,0,9.09821079070887,18.471792772831,4.9602193764644,6.89426652817242,5.10141157278264,12.9254489651022,0,0,0,0,0,0,0,0,463.617711722395,366.822952549423,456.907162691699,1015.55309825979,396.77481340606,626.972095978631,189.50438174095,527.362475320213,17.8129319494799,14.0939245111905,17.561587297751,39.028141039168,15.2282257691972,24.0627768881477,7.27829976229669,20.2543165288672,231.77326130875,182.695156610721,316.901012539797,724.843996923249,293.251695475461,463.317222711632,171.637763296362,479.970383114377,8.90509814466878,7.01944011604759,12.1792031486107,27.8530377766476,11.2545323649061,17.7805662716555,6.58932059954332,18.425899985202,0,0,48.1606775293847,112.306089143857,38.5211365030363,56.2907873261523,43.6523604023794,113.322929465084,0,0,0,0,0,0,0,0,995.974136474493,469.661294032043,3299.18345429622,3578.93428436258
"247",2010,1943,20.5,2612.22238594451,2087.23174371694,689.185541542944,1305.29863023424,189.272191067112,239.74956678379,106.403128845318,233.900976966188,0,0,0,0,0,0,0,0,0,0,1.17192276539617,2.26842223972305,0.386009030062021,0.489457032190635,0.224818058285972,0.494371026447299,0,0,0,0,0,0,0,0,7480.42560443266,5518.30396181861,1442.49064841167,2939.62022503257,674.35825077543,968.88594785656,824.78371843788,2147.58624771683,287.409914189001,212.022062915149,55.6046531943545,113.330960623056,25.9881223187611,37.3384940782681,31.8231725185494,82.8634394165435,19954.8667095591,14578.6687449261,4200.25467371462,8290.40733186031,2183.64334371756,2978.9224621681,2146.07231824533,5395.73177660808,766.696685671785,560.135801778986,163.314493257627,323.016295871351,85.5087824188166,116.791148807005,84.2537700001603,211.99768213916,0,0,9.08972418267445,18.4590574186038,4.92362088768798,6.78736084941425,5.1895351941157,13.1475047258994,0,0,0,0,0,0,0,0,464.778479282973,367.308043137303,457.824626749847,1017.62461375291,395.007566818638,618.460835542998,192.799086580461,536.14908493782,17.8575305300695,14.1125624660971,17.5970115960556,39.1081687722075,15.1606819922842,23.7366316859113,7.40501478342988,20.5922920864766,231.755414527604,182.472000443806,316.870395895278,724.708503519186,291.111429137028,455.584987881205,173.910056132809,485.995570182261,8.90441246823048,7.01086609836794,12.178156265379,27.8481785088331,11.1726266928512,17.484252919254,6.67674768446104,18.6577766185674,0,0,48.0941337277726,112.139517235379,38.1414105223742,55.2425374812043,44.3714029917971,115.133979359636,0,0,0,0,0,0,0,0,1001.42119087618,472.012089323287,3319.60266199752,3599.42780322648
"248",2010,1943,20.5833333333333,2596.19081996977,2073.99904895406,685.135726697063,1297.85494085201,186.932116071945,235.474171763532,106.65491749669,234.549724306322,0,0,0,0,0,0,0,0,0,0,1.16502379893845,2.25545167808035,0.381318761405234,0.480734457240403,0.225469568297139,0.495990342072646,0,0,0,0,0,0,0,0,7492.232605554,5521.90962435961,1444.16117900275,2943.72896150801,671.094384194945,956.353181821804,839.956140107774,2186.06201156912,287.863558053477,212.160598236039,55.6691705556204,113.489619174797,25.8623866494386,36.8556183788219,32.4089147720124,84.3488593689976,19932.2891040029,14548.2308805779,4192.50222268307,8276.95667953745,2166.0943800598,2931.40914405156,2180.40524664267,5481.34945236754,765.829241483208,558.96632962174,163.012601737603,322.489750627404,84.8172766571413,114.920132289527,85.5997911259089,215.354248599826,0,0,9.08101961520027,18.4459062257567,4.8878935800123,6.68427090448497,5.27687389982872,13.3660791638213,0,0,0,0,0,0,0,0,465.904296461076,367.772493073703,458.694493107869,1019.61865874752,393.250213172912,610.203838103466,196.019102633959,544.574609466725,17.9007862606155,14.1304073741858,17.6306044623026,39.1852147379588,15.0935124816179,23.4202287886383,7.52886640318517,20.916418407131,231.740587834717,182.251251712574,316.833145188252,724.563234605337,289.024769041743,448.115302867484,176.124361181735,491.730669018118,8.90384282783749,7.00238457823824,12.1768522454186,27.8429381690705,11.0927722393317,17.1979987253658,6.76195120263672,18.878525502783,0,0,48.026552498787,111.9714071823,37.7703767808302,54.2306399560617,45.0833762641464,116.912523215729,0,0,0,0,0,0,0,0,1006.88166015166,474.365925064153,3339.98452258109,3619.80223159024
"249",2010,1943,20.6666666666667,2580.40942186396,2060.99603850077,681.150336881939,1290.51332932414,184.656464467617,231.385148638601,106.852320153693,235.037330901875,0,0,0,0,0,0,0,0,0,0,1.15817278352507,2.24256834264714,0.376751353114845,0.472383477032167,0.226005522723294,0.497269956824007,0,0,0,0,0,0,0,0,7503.64186761184,5525.21954825837,1445.76270533979,2947.66191022437,667.891492724063,944.225811141097,855.034522064246,2224.06790523054,288.30192014708,212.287770805358,55.7310253102291,113.641501160082,25.7390020174274,36.3883671735778,32.9910425289757,85.8161960331204,19909.8492527616,14517.9982691519,4184.83513593593,8263.57940593189,2148.97418011108,2885.61480879897,2214.36523098045,5565.409981714,764.967089618003,557.804743624249,162.713970946635,321.96600617913,84.1426379098509,113.116738140795,86.9311496933688,218.649546637988,0,0,9.07213938220444,18.4323814881194,4.8530116702176,6.58485002282738,5.36343642893497,13.5812628852268,0,0,0,0,0,0,0,0,466.996054932116,368.216539169607,459.519768814773,1021.53739371603,391.505390673526,602.195830033963,199.169833915296,552.669842373179,17.9427334007107,14.1474683341132,17.6624814661915,39.2593619304759,15.0268184906191,23.1133662541198,7.65006185806043,21.2278766117939,231.729281299701,182.033749117502,316.790004820745,724.411541808658,286.990167067353,440.901383609357,178.282778131691,497.188686713271,8.90340843697506,6.99402777987163,12.1753197188786,27.8374456076645,11.0149097898736,16.9215441344018,6.84501158806326,19.0886451884287,0,0,47.9580192938267,111.801935319283,37.407871209549,53.2538840388439,45.7884560876759,118.659747312089,0,0,0,0,0,0,0,0,1012.35513941431,476.722669814459,3360.32853467528,3640.06098960883
"250",2010,1943,20.75,2564.88130917665,2048.22406031862,677.230151776688,1283.27626028491,182.443427065316,227.473115231487,106.998270749093,235.374495221762,0,0,0,0,0,0,0,0,0,0,1.15137953547837,2.22978643433283,0.372303179992189,0.464385854786556,0.226431315519217,0.498230107044126,0,0,0,0,0,0,0,0,7514.63985416368,5528.22554358354,1447.29040627611,2951.41078207167,664.745213490681,932.486426108102,870.011073498203,2261.58379007897,288.724480378044,212.403265952846,55.7900324024055,113.786287948114,25.6178003176296,35.9360693311891,33.569255556449,87.2646734247337,19887.5611216669,14487.9796967957,4177.25549007706,8250.28123473123,2132.27288934414,2841.47572678883,2247.96331633272,5647.97531436676,764.110766670549,556.651381364158,162.41868494384,321.445290266671,83.4844800153397,111.378464757955,88.2482794582355,221.886012998545,0,0,9.06311758002551,18.4185173122116,4.81895045255862,6.48895730232859,5.4492305795899,13.7931396775343,0,0,0,0,0,0,0,0,468.054519351359,368.640361426496,460.302955810938,1023.38244123707,389.775127556198,594.431008488659,202.256102812953,560.462410752604,17.983401329631,14.163752261824,17.6927387620922,39.3306726585087,14.9606778512575,22.815821781027,7.76878605206513,21.5277262809558,231.721740557897,181.820052340441,316.741526881068,724.255801445534,285.006057129505,433.936065827506,180.387496452963,502.383269220397,8.9031187333581,6.98581720713944,12.1735799278115,27.831792202244,10.9389794273354,16.6546149509295,6.92601272929312,19.2886587898939,0,0,47.8886156346464,111.6312616558,37.0537254011628,52.31108612893,46.4868107672359,120.376787858522,0,0,0,0,0,0,0,0,1017.84123356685,479.082193492628,3380.63431987028,3660.20742558777
"251",2010,1943,20.8333333333333,2549.60870385716,2035.68377130392,673.375717481859,1276.14572115293,180.29122223148,223.729161999293,107.095573133542,235.571306780339,0,0,0,0,0,0,0,0,0,0,1.14465240525931,2.21711843602852,0.367970853357066,0.456724321726578,0.226752234958526,0.498890243484528,0,0,0,0,0,0,0,0,7525.21760857364,5530.92282706654,1448.7410020737,2954.97044084668,661.652140365127,921.119626446258,884.879037064503,2298.59313605833,289.130894618094,212.506899897676,55.8460659412068,113.923781988739,25.4986502214084,35.4981310360587,34.143293292881,88.6936540688582,19865.4351722834,14458.181406602,4169.76455946261,8237.06632027572,2115.98051886675,2798.9300641797,2281.20976654207,5729.10339893499,763.260674595885,555.506482710858,162.126796591784,320.927769547404,82.8424115524663,109.702884710496,89.5515838500765,225.065928488922,0,0,9.05398173859971,18.4043414885687,4.7856862756234,6.39645757861914,5.53426344626088,14.0017876237316,0,0,0,0,0,0,0,0,469.080355787098,369.044101443107,461.046158197869,1025.15504886603,388.060976290717,586.903239799868,205.282210517106,567.977094380494,18.0228156387838,14.1792645977677,17.7214572105781,39.3991948046018,14.8951501292004,22.5273603354514,7.88520387698436,21.8169177018603,231.718011125034,181.610496095361,316.688101793979,724.097587920494,283.070866046738,427.211926135512,182.440754463475,507.328410694238,8.90297546578667,6.97776572028726,12.1716479029706,27.8260385175616,10.864920948452,16.3969269873521,7.00504039628465,19.4791028221398,0,0,47.8184190479714,111.45953154452,36.7077680093717,51.4010911873829,47.1786014609925,122.064732795286,0,0,0,0,0,0,0,0,1023.33955597795,481.444367069912,3400.90159787388,3680.24480412687
"252",2010,1943,20.9166666666667,2534.59306294032,2023.3752427551,669.587380829963,1269.12328752576,178.198101874342,220.144834692077,107.14690761344,235.637282189677,0,0,0,0,0,0,0,0,0,0,1.13799847593357,2.2045752754485,0.363751166191955,0.449382506010809,0.226973447021588,0.499269012356835,0,0,0,0,0,0,0,0,7535.36987973581,5533.30934769452,1450.11242901219,2958.33819499354,658.609594258969,910.111542639429,899.632595318754,2335.08275067051,289.520961111345,212.598593836653,55.8990467214298,114.053879641418,25.3814483596457,35.0740174054855,34.7129312676522,90.1026286398725,19843.4790232993,14428.6075949397,4162.36298370137,8223.93758038526,2100.08703887624,2757.91795681785,2314.11414143222,5808.84851244705,762.417106121351,554.370208895358,161.838334031475,320.413562476508,82.2160394742617,108.087647615134,90.8414389512051,228.191430712571,0,0,9.04475430778137,18.3898771786216,4.75319651268711,6.30722136134353,5.61854163465504,14.2072801268706,0,0,0,0,0,0,0,0,470.074157564964,369.427878913245,461.751179325018,1026.8562337083,386.364134608519,579.606235216861,208.251995406323,575.23613373912,18.0609991246876,14.1940099407719,17.7487061088997,39.4649673814517,14.8302812727726,22.2477409063271,7.99946245444355,22.0963036931205,231.717988292573,181.405240013949,316.629987319152,723.937835320059,281.18302296523,420.721389837461,184.444802998422,512.038193756776,8.90297461120451,6.96987945261926,12.1695335773207,27.8202205122602,10.792674225481,16.1481902014597,7.08218084418485,19.6605172251328,0,0,47.7475030371356,111.286877273537,36.3698260272559,50.5227739162991,47.8639826082634,123.724623709994,0,0,0,0,0,0,0,0,1028.84972731066,483.809062321578,3421.13016403335,3700.17629615237
"253",2011,1943,21,2519.81791118416,2011.28137742885,665.841804320307,1262.1396201226,176.178709415846,216.74214186557,107.156110365283,235.613739397851,0,0,0,0,0,0,0,0,0,0,1.13139691331119,2.192061497907,0.359674461120719,0.442406183425794,0.227096803211964,0.499431521599816,0,0,0,0,0,0,0,0,7545.10451184018,5535.39265678964,1451.36073565889,2961.36413589627,655.676362356094,899.574213721573,914.245578233616,2371.0655677989,289.894981244119,212.678637903652,55.9472817726324,114.170802255,25.2684601114415,34.6680458265481,35.2771609486,91.4920965170987,19821.7081086966,14399.2647008298,4154.92630161045,8210.47877249783,2084.77606004526,2718.75836240808,2346.60608662176,5887.29480284228,761.580654248892,553.242807314968,161.548473344647,319.886470150166,81.6125511558223,106.545248632395,92.1150646148349,231.265736758276,0,0,9.0352395560457,18.3742639292059,4.721898055218,6.22198699740863,5.70188248329405,14.4097428044171,0,0,0,0,0,0,0,0,471.039980186908,369.793570028847,462.412192511361,1028.4428249791,384.726812072513,572.618214376583,211.147721541764,582.234248508933,18.0981076061979,14.208060377131,17.7742614772716,39.5263311158503,14.7676914658714,21.9799663209081,8.11088144032126,22.3656831845065,231.721793699501,181.204576960782,316.559595697358,723.742091166546,279.366935665539,414.514298256894,186.385082668219,516.505702293695,8.90312084318799,6.9621696564604,12.1669453451279,27.8130142578275,10.7231762768092,15.9103183063355,7.15687550385855,19.8326376170813,0,0,47.6748091806038,111.108100194561,36.0430738474152,49.6819268067423,48.541119836485,125.356162772199,0,0,0,0,0,0,0,0,1034.3678873695,486.174432258722,3441.30715853861,3719.99061834934
"254",2011,1943,21.0833333333333,2503.24457949839,1997.42888968203,659.336710848811,1246.77109940433,176.171178689564,217.051408801525,107.287695328427,239.428392102318,0,0,0,0,0,0,0,0,0,0,1.12146094407787,2.16665894957206,0.359723233426435,0.443042742650968,0.226810615617103,0.505320572312206,0,0,0,0,0,0,0,0,7555.55731048785,5537.99748232926,1447.25309066926,2945.83127524399,660.204203001478,904.452922376708,926.039259883357,2409.35713533195,290.296594483957,212.778719466441,55.7891783048618,113.572328572022,25.44300834552,34.8561808463716,35.7328029488096,92.9708530167559,19801.4641824989,14370.7067164241,4132.35656105958,8145.9497481594,2093.41681297278,2726.58461632906,2369.13859494707,5969.06633258464,760.802871128448,552.145563239474,160.671594115201,317.371112475125,81.9468316741153,106.844465327806,92.9953338498291,234.459026435181,0,0,8.99869038991006,18.2494808391863,4.74481195646116,6.24417092741016,5.76154574952835,14.6176316986508,0,0,0,0,0,0,0,0,472.399318593016,370.353949554037,462.085843649061,1024.48148901919,388.150386412737,576.142603390091,211.497935869752,586.169759878429,18.1503355912785,14.2295910535827,17.7618635640571,39.3744643401143,14.8993592182228,22.1156989713718,8.12467323928697,22.5178101797738,231.783677554323,181.048545779461,315.553071509302,719.285755749373,280.80877449507,415.551559661609,186.234148937392,518.293249295505,8.90549854128061,6.95617468821743,12.1283750650963,27.6420692038349,10.7787258454873,15.9504958701365,7.15135326307118,19.9020984166371,0,0,47.462526270941,110.274020622762,36.1330220168915,49.7050392796812,48.970343223062,126.814380683615,0,0,0,0,0,0,0,0,1039.46758671059,488.329926118878,3459.93679268246,3737.98808825392
"255",2011,1943,21.1666666666667,2487.08767581619,1983.94957634354,653.059772245919,1231.96875029062,176.088758714391,217.217721108732,107.390417578092,243.035613178772,0,0,0,0,0,0,0,0,0,0,1.11145630349952,2.14140207304519,0.359652638017383,0.443447803558986,0.226571871324334,0.511181293855033,0,0,0,0,0,0,0,0,7565.42270493229,5540.15778628458,1443.13093370557,2930.29605204573,664.558576463512,909.010698068327,937.569143199206,2447.10490744344,290.675638714948,212.861721799096,55.6304959166155,112.9737381115,25.6108723825883,35.0319440198754,36.1782944916043,94.4286988098469,19781.5572667069,14342.5034466057,4110.24162639934,8082.60646388208,2101.69235494011,2733.75510007661,2391.67328944508,6050.52725297732,760.038036104372,551.061947878532,159.81220423872,314.90158999878,82.2669914746625,107.118311671035,93.8757257271367,237.640361288623,0,0,8.96124422985584,18.1244898350349,4.76692223556924,6.26483160958915,5.82125308168834,14.8253370315236,0,0,0,0,0,0,0,0,473.706080534126,370.885372181764,461.652907990479,1020.39118628322,391.461385709329,579.546323521117,212.029674394267,590.423324415597,18.2005435041617,14.2500091597429,17.7453660814772,39.2176317976097,15.0267022414239,22.2467904267705,8.14542956075731,22.6821340788066,231.869906585864,180.907559773194,314.58386811254,714.919913689585,282.291807056221,416.632914492813,186.108965101235,520.118532313263,8.90881161942957,6.95075777967949,12.0912367019099,27.4745933393109,10.8358535779665,15.9923584189732,7.1468193651529,19.9730067194505,0,0,47.2505404141016,109.445561110489,36.2205516722762,49.7229389003316,49.4001263239198,128.272263965301,0,0,0,0,0,0,0,0,1044.5816832383,490.488596618153,3478.654444676,3756.00140420468
"256",2011,1943,21.25,2471.33440641678,1970.831431515,647.001959146204,1217.71021301277,175.936721965437,217.251703599102,107.465306477221,246.442315153214,0,0,0,0,0,0,0,0,0,0,1.10145578519549,2.11641847852103,0.359462188691628,0.443624318246549,0.226364573483779,0.516959995643025,0,0,0,0,0,0,0,0,7574.74591591863,5541.91017350404,1439.00813690024,2914.79127907594,668.756325659682,913.27681202171,948.853431597517,2484.33725856214,291.033851390436,212.929051318432,55.4717693955401,112.376294049788,25.7726994714758,35.1964611745267,36.6143328201587,95.8667184604695,19761.9561258171,14314.6295103343,4088.56730609146,8020.41466419557,2109.61074569449,2740.28829030149,2414.19736408987,6131.65456207314,759.284949064878,549.99098605175,158.969762531303,312.476591404016,82.5733378537155,107.367496614438,94.7557454530899,240.808849716814,0,0,8.92317605511341,17.9996500360364,4.78821612400516,6.28397776997935,5.8809190199418,15.0326329535353,0,0,0,0,0,0,0,0,474.961529234191,371.387992365908,461.124829930505,1016.18615069377,394.661116183096,582.822438652192,212.721648926569,594.956864286326,18.2487798799234,14.2693206299768,17.7252086905515,39.0563803427649,15.1497700663216,22.3729734430096,8.17233308678148,22.8571934376702,231.975028718703,180.778445363893,313.639902085373,710.625564800258,283.80222758085,417.743455503316,186.020561917217,522.001256675152,8.91285060021405,6.94579699690025,12.0550658518081,27.3098566242562,10.8940295096473,16.0353337071083,7.14369685189917,20.0461176960973,0,0,47.0387245974391,108.62256126503,36.3056033539239,49.7356096337778,49.830418996679,129.729648628834,0,0,0,0,0,0,0,0,1049.70962824209,492.65027838043,3497.45535364785,3774.02759697943
"257",2011,1943,21.3333333333333,2455.97254183353,1958.06293174158,641.154552896041,1203.97379840061,175.720153396168,217.163526882693,107.513419502179,249.655479954428,0,0,0,0,0,0,0,0,0,0,1.09151746214001,2.09180807492819,0.359153660620268,0.443578645933368,0.226175665419281,0.522613994243007,0,0,0,0,0,0,0,0,7583.56591846058,5543.28643033025,1434.89500401444,2899.3424186455,672.811034521146,917.275905925339,959.909988638861,2521.0822353312,291.372729992774,212.981929306562,55.3133964275562,111.780977290112,25.9290118332723,35.3506804752828,37.0416024646261,97.2859846199347,19742.6341627619,14287.0630267892,4067.32043513353,7959.34227251825,2117.18090799371,2746.20384568546,2436.69930552768,6212.42796738438,758.542588114409,548.931837062768,158.143767269349,310.094888979002,82.8662117650881,107.592775300521,95.6349479511294,243.963704607795,0,0,8.88471344341567,17.8752576501855,4.80869274433128,6.30163290478678,5.94047386977239,15.2393332080892,0,0,0,0,0,0,0,0,476.167052087905,371.862113683912,460.512277051862,1011.88017309887,397.751851062968,585.966578845054,213.554664799932,599.735759354313,18.2950980244792,14.287537128215,17.7018012377455,38.8912398534334,15.2686494718021,22.4940795280841,8.20464686205807,23.0416594774212,232.094422197747,180.658528551026,312.711624629965,706.387575640372,285.328047070979,418.86979337435,185.977228080575,523.956316470587,8.9174379084437,6.94118960050219,12.0194955157642,27.1472776025955,10.9527933717745,16.0789076937237,7.14230353775725,20.1220019809354,0,0,46.8270034800622,107.80492922212,36.3881242798794,49.7430489512875,50.2611644482587,131.186355770794,0,0,0,0,0,0,0,0,1054.85087432787,494.814804451672,3516.33491395443,3792.06372198979
"258",2011,1943,21.4166666666667,2440.99066578948,1945.6332707042,635.509309990601,1190.73891605865,175.443880940192,216.962783799355,107.535810937243,252.681961643685,0,0,0,0,0,0,0,0,0,0,1.08168704479747,2.06764775467165,0.358730434179427,0.443319466958568,0.225994628130868,0.528109912991789,0,0,0,0,0,0,0,0,7591.91596841902,5544.31391802121,1430.79899096179,2883.96897572044,676.733446466291,921.028428528572,970.755918756597,2557.3667526319,291.693552265321,213.021407026775,55.1556652216075,111.188539872838,26.0802226699442,35.4953890930066,37.4607591026932,98.6875270940979,19723.5689490082,14259.785350768,4046.48902133974,7899.35990823279,2124.41211925704,2751.52176038955,2459.16883923663,6292.82950965893,757.810091518968,547.883784532873,157.333761776587,307.755358624142,83.145968181922,107.794916331312,96.5129358157952,247.104228827597,0,0,8.84604280382836,17.7515545730201,4.82835933471938,6.31783002814412,5.99986162274814,15.4452856761212,0,0,0,0,0,0,0,0,477.324083933446,372.308137750539,459.825009920661,1007.48630108106,400.736442097579,588.976325602848,214.511625507194,604.728914966989,18.3395530666004,14.304674085139,17.6755187489308,38.7227116923114,15.3834495561082,22.6100153097545,8.24171447393446,23.2343386915277,232.224208547825,180.545577651774,311.791672357858,702.194183109165,286.859006995563,420.000099056436,185.984924802008,525.99447878366,8.92242452692714,6.93684984566179,11.9842426803998,26.9864043245272,11.0117512921782,16.1226261899665,7.14286792213861,20.2010719209854,0,0,46.6153438654746,106.992632153202,36.4680675474033,49.7452643930342,50.6923014041298,132.642195649448,0,0,0,0,0,0,0,0,1060.00488964021,496.982009971019,3535.2887689126,3810.10690681216
"259",2011,1943,21.5,2426.37802253518,1933.53223217481,630.058397760849,1177.98593629917,175.112492280421,216.658534948953,107.533527726177,255.528485457516,0,0,0,0,0,0,0,0,0,0,1.07200067583019,2.04399663831449,0.358196958784815,0.44285694368163,0.225812943741594,0.533421680688677,0,0,0,0,0,0,0,0,7599.82483592768,5545.01650894388,1426.72548374545,2868.68601859302,680.532131982362,924.551527704856,981.407475100882,2593.2164158236,291.997423602621,213.048401693586,54.9987843747821,110.599563331781,26.2266617650101,35.6312474176025,37.8724259801353,100.072325940869,19704.7413219007,14232.7803863483,4026.0619637754,7840.44028116618,2131.313841165,2756.2621311254,2481.59679050784,6372.84330258262,757.08672302465,546.846210030761,156.53932357049,305.456956503853,83.4129694983904,107.974692737809,97.3893539584675,250.229805166709,0,0,8.80731796752109,17.6287393858404,4.84722836698551,6.33260805291404,6.05903723353645,15.6503655982227,0,0,0,0,0,0,0,0,478.434080314782,372.726537250628,459.071931776569,1003.01676418856,403.618057727453,591.850672546109,215.577247236396,609.90831936063,18.3822009306085,14.3207496620563,17.646703335801,38.551265833007,15.4942916665281,22.7207417944032,8.28294909854363,23.4341558737023,232.361112009464,180.437715445515,310.87439734281,698.036280307752,288.386340229555,421.123974098842,186.047777160248,528.123223906985,8.92768459577069,6.93270560655997,11.9490902607353,26.8268869092614,11.0705666336429,16.1660899065837,7.14554804737461,20.2836138068369,0,0,46.4037439296823,106.185680589937,36.5453926283259,49.7422736078811,51.1237657930349,134.096971967799,0,0,0,0,0,0,0,0,1065.1711577689,499.151732644535,3554.31280116903,3828.15436964215
"260",2011,1943,21.5833333333333,2412.12445522726,1921.75014012301,624.794372549218,1165.69614614811,174.730336771823,216.259317997772,107.507606640547,258.201641414583,0,0,0,0,0,0,0,0,0,0,1.06248615859984,2.02089839040786,0.357558515858387,0.442202346419462,0.225623857130308,0.538529639391633,0,0,0,0,0,0,0,0,7607.31733477032,5545.41498560725,1422.67814720593,2853.50485742388,684.213801782207,927.859468676211,991.879986899658,2628.6553813875,292.285297389929,213.063711804225,54.8428962613433,110.014484733602,26.3685874936651,35.7588050978632,38.2771911017406,101.441306083565,19686.1349975249,14206.0342935046,4006.02893733569,7782.55794187832,2137.89563285087,2760.44502861462,2503.97503186373,6452.45543798184,756.371856983221,545.818581800302,155.760059903818,303.198709400923,83.6675821744484,108.132877007098,98.2638875872355,253.339892689522,0,0,8.76866402590443,17.5069723142289,4.865316357346,6.3460102591673,6.11796534592346,15.8544724606634,0,0,0,0,0,0,0,0,479.49850403356,373.117843374938,458.261112982887,998.482941520369,406.400066811498,594.589780291863,216.737937301882,615.248859505772,18.4230978196779,14.335784268165,17.6156651325575,38.377339611686,15.6013049257056,22.8262649377812,8.32782883680928,23.6401470581619,232.502398664005,180.333381375874,309.955643549339,693.907076038144,289.902654307499,422.232385620054,186.168312974496,530.347159721913,8.93311307346828,6.9286969241246,11.9138785102947,26.6684644640844,11.1289555199662,16.2089519700969,7.1504406675939,20.3698037711276,0,0,46.1922281905178,105.384120963946,36.6200655642333,49.7341042876225,51.5554917141351,135.550484351014,0,0,0,0,0,0,0,0,1070.34917812929,501.323813096629,3573.40312825418,3846.20342863523
"261",2011,1943,21.6666666666667,2398.22032246632,1910.27778951199,619.710144899207,1153.8516753662,174.301534653783,215.773173325376,107.459071523556,260.707881245716,0,0,0,0,0,0,0,0,0,0,1.05316454394474,1.99838420101965,0.356820926513087,0.441367597261404,0.225422066871285,0.543419392147748,0,0,0,0,0,0,0,0,7614.41501694135,5545.52756645928,1418.65935483176,2838.43388780019,687.783695126967,930.964160192298,1002.18781257686,2663.70626526854,292.558001689335,213.068037340595,54.6880935364612,109.433629054323,26.5062017171269,35.8785212258754,38.6756054038862,102.79533374031,19667.7360621741,14179.5351015778,3986.38024252804,7725.68895499008,2144.16705392368,2764.09036101593,2526.29639466466,6531.65381976283,755.66495881351,544.800439909425,154.995601970896,300.979702116131,83.9101729787601,108.270235784988,99.1362588066456,256.434020330615,0,0,8.73018229730524,17.3863816431662,4.88264236528038,6.35808239905415,6.17661866846479,16.057525987561,0,0,0,0,0,0,0,0,480.518810156883,373.482630396685,457.3998345386,993.895341257498,409.085902841545,597.194677070361,217.981617693788,620.72804449144,18.4622996398097,14.3497999679605,17.5826839649684,38.2013369377932,15.7046210066324,22.9266241281881,8.3758899434843,23.8514489117049,232.645794244485,180.231280894367,309.032468079259,689.801670641629,291.401773496651,423.317565542365,186.347759962326,532.668535807998,8.93862257906465,6.92477405973213,11.8784943100935,26.5109487878492,11.1866807817238,16.2509140678527,7.15759265389738,20.459727510929,0,0,45.9808413188275,104.588026583704,36.6920590796736,49.7207939291541,51.9874124558664,137.002530931421,0,0,0,0,0,0,0,0,1075.53846591829,503.498095163679,3592.55609294847,3864.25151014679
"262",2011,1943,21.75,2384.65642420539,1899.10638477818,614.798948050451,1142.43542943821,173.82998628805,215.207669355405,107.388930680619,263.053514873514,0,0,0,0,0,0,0,0,0,0,1.04405154995325,1.9764754551044,0.355990304375211,0.440364886678376,0.225203444255113,0.54808075679554,0,0,0,0,0,0,0,0,7621.13679286117,5545.3703754978,1414.67056165049,2823.47932944544,691.245932504531,933.875640778502,1012.34430936236,2698.39007788839,292.816263069432,213.06199781248,54.5344334578605,108.857237536993,26.6396633123613,35.9907829935769,39.0681815594683,104.135213875626,19649.5325185477,14153.2723635885,3967.10667795134,7669.81061733774,2150.13758043593,2767.21775335798,2548.55457958248,6610.42799659609,754.965567565621,543.79138296826,154.245599987626,298.799066595119,84.141105729777,108.387525194507,100.006223177045,259.511780450735,0,0,8.69195485932778,17.2670696236816,4.89922678265441,6.36887116386061,6.23497645150805,16.2594624078672,0,0,0,0,0,0,0,0,481.496433211502,373.821501922982,456.494642921451,989.263605689736,411.678955666527,599.666998468064,219.297551011718,626.325728958475,18.499861507813,14.3628199529933,17.5480114540731,38.0236284827789,15.8043699636844,23.0218821718509,8.42672014734746,24.067288126802,232.789408199621,180.1303392657,308.102882273623,685.716660622363,292.87857731438,424.372894500037,186.586325595397,535.087733204635,8.94414047457248,6.92089572033338,11.8428612203988,26.354209180283,11.2435457641239,16.2917220020977,7.16701173566942,20.553399076764,0,0,45.7696425767733,103.7974895115,36.761352506207,49.7023893595257,52.419461446329,138.452910763308,0,0,0,0,0,0,0,0,1080.73855198134,505.674426147336,3611.76825023313,3882.29615345458
"263",2011,1943,21.8333333333333,2371.4239584671,1888.22750348356,610.054317838606,1131.4310461066,173.319380017044,214.569922763416,107.298175373908,265.24470854069,0,0,0,0,0,0,0,0,0,0,1.03515837928541,1.95518526996562,0.355072936061954,0.439206492615903,0.224964865069615,0.552507142207026,0,0,0,0,0,0,0,0,7627.49928956654,5544.95771444952,1410.71250170152,2808.64562941132,694.603723493295,936.602377944013,1022.36183788274,2732.72621977207,293.060720367562,213.046142715091,54.3819454754724,108.285483177618,26.7690961498262,36.0959171785214,39.4553941327995,105.461689991636,19631.5140242413,14127.2369555005,3948.19947501456,7614.90130662454,2155.81656273677,2769.84648526935,2570.74408854974,6688.76903606931,754.273285873328,542.791060416547,153.509720671959,296.655976089946,84.3607396548798,108.48548840846,100.8735671025,262.572823998413,0,0,8.65404728473962,17.1491161094173,4.91509082624541,6.37842353996587,6.29302351710191,16.4602321050534,0,0,0,0,0,0,0,0,482.432781038376,374.135083186427,455.551405063175,984.596548713123,414.182528590149,602.008849312744,220.676215384124,632.023908882772,18.5358375151864,14.3748682456994,17.5118731251463,37.8445531158178,15.9006785768187,23.1121199742739,8.47995385066013,24.2869735880211,232.931686345328,180.02967357812,307.1656908496,681.649890764826,294.328879529391,425.392798080495,186.883375223544,537.603583501544,8.94960704576832,6.91702798304636,11.8069332992838,26.1981629179587,11.299389685198,16.3311617111266,7.17867333739899,20.6507731146159,0,0,45.5587026257822,103.012615896171,36.8279314710724,49.6789460794083,52.8515728262694,139.901425281473,0,0,0,0,0,0,0,0,1085.94898251579,507.852656918821,3631.03635317862,3900.33500932676
"264",2011,1943,21.9166666666667,2358.51447668576,1877.63305878607,605.470071821533,1120.82285021512,172.773200493311,213.866619804597,107.187778258828,267.287482825949,0,0,0,0,0,0,0,0,0,0,1.02649257191414,1.93452009827406,0.354075151772498,0.43790458392474,0.22470403574129,0.556694903156609,0,0,0,0,0,0,0,0,7633.5172251387,5544.30234706922,1406.78539246972,2793.93587816452,697.859577620221,939.151570600424,1032.25177146831,2766.7324890397,293.291939075942,213.020962452296,54.2306390878638,107.718486705223,26.8945971857975,36.1942017526871,39.83767991529,106.775444374164,19613.6716179108,14101.4208663752,3929.65022908412,7560.94032327294,2161.21318231853,2771.99542820187,2592.86015322339,6766.66939062684,753.587769432859,541.79916446101,152.787644587522,294.549639060156,84.5694277098467,108.564853201002,101.738105083769,265.616855353023,0,0,8.6165114571403,17.032582280715,4.93025596362427,6.38678608740163,6.35074927570839,16.6597972233454,0,0,0,0,0,0,0,0,483.329228364769,374.424013010878,454.575361909273,979.902190158658,416.599792668114,604.222661785675,222.109176662575,637.806512651422,18.5702804811483,14.385969390713,17.4744704626502,37.6644192183802,15.9936685884807,23.197431076975,8.53526722387284,24.5098883575457,233.071361560341,179.928563478386,306.220329663322,677.600204529724,295.749307602091,426.372644023577,187.237611482532,540.21368846016,8.95497360783996,6.91314317074715,11.7706888680833,26.0427656635645,11.3540830106793,16.3690553269429,7.1925274646037,20.7517571277937,0,0,45.3481002423035,102.233521200607,36.8917876210958,49.6505276413208,53.283681997112,141.347879699526,0,0,0,0,0,0,0,0,1091.16931875978,510.032642025045,3650.35733931932,3918.36583899554
"265",2012,1943,22,2345.84235625055,1867.20009459737,600.907845607309,1110.49807596333,172.189013902596,213.053965683758,107.076609539687,269.236417499894,0,0,0,0,0,0,0,0,0,0,1.01806025160107,1.91450533669217,0.352991832020725,0.436368693379202,0.224453955686572,0.560744630084917,0,0,0,0,0,0,0,0,7639.5015785935,5543.63296290258,1402.61682796256,2779.17726797884,700.993154458904,941.308988608135,1042.08940885653,2800.6577651827,293.521867505669,212.995243642155,54.070049663492,107.149615356292,27.0153827737624,36.2773809520124,40.2179398815939,108.086065476975,19596.6210803349,14076.2148840231,3910.71110996425,7507.43198783896,2166.2655803809,2773.03108519584,2615.08999970601,6844.80118814789,752.932677498089,540.830709795041,152.050650494988,292.461069798531,84.7647440500483,108.600799310539,102.607154596796,268.670206102047,0,0,8.57940218346654,16.917729832018,4.94458409867125,6.39250321082997,6.40858292870431,16.8597010917235,0,0,0,0,0,0,0,0,484.232418634995,374.713390783075,453.590139472828,975.229794036418,418.973464970888,606.212498559063,223.633551344965,643.828088718325,18.6049825212806,14.3970877466139,17.4367121040778,37.4851207502862,16.0849799951824,23.2741324011025,8.59408592773062,24.7419665969666,233.216622043899,179.833614487453,305.259755777001,673.569494424007,297.127789935016,427.208249208073,187.670391124097,543.02058402682,8.96055476447598,6.90949507811477,11.733857361367,25.8880903541545,11.4071622449233,16.40140304188,7.20939404022517,20.8602871929685,0,0,45.1381468902376,101.461745545487,36.9517247942176,49.6055482943682,53.718796452348,142.804444232318,0,0,0,0,0,0,0,0,1096.3673548794,512.200221661503,3669.61054133857,3936.27053836516
"266",2012,1943,22.0833333333333,2333.12993586412,1856.534362797,595.936869258209,1100.12088581014,171.546446038035,211.976081413957,107.02111488775,271.248769330455,0,0,0,0,0,0,0,0,0,0,1.00975151433023,1.895115487039,0.351791903581196,0.434285044190946,0.224325892740841,0.56498231441371,0,0,0,0,0,0,0,0,7646.52235955523,5543.72299238444,1397.35865754416,2763.86065267318,703.940364671962,942.379928428451,1052.11823892692,2835.34648106209,293.791617137636,212.998702718821,53.8675834480082,106.559317823904,27.1289824269983,36.3186802667861,40.6055567104077,109.426090411751,19582.3520232486,14052.8797925215,3888.95417154749,7452.77972631558,2170.72015864697,2770.83410213605,2638.04557738026,6925.34374109222,752.384454035722,539.934137761846,151.205449531466,290.329073794343,84.9367781319012,108.510322935619,103.504636432006,271.818260912979,0,0,8.54190802661145,16.8046124928302,4.95757114410465,6.3907428994661,6.46797330140314,17.0650985906436,0,0,0,0,0,0,0,0,485.288833778608,375.083110333583,452.628196772657,970.693449090324,421.421356618484,607.644913545289,225.3830047717,650.601181057537,18.6455717051373,14.411292962146,17.3998475674907,37.3110442583158,16.1791359123287,23.3294223316414,8.66154394667971,25.0028884182988,233.395884191001,179.765383008571,304.260245625128,669.557816782923,298.436580339154,427.566996378549,188.254613119947,546.359495957172,8.9674423189304,6.90687351503775,11.6955274467234,25.7341396596926,11.4575621260887,16.4154348537604,7.23207224459546,20.9892327296669,0,0,44.9294487816323,100.701618246214,37.003714472389,49.5059922083701,54.1668848494524,144.311011448729,0,0,0,0,0,0,0,0,1101.43845779895,514.309128459587,3688.40521562224,3953.65903397419
"267",2012,1943,22.1666666666667,2320.70106669188,1846.12734191952,591.134815952371,1090.10575127848,170.870366020197,210.857423894883,106.942186779214,273.112172573437,0,0,0,0,0,0,0,0,0,0,1.00151029620382,1.876196362914,0.350527425461672,0.432113504551492,0.224166492996627,0.568957749231836,0,0,0,0,0,0,0,0,7653.32906573998,5543.6563108748,1392.2158548093,2748.77485644608,706.801016658222,943.335106629489,1062.07473658782,2869.83280401409,294.053141674329,212.996140708585,53.6695308385099,105.977878797496,27.239242820648,36.3555109806457,40.9903719323964,110.758293589119,19568.1320733762,14029.667861224,3867.59717052296,7399.03640448391,2174.87309276494,2768.25398855286,2660.88578575408,7005.31991878707,751.838117048147,539.042297750639,150.375619884006,288.232267780826,85.0971212210522,108.40501403564,104.397682671136,274.94438548273,0,0,8.50359745192967,16.6920217413985,4.96990527871383,6.388085373011,6.52703173429434,17.2691498944474,0,0,0,0,0,0,0,0,486.300843425751,375.426992021,451.59370352559,966.101902609091,423.764555518136,608.944201232158,227.155036966498,657.36526103455,18.6844547584776,14.4245054456731,17.3601914069547,37.1348376676584,16.2692678073507,23.3795909914929,8.72986385916025,25.2634529952732,233.568519885485,179.691445221783,303.250034828613,665.551969348751,299.71699968352,427.882556638037,188.887316832694,549.76115138534,8.97407527415925,6.90403270649727,11.6567838951693,25.5804059388429,11.5068689881553,16.4278001906255,7.25660841225413,21.1205777290177,0,0,44.7208269044369,99.9467927474254,37.0528651227605,49.4026741833268,54.6145462858217,145.813433675935,0,0,0,0,0,0,0,0,1106.52037755794,516.420041815308,3707.24865428938,3971.02747187701
"268",2012,1943,22.25,2308.55189467152,1835.97453359785,586.496007593427,1080.44036792671,170.164329709704,209.703274595841,106.841074133173,274.832971547987,0,0,0,0,0,0,0,0,0,0,0.993370694197621,1.85776627660357,0.349201226144344,0.429862212873906,0.223974193986044,0.572673001424768,0,0,0,0,0,0,0,0,7659.90651141303,5543.42371036861,1387.17605589523,2733.89976181529,709.572718866293,944.171265355949,1071.96182233822,2904.11371455102,294.305857655537,212.98720382517,53.4754196878865,105.404528674411,27.3460724310185,36.3877490026524,41.3724981381035,112.082558990868,19553.975313559,14006.5876989778,3846.63660861048,7346.1927423608,2178.73669600146,2765.31062925867,2683.61121407209,7084.73597376119,751.294207624744,538.155520526937,149.561033457523,286.17030289821,85.2462475323661,108.285640621661,105.286315025916,278.048819231799,0,0,8.46475064878529,16.5801744768547,4.98158821439364,6.384561505809,6.58575313936913,17.4718465904839,0,0,0,0,0,0,0,0,487.270518173753,375.746038924822,450.498101900234,961.468247710674,426.008452318272,610.116943036944,228.945592339895,664.11551283835,18.7217112369597,14.4367637371134,17.3181832634841,36.9570042704329,16.3555827276179,23.4248914667793,8.79889001808561,25.5234756309008,233.734915845519,179.612666234881,302.228128075266,661.554512496721,300.966376305034,428.153660763988,189.566107896157,553.220887874489,8.98046848849806,6.90100589131798,11.6175884679676,25.4269877150756,11.5549802637723,16.4384504388476,7.28291050975348,21.2541430098204,0,0,44.5122349151413,99.197352854656,37.099209304294,49.2957074811474,55.061759928756,147.311647157786,0,0,0,0,0,0,0,0,1111.61266063392,518.532819257801,3726.13700102958,3988.37353130054
"269",2012,1943,22.3333333333333,2296.67826689598,1826.07124943518,582.014893995876,1071.11271408031,169.431659389783,208.51853482223,106.718978846169,276.417313661943,0,0,0,0,0,0,0,0,0,0,0.985359412901397,1.83983704270446,0.34781692645943,0.42753943518639,0.223748134851073,0.576131763857264,0,0,0,0,0,0,0,0,7666.24290373526,5543.01844884539,1382.22853757411,2719.21859730366,712.253579223553,944.886207486758,1081.78227387029,2938.18661723466,294.549311981521,212.971633029366,53.2848405026321,104.838625913103,27.4493988893789,36.4153108651435,41.7520424517427,113.398786894292,19539.8931574993,13983.6460435157,3826.06820736456,7294.23811586472,2182.3226091713,2762.02275289105,2706.22247031054,7163.59783651746,750.75316430238,537.274064965048,148.761531834288,284.142777898987,85.3846054929248,108.152926253217,106.170555847366,281.131789057271,0,0,8.42559444106623,16.4692418975062,4.99262663790551,6.38020265522807,6.64413499701262,17.6731840732162,0,0,0,0,0,0,0,0,488.199736622904,376.041159000661,449.351221298432,956.803642015629,428.157829052579,611.168957374809,230.751094362509,670.84765501932,18.7574133194095,14.4481027215734,17.2742008574616,36.7779730294018,16.4382643600714,23.4655475416924,8.86848517381315,25.7827921384277,233.895377521955,179.529750341725,301.194281813763,657.568130208748,302.182604903615,428.379462110289,190.288396817485,556.733878880928,8.98663369786248,6.8978201295961,11.5779318121456,25.2739882647584,11.6018151416715,16.4473532382274,7.31087903339556,21.3897431425638,0,0,44.3036652145667,98.4533991702505,37.1427757349117,49.1852020050857,55.5085013128302,148.805582482789,0,0,0,0,0,0,0,0,1116.71487420511,520.647323697577,3745.06671282487,4005.69508953533
"270",2012,1943,22.4166666666667,2285.07580095021,1816.41266597003,577.686064666459,1062.11107454269,168.675457345788,207.30774869583,106.577057916384,277.871152176542,0,0,0,0,0,0,0,0,0,0,0.977497117412266,1.82241521563956,0.346378657289342,0.425153380083923,0.223488010523214,0.579338994860173,0,0,0,0,0,0,0,0,7672.32926181674,5542.43580550853,1377.36403207783,2704.71740886476,714.842153369206,945.478633061278,1091.53867006015,2972.04920569144,294.783159592128,212.949246940619,53.0974393792089,104.279636804101,27.549166998707,36.438147462405,42.1291043747637,114.706888685651,19525.8947998173,13960.8480919707,3805.88705857842,7243.16085528441,2185.64185495019,2758.40803472454,2728.72019534521,7241.91117563758,750.215340357283,536.398130746974,147.976932065395,282.149250669195,85.5126198345403,108.007553993411,107.050428696822,284.19351169727,0,0,8.3863122587465,16.3593583618388,5.00303070513876,6.37504018159394,6.70217676108246,17.8731606852329,0,0,0,0,0,0,0,0,489.090210957747,376.313180434316,448.161507255841,952.117612327978,430.216940628527,612.105430219334,232.568390859069,677.557878819766,18.7916267906938,14.4585542192758,17.2285687721205,36.5981102709665,16.517476156795,23.5017587060446,8.93852837355131,26.0412564739485,234.050149722251,179.443271005984,300.148812779791,653.595532358107,303.364063600994,428.559462985658,191.051486694464,560.295254492287,8.99258030815219,6.8944974547227,11.5378261072243,25.1215118649787,11.6473113810207,16.4544896499016,7.34041037495519,21.5271910783957,0,0,44.0951396999986,97.7150428153395,37.1835910705598,49.0712652780314,55.9547435202826,150.295166841073,0,0,0,0,0,0,0,0,1121.82660433766,522.763422952616,3764.0345194888,4022.99019545518
"271",2012,1943,22.5,2273.73994456409,1806.99387030873,573.504252423031,1053.42404700893,167.898624103288,206.075133685737,106.416426513606,279.200254740909,0,0,0,0,0,0,0,0,0,0,0.969799637586691,1.8055031871281,0.344890849251758,0.422712078440922,0.223193945960624,0.582300609121975,0,0,0,0,0,0,0,0,7678.15888748643,5541.67268038216,1372.57452545158,2690.38455726383,717.337389759833,945.947983668949,1101.23336539345,3005.69936612996,295.007143132916,212.919926452897,52.9129103078515,103.727116232876,27.6453366301314,36.4562380930768,42.5037747983356,116.006783151991,19511.9876277814,13938.1977995908,3786.08776192435,7192.94850504512,2188.70490151912,2754.48321183903,2751.1050684849,7319.68144687994,749.681019624392,535.527869839509,147.207031980061,280.18924827392,85.6306940406746,107.850170837418,107.92595858048,287.234195661479,0,0,8.34705290020591,16.2506290683875,5.01281292325033,6.36910515069261,6.75987935128827,18.0717769933484,0,0,0,0,0,0,0,0,489.943511964393,376.562865742591,446.936246116106,947.418340078308,432.189597228093,612.931034728654,234.394695326267,684.242783122637,18.8244120029262,14.4681475273354,17.1815670762887,36.4177306422079,16.5933644965026,23.5337047454538,9.00891270789606,26.2987382391041,234.199433132495,179.353697483669,299.092439183633,649.639387974345,304.509531536895,428.693447742474,191.852640129931,563.900187188921,8.99831603005353,6.8910558962639,11.4972989650241,24.9696612298814,11.6914221461116,16.45985158187,7.37139938846255,21.6663014349403,0,0,43.8867020798845,96.9824006420347,37.2216811544551,48.9540031654994,56.4004581176471,151.780325769226,0,0,0,0,0,0,0,0,1126.9474539384,524.880989226597,3783.03738308599,4040.25704395704
"272",2012,1943,22.5833333333333,2262.66601170084,1797.80988876526,569.464339220865,1045.04055386851,167.10386616704,204.824594083653,106.238158868618,280.410203960409,0,0,0,0,0,0,0,0,0,0,0.962278640932032,1.78909981032657,0.343358115385506,0.420223312869387,0.222866424721748,0.585023297544711,0,0,0,0,0,0,0,0,7683.7270693266,5540.72736820999,1367.85314187337,2676.21043094615,719.738600914313,946.294353941626,1110.86847648832,3039.13513067792,295.22108158368,212.883606047528,52.7309907569157,103.180696689203,27.737881621429,36.469587071407,42.8761354816583,117.298394686818,19498.1774509346,13915.6980473878,3766.664508539,7143.58797965633,2191.52169253968,2750.26413790652,2773.37780850342,7396.91391624222,749.15042531993,534.663392935578,146.451613403325,278.262272978241,85.7392114993672,107.681389817701,108.797172003067,290.254042145062,0,0,8.30793537216521,16.1431342872438,5.02198756635475,6.36242817507364,6.81724485704426,18.2690353787716,0,0,0,0,0,0,0,0,490.761082360637,376.790919405327,445.681691629466,942.712820068842,434.079211160848,613.649998123531,236.227553935274,690.899338688076,18.8558243876309,14.4769097129943,17.1334361827163,36.2371032042229,16.6660604821887,23.5615483074999,9.0795440436002,26.5551213078608,234.343393322476,179.261409732122,298.026188502531,645.702286460587,305.618140531278,428.781445033611,192.689120279034,567.543944241287,9.00384722502839,6.88751005278823,11.4563898874529,24.818536020109,11.7341141494598,16.4634403361887,7.40374096491469,21.8068925040188,0,0,43.678413488056,96.2555924137789,37.2570716902253,48.8335202197171,56.8456157164341,153.260984226033,0,0,0,0,0,0,0,0,1132.07704179628,526.999898882158,3802.07247598633,4057.49396272896
"273",2012,1943,22.6666666666667,2251.84922301915,1788.85571782418,565.561358306292,1036.94984600346,166.293708901071,203.559742821275,106.043290209222,281.506402655576,0,0,0,0,0,0,0,0,0,0,0.95494244553016,1.77320114523688,0.341785118913233,0.417694545935609,0.222506204653897,0.587514317801406,0,0,0,0,0,0,0,0,7689.03072443184,5539.59928835079,1363.19399809485,2662.18710169377,722.045422743357,946.518382376822,1120.44587236084,3072.35461973974,295.424856494266,212.840263415347,52.5514561163578,102.640075087468,27.8267882184092,36.4782195467816,43.2462586739309,118.581651074303,19484.4687802813,13893.3508436351,3747.61117713965,7095.06574014269,2194.10169171889,2745.76586216489,2795.5391749257,7473.61369223805,748.623730768201,533.80477719609,145.710445862927,276.367809070321,85.838537215375,107.50179303882,109.664097032635,293.253246299698,0,0,8.26905474527929,16.0369344630784,5.03056998265142,6.35503923812744,6.87427619999055,18.4649395629273,0,0,0,0,0,0,0,0,491.54425390916,376.997997292403,444.403221560416,938.00705508342,435.888855525507,614.266182600184,238.064803387111,697.524842322127,18.88591511326,14.4848659758218,17.0843828588011,36.056458902975,16.7356821920557,23.5854380069584,9.15033940503592,26.8103020669031,234.482171248819,179.166716320786,296.951293002133,641.78669701457,306.689316878888,428.823682314011,193.558233600479,571.221941155952,9.0091793088616,6.88387178002686,11.4151462527904,24.6682312833607,11.7753654159135,16.4652648581388,7.4373316720022,21.9487882987417,0,0,43.4703473878627,95.5347376857736,37.2897889924777,48.7099200895397,57.2901865966076,154.737067780888,0,0,0,0,0,0,0,0,1137.21500119364,529.120032102623,3821.13715296947,4074.69939517987
"274",2012,1943,22.75,2241.28473680022,1780.12634770307,561.790495215498,1029.14150437204,165.470507235199,202.283919762262,105.83281821637,282.494077876055,0,0,0,0,0,0,0,0,0,0,0.947796627942663,1.75780101898349,0.340176486699146,0.415132878902968,0.222114255668582,0.58978133838699,0,0,0,0,0,0,0,0,7694.06812695513,5538.28878088195,1358.59208187341,2648.30805569522,724.257781246174,946.621165744132,1129.96717577925,3105.3560096871,295.61840155487,212.789911622671,52.3741150557143,102.105002472577,27.9120537985412,36.4821782257717,43.6142071627279,119.856482246633,19470.8650400003,13871.1574758712,3728.92140967687,7047.36792845259,2196.45391860775,2741.00269176848,2817.58996587477,7549.78574677332,748.101067535942,532.952072090182,144.983289507493,274.505328061815,85.9290191841896,107.31193407199,110.52676322933,296.231998058123,0,0,8.23048647676173,15.9320739478394,5.03857615199673,6.34696759913739,6.93097688674644,18.6594942663021,0,0,0,0,0,0,0,0,492.294260649326,377.184713713349,443.105461235519,933.306205097813,437.621311270151,614.783146375986,239.904536314824,704.116879813896,18.9147315935795,14.4920399185725,17.0345849687767,35.8759962979357,16.8023364855365,23.605510769181,9.22122564538663,27.0641879925579,234.615890369703,179.069867739399,295.869114921098,637.894944513891,307.722734657942,428.820551259114,194.457359056497,574.929775789184,9.01431702501972,6.88015070219595,11.3736204409486,24.5188365269178,11.8151634889335,16.4653404051732,7.47207087380307,22.0918198591627,0,0,43.2625858979287,94.8199536689102,37.319860432926,48.5833057480104,57.7341411467299,156.208503452017,0,0,0,0,0,0,0,0,1142.3609788177,531.241272639166,3840.22892945153,4091.87188755883
"275",2012,1943,22.8333333333333,2230.96767442865,1771.61678154659,558.147087574994,1021.60543916679,164.636455645397,201.000208797074,105.607704323243,283.378284780763,0,0,0,0,0,0,0,0,0,0,0.940844521773962,1.74289148603522,0.338536747750021,0.412545028016968,0.221691709500683,0.591832312175425,0,0,0,0,0,0,0,0,7698.83868295901,5536.79693847073,1354.04314280814,2634.56796547609,726.375862347984,946.604185893963,1139.43377124212,3138.13751383591,295.801693945466,212.732592651523,52.1988053548279,101.57527528951,27.9936857147974,36.4815205687557,43.9800345772015,121.122819551895,19457.3687432915,13849.1186363183,3710.58867533703,7000.48047795018,2198.58698065899,2735.98824670327,2839.5310141688,7625.43493051841,747.582532188612,532.105304213975,144.269897576607,272.674292966144,86.0109896214096,107.112340063088,111.385201504588,299.190482742252,0,0,8.19228991940414,15.8285840062818,5.04602237413875,6.33824174107038,6.98735081285277,18.852704940914,0,0,0,0,0,0,0,0,493.012250178654,377.35164722425,441.792389616836,928.614712504217,439.279108115866,615.204194012414,241.745070561929,710.673293335794,18.9423179211219,14.498453770296,16.9841955454955,35.6958863703682,16.8661205740038,23.6218937623321,9.29213826664557,27.3166963990365,234.744661913856,178.971067224328,294.781088465727,634.029194888579,308.7182754361,428.772579042795,195.383969155308,578.663250901134,9.0192646470941,6.87635462796147,11.3318676042189,24.3704351544282,11.8535038825595,16.4636874412634,7.50786153738684,22.2358261145378,0,0,43.0552168966786,94.1113536475583,37.3473147199123,48.4537796222935,58.1774501991617,157.675220343652,0,0,0,0,0,0,0,0,1147.51463380598,533.363507596383,3859.34546288869,4109.01007819943
"276",2012,1943,22.9166666666667,2220.89314188136,1763.32205142243,554.626624062189,1014.33188727154,163.7935975308,199.711453911757,105.368874909815,284.163910464968,0,0,0,0,0,0,0,0,0,0,0.934087641224864,1.72846321887013,0.336870285862969,0.409937310063747,0.221239817583929,0.593675370259092,0,0,0,0,0,0,0,0,7703.34273837107,5535.12546382773,1349.54359463686,2620.96249367694,728.400083850036,946.469245847712,1148.84681609628,3170.6973701728,295.974746957144,212.668371922769,52.0253901718129,101.050727871817,28.0717002203098,36.4763163417708,44.3437858123554,122.380595281565,19443.981642564,13827.234528322,3692.60632532662,6954.3892061182,2200.50910242912,2730.73550908481,2861.36318290445,7700.56598552406,747.068192060868,531.264481380175,143.57001851635,270.874161890693,86.0847660818728,106.903513624372,112.239443958919,302.128881561963,0,0,8.15451128558077,15.726485342945,5.05292502348554,6.32888933521918,7.04340210319483,19.0445775531864,0,0,0,0,0,0,0,0,493.699293517973,377.499345566951,440.467431618742,923.93640962709,440.864560601491,615.532419025707,243.584921844617,717.192152638391,18.9687152462211,14.50412857611,16.933346334408,35.5162766520025,16.9271234043273,23.6347060337841,9.36302036953196,27.5677533323727,234.86858900474,178.870479862172,293.688673320848,630.19144592468,309.675993330929,428.680403799623,196.335645442999,582.418389440141,9.02402613725871,6.87248990021433,11.2899438803531,24.2231041113855,11.8903887390643,16.460330692346,7.54461082640412,22.3806544668287,0,0,42.8483316343172,93.4090457359394,37.3721820911718,48.3214436724307,58.6200852951273,159.137150151853,0,0,0,0,0,0,0,0,1152.67563689218,535.4866272445,3878.48453664055,4126.11268828448
"277",2013,1943,23,2211.09801528925,1755.17620783724,550.962926013275,1007.08528886591,162.928385903849,198.287425727086,105.158288814282,285.057387661447,0,0,0,0,0,0,0,0,0,0,0.927496369462488,1.71439572699123,0.335150669348048,0.407043305779319,0.220837705600274,0.595711369696177,0,0,0,0,0,0,0,0,7708.16167998217,5533.72483376056,1344.51812667242,2606.89416136992,730.264516176261,945.585531660107,1158.35736335656,3203.86843512296,296.159898400145,212.614557475743,51.8317618185776,100.508383502584,28.1435565557758,36.4422545112217,44.7112833518122,123.661909994081,19432.0499637478,13806.4502920946,3673.43449957645,6907.53786861276,2202.02308335617,2723.42795173652,2883.51602570211,7777.51585130595,746.609771260085,530.465917388537,142.824459479222,269.044925172394,86.1426322058625,106.614337832289,113.106263522441,305.138588173894,0,0,8.11693586820913,15.6247810182938,5.05883714729962,6.31470183162685,7.1001158028625,19.2405181752065,0,0,0,0,0,0,0,0,494.426261050762,377.665467856161,439.126710600103,919.219171137382,442.404708505989,615.39171908522,245.511563196687,724.16725445599,18.9966465221843,14.5105112594283,16.8818892839722,35.3351642520854,16.9863832591523,23.6295064695653,9.43723209560545,27.8363228248816,235.00529570074,178.782605455961,292.571318330513,626.33115227703,310.567962178577,428.256737393791,197.361606414832,586.526773185321,9.0292786399787,6.86911362457598,11.2470596172227,24.0749009294389,11.9247458529139,16.4442390817106,7.58420909616811,22.5390387773748,0,0,42.6412732936527,92.7076259374252,37.3910602764527,48.1540658687725,59.0686547315556,160.633635500423,0,0,0,0,0,0,0,0,1157.80556708324,537.599575716986,3897.50240870606,4143.08914769086
"278",2013,1943,23.0833333333333,2201.58676419183,1747.11959404858,546.983159893899,999.706201450483,162.02702823281,196.644586011041,105.001311033408,286.186638765873,0,0,0,0,0,0,0,0,0,0,0.920924250508104,1.70051843780671,0.333360240318298,0.403695335494916,0.220539086766105,0.598204014967596,0,0,0,0,0,0,0,0,7713.76932417886,5532.95018808999,1338.60883012756,2592.00594635874,731.925313985356,943.536778914694,1168.08950422693,3238.3037740491,296.375353057755,212.58479435029,51.6041558032507,99.9345019810737,28.2075648486873,36.3632920139942,45.0873097051773,124.991931891388,19422.4768856939,13787.3968901721,3652.01708515304,6858.84986988368,2202.96057526345,2712.8257900563,2906.27483596114,7857.84101622575,746.241971336526,529.733854829441,141.992588213552,267.145035798665,86.178018594354,106.196280540121,113.996806688994,308.280486438454,0,0,8.07841814398324,15.5219982959579,5.06344273054193,6.29284581733261,7.15819965963464,19.4442839631314,0,0,0,0,0,0,0,0,495.240290579213,377.876256030227,437.734301859955,914.400882455833,443.906460647322,614.516143886721,247.578178716119,731.887517318866,19.0279228586579,14.5186100774896,16.8284445181905,35.1501623933766,17.044165535676,23.5960834458811,9.51681654804809,28.133501204205,235.166411357112,178.715260504266,291.412479363758,622.404649645784,311.377763285824,427.300047912512,198.495001472183,591.207877835978,9.03546897365956,6.86652612342184,11.2025791735185,23.9241475868218,11.9559448442891,16.4076742140838,7.62792958814606,22.7194078107965,0,0,42.4333991120978,92.0030595293107,37.4014858092134,47.9297335259922,59.5277458300229,162.191400388994,0,0,0,0,0,0,0,0,1162.8779882042,539.694767330975,3916.295865021,4159.86363364921
"279",2013,1943,23.1666666666667,2192.27717609834,1739.25013043044,543.141761536867,992.580960261128,161.116213696405,195.017475532796,104.826213898812,287.200680883532,0,0,0,0,0,0,0,0,0,0,0.914393468891094,1.68699248260653,0.331552784075732,0.400374401421784,0.220208764651495,0.600472300023749,0,0,0,0,0,0,0,0,7719.17681105122,5532.03434493194,1332.81357642402,2577.33430095584,733.496086481099,941.422210933589,1177.78905631578,3272.57940199176,296.583117350878,212.54960619157,51.380916415551,99.3689408533427,28.2681037011109,36.2817928097084,45.4620681614333,126.315777982487,19412.9393824443,13768.4396761352,3631.00759283405,6810.98806632815,2203.66984556733,2702.1097258722,2928.89591378398,7937.49276589686,745.875538009189,529.005487970606,141.176402655421,265.277174571659,86.2045495653007,105.773854769388,114.882032535115,311.396231299335,0,0,8.03917873391019,15.4197101869226,5.06753264237444,6.27068807214443,7.21596640224673,19.6465456881132,0,0,0,0,0,0,0,0,496.020856968827,378.068097046294,436.29453623359,909.572952415097,445.323959413417,613.562183552649,249.627890352429,739.477246590535,19.0579134875196,14.5259809154529,16.773177019654,34.9647839171767,17.0987095861562,23.559644732491,9.59574784967627,28.4256585650518,235.322297770558,178.643669171814,290.24900580923,618.501589325078,312.15519921844,426.30925183711,199.64478402564,595.873061153513,9.04145839122062,6.86377546953714,11.1579185999653,23.7742898496686,11.9858980176939,16.3697936306137,7.67227561559844,22.8991562025812,0,0,42.2258623404395,91.3047684947916,37.4093852554718,47.7046218822515,59.9859009398337,163.742117298114,0,0,0,0,0,0,0,0,1167.958580856,541.791075139148,3935.10553533166,4176.58327377451
"280",2013,1943,23.25,2183.16790512563,1731.56561210011,539.434088679919,985.701296822847,160.198212405153,193.407878671128,104.634187944971,288.105370973174,0,0,0,0,0,0,0,0,0,0,0.907934320720805,1.67382711618107,0.329729416431123,0.397083057477976,0.219846910120176,0.602522651487753,0,0,0,0,0,0,0,0,7724.36533049607,5530.96523164399,1327.12087735172,2562.86086572124,734.975130304579,939.238049757763,1187.451812745,3306.67688080557,296.78246856527,212.508529149354,51.1616047913728,98.8109970765362,28.3251077060278,36.1976119561614,45.8353975009958,127.632740102104,19403.4539160508,13749.5891805903,3610.40188083461,6763.94399294837,2204.16146171502,2691.29189650327,2951.38324027702,8016.48753876001,745.511103779916,528.281221414646,140.375749826898,263.441021969394,86.2226330882156,105.347530306311,115.762094316024,314.486458790342,0,0,7.99948330347704,15.3181128447231,5.07110478151702,6.2482394138982,7.27341377734053,19.8473089517615,0,0,0,0,0,0,0,0,496.769339309018,378.241606815077,434.816131010788,904.743394827349,446.660455364873,612.534226298896,251.660914902305,746.943467455944,19.0866713955906,14.5326474375927,16.7164217188259,34.779336868768,17.1501402729513,23.5203590932379,9.67403445696496,28.7130649601659,235.473937804269,178.568987062338,289.081042669368,614.625277729666,312.900268516736,425.287010132835,200.809172283516,600.518001927156,9.04728465583973,6.8609060630652,11.1130835150491,23.6254549676315,12.014605393904,16.3306997552369,7.71717882996086,23.0781182507237,0,0,42.0186190115916,90.6127772718845,37.414812946228,47.4788365423068,60.4431328676015,165.285863502137,0,0,0,0,0,0,0,0,1173.04700919987,543.888395801884,3953.92853584628,4193.24692341419
"281",2013,1943,23.3333333333333,2174.25719533276,1724.06354543694,535.85558754948,979.05907632867,159.275112429328,191.817374675133,104.426367477201,288.90632754379,0,0,0,0,0,0,0,0,0,0,0.90157059500368,1.66102771053897,0.327891951956399,0.393823937882895,0.219454089439536,0.604362180630856,0,0,0,0,0,0,0,0,7729.32018350218,5529.73375386614,1321.52100255213,2548.57071828018,736.361512829445,936.982055152912,1197.07406049654,3340.57960641005,296.972841941413,212.461213803787,50.9458492634482,98.2600992704851,28.3785410750299,36.1106635513311,46.2071554176691,128.942180356172,19394.0337406422,13730.853677286,3590.19504304022,6717.70784784509,2204.44532319284,2680.38343045154,2973.74038050064,8094.84032897962,745.149177897099,527.56137305208,139.590446994413,261.636206366164,86.2326514203684,104.9177379677,116.637129188729,317.551749158243,0,0,7.95954640283733,15.2173607390164,5.07416233425913,6.22551240327901,7.3305405979944,20.0465791744218,0,0,0,0,0,0,0,0,497.486957501219,378.397320087977,433.306507766055,899.918855206625,447.918848760627,611.436062059654,253.677433447029,754.2924244303,19.1142434534358,14.5386301899127,16.6584638006048,34.5940767442785,17.1985689984883,23.478372282279,9.75168344850961,28.9959604398545,235.622097473695,178.492130837318,287.909110268666,610.778612806072,313.613009840366,424.235651540013,201.986468433001,605.139116042982,9.05297719905841,6.85795312360581,11.0680939501758,23.4777544785922,12.0420685328125,16.2904822513961,7.76257411239392,23.2561565655089,0,0,41.8116613040045,89.9271254559282,37.4178170459717,47.2524746817395,60.8994492165763,166.822705581174,0,0,0,0,0,0,0,0,1178.14295087038,545.986629205994,3972.76219648395,4209.85356213949
"282",2013,1943,23.4166666666667,2165.5429671741,1716.74121607783,532.401805250519,972.646323830746,158.348836268253,190.247359124351,104.203834908701,289.608943743611,0,0,0,0,0,0,0,0,0,0,0.895320895224239,1.64859656732886,0.32604264469783,0.390599649169572,0.2190311585315,0.605998462593909,0,0,0,0,0,0,0,0,7734.02999992723,5528.33320842653,1316.00569657391,2534.45168672475,737.654903564292,934.653170317514,1206.65249179063,3374.27261054055,297.153800620257,212.407402608288,50.7333345459661,97.7157814177767,28.4283911648635,36.0209071408476,46.5772151229221,130.243523538001,19384.6895062791,13712.239621548,3570.38158652431,6672.26883124656,2204.53074929952,2669.39460137561,2995.97054883927,8172.56487876322,744.790169556691,526.846190906717,138.820288516475,259.862317137127,86.2349644948329,104.484875545622,117.507260751046,320.592634310649,0,0,7.91954216207858,15.1175757220448,5.07671218326753,6.20252079349246,7.38734643977891,20.2443615202103,0,0,0,0,0,0,0,0,498.17480189034,378.535708772437,431.772016061493,895.104888661743,449.101768383598,610.271041916138,255.677596563709,761.529674944589,19.1406715538514,14.5439473038515,16.5995472891079,34.4092171579029,17.2440967339384,23.4338131708838,9.82870072506467,29.2745586454604,235.767372760664,178.413826459941,286.733980353286,606.964115228809,314.293504842308,423.157220833695,203.175068521803,609.733446817279,9.05855891945488,6.85494454382551,11.02297959386,23.3312854122697,12.0682906427492,16.2492198715666,7.80839995194755,23.4331578547185,0,0,41.6050080212317,89.2478620147415,37.4184417070667,47.0256268053903,61.3548536265935,168.352701747323,0,0,0,0,0,0,0,0,1183.24609520802,548.085677989311,3991.60402826649,4226.40227181369
"283",2013,1943,23.5,2157.02287624938,1709.59573501263,529.068397344882,966.455240604484,157.421152948006,188.699059720168,103.967623758805,290.218396676584,0,0,0,0,0,0,0,0,0,0,0.889199514738672,1.63653346361757,0.324184036751075,0.387412713004136,0.218579195221841,0.607439393501908,0,0,0,0,0,0,0,0,7738.48621325717,5526.75888958638,1310.56797497183,2520.49388236164,738.855466168015,932.251289018667,1216.18414907896,3407.74242582143,297.325015462633,212.346914760848,50.5237939395135,97.1776649639373,28.4746643301449,35.9283387816611,46.9454632388138,131.536251969039,19375.4296647432,13693.7519443009,3550.95555355306,6627.61537121955,2204.42653810373,2658.3349305718,3018.07665188165,8249.67381187409,744.434403493294,526.135864432428,138.065050551155,258.11891338751,86.2299121954122,104.049311764642,118.37260070649,323.609602981041,0,0,7.8796112461216,15.0188528436823,5.07876397195676,6.17927918933255,7.44383145368028,20.4406609022159,0,0,0,0,0,0,0,0,498.833853181784,378.657193924074,430.218088467993,890.306142452658,450.211620411816,609.042173763855,257.661528070391,768.660161745794,19.1659933771086,14.5486149570392,16.5398809970218,34.2249368503689,17.2868158974568,23.3867974254158,9.90509115337175,29.5490495897165,235.91022022205,178.334641447261,285.556599170931,603.183960504532,314.94187885044,422.05351866176,204.373465191856,614.298579001402,9.06404735867821,6.8519021286369,10.9777768385775,23.1861315261134,12.0932766061386,16.2069819849214,7.85459854947181,23.6090296183471,0,0,41.3986985326009,88.5750417922631,37.4167283228737,46.7983778558118,61.8093465621798,169.875903298163,0,0,0,0,0,0,0,0,1188.35614206262,550.185447238956,4010.45170153161,4242.8922230683
"284",2013,1943,23.5833333333333,2148.6943591219,1702.62407472936,525.851134408644,960.478218075463,156.493687124,187.173548424949,103.718720731617,290.739653536275,0,0,0,0,0,0,0,0,0,0,0.883217114987202,1.62483607903383,0.322318844324845,0.38426552417068,0.218099446727197,0.608693077757086,0,0,0,0,0,0,0,0,7742.68265346419,5525.00778378208,1305.20196411703,2506.68933807696,739.963775078839,929.777075469086,1225.66638337692,3440.97698063837,297.486249406205,212.279634475532,50.3170032069014,96.6454449633277,28.5173827211357,35.8329841290536,47.3117982020428,132.819901480186,19366.260784212,13675.3942798939,3531.91061805099,6583.73529982232,2204.14101061805,2647.21326398893,3040.06132158037,8326.17873900901,744.082132070446,525.430533266594,137.3244947764,256.405530763523,86.2178160610701,103.61138925537,119.233250152002,326.603104804723,0,0,7.83986620209718,14.9212648058649,5.0803294022494,6.15580278222034,7.49999622467062,20.6354820031246,0,0,0,0,0,0,0,0,499.46499783817,378.762154994543,428.649361486316,885.526496158967,451.250625286668,607.752193431024,259.629328066043,775.688271054436,19.1902429825206,14.5526477286148,16.4796431662595,34.0413850702396,17.3268117712619,23.3374302419439,9.98085868289,29.8196018901759,236.050980718345,178.255009992631,284.378028415598,599.440005472128,315.558301330306,420.926134095655,205.580249356135,618.832569894583,9.06945561313755,6.84884256044278,10.9325265132862,23.0423643251248,12.11703299696,16.163829825767,7.90111588114328,23.7836975007904,0,0,41.1927880865466,87.9087228057856,37.4127164622732,46.5708080380952,62.2629259293776,171.392355763036,0,0,0,0,0,0,0,0,1193.47280091037,552.285844277356,4029.30302951297,4259.32266538975
"285",2013,1943,23.6666666666667,2140.55467949387,1695.82310511663,522.745906305612,954.707847779276,155.567929901405,185.671755353345,103.458068346211,291.177480496583,0,0,0,0,0,0,0,0,0,0,0.877381418842108,1.61350043026122,0.320449848036921,0.38116031333974,0.217593277787413,0.609767718627499,0,0,0,0,0,0,0,0,7746.61512807279,5523.07825763012,1299.90273439649,2493.03164332002,740.980730311086,927.231784758454,1235.09680974338,3473.96547360507,297.637341369359,212.205498995135,50.1127741963838,96.1188760957208,28.5565810108622,35.7348915443685,47.6761285588394,134.094056610234,19357.1878737254,13657.1691995487,3513.24018144362,6540.61602614981,2203.68205961944,2636.03785421389,3061.92695128751,8402.09037555737,743.733547747124,524.73029619953,136.598372090419,254.72168814945,86.1989811684043,103.171427719857,120.089300976416,329.573554872214,0,0,7.8003969118749,14.8248664889701,5.08142153970309,6.13210708851343,7.55584163424002,20.8288293001218,0,0,0,0,0,0,0,0,500.069043960604,378.850939098913,427.069801012691,880.769204120741,452.220855306414,606.403634775704,261.581076306155,782.617896672281,19.2134514186256,14.5560589552943,16.4189862833894,33.8586870427842,17.3641639464696,23.285809041674,10.0560064755258,30.0863652316238,236.189903525322,178.175258647757,283.199388582408,595.733817581645,316.142985449904,419.776477793607,206.794110176428,623.333878474982,9.07479326041091,6.84577838588173,10.8872717083907,22.9000441885529,12.1395680638827,16.1198177659583,7.94790169680886,23.9571025672261,0,0,40.9873431589465,87.2489636399343,37.4064447719802,46.3429936538998,62.7155877023149,172.902100104446,0,0,0,0,0,0,0,0,1198.59578989188,554.38677843498,4048.15595085139,4275.69291670901
"286",2013,1943,23.75,2132.60096401048,1689.18962118229,519.748724701225,949.136927720062,154.645248023058,184.194480556298,103.186567050213,291.536450117602,0,0,0,0,0,0,0,0,0,0,0.871697735146803,1.60252120377621,0.318579822389561,0.378099128087829,0.217062133030078,0.610671538186689,0,0,0,0,0,0,0,0,7750.2811004719,5520.9698191737,1294.66616443413,2479.51566331352,741.907494723324,924.617129383457,1244.47327510956,3506.69827106383,297.778193891444,212.124489417889,49.9109496502989,95.5977619086305,28.5923039846884,35.634126970617,48.0383717332588,135.358346685936,19348.2146326197,13639.078390088,3494.93744733772,6498.24466690469,2203.05718746809,2624.81642296748,3083.67572338519,8477.41863674795,743.388792661402,524.035218041539,135.886425496312,253.066892724843,86.1736975889682,102.729726344557,120.9408369322,332.5213374051,0,0,7.76127464243266,14.7296982689471,5.08205435431865,6.10820776491907,7.61136876632507,21.0207071125227,0,0,0,0,0,0,0,0,500.646733447656,378.923867864705,425.482801200238,876.037001989515,453.124261097423,604.998876406301,263.516835021275,789.452495278584,19.2356471903553,14.5588609945214,16.3580408742283,33.6769480614283,17.3989473406896,23.2320252684026,10.1305370140101,30.3494724903354,236.32716429479,178.095625883941,282.021820141058,592.066703601441,316.696186714533,418.605810774812,208.01383255289,627.801304963994,9.08006704932601,6.84271876740246,10.842056284487,22.7592214737439,12.1608916778751,16.0749944193621,7.99490942288267,24.1291989809198,0,0,40.782438095773,86.5958216887318,37.3979515465128,46.1150076885307,63.1673263807807,174.405173595611,0,0,0,0,0,0,0,0,1203.72483508069,556.488160893268,4067.0085162656,4292.00235604727
"287",2013,1943,23.8333333333333,2124.83023251019,1682.72036631383,516.855724332156,943.758466271074,153.726892359945,182.742404819684,102.905077140864,291.820948367047,0,0,0,0,0,0,0,0,0,0,0.866169398020848,1.59189203568121,0.316711483283665,0.375083822124918,0.216507506536948,0.611412712658511,0,0,0,0,0,0,0,0,7753.67941784778,5518.68291684339,1289.48882274962,2466.13730370099,742.745442060945,921.935169857184,1253.79383147118,3539.16681303271,297.90876267951,212.036622973214,49.7113986802138,95.0819458001305,28.6246045435181,35.5307697317934,48.3984530010396,136.6124422247,19339.3436617624,13621.122804599,3476.99548432664,6456.60815394608,2202.27353894722,2613.55621423401,3105.30963315023,8552.17272255073,743.047966746419,523.345335411621,135.188392529525,251.440644133296,86.1422416539805,102.286565851551,121.78793456067,335.446809034486,0,0,7.72255540437388,14.635788747023,5.08224236646567,6.08412046066145,7.66657883474844,21.2111196535401,0,0,0,0,0,0,0,0,501.198752259019,378.981243038167,423.891269155263,871.332195083963,453.962692973834,603.540177477712,265.43665148921,796.195136756598,19.2568566533801,14.5610654398692,16.2969187549381,33.4962568808246,17.4312330191666,23.1761657661032,10.2044522008517,30.6090416676735,236.462879931631,178.016278514179,280.846453814496,588.439736775385,317.218201068123,417.415269626087,209.238293551879,632.233937649601,9.08528147155964,6.83967011422676,10.7969237305999,22.6199375601554,12.1810152594317,16.0294036096957,8.04209602456724,24.2999519595914,0,0,40.5781523992457,85.9493518051848,37.387275145422,45.8869202779891,63.618135365989,175.901610553022,0,0,0,0,0,0,0,0,1208.85966986229,558.589904560608,4085.85887724175,4308.25041752656
"288",2013,1943,23.9166666666667,2117.23942366223,1676.41205184104,514.06316328718,938.565684109942,152.814005777117,181.316099581653,102.614420525596,292.035181305578,0,0,0,0,0,0,0,0,0,0,0.860798136357418,1.58160574758412,0.314847448892232,0.372116050274221,0.215930917177988,0.611999320247333,0,0,0,0,0,0,0,0,7756.8100801931,5516.21876959299,1284.36786472067,2452.89331314696,743.496113603744,919.188225026319,1263.0567132655,3571.36352634037,298.029047733276,211.941946495265,49.5140128270529,94.5713034555581,28.6535420374195,35.4249090883697,48.7563046238459,137.856051611707,19330.5766431238,13603.3027898877,3459.40727874516,6415.69332289119,2201.33793002174,2602.26403974819,3126.83050953505,8626.36119369551,742.711134629799,522.66066163449,134.504007298359,249.842437919876,86.1048770611781,101.842210254538,122.630663997206,338.350301735149,0,0,7.68428275321245,14.5431570120207,5.08200037015152,6.05986069785084,7.72147312747558,21.4000710815843,0,0,0,0,0,0,0,0,501.725739108718,379.023351078547,422.297697534976,866.656731899598,454.737918370003,602.029705201367,267.34056039412,802.848549795038,19.2771043481164,14.5626832975599,16.2357158189049,33.3166885400484,17.4610888649376,23.1183138379266,10.277753449133,30.8651776423819,236.597120959844,177.937325515379,279.674388068538,584.853781997301,317.709362572968,416.205888162481,210.466458191737,636.631106566669,9.09043923676096,6.83663661342161,10.7519162992479,22.4822258170243,12.1999516896863,15.9830852024895,8.08942184350774,24.4693359953868,0,0,40.374568525837,85.3096052644695,37.3744542972912,45.6587990820022,64.0680072701632,177.391442952409,0,0,0,0,0,0,0,0,1214.00003440443,560.691923974497,4104.70527638161,4324.43658542729
"289",2014,1943,24,2110.19673950888,1670.42940757034,511.005192676207,933.183925957558,151.872749010109,179.631419615625,102.392589816738,292.707062616633,0,0,0,0,0,0,0,0,0,0,0.855488535938978,1.57122154948392,0.312920279265407,0.368612937649799,0.215477972096843,0.613430988005956,0,0,0,0,0,0,0,0,7760.47446198747,5514.25706355628,1278.42159676344,2438.45958900146,743.993861354745,914.924190141788,1272.54285883706,3605.3828364326,298.169839141783,211.866574612235,49.2849006931963,94.0148713999364,28.6727326186716,35.2605818357496,49.122755274301,139.169902225327,19324.0044942173,13587.2445389443,3439.85182104202,6372.17712028696,2199.75799032193,2586.82722683318,3149.0336034873,8705.72606423758,742.458632656925,522.043677646995,133.743959719428,248.143698031875,86.0423461614047,101.235706320922,123.500064132447,341.456210848647,0,0,7.6456377559309,14.4477367213722,5.08020553760496,6.02585701638854,7.77787182698572,21.6008598335256,0,0,0,0,0,0,0,0,502.286892792843,379.086512968426,420.616604341999,861.701176969376,455.358528599908,599.482239685582,269.368648772832,810.549414758749,19.2986647868842,14.5651100778302,16.171147099074,33.1263486145431,17.4850049572016,23.0206363627806,10.3558217348897,31.1615384959296,236.753451134822,177.880056184143,278.459135281675,581.128619772338,318.09821767624,414.316600669267,211.793607897401,641.797038056375,9.09644570204926,6.83443623380929,10.7052473738286,22.3391589753459,12.2149572067195,15.9106530615159,8.14054680055039,24.6682410886208,0,0,40.1684532217148,84.6537648733088,37.351152467829,45.358466672906,64.5289321469422,178.968347992479,0,0,0,0,0,0,0,0,1219.14055262578,562.804762582745,4123.52559949573,4340.63662794763
"290",2014,1943,24.0833333333333,2103.59912187079,1664.71687916707,507.762858860081,927.689784124916,150.906872006382,177.757891186799,102.220602741187,293.709998804783,0,0,0,0,0,0,0,0,0,0,0.850141063118916,1.56077254527402,0.310945738179774,0.364716222874603,0.215120157155186,0.615495077358291,0,0,0,0,0,0,0,0,7764.5710988299,5512.69833878483,1271.85375268881,2423.14334483535,744.266446887647,909.454154328285,1282.21209440789,3640.89635529889,298.327238480484,211.806685913851,49.0318821246565,93.4244610892087,28.6832467155923,35.0497776319284,49.496256781468,140.541336687943,19319.2145002649,13572.6249566641,3418.79130566729,6326.7221103837,2197.60329415849,2568.11550314494,3171.75442823175,8789.04899885943,742.274603682812,521.481969617973,132.926002804687,246.370029935501,85.9573861756678,100.501093425201,124.389723311676,344.716946069237,0,0,7.60577631346985,14.3494969564676,5.07707538343116,5.98416102600428,7.83544877326292,21.8108656572683,0,0,0,0,0,0,0,0,502.871743004671,379.165348975798,418.838039902636,856.507239790205,455.840657055537,596.102055391402,271.484082328152,818.979022428522,19.3211356837812,14.5681390827725,16.1028304060493,32.9268407236758,17.503600789552,22.8909776155204,10.4372423689095,31.485883970001,236.92644820959,177.838603311204,277.205547647148,577.289577127346,318.396163451818,411.874574887084,213.199548554834,647.559755739196,9.10309253604408,6.83284354782625,10.6571034859699,22.1917106162364,12.2264694803412,15.816990654791,8.19469530964163,24.8900620705203,0,0,39.9603441258454,83.9861580689363,37.3189364684263,45.0011741123022,64.9986823608969,180.613331157066,0,0,0,0,0,0,0,0,1224.28269955281,564.926761774709,4142.31619335113,4356.8125169492
"291",2014,1943,24.1666666666667,2097.13096374691,1659.12902852957,504.637398928042,922.386541956818,149.945615632425,175.935519155354,102.034040968599,294.606344968501,0,0,0,0,0,0,0,0,0,0,0.844827501369486,1.55060977339994,0.308981792436678,0.360918278942079,0.214737319276455,0.617364516580098,0,0,0,0,0,0,0,0,7768.43305899781,5510.9772179266,1265.39532283609,2408.04205551547,744.449960194495,903.990068759112,1291.82860332039,3676.16046925902,298.475621166063,211.740557698114,48.7830550700244,92.8423129847329,28.6903292340623,34.8392046356351,49.8677206306387,141.903151709594,19314.4840050722,13558.1012964084,3398.14863810282,6282.07832762014,2195.28669205661,2549.57211229168,3194.33470082774,8871.55706657299,742.092860548976,520.923947072712,132.124126312716,244.627838120524,85.8661440378773,99.7731229359864,125.273949028101,347.945983624489,0,0,7.56534968363606,14.2517766800932,5.07354409204634,5.94277972881659,7.89269490461765,22.0190383649612,0,0,0,0,0,0,0,0,503.432389148899,379.230549259877,417.032796313142,851.332719480036,456.261644506845,592.713836805169,273.568921554589,827.180206852964,19.3426766214185,14.5706441814303,16.0334861833458,32.7280745004123,17.5198461111676,22.761006194436,10.517485264264,31.8014512727224,237.097467038325,177.795910340582,275.952152004175,573.486764901073,318.663737491423,409.43260006757,214.60354193529,653.242703402535,9.1096633624701,6.83120321531389,10.6089653944847,22.0456509050353,12.2368131831165,15.7233263258513,8.24876626754484,25.108813211468,0,0,39.7528895521799,83.325699437093,37.2847872249441,44.6472832697446,65.4673580185351,182.248572106585,0,0,0,0,0,0,0,0,1229.43070591769,567.049163941896,4161.09021383731,4372.89403247232
"292",2014,1943,24.25,2090.79296719073,1653.66552715642,501.624829427147,917.268110643573,148.990375970345,174.163613917946,101.834022999975,295.402206298478,0,0,0,0,0,0,0,0,0,0,0.839573596634141,1.54073637080735,0.307028623033906,0.357217894337115,0.214329721922878,0.619044632623261,0,0,0,0,0,0,0,0,7772.04385575322,5509.08326067328,1259.03690116244,2393.14063490794,744.544098721739,898.529013799353,1301.38652383631,3711.15081331116,298.614353751681,211.667788831684,48.5380603859758,92.2678494628082,28.6939685018753,34.628750445892,50.2369215635805,143.254410427005,19309.8270809634,13543.6824836657,3377.91837727973,6238.23559037646,2192.81693340401,2531.20032655962,3216.77883487006,8953.27367577989,741.913943939674,520.369952942655,131.338126712634,242.916734943051,85.7689579899159,99.0519205191339,126.152912133942,351.144233239205,0,0,7.52459803221537,14.1547631613118,5.0696096002793,5.90170783153322,7.9496046162705,22.2253826573349,0,0,0,0,0,0,0,0,503.969466061599,379.282314308474,415.207279518269,846.182677363601,456.622575814078,589.319131221102,275.624456632078,835.168166046857,19.3633119912159,14.5726330768655,15.9633605115918,32.5302444167804,17.5337825753102,22.6307816190232,10.5966000553881,32.1088242832018,237.267583491207,177.753005378253,274.699685051497,569.72294645284,318.902666116335,406.994281353436,216.005009884101,658.842753711905,9.11619951798166,6.82955473774782,10.5608614598588,21.9010861864818,12.2460546486955,15.6297986728577,8.30273758411345,25.3243747067595,0,0,39.5460485803607,82.6723533503851,37.2487615161868,44.2968146205149,65.9349914223488,183.874284863038,0,0,0,0,0,0,0,0,1234.58432738044,569.171893345434,4179.84567785853,4388.8812609887
"293",2014,1943,24.3333333333333,2084.58538104581,1648.32571485333,498.721243784179,912.328477033705,148.04240934908,172.441423369437,101.621607522075,296.103394984316,0,0,0,0,0,0,0,0,0,0,0.834399517693374,1.5311532297503,0.30508698926484,0.353613888590248,0.213897974135454,0.620541582057056,0,0,0,0,0,0,0,0,7775.39100879377,5507.00888927022,1252.77065882843,2378.42697059685,744.549366949243,893.06949513224,1310.88078809408,3745.8456876343,298.742956724163,211.588088165107,48.2965992297217,91.7006068208604,28.69418388295,34.4183574421317,50.6036647712235,144.594278166433,19305.2546939609,13529.3752801924,3358.09446871619,6195.18264150615,2190.20216991971,2513.00273419217,3239.09069543049,9034.22011870205,741.738275190121,519.820247025183,130.567776519973,241.236290783474,85.6661432164091,98.337585341995,127.026762233364,354.312522800261,0,0,7.48371481080964,14.0586036388497,5.06527481142482,5.86094249846629,8.00617355125639,22.4299032738167,0,0,0,0,0,0,0,0,504.483507903925,379.320796049573,413.366907629038,841.061198456723,456.924489685628,585.919213689959,277.651799450555,842.956450022831,19.3830623165016,14.5741116063943,15.8926615557348,32.3335074659541,17.5454500558845,22.5003529263606,10.6746295188529,32.4085235476117,237.437600505752,177.710666882,273.449017239137,566.000353616498,319.114317222122,404.562496890179,217.403417740407,664.358011329247,9.12273185272449,6.82792802472087,10.5128251678897,21.7581023561937,12.254246443916,15.5365183673763,8.35658883261122,25.5366740487878,0,0,39.3398128658969,82.0261013879719,37.2109094991265,43.9497802798165,66.4016079782382,185.490665647509,0,0,0,0,0,0,0,0,1239.74332572169,571.294875259818,4198.5807275427,4404.77435094977
"294",2014,1943,24.4166666666667,2078.50809217903,1643.10867116564,495.922821768761,907.561726941324,147.102848992521,170.768146238707,101.397799328472,296.715454286295,0,0,0,0,0,0,0,0,0,0,0.829321095482201,1.5218595101239,0.30315800298082,0.350105068768234,0.213442927832034,0.621862080691561,0,0,0,0,0,0,0,0,7778.46520575664,5504.74877121902,1246.59003585812,2363.89124089161,744.466840320415,887.611028929953,1320.30698688756,3780.22578314402,298.861072287638,211.501250815269,48.0584212667384,91.1402091110753,28.6910167088969,34.208006856489,50.9677807116312,145.922011948171,19300.7753498583,13515.1847464348,3338.67041366726,6152.90746377281,2187.45005688383,2494.98139202198,3261.2736958181,9114.41587550759,741.566181109629,519.275023750625,129.81283083171,239.586046251193,85.5579957559046,97.6301959794688,127.895631433018,357.451610115001,0,0,7.44285745056551,13.9634147838839,5.06054604495878,5.82048267358794,8.06239829575541,22.63260493256,0,0,0,0,0,0,0,0,504.974974502417,379.346114111397,411.516307727098,835.9716259063,457.168424233153,582.515207308429,279.651915565934,850.557195664583,19.4019452645494,14.5750843663241,15.8215671165176,32.1379921596685,17.5548884001605,22.369763297923,10.7516108015056,32.7010153020868,237.608110801092,177.669479809928,272.201084416075,562.320772568375,319.299790586823,402.139550185745,218.798271916163,669.787531443456,9.12928313991808,6.82634555125876,10.4648925095283,21.6167681679996,12.261430836169,15.4435740036545,8.410301157041,25.7456752166322,0,0,39.1341973379474,81.3869361901558,37.1712769519595,43.6061861175509,66.8672276993253,187.097895992984,0,0,0,0,0,0,0,0,1244.90746762718,573.418035673356,4217.29360934045,4420.57349834951
"295",2014,1943,24.5,2072.56067111428,1638.01325173598,493.225837006215,902.96206111108,146.172712498336,169.142939385525,101.163551472466,297.243666312088,0,0,0,0,0,0,0,0,0,0,0.824350426902237,1.51285290028624,0.301243027219102,0.346690213938571,0.212965627179171,0.623013264550083,0,0,0,0,0,0,0,0,7781.25989117787,5502.29951468236,1240.48958231165,2349.52557152214,744.298054004439,882.153940126039,1329.66130774355,3814.27406326131,298.968448570697,211.407146462355,47.8233185952726,90.5863549858006,28.6845260043688,33.9977110257234,51.3291227380192,147.236955973339,19296.3954106839,13501.1144692514,3319.63935932783,6111.39744367568,2184.56779632347,2477.1378959827,3283.33084285877,9193.87875789231,741.397906140627,518.734420931716,129.073030805874,237.96551851932,85.4447941705916,96.9298131448925,128.759636096233,360.562188452983,0,0,7.40215245716372,13.8692871602315,5.05543232769721,5.78032874082174,8.11827624036732,22.8334923796444,0,0,0,0,0,0,0,0,505.4442644373,379.358363973166,409.659412967736,830.916671965707,457.355431451549,579.108129358036,281.625640748168,857.981247881069,19.4199761494517,14.575555025119,15.7502283561432,31.9438027874878,17.5621379870486,22.2390518361505,10.8275760564771,32.9867161270417,237.77952783281,177.629863550515,270.956856183787,558.685593830976,319.459965144373,399.727254122673,220.189117238915,675.131165394979,9.13586926519009,6.8248234309374,10.4171007674866,21.4771371585256,12.2676416087409,15.3510353243833,8.4638571699943,25.95137274591,0,0,38.9292356890839,80.7548585577844,37.1299062841053,43.2660327755972,67.3318659087417,188.696144061937,0,0,0,0,0,0,0,0,1250.07652418709,575.541301180002,4235.98266594378,4436.27894134586
"296",2014,1943,24.5833333333333,2066.74242192532,1633.03812756494,490.62666263522,898.523808737074,145.252911092787,167.564925605735,100.919768224487,297.693064047413,0,0,0,0,0,0,0,0,0,0,0.819496534889317,1.504129899755,0.299343570350694,0.343368059897853,0.21246725516594,0.624002544800728,0,0,0,0,0,0,0,0,7783.77081419032,5499.65933569189,1234.46478542792,2335.32366981811,744.044884604745,876.699152042131,1338.94046189082,3847.97560011683,299.064922248226,211.305706563448,47.5911191349112,90.0388036809888,28.6747839410643,33.7875053106187,51.6875643005011,148.538535362193,19292.1194435725,13487.1668112618,3300.99419283568,6070.63954116582,2181.56218726407,2459.47345766178,3305.26478963199,9272.62508346757,741.233625762882,518.198529343967,128.348107292114,236.3742078928,85.3268014881741,96.2364826545178,129.618878886313,363.644893280557,0,0,7.36170097716737,13.776290088797,5.04994463858803,5.74048216326763,8.1738054290884,23.0325704301996,0,0,0,0,0,0,0,0,505.891728987892,379.357625409149,407.799569606589,825.898537858949,457.486592060922,575.698939463817,283.573699486779,865.238300437519,19.4371684679244,14.5755266478339,15.6787739049321,31.7510240172952,17.5672402991317,22.1082554185339,10.9025531545324,33.2659983579318,237.952119542309,177.59210234815,269.717303642481,555.095866083691,319.595548848072,397.327019613898,221.575534422176,680.389399034934,9.14250052328096,6.8233725848806,10.3694872795937,21.3392497183951,12.2729059757333,15.2589566250894,8.51724085560101,26.153785520224,0,0,38.7249755704047,80.1298743896544,37.0868375985682,42.9293167438258,67.7955340340836,190.285566253365,0,0,0,0,0,0,0,0,1255.2502703417,577.66459886796,4254.64632668962,4451.89095411823
"297",2014,1943,24.6666666666667,2061.05242624009,1628.18181947456,488.12177527397,894.241437816077,144.344258360195,166.03320061549,100.667307882224,298.068443262389,0,0,0,0,0,0,0,0,0,0,0.814765943426185,1.49568606683282,0.297461199781419,0.340137288714853,0.21194908835622,0.624837484498767,0,0,0,0,0,0,0,0,7785.99563134771,5496.82776698756,1228.51191684483,2321.28050971825,743.709450891906,871.248011112065,1348.14161804226,3881.31741066952,299.150403281272,211.19691316567,47.3616807831813,89.4973629471011,28.6618720222079,33.5774413624233,52.0429964087124,149.826249886326,19287.9505274289,13473.3431292166,3282.72762219729,6030.62043391056,2178.43966999869,2441.98896964778,3327.07788307802,9350.66983871361,741.073458275968,517.667401115805,127.637783959225,234.811603395136,85.2042669121277,95.550237958626,130.473450610824,366.700308552945,0,0,7.32158361294824,13.6844758366206,5.0440952767366,5.70094517356719,8.22898443112779,23.2298440154809,0,0,0,0,0,0,0,0,506.317684061167,379.343969539579,405.939631040728,820.919015920776,457.563025658391,572.288576281558,285.496721702508,872.337026937256,19.4535343576217,14.5750019670218,15.6073134698449,31.5597248156309,17.5702383141682,21.9774101104313,10.9765663265608,33.5391951180442,238.126037763577,177.556371866673,268.483373757058,551.552344861726,319.707121196359,394.939932728996,222.957137685943,685.563212575042,9.14918274789872,6.82199976237392,10.3220884559059,21.2031349664069,12.2772462153698,15.1673797161683,8.57043747831056,26.3529513882967,0,0,38.5214745071129,79.5119921286328,37.0421095624297,42.596031270254,68.2582403051638,191.866308653093,0,0,0,0,0,0,0,0,1260.42848442547,579.787856241251,4273.28309922666,4467.40984177331
"298",2014,1943,24.75,2055.48957840874,1623.44272554007,485.707757290758,890.109562044021,143.447477850405,164.546838884045,100.406985159979,298.374373065061,0,0,0,0,0,0,0,0,0,0,0.810163120752597,1.48751621358819,0.295597486868461,0.336996526215451,0.211412463793529,0.625525706943189,0,0,0,0,0,0,0,0,7787.93359485404,5493.80543032338,1222.62790825668,2307.39208808812,743.294043519444,865.802160897953,1357.26234926322,3914.28830783417,299.224862938317,211.080790157804,47.1348866596312,88.9618797115442,28.6458783796183,33.3675822807094,52.3953255958624,151.099668273464,19283.8904939867,13459.6439449692,3264.832239486,5991.32662672382,2175.20635977863,2424.68505385722,3348.77220225321,9428.0268175141,740.917474061143,517.141056297556,126.941779739506,233.27718701068,85.0774271229981,94.871102014898,131.323431703059,369.728972060217,0,0,7.28186405778182,13.5938827370736,5.03789742874582,5.66172054283715,8.28381224848141,23.4253182538844,0,0,0,0,0,0,0,0,506.722419145578,379.317463894295,404.082032426051,815.979565248857,457.585892375481,568.877975610348,287.395256666382,879.285195321609,19.4690849411558,14.5739835772868,15.535940697805,31.3699613516214,17.5711765700573,21.8465518639246,11.0496366988249,33.8066047184795,238.301340923013,177.522759861239,267.255973528658,548.0555356334,319.795166123407,392.566817994212,224.333571929526,690.653967215683,9.15591818388251,6.82070833511062,10.2749391716554,21.0688124066017,12.2806809334711,15.0763363543812,8.62343347446229,26.5489228096201,0,0,38.3187969178493,78.9012210075769,36.9957599751203,42.2661670270958,68.7199902876977,193.438508155969,0,0,0,0,0,0,0,0,1265.61094786416,581.911001190237,4291.89156355197,4482.83593716451
"299",2014,1943,24.8333333333333,2050.05261595111,1618.8191447288,483.381298048399,886.122945681118,142.563210088289,163.104898780766,100.139573395865,298.615205940507,0,0,0,0,0,0,0,0,0,0,0.805690857008169,1.47961457277219,0.293753964171108,0.333944341865529,0.210858751751272,0.626074819967549,0,0,0,0,0,0,0,0,7789.58528426701,5490.5938413027,1216.81024381466,2293.6552197023,742.801067838883,860.363440428748,1366.30058580984,3946.87875751745,299.288323486894,210.957395771755,46.9106409903771,88.4322322226051,28.6268955740274,33.1579987052157,52.7444721114212,152.358422736456,19279.9401354824,13446.0690921815,3247.30057406937,5952.74454246922,2171.86807592969,2407.56210194052,3370.34959214041,9504.7087472632,740.765703560502,516.619488498145,126.259810889045,231.770437211588,84.9465074025995,94.1990888551015,132.168893531196,372.73138029325,0,0,7.24259217076061,13.5045378175056,5.03136481797517,5.62281138847003,8.3382882392724,23.6189985157853,0,0,0,0,0,0,0,0,507.106204757661,379.278176483429,402.228854812127,811.081374607584,457.556392420199,565.468082385299,289.269785256546,886.089771381777,19.4838306122075,14.572474091687,15.4647356368716,31.1817794116344,17.5701011482282,21.71571698101,11.1217827643634,34.0684946362256,238.478013364526,177.491283816731,266.035958393585,544.605731709314,319.86009908521,390.208291799248,225.704510211563,695.663309552793,9.16270622970391,6.81949897488774,10.2280723222776,20.9362933863789,12.2832261040766,14.9858502945932,8.67621635569537,26.7417631831692,0,0,38.1170116487043,78.2975696389535,36.9478262111866,41.9397126575272,69.1807873422821,195.002293460838,0,0,0,0,0,0,0,0,1270.79744494338,584.033961983193,4310.47036693884,4498.16959831588
"300",2014,1943,24.9166666666667,2044.74014551178,1614.30929693898,481.139194219226,882.276506554794,141.69201900065,161.7064270772,99.8658065782067,298.795087244278,0,0,0,0,0,0,0,0,0,0,0.801350578466034,1.47197493766028,0.291932094805498,0.330979251026506,0.210289334119532,0.626492355590736,0,0,0,0,0,0,0,0,7790.95238017907,5487.19524550623,1211.05686829301,2280.06736852487,742.232999390832,854.933805436522,1375.2545740594,3979.08074309842,299.340849498053,210.826816286324,46.6888655956876,87.9083235841585,28.6050188823606,32.9487657869238,53.0903683471412,153.602203785521,19276.0993800568,13432.6178396667,3230.12513644713,5914.8605955516,2168.43036648927,2390.62030816345,3391.81169297329,9580.72740212843,740.618144016185,516.102669624103,125.591592686321,230.290831812521,84.8117225848365,93.5342048605256,133.009899533545,375.707992813398,0,0,7.20380650881414,13.4164589483905,5.02451143419315,5.58422101946717,8.39241205635571,23.8108904836537,0,0,0,0,0,0,0,0,507.46929843958,379.226178917591,400.381879259135,806.225413146852,457.475763433301,562.059856668106,291.120730605004,892.757011614557,19.4977812659619,14.5704762616162,15.3937668130857,30.9952163462917,17.5670595727895,21.5849423457159,11.1930207925442,34.3251050830376,238.655981396557,177.461905652728,264.824124715853,541.203047508767,319.902288692572,387.864806751883,227.069651410526,700.593092372933,9.16954405401889,6.81837021859444,10.1815185353882,20.805582375841,12.2848959006937,14.8959389940193,8.728774619317,26.9315438057152,0,0,37.9161900070999,77.7010449432557,36.8983455406906,41.6166552097337,69.6406330084019,196.55778593025,0,0,0,0,0,0,0,0,1275.98776264523,586.15666727774,4329.01821974586,4513.41120645355
"301",2015,1943,25,2039.6699007478,1609.82107407752,478.307647216196,877.28642287651,140.781901825369,159.740101746093,99.7343968600181,300.434228921035,0,0,0,0,0,0,0,0,0,0,0.796944327421388,1.46307249959322,0.290030380228954,0.326851505127939,0.209978780392479,0.629577158498146,0,0,0,0,0,0,0,0,7793.17145198887,5484.59104091543,1204.11194884232,2263.44289286992,741.33450516827,846.278442368603,1384.67896392941,4016.65307240497,299.426109785657,210.726758581382,46.4212788029887,87.2674479217834,28.5704073110555,32.6152143783345,53.4543926951831,155.052988980749,19274.8966598071,13421.2972061721,3209.86116418352,5869.35969286197,2164.11583370291,2364.77835675649,3414.66574918566,9671.42847446902,740.571941778553,515.667712547068,124.804507109942,228.515841795185,84.6426723500596,92.5211410351639,133.905262374149,379.258075161286,0,0,7.16389746779162,13.3158718606785,5.01557127443609,5.52475930911378,8.44965873932629,24.0366032090862,0,0,0,0,0,0,0,0,507.925538128842,379.262394421187,398.435240038675,800.641592545897,457.267080371455,556.639865436976,293.229638344199,902.323658872407,19.5153107378666,14.5718677187552,15.3189661914174,30.7806679446552,17.5590979330023,21.3769054366587,11.2741670031808,34.69309542559,238.866287138631,177.464078602133,263.540574073797,537.270423602244,319.806543131736,384.058553371292,228.607942619333,707.499984510549,9.17762434465329,6.81845370654137,10.1322068408106,20.6544959984379,12.2812667228151,14.7498471075314,8.78798250498157,27.1972726480351,0,0,37.7098622876468,77.0337397459316,36.8342130819825,41.1389084846564,70.1220404468799,198.346913461635,0,0,0,0,0,0,0,0,1281.13224245478,588.234033195467,4347.35479881961,4528.22580920849
"302",2015,1943,25.0833333333333,2034.72201651799,1605.381246469,475.332567839394,872.006570187519,139.859499555707,157.620795296208,99.6427037415388,302.489620588859,0,0,0,0,0,0,0,0,0,0,0.792420749042268,1.45375665719274,0.288114367799089,0.322411618467032,0.209750196385275,0.633488278032868,0,0,0,0,0,0,0,0,7795.65613435167,5482.24426891666,1196.83586303489,2245.93464646891,740.283892754761,836.573473609516,1394.25961832891,4056.08537915587,299.521575255464,210.636591848304,46.1409453380524,86.5925093935328,28.5299317234153,32.2412102200621,53.8244348832914,156.575463136861,19274.6217709721,13410.7568327757,3188.72353276061,5821.63931658566,2159.38393817438,2336.05363776386,3437.91727428168,9766.64443985862,740.561388128231,515.262734316351,123.983780251208,226.654769388835,84.4573426732848,91.3953301734071,134.816187043661,382.984615787847,0,0,7.12274702071093,13.2106749323119,5.00567960312296,5.4585268494227,8.5078382325514,24.2730650040631,0,0,0,0,0,0,0,0,508.400741122988,379.320858464199,396.422946193847,794.789197306966,456.970651912306,550.520176760623,295.400645546342,912.61863260862,19.5335688099774,14.5741140003681,15.241640617829,30.555790553315,17.5477641473371,21.1419941658944,11.3576970085552,35.0890633287372,239.083142793446,177.474751957709,262.227482877341,533.165838333988,319.641467409657,379.75688300515,230.198710373039,715.017522741585,9.18595629324471,6.81886379369277,10.0817583564219,20.4967956496104,12.2749731362668,14.5847256829353,8.84920430944759,27.4864567762544,0,0,37.5019053692904,76.345413921149,36.7636372377698,40.6111596303892,70.6104546855559,200.211090057501,0,0,0,0,0,0,0,0,1286.26295160386,590.294838686746,4365.58673808137,4542.78514743468
"303",2015,1943,25.1666666666667,2029.8500515722,1601.02232608902,472.466012943871,866.918557573563,138.944715313593,155.579660218947,99.5350291264646,304.388347877847,0,0,0,0,0,0,0,0,0,0,0.787864640327935,1.44460634412182,0.286220243382727,0.318130826486135,0.209499328420436,0.637164437455024,0,0,0,0,0,0,0,0,7797.96303400082,5479.77457353303,1189.69409003124,2228.73048836994,739.174053507713,827.03848392258,1403.78272397711,4095.19375760007,299.610210029107,210.541702202204,45.8657618431349,85.929264515277,28.4871728922698,31.8737566437921,54.1922547117884,158.085450238146,19274.3414796453,13400.2532664912,3168.00526441905,5774.82782211871,2154.53152529162,2307.88546602115,3461.0031577425,9860.60328579705,740.550626750311,514.85917027849,123.179191616234,224.828957471568,84.267340398735,90.2913344039001,135.720701275906,386.662210891801,0,0,7.08105296560016,13.1061410307493,4.9954971748806,5.39354119149357,8.56564274984362,24.5068668086318,0,0,0,0,0,0,0,0,508.852803092338,379.363943330649,394.387049402192,788.960628054785,456.616797005004,544.465071095758,297.5279503433,922.497350006775,19.5509377666802,14.5757693894314,15.163405909681,30.3318247340634,17.5342225103623,20.9095596040834,11.4395462521386,35.4690388940151,239.2965033025,177.484065890666,260.915219985008,529.107979452931,319.452471836689,375.520713107511,231.774768618966,722.361884209224,9.19415395260117,6.81922164965823,10.0313404011326,20.3408882363594,12.2677590108782,14.4221168684293,8.90985920166031,27.7689856231535,0,0,37.2946719404512,75.6652900812146,36.6916023244076,40.0932500021875,71.0974842458794,202.059365578921,0,0,0,0,0,0,0,0,1291.39834106227,592.355919800825,4383.77830731085,4557.20918590093
"304",2015,1943,25.25,2025.0585946121,1596.74716126645,469.704700129712,862.016669743523,138.03882427761,153.61429653795,99.4126525305445,306.139564173471,0,0,0,0,0,0,0,0,0,0,0.783310810108785,1.43564517954938,0.284346504224046,0.314002971119277,0.209225533271391,0.640605235625589,0,0,0,0,0,0,0,0,7800.05733948736,5477.15859264982,1182.67275348319,2211.80590608856,738.000569774358,817.661935393556,1413.23745386865,4133.9330346626,299.690676595049,210.441192033275,45.5951974942302,85.2767737735125,28.4419611780666,31.51240973884,54.5574360442538,159.581213724039,19274.0842347004,13389.8055315555,3147.70293190502,5728.91596019119,2149.56840179229,2280.26633745537,3483.93092087928,9953.35336164469,740.540750698269,514.457751375015,122.390615741187,223.038054989786,84.0730451263038,89.2088583800495,136.619097457058,390.292742054448,0,0,7.03905857495587,13.002481385085,4.98502215420108,5.32977010269753,8.62306574527185,24.738026669704,0,0,0,0,0,0,0,0,509.282474896653,379.392090371981,392.334343221548,783.163195954403,456.207920714139,538.477609602327,299.613892199717,931.991411738603,19.5674464572105,14.5768508433734,15.0845230659476,30.109051469685,17.5185654114577,20.6797194302738,11.5198046498225,35.8342361537169,239.508620225319,177.493648802378,259.605461949361,525.100010297871,319.242137111768,371.3516475776,233.337139791322,729.531529833412,9.20230383123946,6.81958984022266,9.98101745620971,20.1868954440149,12.2597234774799,14.2620823691143,8.96998656971354,28.044800356206,0,0,37.088137554587,74.9933339743832,36.618187878514,39.5850355148932,71.5832163139182,203.892291577543,0,0,0,0,0,0,0,0,1296.53818111229,594.417194226058,4401.9277169342,4571.49909171342
"305",2015,1943,25.3333333333333,2020.35136412512,1592.55793196328,467.045332385807,857.295147009323,137.142951331807,151.722321056919,99.276773979087,307.751939752308,0,0,0,0,0,0,0,0,0,0,0.778787088322121,1.42689104864721,0.282492561436197,0.31002251284599,0.208928724658054,0.643812880390759,0,0,0,0,0,0,0,0,7801.91168592179,5474.3782651138,1175.76058730206,2195.14123836729,736.760790235648,808.434910348381,1422.61469993904,4172.26357403641,299.761923550474,210.334367403126,45.328821408812,84.6342835916685,28.3941947789775,31.1568262486251,54.9196286921318,161.061229337886,19273.8727088618,13379.4286148931,3127.81199897212,5683.89254570637,2144.50339681775,2253.18797407153,3506.70700014435,10044.9385195355,740.532631096763,514.059053427451,121.617884034178,221.28163557876,83.8747986585619,88.1475768210597,137.51162588,393.877916733062,0,0,6.99695915427255,12.8998604275422,4.97425687318202,5.26718388341669,8.68010166295463,24.9665614670714,0,0,0,0,0,0,0,0,509.690332291351,379.405629600927,390.270462268301,777.40271692641,455.746015637167,532.559910590148,301.660476656058,941.129078084501,19.5831170030148,14.5773710418109,15.0052085930948,29.8876943224217,17.5008693892427,20.4525550820811,11.5985492794273,36.1857407715469,239.721199504301,177.5047158431,258.299763810527,521.144338986191,319.012467724291,367.250626454214,234.886666430945,736.5268261805,9.2104714741947,6.820015053402,9.93084931656418,20.0349099136077,12.2509435402975,14.1046583918363,9.02961887751485,28.3139153123851,0,0,36.8823068318331,74.3295251859934,36.5434626481534,39.0863630872053,72.0677240186139,205.710376480268,0,0,0,0,0,0,0,0,1301.68224891861,596.478581805779,4420.03333673865,4585.65612667456
"306",2015,1943,25.4166666666667,2015.7313785671,1588.45628437182,464.484625230128,852.748237485474,136.258092802783,149.901378136402,99.1285238157473,309.233708197971,0,0,0,0,0,0,0,0,0,0,0.774315906456673,1.41835739616574,0.280658416105147,0.306184342813823,0.208609213570885,0.64679146314694,0,0,0,0,0,0,0,0,7803.50454619414,5471.41966418279,1168.94834978591,2178.72049714506,735.453342213286,799.350386023414,1431.90674660327,4210.15060399387,299.823123789391,210.220693224053,45.0662802113616,84.0011811841229,28.3438210139056,30.8067357319201,55.2785358999008,162.524159404971,19273.7250393057,13369.134347778,3108.32711960511,5639.74501202658,2139.34456364633,2226.64158281426,3529.33695854374,10135.3987982925,740.526964807485,513.663531012186,120.860796335653,219.559219004476,83.6729127987424,87.1071445287025,138.398502941032,397.419294714133,0,0,6.95491360593556,12.7984075361859,4.96320658094735,5.20575491115219,8.73674577197753,25.1924871634721,0,0,0,0,0,0,0,0,510.076825145909,379.404812890393,388.200147993536,771.683895014057,455.232823311454,526.713453749416,303.669441097816,949.935764324913,19.5979666888006,14.5773396621035,14.9256447054412,29.6679341510116,17.4812013324388,20.2281234467582,11.6758469077361,36.5245290742563,239.935529325592,177.518167603909,256.999547101425,517.242764738255,318.765023452558,363.218072780462,236.424047713485,743.349551158478,9.21870637563962,6.82053189134564,9.88089063726521,19.8850008734884,12.2414791251475,13.9498612826003,9.08878306993335,28.5763990128794,0,0,36.6772044852654,73.6738511563095,36.4674875906403,38.5970737227716,72.5510692548578,207.514092480524,0,0,0,0,0,0,0,0,1306.83032648722,598.540003849134,4438.09366042283,4599.68161744356
"307",2015,1943,25.5,2011.20102296904,1584.44338449682,462.019322011021,848.370225838236,135.385123989913,148.149146895839,98.9689653177755,310.592675250151,0,0,0,0,0,0,0,0,0,0,0.769914923294567,1.41005374970854,0.278844537376185,0.302483721933779,0.208267642729456,0.649546652820366,0,0,0,0,0,0,0,0,7804.81959246571,5468.27253089087,1162.22858006604,2162.53088046239,734.077934828608,790.402937740056,1441.10714873351,4247.56400673333,299.873649970126,210.099775330179,44.8072887051406,83.3769758858459,28.2908287661926,30.4619291674874,55.6339096697594,163.968844791917,19273.6553193154,13358.9317578593,3089.24226813709,5596.45965141956,2134.09925218683,2200.617966689,3551.82556537459,10224.7706663429,740.524293319342,513.271530985844,120.119125937107,217.870280457341,83.4676721545882,86.0872006945133,139.279914228337,400.91829748457,0,0,6.91304888138336,12.6982215026445,4.95187894896708,5.14545744147791,8.79299411169721,25.4158190426428,0,0,0,0,0,0,0,0,510.442298095097,379.389827992958,386.127352894128,766.010469730622,454.669889357853,520.939187548079,305.642282259855,958.434235687931,19.6120087559896,14.5767639180055,14.8459833246181,29.4499147677018,17.4596205997947,20.0064609906449,11.7517550473075,36.851475540638,240.152532087099,177.534630434059,255.706098955643,513.396549544501,318.500981337755,359.253970146791,237.9498514757,750.002657577238,9.2270439755784,6.8211644193934,9.83119090171659,19.7372168958154,12.2313754586823,13.7976905034424,9.1475010351658,28.8323650797781,0,0,36.4728717199664,73.0263048977831,36.3903170339317,38.1170039450916,73.0333037235718,209.303877621486,0,0,0,0,0,0,0,0,1311.98219992267,600.601382889584,4456.1072949608,4613.57694493393
"308",2015,1943,25.5833333333333,2006.76214563174,1580.51999481556,459.646209826144,844.15546380696,134.524811644404,146.463347796923,98.7990999951158,311.836243984303,0,0,0,0,0,0,0,0,0,0,0.765597910010911,1.40198645378964,0.277051697289627,0.298916190834505,0.207904898798154,0.65208528830237,0,0,0,0,0,0,0,0,7805.84478595996,5464.92961468519,1155.59526547491,2146.56211760791,732.635093492738,781.588349660475,1450.2105440699,4284.47790166343,299.913039543633,209.971335143668,44.5516171339927,82.7612740539658,28.2352382912306,30.122244010652,55.9855435708803,165.394288963845,19273.6743008522,13348.8275679905,3070.55090882064,5554.02192506518,2128.77421741185,2175.10766496955,3574.17691734877,10313.0874283286,740.525029742339,512.883311651135,119.392626132109,216.214262547364,83.2593383310617,85.0873743297464,140.156019216861,404.376223945442,0,0,6.87146628943703,12.5993768597126,4.94028339816445,5.08626732877043,8.84884340113273,25.6365719510609,0,0,0,0,0,0,0,0,510.78701798203,379.36081694336,384.055387370812,760.385421347932,454.058639872792,515.237679593252,307.580295202134,966.644910791919,19.6252534571237,14.5756492667186,14.7663517161046,29.2337508198032,17.4361819559275,19.7875895389734,11.8263234542925,37.1673644600148,240.372836869954,177.554512222115,254.420571499621,509.606509195301,318.221215695072,355.357954332977,239.464534881295,756.489980849282,9.23550844431616,6.8219283092762,9.78179440175197,19.5915893985586,12.2206661403636,13.6481321509381,9.20579039961851,29.0819610086893,0,0,36.2693613819141,72.3868819213012,36.3120002720201,37.6459875370127,73.5144705284513,211.080139609096,0,0,0,0,0,0,0,0,1317.13765841377,602.662642355753,4474.07294344279,4627.34352922953
"309",2015,1943,25.6666666666667,2002.4161348369,1576.68653506081,457.362131634209,840.098393475985,133.677824180987,144.841747663798,98.6198718476977,312.971435722291,0,0,0,0,0,0,0,0,0,0,0.761375440734932,1.39415924650274,0.275280850951545,0.295477506461997,0.207522045499606,0.654415063717456,0,0,0,0,0,0,0,0,7806.57166102184,5461.38615574411,1149.04358115491,2130.80596494722,731.125959066104,772.903324086687,1459.21250282292,4320.87028324008,299.940967245907,209.835189784561,44.2990812103241,82.1537597434535,28.1770935053214,29.7875530309408,56.3332669741499,166.799644126511,19273.7899476882,13338.8265882775,3052.24612739046,5512.41670119399,2123.37570245353,2150.10105823543,3596.39453527589,10400.3795621563,740.529480059805,512.499057819932,118.681035300586,214.590584522594,83.0481531438194,84.1072883352958,141.0269550155,407.79426343308,0,0,6.83024633659347,12.5019286976457,4.92843059046206,5.0281617959595,8.90429096712993,25.8547605208755,0,0,0,0,0,0,0,0,511.111194910949,379.317890078771,381.987032983503,754.811125470334,453.400433706236,509.609223382324,309.484604786818,974.586115891421,19.6377088647467,14.5739999475732,14.6868568362168,29.019533724578,17.4109375808335,19.5715203799283,11.8995953382591,37.4728997013587,240.596836168716,177.578045933559,253.143984697351,505.873087571351,317.926361995751,351.529386721027,240.968461073614,762.816009407027,9.24411486212381,6.82283251190028,9.73274034927755,19.4481355029954,12.209375595413,13.5011617753125,9.26366516842749,29.3253593502777,0,0,36.0667342984191,71.7555780114521,36.2325827598761,37.1838568751611,73.9946054389188,212.843258856341,0,0,0,0,0,0,0,0,1322.29649352171,604.723706348949,4491.98939274295,4640.98281859989
"310",2015,1943,25.75,1998.16398187676,1572.94313205688,455.163995154513,836.193564487054,132.844740596776,143.282163316848,98.4321710435413,314.004909228219,0,0,0,0,0,0,0,0,0,0,0.757255438563481,1.38657372050764,0.273533056307366,0.292163602215618,0.207120273294494,0.656544286009945,0,0,0,0,0,0,0,0,7806.99474955787,5457.63946997867,1142.56968027921,2115.25581060907,729.552137316972,764.345263846727,1468.10940406089,4356.72268804163,299.957222984051,209.691236125868,44.04953408093,81.5541795535863,28.1164562037712,29.4577559529248,56.6769403133089,168.184198484046,19274.0078807935,13328.9320309555,3034.32073445468,5471.62843910656,2117.90950308347,2125.58844603059,3618.48144314,10486.6750123296,740.537860240879,512.118892911367,117.984080907579,212.998649399375,82.8343411135018,83.1465625134318,141.892839431657,411.173507047122,0,0,6.78945243306994,12.4059162881063,4.91633205813048,4.97111923809084,8.9593346845183,26.0703993928639,0,0,0,0,0,0,0,0,511.414998314443,379.26113660058,379.924631048061,749.289468685472,452.696593202271,504.053908764373,311.356192078174,982.274312511412,19.6493814887324,14.5718193878292,14.6075887329006,28.8073361103255,17.3839382523344,19.3582569747253,11.9716083770905,37.768713460767,240.824730858548,177.605323979964,251.877233960328,502.19642206588,317.616870409435,347.767418316289,242.461912311103,768.985696881235,9.25287094694898,6.823880577866,9.68406316998556,19.3068605491751,12.1975211309231,13.3567468393424,9.32113623070784,29.5627504957859,0,0,35.8650566033082,71.1323877762898,36.1521069845794,36.7304439516685,74.4737379082494,214.593590982602,0,0,0,0,0,0,0,0,1327.45849871699,606.78449951031,4509.85550510759,4654.49628200985
"311",2015,1943,25.8333333333333,1994.00633628674,1569.28966328328,453.048779891097,832.435647731418,132.026058588026,141.782464355747,98.2368372917946,314.942979009973,0,0,0,0,0,0,0,0,0,0,0.753243646526862,1.37922972151701,0.271809409020793,0.288970555583824,0.206700857174231,0.658481670013355,0,0,0,0,0,0,0,0,7807.11108095237,5453.68858945857,1136.17051440789,2099.9063408026,727.915573516032,755.912093860431,1476.89832574447,4392.01987676507,299.961692622261,209.539436978159,43.8028594470003,80.9623298366942,28.0534012438255,29.1327726011402,57.0164508688809,169.547364064187,19274.331765744,13319.1457835445,3016.7673529486,5431.64134353672,2112.3810232203,2101.56011065477,3640.4402381125,10571.9994582075,740.550311125322,511.742889446897,117.301482887564,211.437849947045,82.618111612922,82.2048160422667,142.753773684734,414.514958010873,0,0,6.74913406156999,12.3113661708452,4.90399989238874,4.91511905106374,9.01397292185607,26.2835034036668,0,0,0,0,0,0,0,0,511.698570427231,379.190633353282,377.870158262061,743.821945567456,451.948427698649,498.571678770772,313.19591746139,989.724303753133,19.6602767939689,14.5691105399748,14.5286234487332,28.5972155415328,17.3552342500454,19.1477971433885,12.0423956058691,38.0553741899565,241.056568915522,177.636327708321,250.621098037657,498.576399681752,317.29305093451,344.071042637246,243.945102067069,775.004305753166,9.26177854211184,6.82507179049483,9.6357928075202,19.1677602527943,12.1851146691027,13.2148487500473,9.37821182500537,29.7943366717982,0,0,35.6643975008527,70.5173034778664,36.070613188733,36.2855812177533,74.9518919728792,216.331469095268,0,0,0,0,0,0,0,0,1332.6234690334,608.844946928554,4527.67021110199,4667.88540285054
"312",2015,1943,25.9166666666667,1989.94355297623,1565.7257939454,451.013542297818,828.819445537965,131.222201843188,140.340575126892,98.0346628806896,315.79163253561,0,0,0,0,0,0,0,0,0,0,0.749344017803796,1.37212568024573,0.270110995312693,0.285894565358735,0.206265123276786,0.660236173701471,0,0,0,0,0,0,0,0,7806.91976242643,5449.53396164756,1129.84368428634,2084.75326872134,726.218453933949,747.60212241966,1485.57695020461,4426.74953678543,299.954341858544,209.379809533707,43.5589658499323,80.3780463054725,27.9880127600331,28.8125375691898,57.3517091438271,170.888665327683,19274.7636382869,13309.4686377125,2999.57848928231,5392.43948858151,2106.79532064429,2078.00636655229,3662.27315042141,10656.376553915,740.566910932275,511.371077843588,116.63295640016,209.907573497424,82.399660635584,81.2816693926999,143.609844726567,417.819540936335,0,0,6.70932935204759,12.2182946362944,4.89144650002661,4.86014148511564,9.06820449347978,26.4940877466566,0,0,0,0,0,0,0,0,511.962036988409,379.106451698427,375.825288603112,738.409735486219,451.157248113118,493.162370451585,315.004540409483,996.949419537579,19.6703996115563,14.5658761458349,14.4500253971255,28.3892174688304,17.3248759167865,18.9401346356836,12.1119861770263,38.3333937159476,241.292277431006,177.670951677465,249.376247975554,495.012705188575,316.955110681343,340.439139628296,245.418185498466,780.877280103006,9.27083484634903,6.82640209856842,9.58795506832774,19.0308225565372,12.172164179308,13.0754245458482,9.43489794204545,30.0203270527954,0,0,35.4648275259614,69.9103142112619,35.9881399296644,35.8491022490449,75.4290870158344,218.057205790604,0,0,0,0,0,0,0,0,1337.791200849,610.904974092078,4545.43250422589,4681.15167417677
"313",2016,1943,26,1985.69822759086,1561.78680547487,448.45371093541,825.424080621602,131.071472191238,141.27666126672,96.9381671265973,313.385085776592,0,0,0,0,0,0,0,0,0,0,0.745981691214962,1.36668543718783,0.269762303499159,0.287681727912822,0.204085141490713,0.655646586092086,0,0,0,0,0,0,0,0,7807.7772221481,5446.30635170278,1123.05713512989,2070.89250004038,728.034308577871,751.897789215596,1489.9419569756,4445.99838824322,299.987286832274,209.255799598134,43.2975123590906,79.8437405357843,28.0580144318038,28.9781239797781,57.5207162828759,171.633320436965,19278.4243150088,13302.2268592903,2981.15733027858,5356.71084717799,2111.57011946093,2089.68259709049,3672.23079094241,10699.7300511279,740.707566365204,511.092836956645,115.918140743785,208.514122846393,82.5864650597679,81.736623136197,144.001935434853,419.520725512782,0,0,6.67426964269602,12.1397690833266,4.90288880707798,4.88750821199282,9.09479903502536,26.6084314109464,0,0,0,0,0,0,0,0,512.489630453985,379.159499514918,374.138265602089,733.973038619307,452.927689362285,496.327291661956,314.585866175343,995.403445767844,19.6906706066702,14.5679143274511,14.3851872677422,28.2187231329353,17.3928835123298,19.0617658216024,12.0960388147515,38.2745274208069,241.587871281577,177.755342301756,248.294654724939,492.036922317878,318.199022214392,342.609149282433,245.233732460131,780.438813984232,9.28219204072624,6.82964452112468,9.54639403485508,18.916485351294,12.2199603629035,13.1588351604143,9.42792154244379,30.0038898866178,0,0,35.2922182756027,69.3896115202249,36.083306474444,36.0216402507033,75.7140743887345,219.102666575242,0,0,0,0,0,0,0,0,1342.74097110548,612.875710035816,4562.41400717461,4693.78321303554
"314",2016,1943,26.0833333333333,1981.61818395335,1557.97732679874,445.958315568567,822.204985031349,130.967134407594,142.386337710009,95.78060311341,310.726120577486,0,0,0,0,0,0,0,0,0,0,0.742534012360366,1.36139156573045,0.269524799144543,0.289862306610695,0.201761152878002,0.650470810825164,0,0,0,0,0,0,0,0,7808.30045602261,5442.86018018463,1116.27744542827,2057.26264243197,730.068983307833,757.228458747963,1493.61484135862,4462.79179524723,300.007390314472,209.123392177395,43.036319417412,79.3183400770213,28.1364526421587,29.1835995346893,57.6630485308268,172.283351469868,19282.6865453641,13295.4576527269,2962.98524899948,5321.98762582324,2117.18091237551,2104.47174881853,3681.01111077814,10739.0174987638,740.871334316378,510.832753040269,115.213019637568,207.159884880447,82.8060433660044,82.3134668592447,144.348043515047,421.063074855719,0,0,6.6388048363779,12.0626584844543,4.91623934248634,4.92213298268257,9.1182811309269,26.7120346902234,0,0,0,0,0,0,0,0,513.013632899366,379.210030233379,372.439127216748,729.618882871603,454.864927786795,500.270086097221,314.059412784251,993.451822323695,19.710803628838,14.5698557981426,14.319882494053,28.0513993886904,17.4672929716441,19.2132667565008,12.0759496345015,38.2000737818236,241.912069998758,177.858202613122,247.257200985159,489.191776715347,319.623493421431,345.371759730682,244.903719685225,779.404445926412,9.2946482796691,6.83359657859938,9.50652909564213,18.8071681062771,12.2746885901139,13.2650036012912,9.41535428602934,29.9645635003761,0,0,35.1231664440839,68.8838196430376,36.1943306755002,36.250632187137,75.9795954373072,220.0804235432,0,0,0,0,0,0,0,0,1347.67346276146,614.837718136408,4579.34262972453,4706.37481844018
"315",2016,1943,26.1666666666667,1977.72466750614,1554.33846772581,443.58400269359,819.145867135389,130.844575098669,143.432170339522,94.6527542202886,308.140831820818,0,0,0,0,0,0,0,0,0,0,0.739002243560916,1.35613351002843,0.269259840310642,0.291943497745765,0.199473211512428,0.645356140987544,0,0,0,0,0,0,0,0,7808.41199304014,5439.12475094627,1109.57247280319,2043.77630341922,731.976133912293,762.337284635455,1497.04046987743,4478.70582225136,300.011675745052,208.979871012474,42.7779851542834,78.7984566979408,28.2099770026868,29.380523039088,57.7958471613344,172.899488130501,19287.1916039954,13288.8945809578,2945.21076102229,5287.9676972724,2122.56624318703,2118.81587736989,3689.79577044345,10778.2947252169,741.044431993283,510.580589156066,114.523197975284,205.832935830077,83.0168768367001,82.8730264843279,144.694345824854,422.605139898094,0,0,6.60271765163302,11.9857931628738,4.92901782646411,4.95567864545611,9.14139494372834,26.8143845535595,0,0,0,0,0,0,0,0,513.505021987575,379.242437802108,370.69734612786,725.256717133622,456.704113445377,504.116674714886,313.639875866729,991.938366644542,19.7296835934963,14.5711009484455,14.2529367881898,27.8837644269016,17.5379335985141,19.3610675303037,12.0599633265277,38.1424410043319,242.253610174903,177.971166007308,246.239726868489,486.408976794496,321.05608026697,348.132816554996,244.600471878593,778.431484885293,9.30777080506116,6.83793681267689,9.46743128534868,18.7002453217207,12.3297264086398,13.3711097781021,9.4038144158078,29.9275946959358,0,0,34.9548400151822,68.3846378273686,36.3029932792213,36.4745972821906,76.2449024452341,221.05827119671,0,0,0,0,0,0,0,0,1352.61083787766,616.799940837294,4596.29261301217,4718.98361639928
"316",2016,1943,26.25,1974.00665036751,1550.86053634924,441.324226512671,816.237637426252,130.705416490708,144.417604977486,93.5537542156596,305.626823310886,0,0,0,0,0,0,0,0,0,0,0.735432824099043,1.3509477359391,0.268966498495483,0.293924880345629,0.197223534245277,0.640312781398137,0,0,0,0,0,0,0,0,7808.17181159899,5435.14438630452,1102.9532752398,2030.45460966936,733.771971853882,767.245656982816,1500.24406011478,4493.82143889102,300.002447589993,208.826939037661,42.5229363979219,78.2849035948988,28.2792104982564,29.569717164562,57.9200803697185,173.484838169317,19291.8943273348,13282.5049827086,2927.81947855162,5254.6258408629,2127.72884348363,2132.72219622544,3698.57111628937,10817.5166016866,741.2251241424,510.335090405555,113.848124206939,204.532301592642,83.2190679780824,83.4155787169996,145.040312219885,424.14517072344,0,0,6.56624442515027,11.9093617078014,4.94122241151836,4.98815387520502,9.16413019527908,26.9154334214598,0,0,0,0,0,0,0,0,513.964427470946,379.256806497638,368.920245758213,720.892691885557,458.447907607197,507.863534118848,313.3135810137,990.811429918661,19.747334696738,14.5716530163989,14.184631495599,27.7160545340014,17.6049074471565,19.5050324696701,12.047554449027,38.0996442494272,242.606877557337,178.090653505793,245.234437465326,483.675752864377,322.485960675513,350.88283040821,244.326818903508,777.539081221976,9.32134390834632,6.84252771327873,9.42880091888392,18.5952261118931,12.3846581908483,13.4767891232428,9.39341033216177,29.8937182160974,0,0,34.7870821153386,67.8917840021514,36.4092345164099,36.6935293620445,76.5098442798704,222.035757431184,0,0,0,0,0,0,0,0,1357.55278550999,618.762284485175,4613.26095447522,4731.60824841996
"317",2016,1943,26.3333333333333,1970.45419374844,1547.53474724837,439.172916778572,813.471924212138,130.551197773235,145.345920162883,92.4827932466461,303.181870191478,0,0,0,0,0,0,0,0,0,0,0.731862404984699,1.34586196053255,0.268644864986195,0.295807294319069,0.195013867472184,0.63534887546416,0,0,0,0,0,0,0,0,7807.63047492661,5430.95654105508,1096.42762859002,2017.31274878771,735.469184123952,771.97115191531,1503.24827950538,4508.21276891803,299.981648569351,208.666035326104,42.2714738042859,77.7782658481101,28.3446408659165,29.7518581794847,58.0366186930511,174.042247404266,19296.7566967498,13276.2613451191,2910.79853103542,5221.939609404,2132.67223486554,2146.19869673939,3707.32545568393,10856.64406677,741.411950029915,510.095199700561,113.187305260316,203.257115214079,83.4127500559513,83.9414305099577,145.385488400332,425.681651813307,0,0,6.52957851580028,11.8335177352385,4.95285866006823,5.01957471231669,9.18648207145514,27.0151525933061,0,0,0,0,0,0,0,0,514.392657325372,379.253378905306,367.114640518011,716.53287917232,460.099628998591,511.508733942182,313.068519731043,990.025175932762,19.7637879822906,14.5715213225193,14.1152284436908,27.5485030232717,17.6683418720853,19.6450871887298,12.0382615679424,38.0699220161262,242.967260073769,178.213748726198,244.235444034022,480.982174739438,323.904167461056,353.61355095984,244.084549913159,776.741332706683,9.33519038633977,6.8472572283299,9.3904115811473,18.4917287366689,12.4391395319022,13.5817246402812,9.38421048720898,29.8634747724192,0,0,34.619785278282,67.405031009063,36.5130022081477,36.9074288504625,76.7742855647417,223.012472386978,0,0,0,0,0,0,0,0,1362.49900175568,620.724656281241,4630.24483609699,4744.24736882235
"318",2016,1943,26.4166666666667,1967.05824825908,1544.3530588518,437.124407464878,810.840960286772,130.383378728485,146.220239821733,91.439107033875,300.803886293001,0,0,0,0,0,0,0,0,0,0,0.728320161855132,1.3408973052946,0.268295706701312,0.297592451135258,0.192845574926528,0.630470930707296,0,0,0,0,0,0,0,0,7806.83109531043,5426.59322835424,1090.00091781252,2004.36152984026,737.077806650033,776.528365024807,1506.0735999213,4521.94784320359,299.950935126154,208.498389874462,42.0238060714146,77.2789603032486,28.4066540872286,29.9275079084854,58.1462485723691,174.57432846405,19301.7463535411,13270.1402380141,2894.13620987878,5189.88868240233,2137.400479,2159.25389941479,3716.04871757027,10895.6431543392,741.603666385559,509.8600168162,112.54029283699,202.006591917336,83.598077434184,84.4509094563372,145.729482779968,427.213264467059,0,0,6.49287955570383,11.7583869312685,4.96393666418318,5.04996176017238,9.20844979717392,27.1135278654968,0,0,0,0,0,0,0,0,514.790641539457,379.232512241174,365.286811390284,712.183098637668,461.662939037202,515.051476395269,312.894085114446,989.538721900305,19.779079181805,14.5707195916189,14.0449689989142,27.3813335485957,17.7283774351174,19.7812008909747,12.0316771054831,38.0517031449273,243.330940056728,178.338056880799,243.238329061674,478.320520002328,325.303282763893,356.317838084855,243.874658215882,776.048370619761,9.34916355815902,6.8520333462562,9.35209341199449,18.3894563214649,12.4928855219852,13.6856419687174,9.37625278627294,29.837252758192,0,0,34.4528792572223,66.9241938051005,36.6142517418882,37.1163028117737,77.0381042980909,223.988042350861,0,0,0,0,0,0,0,0,1367.44919114043,622.68696504923,4647.24162461742,4756.89966417222
"319",2016,1943,26.5,1963.81057632561,1541.30811087535,435.173411813604,808.337541956082,130.203339297572,147.043535197953,90.4219726438268,298.49091144684,0,0,0,0,0,0,0,0,0,0,0.724828748567685,1.33606918474153,0.267920328012598,0.299282772279648,0.19071967564079,0.625683998969711,0,0,0,0,0,0,0,0,7805.8101340126,5422.08160004269,1083.6765179068,1991.60805116469,738.605605901236,780.929277016026,1508.7384233355,4535.0888178262,299.911708160401,208.325045899875,41.7800645635105,76.7872611984133,28.4655490230695,30.0971277530428,58.249677152711,175.083469082346,19306.8359953499,13264.1218801132,2877.82182783083,5158.45460669493,2141.91806723927,2171.89673781483,3724.73231727641,10934.4846168106,741.799224211642,509.628781723957,111.906677981657,200.780019082114,83.775221312072,84.9443593108916,146.071961261947,428.738872254445,0,0,6.45627733373668,11.6840701009611,4.97446996599047,5.07933907790227,9.23003599905539,27.2105575324196,0,0,0,0,0,0,0,0,515.159406301386,379.194658742003,363.442498463765,707.848848762458,463.14171185501,518.491897676625,312.78096432659,989.315797954996,19.7932477230742,14.5692651993572,13.9740737758863,27.2147574589652,17.7851629097057,19.9133787340834,12.0274432113509,38.0435937437678,243.69480805274,178.461646274772,242.23994790302,475.68498593203,326.677292923273,358.989599634806,243.697456123333,775.466860599561,9.36314395363491,6.85678184825317,9.31372548388086,18.2881857869495,12.5456651769048,13.7883070005619,9.36954899856502,29.8153074876269,0,0,34.286325727607,66.4491238626984,36.7129459932977,37.3201649133248,77.3011910371165,224.962127864479,0,0,0,0,0,0,0,0,1372.40306759489,624.649121695004,4664.24887073864,4769.56386147292
"320",2016,1943,26.5833333333333,1960.70364596239,1538.39313797383,433.314984859816,805.954969137094,130.012381508615,147.818631240875,89.4307029610257,296.241094658433,0,0,0,0,0,0,0,0,0,0,0.721405521548244,1.33138844002927,0.267520398601845,0.300881189324111,0.18863689329124,0.620991909198861,0,0,0,0,0,0,0,0,7804.59845516674,5417.44471091626,1077.4562568871,1979.05651529626,740.05854822062,785.183715410765,1511.25927966237,4547.69239716747,299.865153521464,208.146889204467,41.5403210879012,76.3033314400682,28.521555413997,30.2610963993061,58.3475398484818,175.571848241705,19312.0025786954,13258.1895668055,2861.84553787809,5127.62046426414,2146.22978903403,2184.13642226014,3733.36896794425,10973.1433803455,741.997738143281,509.400852605901,111.286084092692,199.57674341463,83.9443646355986,85.4221347236721,146.412639948027,430.257499968836,0,0,6.41987680397579,11.6106470786829,4.98447419073428,5.10773281755295,9.25124593220014,27.3062499382237,0,0,0,0,0,0,0,0,515.500043679552,379.14034200588,361.586902471501,703.535234207831,464.539883089526,521.830828201606,312.720988401798,989.324255970823,19.806335565114,14.56717826321,13.9027426924059,27.0489710035293,17.8388494695092,20.0416526112805,12.0252459942118,38.044358323842,244.056350144277,178.582972252464,241.238188380505,473.071340043205,328.021403923119,361.623701299154,243.552712727391,775.000617780937,9.37703498404076,6.86144338618034,9.27522656304847,18.1877544181434,12.5972943542588,13.8895224246474,9.36409004756496,29.7977848227908,0,0,34.1201117277035,65.9797022455496,36.809055122821,37.5190352536078,77.563447606393,225.93442048069,0,0,0,0,0,0,0,0,1377.36035520077,626.611039627302,4681.26430493392,4782.23873654735
"321",2016,1943,26.6666666666667,1957.73052713483,1535.60188546136,431.544486588107,803.686986511603,129.811731728158,148.548213252491,88.4646413974218,294.052677962581,0,0,0,0,0,0,0,0,0,0,0.71806371068229,1.32686241706616,0.267097797671226,0.302390958779793,0.186597705800044,0.616397496367177,0,0,0,0,0,0,0,0,7803.22234973259,5412.70226134066,1071.34085092729,1966.70899919987,741.441251076338,789.299809184134,1513.65102888202,4559.81027612499,299.812281350058,207.964676707793,41.3046046068613,75.8272521683407,28.5748511895826,30.4197272576504,58.4404080723758,176.041453046878,19317.2265438897,13252.3291136244,2846.19816397245,5097.37055997788,2150.34060847017,2195.98230873144,3741.9524914619,11011.5979932774,742.198456668389,509.175684472059,110.678160386948,198.396158882976,84.105697320056,85.8845961725929,146.751277831237,431.768312328666,0,0,6.383762967362,11.5381806120256,4.99396586691728,5.13517002368313,9.27208673240189,27.4006210520145,0,0,0,0,0,0,0,0,515.813682609303,379.070134169107,359.724699151954,699.246913673806,465.861319384745,525.069568342792,312.706978791016,989.535563528589,19.8183860834279,14.5644807655688,13.8311555162445,26.8841533234564,17.8895856711143,20.1660725269584,12.0248096276519,38.0529003640109,244.413537595354,178.700803055718,240.231733811839,470.476574602928,329.331847261057,364.215862652183,243.439790684017,774.651223163904,9.39075870209989,6.86597063391942,9.23654600226419,18.0880465863788,12.6476283015368,13.989123739777,9.35985126353699,29.7847448488421,0,0,33.9542433249472,65.515832873581,36.9025562209537,37.7129400415072,77.8247858150991,226.904639576107,0,0,0,0,0,0,0,0,1382.32078883725,628.572635145644,4698.28582961379,4794.92312027068
"322",2016,1943,26.75,1954.88483124715,1532.92855985516,429.857559221948,801.527747697585,129.602543019416,149.234832233189,87.5231589218606,291.923987326152,0,0,0,0,0,0,0,0,0,0,0.714813045199821,1.32249553150902,0.266654546812557,0.303815574855151,0.184602376146448,0.611902735078253,0,0,0,0,0,0,0,0,7801.7041146872,5407.87101795483,1065.33012532789,1954.56585293731,742.757227084961,793.284251060283,1515.92699479801,4571.48945555079,299.753948331699,207.779052610933,41.0729097299662,75.3590380679416,28.6255718328033,30.5732785289682,58.5287943508534,176.494090766337,19322.4913762225,13246.528540307,2830.87111461305,5067.69025969468,2154.25560357715,2207.44383049045,3750.47770147541,11049.8302748901,742.400745267716,508.952817021499,110.08257856056,197.237700456212,84.2594138958863,86.3321073156285,147.087672277657,433.270600428272,0,0,6.34800363805468,11.4667186777927,5.00296201046955,5.16167816971797,9.29256701010927,27.4936930586224,0,0,0,0,0,0,0,0,516.101473885414,378.984643670367,357.860068994572,694.988101359667,467.109772557399,528.209777901754,312.732647571676,989.924466609666,19.8294434933931,14.5611960836208,13.7594730037505,26.7204665031013,17.9375156887385,20.2867023427087,12.0258925167344,38.0682493536364,244.764763211609,178.814177639321,239.219925187669,467.898703505443,330.605747622403,366.762572690061,243.357726382345,774.418395620909,9.40425335683836,6.87032666657632,9.1976584438283,17.9889859425737,12.6965565759474,14.0869760131733,9.35679546228974,29.77617616427,0,0,33.7887421612989,65.0574387470959,36.9934328353623,37.9019111593058,78.0851266617786,227.872530402628,0,0,0,0,0,0,0,0,1387.28411432296,630.533827592039,4715.31150829307,4807.61589876029
"323",2016,1943,26.8333333333333,1952.16064737559,1530.36777679203,428.25010332904,799.471777530438,129.385897658571,149.880910483701,86.6056509898798,289.853423175753,0,0,0,0,0,0,0,0,0,0,0.711660421165999,1.31828987338321,0.266192734691686,0.305158673991352,0.182650984238085,0.607508879323773,0,0,0,0,0,0,0,0,7800.06266663092,5402.9652589469,1059.42324632327,1942.62611729559,744.009137654402,797.14256983515,1518.09910818613,4582.77258567962,299.690881272424,207.59056550471,40.8452056223807,74.8986534062245,28.6738201130221,30.7219636555984,58.6131577994858,176.931401945898,19327.7831407026,13240.7777362597,2815.85629109642,5038.56581899715,2157.97990213544,2218.53042632423,3758.94027953192,11087.8249423388,742.604068538858,508.731861788979,109.499029244572,196.100837482491,84.4057110186693,86.765032211696,147.421654242019,434.763767342535,0,0,6.31265235282907,11.3962968856076,5.01147962941187,5.18728463003327,9.31269642615388,27.5854928985171,0,0,0,0,0,0,0,0,516.364574357646,378.884502366149,355.996725672783,690.762564595774,468.288828778968,531.25336002434,312.792493326189,990.468636932231,19.8395522430298,14.5573484943025,13.6878379883101,26.5580554745323,17.9827773578226,20.4036153100227,12.0282832980622,38.0895472450574,245.108774174734,178.922361097654,238.202620231642,465.33655498356,331.840989280478,369.26100434986,243.305311822099,774.300373185612,9.41747081297648,6.87448324790182,9.15855840244698,17.8905274499746,12.7439979150602,14.1829705995285,9.35487608937379,29.7720105272028,0,0,33.6236418234577,64.6044580200876,37.081674525549,38.0859857363985,78.3443994724019,228.837861934939,0,0,0,0,0,0,0,0,1392.25008855637,632.494539507142,4732.33955515927,4820.31601395355
"324",2016,1943,26.9166666666667,1949.55248307458,1527.91451260541,426.718255236407,797.513936564394,129.162809826102,150.488747290884,85.7115347437026,287.839451722782,0,0,0,0,0,0,0,0,0,0,0.708610506561887,1.31424575273099,0.265714451799775,0.30642395073546,0.180743456598001,0.603216591177106,0,0,0,0,0,0,0,0,7798.31410632271,5397.99718381339,1053.61892601351,1930.88789507502,745.19901982223,800.879378195614,1520.17804528282,4593.69830792798,299.623698789138,207.399684113287,40.6214438818819,74.4460262935969,28.7196747912326,30.8659608331157,58.6939094207601,177.354873463802,19333.0900537542,13235.0681525015,2801.14600537258,5009.9842295266,2161.51862549515,2229.25147703322,3767.33665828489,11125.5692553713,742.807973740176,508.51249030891,108.927218831409,194.985067746759,84.5447852878446,87.1837328589077,147.753083756401,436.247314419955,0,0,6.2777510334914,11.326940692415,5.01953531019452,5.21201623610831,9.33248531149671,27.6760509387426,0,0,0,0,0,0,0,0,516.604132936773,378.770353968664,354.137946669615,686.573628365372,469.401868481082,534.202359780342,312.881702509315,991.148335197611,19.8487564753292,14.5529627300665,13.6163765532934,26.3970481869665,18.0255006306635,20.5168901666048,12.0317970504679,38.1160355164202,245.44461006155,179.024803663239,237.180065713432,462.789583312306,333.036090884857,371.708931247128,243.281168667593,774.294261999097,9.43037416952256,6.8784192549502,9.11925535725973,17.7926501466103,12.7898954291734,14.2770219445895,9.35404006379104,29.7721362592935,0,0,33.4589845637394,64.1568404410226,37.1672764048089,38.2652057052362,78.6025410745984,229.800424791655,0,0,0,0,0,0,0,0,1397.21847956378,634.45469674804,4749.36832426232,4833.0224634036
"325",2017,1943,27,1947.09062917797,1525.57563099104,425.264732556591,795.898028398691,128.954792760486,151.115459702205,84.7520520946209,285.541907589987,0,0,0,0,0,0,0,0,0,0,0.705777879979663,1.31083503506845,0.265264125544211,0.307727006250099,0.178724814799041,0.59844610577966,0,0,0,0,0,0,0,0,7796.54014451749,5393.05339832847,1048.013544806,1919.96701772974,746.447553019304,804.791178593957,1521.88676169848,4603.32582551966,299.555540339717,207.209735969007,40.405350708178,74.0249115295759,28.7677870996561,31.0166977471509,58.7603693192489,177.728234939475,19338.5863018368,13229.5721769426,2786.97101118162,4983.53514077385,2165.22254382219,2240.4310642974,3774.87468079216,11160.4702322058,743.019153393777,508.30132600051,108.376221804921,193.952360535412,84.6903533013932,87.6204335168206,148.051076562595,437.620171839871,0,0,6.24432436277445,11.262731306771,5.02794802474951,5.23780411917267,9.3501466447778,27.7594980142375,0,0,0,0,0,0,0,0,516.826421244205,378.651790923763,352.337719440284,682.674002437022,470.527815066303,537.265497774349,312.86549955434,991.519447812512,19.857297156013,14.5484073480225,13.5471647144619,26.2471609942223,18.0687163914883,20.6345433784198,12.0312555046249,38.1306474038503,245.773696708266,179.123684590785,236.188383639174,460.421632527955,334.24349646981,374.240855461966,243.192897551415,774.097679140067,9.44301820938401,6.88221841817236,9.08113820736789,17.7016533672553,12.8362631833605,14.3742961430472,9.35073706678842,29.7649324249933,0,0,33.3001342461157,63.7375698287073,37.2561893673855,38.4536048317285,78.8482456996754,230.723524388663,0,0,0,0,0,0,0,0,1402.1887107326,636.410173080832,4766.39520811129,4845.70823226662
