"","year","sim_id","time","N_1_1_1_1","N_1_1_1_2","N_1_1_2_1","N_1_1_2_2","N_1_1_3_1","N_1_1_3_2","N_1_1_4_1","N_1_1_4_2","N_1_2_1_1","N_1_2_1_2","N_1_2_2_1","N_1_2_2_2","N_1_2_3_1","N_1_2_3_2","N_1_2_4_1","N_1_2_4_2","N_2_1_1_1","N_2_1_1_2","N_2_1_2_1","N_2_1_2_2","N_2_1_3_1","N_2_1_3_2","N_2_1_4_1","N_2_1_4_2","N_2_2_1_1","N_2_2_1_2","N_2_2_2_1","N_2_2_2_2","N_2_2_3_1","N_2_2_3_2","N_2_2_4_1","N_2_2_4_2","N_3_1_1_1","N_3_1_1_2","N_3_1_2_1","N_3_1_2_2","N_3_1_3_1","N_3_1_3_2","N_3_1_4_1","N_3_1_4_2","N_3_2_1_1","N_3_2_1_2","N_3_2_2_1","N_3_2_2_2","N_3_2_3_1","N_3_2_3_2","N_3_2_4_1","N_3_2_4_2","N_4_1_1_1","N_4_1_1_2","N_4_1_2_1","N_4_1_2_2","N_4_1_3_1","N_4_1_3_2","N_4_1_4_1","N_4_1_4_2","N_4_2_1_1","N_4_2_1_2","N_4_2_2_1","N_4_2_2_2","N_4_2_3_1","N_4_2_3_2","N_4_2_4_1","N_4_2_4_2","N_5_1_1_1","N_5_1_1_2","N_5_1_2_1","N_5_1_2_2","N_5_1_3_1","N_5_1_3_2","N_5_1_4_1","N_5_1_4_2","N_5_2_1_1","N_5_2_1_2","N_5_2_2_1","N_5_2_2_2","N_5_2_3_1","N_5_2_3_2","N_5_2_4_1","N_5_2_4_2","N_6_1_1_1","N_6_1_1_2","N_6_1_2_1","N_6_1_2_2","N_6_1_3_1","N_6_1_3_2","N_6_1_4_1","N_6_1_4_2","N_6_2_1_1","N_6_2_1_2","N_6_2_2_1","N_6_2_2_2","N_6_2_3_1","N_6_2_3_2","N_6_2_4_1","N_6_2_4_2","N_7_1_1_1","N_7_1_1_2","N_7_1_2_1","N_7_1_2_2","N_7_1_3_1","N_7_1_3_2","N_7_1_4_1","N_7_1_4_2","N_7_2_1_1","N_7_2_1_2","N_7_2_2_1","N_7_2_2_2","N_7_2_3_1","N_7_2_3_2","N_7_2_4_1","N_7_2_4_2","N_8_1_1_1","N_8_1_1_2","N_8_1_2_1","N_8_1_2_2","N_8_1_3_1","N_8_1_3_2","N_8_1_4_1","N_8_1_4_2","N_8_2_1_1","N_8_2_1_2","N_8_2_2_1","N_8_2_2_2","N_8_2_3_1","N_8_2_3_2","N_8_2_4_1","N_8_2_4_2","HIV_neg_male","HIV_neg_female","HIV_pos_male","HIV_pos_female"
"1",1990,2542,0,7567.88039127081,7606.30618119701,355.095826794698,672.669307705779,148.011920231094,210.457209578541,0,0,0,0,0,0,0,0,0,0,0,0,0.547537374885876,1.05230119580411,0.266999956881666,0.380246180576474,0,0,0,0,0,0,0,0,0,0,2546.92695925261,2581.47309050646,77.4073051929274,146.004982361565,24.8253193812161,35.2870483510107,0,0,97.857006741793,99.1843243496769,2.98224330460239,5.62546098339111,0.95664628002358,1.3598095119193,0,0,33699.1699904288,34230.1941284038,1201.60516160772,2262.00819178213,428.481054009755,606.582130591519,0,0,1294.73415629027,1315.18035468017,46.5126997490547,87.6021790562548,16.6971754808555,23.6450348420625,0,0,0,0,1.86313962819743,3.554955179669,0.761381347272942,1.07980249645908,0,0,0,0,0,0,0,0,0,0,250.495420716817,253.948020456105,31.9272654626843,61.1810198277432,21.7932267726868,30.9935032503718,0,0,9.62436553828369,9.75709162282616,1.22216502162084,2.34148612641648,0.830854210039546,1.18146696443429,0,0,746.601502825684,758.473670681566,65.1651337843677,127.71588024261,49.7671106151075,71.2921414723541,0,0,28.6853473836718,29.1417816650598,2.49749283199682,4.89393525606886,1.90138624986485,2.72357082805806,0,0,0,0,7.12880816229808,14.3652903363892,4.95123798060366,7.17017043704257,0,0,0,0,0,0,0,0,0,0,0,0,0,0
"2",1990,2542,0.0833333333333333,7559.76094938504,7590.36148726519,365.280362105736,691.601224381172,150.159381821278,214.022081766119,0,0,0,0,0,0,0,0,0,0,0,0,0.555228706103375,1.06802489889544,0.270872091376701,0.386696395736296,0,0,0,0,0,0,0,0,0,0,2548.38139124233,2580.19165929584,80.6861678150508,152.068933237564,25.4319462656753,36.2357934098458,0,0,97.9128883447212,99.1350897133396,3.10840399258535,5.8588153470311,0.980020774668451,1.39636738479259,0,0,33629.4147659607,34123.2028928359,1246.38721040161,2345.16497281835,437.83902877751,621.290659251182,0,0,1292.05432991476,1311.06956826027,48.2412209892227,90.8141512824282,17.0629873902392,24.2201160210126,0,0,0,0,1.90203964923548,3.63252630194057,0.778029635099493,1.10605237383464,0,0,0,0,0,0,0,0,0,0,248.668379861559,252.633227448773,32.6107203983568,62.6619556790686,21.9739869280512,31.535940663107,0,0,9.55416867710699,9.70657514227103,1.24833986877905,2.39817901371744,0.837722420667073,1.2021096922713,0,0,743.886671890953,754.924573495832,67.0028905995145,131.38433255934,51.0256013262393,73.286315547566,0,0,28.5810415466181,29.0054195786152,2.56793262668305,5.0345024655303,1.9494049968219,2.79965936974663,0,0,0,0,7.2956877020804,14.7238354261239,5.0845204811162,7.3819670901558,0,0,0,0,0,0,0,0,0,0,2.10036315249315,1.2218631301254,0.791684326385111,0.727581062759667
"3",1990,2542,0.166666666666667,7551.85297072933,7574.71207326008,375.258082210063,710.198257153995,152.391026448759,217.70700505793,0,0,0,0,0,0,0,0,0,0,0,0,0.564403603200071,1.08633598777784,0.274813103363605,0.393256634938515,0,0,0,0,0,0,0,0,0,0,2549.34876078355,2578.42288272662,83.8492988079632,157.938161789469,26.0553919030716,37.2094463203085,0,0,97.9500562294824,99.0671304889769,3.23013805145217,6.08472388869105,1.00404316299479,1.43388494867592,0,0,33560.3805240161,34017.1813983878,1290.35324327501,2427.02510870965,447.594980530512,636.577581671627,0,0,1289.40220281045,1306.99604094368,49.938760873348,93.9770201989988,17.4442218778917,24.8176519932414,0,0,0,0,1.94732075740298,3.72135573503179,0.795096070502497,1.13295913328047,0,0,0,0,0,0,0,0,0,0,246.95978160994,251.386165636644,33.3553493562105,64.2463635037891,22.1930566137099,32.1173388027529,0,0,9.48852253092209,9.65866100345296,1.27686129706762,2.45884092788199,0.846051719023139,1.22423787803256,0,0,741.152880248676,751.405491207641,68.8356507239429,135.064363182541,52.2898771288539,75.3127693375559,0,0,28.4760072035173,28.870210713359,2.63817877541971,5.1755080221127,1.99764551811795,2.87697990324955,0,0,0,0,7.46619727426854,15.0903491601478,5.22049463755138,7.59855580839019,0,0,0,0,0,0,0,0,0,0,4.1858560597367,2.43754969261062,1.59427720988616,1.47035104933273
"4",1990,2542,0.25,7544.13595329048,7559.33628860027,385.032868427182,728.465515299076,154.703303969779,221.507646287775,0,0,0,0,0,0,0,0,0,0,0,0,0.574758752245657,1.10672045510269,0.278847807845346,0.399959359659966,0,0,0,0,0,0,0,0,0,0,2549.92855886161,2576.26957021631,86.9061464538485,163.629064861911,26.6954394691629,38.2082339539808,0,0,97.9723329988364,98.9843967788197,3.34780558891415,6.30381164876079,1.02870531220352,1.47237117868046,0,0,33491.9962941661,33912.0552150354,1333.51356645698,2507.60009302823,457.735845937544,652.427510194557,0,0,1286.7750482547,1302.95691300679,51.605699626002,97.0912026830286,17.8403837332258,25.4370614421355,0,0,0,0,1.99764137392809,3.81915248378989,0.812678484524771,1.16065230399519,0,0,0,0,0,0,0,0,0,0,245.360200456877,250.200913017584,34.1513052308028,65.9181131366366,22.4485933612168,32.7370254690015,0,0,9.42706495914698,9.61312167353099,1.3073507423441,2.52285157240857,0.855772007164437,1.24782606325572,0,0,738.399112331492,747.911475817263,70.6675295369541,138.762333295043,53.5623622708363,77.3733928493595,0,0,28.370205335547,28.7359649591509,2.70838918875092,5.31719608629857,2.04620019062232,2.95560439611994,0,0,0,0,7.64119343902875,15.4663487227984,5.35923633121185,7.82005977619304,0,0,0,0,0,0,0,0,0,0,6.25743503417678,3.64737181018851,2.40914017496718,2.229302833101
"5",1990,2542,0.333333333333333,7536.59157047689,7544.21475202945,394.608466576715,746.407929443165,157.092774149366,225.419788841352,0,0,0,0,0,0,0,0,0,0,0,0,0.586042662499015,1.12875005278422,0.282993298032059,0.406827151875588,0,0,0,0,0,0,0,0,0,0,2550.20715728771,2573.82076335264,89.865554104741,169.157003853509,27.3519162515145,39.2323781819349,0,0,97.9830371958933,98.8903097030606,3.46174381670934,6.51666445982912,1.05400073331441,1.51183479757443,0,0,33424.2006916718,33807.7599394092,1375.87856432496,2586.90171533398,468.248833358719,668.825324612237,0,0,1284.17050781461,1298.94970996643,53.2424207813894,100.157127308575,18.2509878153284,26.0777728931593,0,0,0,0,2.05189546643605,3.92401882650394,0.830842448052212,1.18922000800237,0,0,0,0,0,0,0,0,0,0,243.861194600277,249.07230056067,34.9899983749391,67.6630787047848,22.738822634153,33.3942709258192,0,0,9.36947161649173,9.56975855002497,1.3394780340115,2.58966780682259,0.866815699305358,1.27284650409998,0,0,735.624747957225,744.438286912084,72.5017654700995,142.483191881566,54.8453297959435,79.470043469752,0,0,28.2636121149682,28.6025193924918,2.77868807318725,5.4597565238029,2.09515564921204,3.03560360016197,0,0,0,0,7.82131304725444,15.8529794059046,5.50084226260174,8.04662997242991,0,0,0,0,0,0,0,0,0,0,8.3159812657111,4.85161485743549,3.23751198962515,3.00534412795336
"6",1990,2542,0.416666666666667,7529.20342501691,7529.33009358469,403.988500355414,764.03027274767,159.556101515335,229.439326869154,0,0,0,0,0,0,0,0,0,0,0,0,0.598047041962543,1.15206831917879,0.287260690699878,0.413874906530365,0,0,0,0,0,0,0,0,0,0,2550.25938485416,2571.1534081364,92.7357629616903,174.536308339247,28.0246912171105,40.28210195485,0,0,97.9850438625173,98.7878256501005,3.57226712328989,6.72382903099832,1.07992449684122,1.55228451968843,0,0,33356.9407511132,33704.2399615228,1417.4586911744,2664.94204944918,479.121425766086,685.756175502807,0,0,1281.58654653403,1294.97229519551,54.8493108820969,103.17523392611,18.6755591678096,26.739224840628,0,0,0,0,2.10917235251434,4.03438454701692,0.849628945758146,1.21871864001158,0,0,0,0,0,0,0,0,0,0,242.455197317835,247.995815948784,35.8639586128145,69.4689276359327,23.0620470331886,34.0883087804355,0,0,9.31545177948936,9.52839826245208,1.37295607510018,2.658815509243,0.879118089526053,1.29926998624015,0,0,732.829504000596,740.982308824069,74.3408452822738,146.230671250166,56.140899263992,81.6045278439473,0,0,28.1562166640996,28.4697350935795,2.84917075105553,5.60333243057649,2.14459269041006,3.11704634912286,0,0,0,0,8.00701319676418,16.2510801655799,5.64542262579889,8.27843578252672,0,0,0,0,0,0,0,0,0,0,10.3623081412289,6.05054071152221,4.0805200524888,3.79930587304998
"7",1990,2542,0.5,7521.95678233419,7514.66667560662,413.176486666867,781.337183750803,162.090046858776,233.562255696523,0,0,0,0,0,0,0,0,0,0,0,0,0.610598545313094,1.17637712394237,0.291656665223615,0.42111177489285,0,0,0,0,0,0,0,0,0,0,2550.15019608712,2568.33411814964,95.5244402431854,179.780323305628,28.7136714348457,41.3576339977375,0,0,97.9808486554762,98.6795040202872,3.6796681171752,6.92581469938742,1.10647310410071,1.59372924131255,0,0,33290.1706961205,33601.4471682672,1458.26446418337,2741.73343651049,490.341370532314,703.205473348461,0,0,1279.02140566572,1291.0228201092,56.4267592066583,106.145973017121,19.1136326404678,27.4208653430479,0,0,0,0,2.16871851830874,4.1489440790043,0.869061042862436,1.24918131916179,0,0,0,0,0,0,0,0,0,0,241.135398933574,246.967503451066,36.7666837847438,71.3248857710175,23.4166505761855,34.8183538917443,0,0,9.2647438114726,9.48888882526594,1.40753500737011,2.72988052450218,0.8926175300794,1.32706652483167,0,0,730.013376071054,737.540462670251,76.1866305956026,150.007486080818,57.45104034381,83.778589003719,0,0,28.0480188145253,28.3374937667613,2.9199085273467,5.74802779121244,2.19458640147543,3.19999905826995,0,0,0,0,8.1986085805687,16.6612453815644,5.79309507912577,8.51565721912245,0,0,0,0,0,0,0,0,0,0,12.3971695792853,7.24439121465249,4.9391937095635,4.61195189774216
"8",1990,2542,0.583333333333333,7514.83841209173,7500.2104267313,422.175843868233,798.333179258427,164.691463533003,237.784667522095,0,0,0,0,0,0,0,0,0,0,0,0,0.623553962519311,1.20142880259604,0.296184332107387,0.42854226645428,0,0,0,0,0,0,0,0,0,0,2549.9356718211,2565.42023390441,98.2386906392087,184.901427359402,29.4187989040492,42.459210243345,0,0,97.9726062901152,98.5675479277912,3.78421804373784,7.12309409197269,1.13364437085594,1.63617810211197,0,0,33223.8512004188,33499.3401629998,1498.30645721404,2817.28847483736,501.896679078031,721.158888029243,0,0,1276.47357427999,1287.09969418025,57.9751575382981,109.069805319513,19.5647528779927,28.1221520034595,0,0,0,0,2.22991543021052,4.26661987369578,0.889147590202848,1.28062261074916,0,0,0,0,0,0,0,0,0,0,239.89567793615,245.983904136213,37.6925488071729,73.2215966737387,23.8011026822842,35.5836147462524,0,0,9.21711251603482,9.45109734075615,1.44299870883047,2.80250324399784,0.907255592338639,1.35620584671044,0,0,727.176601410712,734.110152941901,78.0404364141146,153.815457204684,58.7775735754191,85.9938968017125,0,0,27.9390276815991,28.2056956884042,2.99095170956551,5.8939122411302,2.24520618460725,3.28452535359445,0,0,0,0,8.39629340272567,17.0838611535792,5.94398126639164,8.75848039118486,0,0,0,0,0,0,0,0,0,0,14.4212647575436,8.43339020181795,5.81447214590573,5.443984718772
"9",1990,2542,0.666666666666667,7507.83640048665,7485.94864593052,430.98990107735,815.022668088635,167.35729196477,242.10274522288,0,0,0,0,0,0,0,0,0,0,0,0,0.636794837431027,1.22701733571134,0.300844167282302,0.436167435687266,0,0,0,0,0,0,0,0,0,0,2549.66419131618,2562.46105889787,100.88508400947,189.911079104611,30.1400471416484,43.587075780734,0,0,97.9621755749725,98.4538516918183,3.88616782084856,7.3161048607989,1.16143730213616,1.67964056688767,0,0,33157.9485242392,33397.8833570187,1537.59529036178,2891.61999924082,513.775621417584,739.602343294653,0,0,1273.94175608495,1283.20155003198,59.4948997641335,111.947201040423,20.0284741194698,28.8425517648142,0,0,0,0,2.29225478981007,4.38652144777872,0.909887197113262,1.31304359281767,0,0,0,0,0,0,0,0,0,0,238.730518532865,245.041986506332,38.636696641189,75.1509514046893,24.2139599606399,36.383305441979,0,0,9.17234596933156,9.41490733388963,1.47916059541953,2.87637204929606,0.922977144743812,1.38665785851864,0,0,724.319617557002,730.689205355722,79.903119822055,157.655652147646,60.1221741409726,88.2520397601126,0,0,27.8292600762243,28.0742573190365,3.06233301869876,6.04102647316241,2.2965158959565,3.37068575504322,0,0,0,0,8.60016556029079,17.5191455208778,6.0982032705233,9.00709286690351,0,0,0,0,0,0,0,0,0,0,16.4352439277781,9.61774587612948,6.70721414114146,6.29605260722755
"10",1990,2542,0.75,7500.93998939501,7471.86983467415,439.621905616916,831.409961997577,170.084555114391,246.512757269795,0,0,0,0,0,0,0,0,0,0,0,0,0.650223172888722,1.25297127420612,0.305634705471564,0.443985768244456,0,0,0,0,0,0,0,0,0,0,2549.37743341499,2559.49891463112,103.469683362791,194.819863877344,30.8774174848582,44.7414853153325,0,0,97.9511578778345,98.3400413721198,3.9857490887333,7.50525143736807,1.18985195506518,1.72412644898309,0,0,33092.4337773626,33297.0461948488,1576.14161863519,2964.74105927275,525.966721901405,758.522012753594,0,0,1271.4248411121,1279.32721367246,60.9863814411772,114.778639028142,20.5043600430386,29.5815407627712,0,0,0,0,2.35531890390936,4.50791273466412,0.931271122416633,1.34643556706857,0,0,0,0,0,0,0,0,0,0,237.634940400377,244.139088017809,39.5949437143662,77.1059400453503,24.6538666743856,37.2166552999651,0,0,9.13025282099791,9.38021650544882,1.51585998063312,2.95121759577153,0.939730378140256,1.41839302208082,0,0,721.443026874395,727.275813147664,81.775155296909,161.528505236942,61.4863764066927,90.5545192906156,0,0,27.7187391421282,27.9431092398696,3.13407048498995,6.18938685727607,2.3485740153613,3.45853745171515,0,0,0,0,8.81024577818779,17.9671804726191,6.25588109773289,9.2616803342755,0,0,0,0,0,0,0,0,0,0,18.4397133858288,10.7976527984508,7.61820668874259,7.16875581064938
"11",1990,2542,0.833333333333333,7494.13944715629,7457.96356224978,448.075028552186,847.49928364362,172.870354806021,251.011053672907,0,0,0,0,0,0,0,0,0,0,0,0,0.663758269046673,1.27914849989627,0.310553003016013,0.451993777206639,0,0,0,0,0,0,0,0,0,0,2549.11117628718,2556.56998224655,105.998072466222,199.637539949915,31.6309355385618,45.9227025797023,0,0,97.9409278531939,98.227507106046,4.08317524990149,7.69090677352795,1.21888930602587,1.76964589200227,0,0,33027.2823312703,33196.8025371593,1613.95612061873,3036.66489747514,538.458755454171,777.904316594272,0,0,1268.92188313058,1275.47568078525,62.4499993607097,117.564605942004,20.9919836292754,30.3386042064603,0,0,0,0,2.41876634038981,4.63018808306406,0.953285154865282,1.38078249298755,0,0,0,0,0,0,0,0,0,0,236.604442460167,243.272869103143,40.5637029355561,79.0805299683467,25.1195537939013,38.0829156205622,0,0,9.09066013391855,9.34693496547701,1.55295911347103,3.02680812788843,0.957466775170783,1.45138261851828,0,0,718.547568384227,723.868493654015,83.6566940272611,165.433912956741,62.8715790966743,92.9027465483168,0,0,27.6074932735364,27.812194484573,3.20616972831723,6.33898910771779,2.40143384151148,3.54813417909545,0,0,0,0,9.02649151396383,18.4279353853977,6.41713112931688,9.52242449690925,0,0,0,0,0,0,0,0,0,0,20.4352394839231,11.9732934438271,8.5481721879373,8.06265171546528
"12",1990,2542,0.916666666666667,7487.42594626582,7444.22033850031,456.352369609947,863.294773493797,175.71186816902,255.59406205948,0,0,0,0,0,0,0,0,0,0,0,0,0.677333771859988,1.30543133199215,0.315595065871884,0.460186554034683,0,0,0,0,0,0,0,0,0,0,2548.89605275108,2553.705096241,108.475385086847,204.373087749477,32.4006479580299,47.1309999533663,0,0,97.9326624629178,98.1174336042751,4.17864257268979,7.87341419956162,1.24855113039313,1.81620935919382,0,0,32962.4732641973,33097.1300790516,1651.04948628014,3107.40492594206,551.24074364413,797.735918170254,0,0,1266.43207832576,1271.64609437904,63.8861510792365,120.305595356604,21.4909270183277,31.1132362543795,0,0,0,0,2.48231854406839,4.75284985442137,0.975911355816135,1.41606324068683,0,0,0,0,0,0,0,0,0,0,235.634949509691,242.441269892202,41.5399104222851,81.0695496482186,25.6098374773269,38.9813655016835,0,0,9.05341133371761,9.31498357043946,1.59034035927721,3.10294500781909,0.976141057448787,1.48559897617865,0,0,715.634091518643,720.466047422479,85.5476193997295,169.371323345458,64.2790506935443,95.2980399450127,0,0,27.4955551067733,27.6814669682559,3.27862609131901,6.48981172109259,2.45514369607773,3.63952612183012,0,0,0,0,9.24880990307302,18.9012888630216,6.58206471115482,9.78950115146766,0,0,0,0,0,0,0,0,0,0,22.4223524596261,13.1448396666041,9.49777535199512,8.97825979606314
"13",1991,2542,1,7478.83075260898,7427.43244982425,466.290840211403,882.012666027279,178.602638415342,260.286336718088,0,0,0,0,0,0,0,0,0,0,0,0,0.691040282724803,1.33205680424263,0.320739267978117,0.468595407018459,0,0,0,0,0,0,0,0,0,0,2548.27500951009,2550.15176513804,111.36290800942,209.82818325063,33.1863033566513,48.372336597354,0,0,97.9088009884458,97.9809089409215,4.28987488843691,8.0835774950868,1.27882754679964,1.86404623570395,0,0,32891.5767434843,32987.6355990002,1693.53052478789,3187.63061968329,564.291406633862,818.093400087049,0,0,1263.70838912997,1267.4391298571,65.529536488023,123.411598627607,22.0003588052279,31.9084226663348,0,0,0,0,2.54626467979472,4.8766844464888,0.99907728609368,1.45236935513403,0,0,0,0,0,0,0,0,0,0,234.651214876733,241.578721933106,42.5731934906466,83.175799831122,26.118197178969,39.9236249548112,0,0,9.01561533937154,9.28184307512963,1.62991102235319,3.18357669207922,0.995504592500892,1.52148481210501,0,0,712.576418931696,716.86332326305,87.56800392543,173.557190508065,65.7066213792148,97.7499743608041,0,0,27.3780767504355,27.5430444515018,3.35605298357856,6.65017019524832,2.50962067447044,3.7330788682597,0,0,0,0,9.47683137727549,19.3878433817705,6.75041697104996,10.0638616359648,0,0,0,0,0,0,0,0,0,0,24.4213805882557,14.2836778308973,10.4776106312337,9.89313200358365
"14",1991,2542,1.08333333333333,7469.09066377791,7408.80735739855,477.174966811523,902.408257837585,181.566730691844,265.108171971729,0,0,0,0,0,0,0,0,0,0,0,0,0.705411030869287,1.35991634238284,0.325996221051208,0.477214580330991,0,0,0,0,0,0,0,0,0,0,2547.44673610568,2546.21617808748,114.477022397808,215.686406470872,33.9942358774417,49.6531509845649,0,0,97.876977399699,97.8296973927692,4.40982247531652,8.30924779045536,1.30996205645773,1.91340386975781,0,0,32816.9586003963,32872.1793760421,1739.04053078629,3273.24528092508,577.688337597496,839.044794675291,0,0,1260.84171198404,1263.00310546691,67.289607295481,126.725324866707,22.5232699698067,32.7267733590731,0,0,0,0,2.61248055403829,5.00480789223812,1.02281347155112,1.48968371677299,0,0,0,0,0,0,0,0,0,0,233.679058927405,240.706945768911,43.6590917367085,85.3851007467685,26.6470740873674,40.9054655942035,0,0,8.97826420567271,9.24834801765885,1.671499511936,3.26815881821274,1.01565060137997,1.55887921237483,0,0,709.420745210349,713.136395327922,89.673502450711,177.9134833937,67.1576108320271,100.260196470289,0,0,27.2568330574165,27.3998498259139,3.43674642500342,6.81706632674211,2.56499184577184,3.82885551557908,0,0,0,0,9.7107448744485,19.887592426378,6.92239721220386,10.3454250056656,0,0,0,0,0,0,0,0,0,0,26.4247148158614,15.4001465435254,11.4853901107863,10.8162287802467
"15",1991,2542,1.16666666666667,7459.45355561366,7390.38646000913,487.8272827432,922.419858664591,184.609195699703,270.04562925928,0,0,0,0,0,0,0,0,0,0,0,0,0.720341140363168,1.3887787368538,0.331385759740865,0.486032864786489,0,0,0,0,0,0,0,0,0,0,2546.74719832222,2542.42254132029,117.527588602385,221.444135295707,34.825907230823,50.9718233501459,0,0,97.8501000393794,97.6839398015063,4.52733699179112,8.5310730814985,1.34201106971583,1.96421993907029,0,0,32742.6989232061,32757.3783008485,1783.6678675838,3357.41492529199,591.446412501193,860.545950010572,0,0,1257.98880603822,1258.5922529876,69.0160773247737,129.984168071785,23.0602486143626,33.5665779467697,0,0,0,0,2.68056680556456,5.13634394815193,1.04718209959627,1.52797417644086,0,0,0,0,0,0,0,0,0,0,232.76167509472,239.865250210979,44.7639535318967,87.6287525593113,27.199879940907,41.9195262265642,0,0,8.94301748475661,9.21600870565243,1.71381249788383,3.35405249432371,1.03670917085486,1.59750170539994,0,0,706.248177690145,709.414535094519,91.787985147747,182.302879563147,68.6353993815321,102.825314507713,0,0,27.1349402728357,27.2568499100471,3.5177811192272,6.98522413953399,2.62138623627991,3.92672640521256,0,0,0,0,9.95094697564638,20.400505853859,7.09834806392475,10.633887024066,0,0,0,0,0,0,0,0,0,0,28.4199684819772,16.5126491342649,12.515713135843,11.7628220021577
"16",1991,2542,1.25,7449.9106298223,7372.16012557614,498.251893189648,942.052969908276,187.726356905678,275.094120475998,0,0,0,0,0,0,0,0,0,0,0,0,0.735674316885539,1.4183752991313,0.336912486163906,0.495056538401016,0,0,0,0,0,0,0,0,0,0,2546.20091964256,2538.79513186596,120.520686687131,227.111858675344,35.6810458436258,52.328287158907,0,0,97.8291111389144,97.5445689294292,4.64265065468864,8.74945401277307,1.3749642401116,2.0164920243178,0,0,32668.7816141074,32643.2145325854,1827.42551288179,3440.1559989763,605.552517809121,882.581079564295,0,0,1255.14905282081,1254.20588694436,70.7094292796481,133.188734073721,23.6107958758273,34.4272379692827,0,0,0,0,2.74994748774385,5.27030061697408,1.07219623233618,1.56725974408009,0,0,0,0,0,0,0,0,0,0,231.896060780099,239.052411377031,45.8835644915955,89.8997833151559,27.7762070743804,42.9660326578435,0,0,8.90975981313283,9.18477811557359,1.75668802848263,3.44098971741877,1.05866474850263,1.63736088596488,0,0,703.059169507411,705.696430850468,93.9118683195091,186.725680548025,70.1408958269004,105.44627514647,0,0,27.0124158068401,27.1139943057966,3.59917291413142,7.15465497003554,2.67883843774306,4.0267275332592,0,0,0,0,10.1975605924009,20.9268282178416,7.27837878643116,10.929424870134,0,0,0,0,0,0,0,0,0,0,30.4075972858145,17.6213220071954,13.5692912357675,12.7334743286856
"17",1991,2542,1.33333333333333,7440.45388757205,7354.11955875563,508.45279714793,961.312962734256,190.914632326246,280.249152549168,0,0,0,0,0,0,0,0,0,0,0,0,0.75128208045909,1.44848381303629,0.342577768806542,0.504287690777799,0,0,0,0,0,0,0,0,0,0,2545.82823539009,2535.35389692728,123.461897242448,232.699214763554,36.5594357844092,53.7225283078756,0,0,97.8147920139496,97.4123511799682,4.75597667526269,8.96475884716451,1.40881333326219,2.0702196884182,0,0,32595.1935273434,32529.6732712894,1870.32644451492,3521.4851222726,619.993821610575,905.134667270259,0,0,1252.32194727979,1249.84343869761,72.3701462608629,136.339635869898,24.1744233326226,35.308164890005,0,0,0,0,2.82015269762367,5.40586356608891,1.09785764551268,1.6075448553085,0,0,0,0,0,0,0,0,0,0,231.079505689994,238.267373357235,47.0143262340405,92.1922148154503,28.3756198297212,44.0451178482482,0,0,8.8783870580632,9.15461567765687,1.7999878608402,3.52874074346834,1.08150068285843,1.67846176940004,0,0,699.854320240411,701.981060591056,96.045233225456,191.181636704399,71.6749550446553,108.124014565556,0,0,26.8892826960503,26.9712437460925,3.68092478893618,7.32534897817752,2.73738098555244,4.12889449457043,0,0,0,0,10.4506175652994,21.4666467610107,7.4625991698965,11.2322168873213,0,0,0,0,0,0,0,0,0,0,32.3880319561,18.72629616631,14.6467902717218,13.7287189421372
"18",1991,2542,1.41666666666667,7431.0759967732,7336.25666261082,518.433898632729,980.205093375436,194.170526888861,285.506319394738,0,0,0,0,0,0,0,0,0,0,0,0,0.767057668739275,1.4789185441359,0.348380747927914,0.51372549558098,0,0,0,0,0,0,0,0,0,0,2545.64605466224,2532.11524935783,126.356354087665,238.215079440675,37.4609091468745,55.1545796701458,0,0,97.8077923390477,97.2879171612044,4.86751125546144,9.17732682046377,1.44355194059244,2.12540427459126,0,0,32521.9239186417,32416.742184614,1912.38362427817,3601.41905299036,634.757760704634,928.191456261532,0,0,1249.50707662969,1245.50443441764,73.9987111300289,139.437492206651,24.7506525309985,36.2087796870717,0,0,0,0,2.89079477859932,5.54235699977086,1.12416053991326,1.64882405981461,0,0,0,0,0,0,0,0,0,0,230.309544383338,237.509213629093,48.1531534744805,94.5009012125468,28.9976688230436,45.1568457572047,0,0,8.84880449436641,9.12548594709269,1.84359349626812,3.617107867452,1.10519977730922,1.72080671245138,0,0,696.634342991955,698.267642310157,98.1878994395944,195.670064044974,73.2383731802213,110.859443745453,0,0,26.7655683388366,26.828568184998,3.76302967615003,7.49727964331082,2.79704417163256,4.23326191740147,0,0,0,0,10.7100814295807,22.0199291947813,7.65111661851076,11.5424387783205,0,0,0,0,0,0,0,0,0,0,34.3616816506404,19.8276981854133,15.7488369234662,14.7490642226745
"19",1991,2542,1.5,7421.7702326007,7318.56397655757,528.199010029656,998.734508326198,197.490631104313,290.861300444519,0,0,0,0,0,0,0,0,0,0,0,0,0.782913366061653,1.50952584735355,0.354318755000668,0.523366745480971,0,0,0,0,0,0,0,0,0,0,2545.66821420806,2529.09243932971,129.208762788735,243.667596520875,38.3853417452558,56.6245174992567,0,0,97.808643744235,97.1717759659389,4.97743428646657,9.38746928103589,1.47917531705686,2.18204877200371,0,0,32448.9641874838,32304.4111379942,1953.60998582418,3679.97466648455,649.832043236877,951.736452673737,0,0,1246.70411044939,1241.18848471712,75.5956060498899,142.482926823462,25.3390150879268,37.1285129981878,0,0,0,0,2.96155794536899,5.6792265314651,1.15109305158997,1.69108394608507,0,0,0,0,0,0,0,0,0,0,229.583935823878,236.777127085772,49.2974270799061,96.8214556590181,29.6418985121413,46.3012234338066,0,0,8.82092601878852,9.09735799037026,1.88740437225746,3.70592259768873,1.12974458337724,1.76439587998651,0,0,693.40004728162,694.555610414381,100.339461233209,200.189902431129,74.8318839452488,113.653439595426,0,0,26.6413038380191,26.6859458915022,3.84547186130936,7.67040600393285,2.85785590149285,4.33986312276527,0,0,0,0,10.9758576533793,22.5865406926074,7.84403478730713,11.8602617763311,0,0,0,0,0,0,0,0,0,0,36.3289352778065,20.9256506090735,16.8760216147198,15.7949959534153
"20",1991,2542,1.58333333333333,7412.53040149945,7301.03459735453,537.751857315041,1016.9062515128,200.871617566496,296.309856963937,0,0,0,0,0,0,0,0,0,0,0,0,0.798777222203751,1.54017876103362,0.360387811669339,0.533206488194481,0,0,0,0,0,0,0,0,0,0,2545.90591732167,2526.29601232335,132.023432641394,249.064231275052,39.3326481170298,58.1324574804326,0,0,97.8177766779874,97.0643327683946,5.08591056060595,9.59547171864477,1.51568019272735,2.24015766844228,0,0,32376.3075596196,32192.6718643724,1994.01842126983,3757.16892932866,665.204644719876,975.75492299802,0,0,1243.91278848408,1236.8952719614,77.1613119658783,145.47656744166,25.9390525484102,38.0668050281988,0,0,0,0,3.03218556182984,5.81601815064112,1.17863905429885,1.73430543527728,0,0,0,0,0,0,0,0,0,0,228.900636712783,236.070406655183,50.4449339426931,99.1501555591712,30.3078550571296,47.4782147072297,0,0,8.79467312540332,9.07020464063158,1.93133554696678,3.79504200612599,1.15511770587053,1.8092277735523,0,0,690.152319417843,690.844586556426,102.499330447082,204.739784414794,76.4561561529884,116.506836362678,0,0,26.516523246741,26.5433623288905,3.92822863202514,7.84467530669528,2.91984159854679,4.4487297946465,0,0,0,0,11.2478058820347,23.1662643245632,8.04145217062993,12.1858507495601,0,0,0,0,0,0,0,0,0,0,38.2901633635708,22.0202724669214,18.0289024235711,16.8669801568267
"21",1991,2542,1.66666666666667,7403.35076973128,7283.66210489522,547.096084719016,1034.72527060427,204.310237687791,301.84782865236,0,0,0,0,0,0,0,0,0,0,0,0,0.814590085794233,1.57077210517067,0.366583059663047,0.543238576217405,0,0,0,0,0,0,0,0,0,0,2546.36814480901,2523.73423744872,134.804309064338,254.411824727507,40.302776611153,59.6785507176976,0,0,97.8355361972311,96.9659052809996,5.19309099970911,9.80159582405478,1.55306458732577,2.29973680013114,0,0,32303.9487901469,32081.51765579,2033.62176730903,3833.01887220227,680.863804310447,1000.23239178569,0,0,1241.13290923734,1232.62453841898,78.6963080687797,148.419044723127,26.5503162526309,39.0231054699759,0,0,0,0,3.10246867897568,5.95235921857447,1.20677969791601,1.77846574484068,0,0,0,0,0,0,0,0,0,0,228.257776551828,235.388425535456,51.5938099043688,101.483852230535,30.9950931090962,48.6877526051714,0,0,8.76997394750409,9.04400181512973,1.97531550157579,3.88434524917235,1.18130206660927,1.85529971084361,0,0,686.89210411958,687.134352006099,104.666776395036,209.318099663298,78.1117920952368,119.420418167686,0,0,26.3912628623514,26.400809093195,4.01127181270261,8.02002548526996,2.98302414096562,4.55989169369701,0,0,0,0,11.5257509378708,23.7588194883262,8.24346094740278,12.5193626238199,0,0,0,0,0,0,0,0,0,0,40.2457198086163,23.1116797372904,19.2080088900014,17.9654658424532
"22",1991,2542,1.75,7394.22601153834,7266.44050836321,556.235258030873,1052.19642137608,207.803319236797,307.471131147216,0,0,0,0,0,0,0,0,0,0,0,0,0.830303672650604,1.60121926034136,0.372898997417833,0.553455973948529,0,0,0,0,0,0,0,0,0,0,2547.06194988171,2521.41341448872,137.554999750688,259.716637472851,41.2957052851737,61.2629799951235,0,0,97.8621932976358,96.8767355514874,5.29911364769936,10.0060811525082,1.59132765475332,2.36079321079982,0,0,32231.8839511695,31970.9431431865,2072.43279430856,3907.54156830755,696.798021580538,1025.15463973641,0,0,1238.36432181277,1228.376077801,80.2010713719288,151.310991440354,27.1723672208091,39.9968734390573,0,0,0,0,3.17223865813055,6.08794612317352,1.23549421780922,1.82353943870842,0,0,0,0,0,0,0,0,0,0,227.653639738481,234.730625039916,52.7424978625178,103.819904032168,31.7031798478265,49.9297477627342,0,0,8.74676256967151,9.01872804821366,2.01928452799883,3.9737309934986,1.20828106145231,1.90260815021487,0,0,683.620391348981,683.42482723176,106.840953966852,213.923040902232,79.7993276005847,122.394914783739,0,0,26.2655607205009,26.25828312868,4.09456884505696,8.19638692759545,3.04742386355282,4.67337649576418,0,0,0,0,11.8094898183815,24.3638737892153,8.45014648991909,12.8609456536275,0,0,0,0,0,0,0,0,0,0,42.1959431755263,24.1999856545608,20.4138449644012,19.0908871031523
"23",1991,2542,1.83333333333333,7385.15116126326,7249.36419659305,565.172867563787,1069.32447150435,211.347763949766,313.175753618184,0,0,0,0,0,0,0,0,0,0,0,0,0.84587881458026,1.63144924419231,0.379329689228842,0.56385102911018,0,0,0,0,0,0,0,0,0,0,2547.99272906827,2519.33815540059,140.278800629587,264.98439334153,42.3114381487192,62.8859563709438,0,0,97.8979553224568,96.7970007786313,5.4041046566544,10.2091467825934,1.63046954067709,2.42333502323695,0,0,32160.1102369979,31860.9440948568,2110.46419557835,3980.75411194691,712.996053079929,1050.50770155672,0,0,1235.60691842969,1224.14972751768,81.6760762946636,154.15304165196,27.8047760301957,40.9875773996609,0,0,0,0,3.24136049208058,6.22253309078457,1.26476065038021,1.86949935485873,0,0,0,0,0,0,0,0,0,0,227.086649001336,234.096503614129,53.8897088060277,106.156113946537,32.4316983060875,51.2040958346839,0,0,8.72497839133993,8.99436406934515,2.06319322934546,4.06311501336779,1.23603868980769,1.95114897683099,0,0,680.338204385839,679.716053046583,109.020929149167,218.552645805829,81.5192325289288,125.430998161848,0,0,26.1394561369482,26.1157860034518,4.17808376931461,8.37368408720882,3.11305857647271,4.7892096591342,0,0,0,0,12.0987980004416,24.9810537686882,8.66158696444012,13.2107388148777,0,0,0,0,0,0,0,0,0,0,44.1411578946011,25.2853009849318,21.6468918026979,20.2436650929189
"24",1991,2542,1.91666666666667,7376.12156662944,7232.42788968105,573.912331045779,1086.114104194,214.940545100663,318.957756333331,0,0,0,0,0,0,0,0,0,0,0,0,0.861283757118092,1.6614038695661,0.385868968201955,0.574415735681195,0,0,0,0,0,0,0,0,0,0,2549.16448559784,2517.51165764634,142.978722317909,270.220324010687,43.3500015680202,64.5477159517956,0,0,97.94297608216,96.7268238140338,5.50817929188457,10.4109930117082,1.67049124620071,2.48737131763851,0,0,32088.625774948,31751.5172209987,2147.7285765776,4052.67359676733,729.446908583717,1076.27786352826,0,0,1232.86062715386,1219.94536116871,83.1217942427852,156.945829864764,28.4471226804136,41.9946950800374,0,0,0,0,3.30972631252396,6.35592131151986,1.29455653092252,1.91631750783482,0,0,0,0,0,0,0,0,0,0,226.555349175929,233.485606258937,55.034383656566,108.490668322741,33.18025034597,52.5106844683175,0,0,8.70456550344128,8.97089239671503,2.10700105136913,4.15242783261077,1.26455967076858,2.00091777194545,0,0,677.046588388218,676.008172230806,111.205703596185,223.204837418533,83.2719115341918,128.529279321749,0,0,26.0129892680452,25.9733232033551,4.26177816886675,8.55183703807687,3.17994359433911,4.90741430592318,0,0,0,0,12.3934355469404,25.6099553060067,8.87785296047366,13.5688712348878,0,0,0,0,0,0,0,0,0,0,46.0816754571959,26.3677342918659,22.907610532134,21.4242099780939
"25",1992,2542,2,7365.2324061501,7211.81081489833,585.138829354707,1107.0681233321,218.551504800008,324.744256168882,0,0,0,0,0,0,0,0,0,0,0,0,0.876759324847165,1.69140174862882,0.392439970602477,0.58498957096179,0,0,0,0,0,0,0,0,0,0,2549.90936447065,2514.81087455906,146.283676702518,276.462362442911,44.4056753890327,66.2339335090408,0,0,97.9715955196407,96.6230554088111,5.63550283087315,10.6514997624228,1.71117206549402,2.55234972857264,0,0,32009.2353363889,31628.5218866532,2192.47664184339,4136.94369432143,746.042661056296,1102.21171651925,0,0,1229.81058325802,1215.21967239905,84.8551957166162,160.21345132463,29.0951827929363,43.0083198754265,0,0,0,0,3.37808938926744,6.48902452029239,1.32462114946578,1.96345466684588,0,0,0,0,0,0,0,0,0,0,225.942815436197,232.699625876093,56.2420332901985,110.921019001009,33.9245954495512,53.7947546169061,0,0,8.68103149475561,8.94069375288729,2.15322720007484,4.24542019411752,1.29292018253774,2.04982799067676,0,0,673.574625427512,672.014328232288,113.543958446804,228.116788199783,85.042227360172,131.655133839731,0,0,25.8795932296409,25.8198732374842,4.35136557521173,8.73996159588231,3.24750096676468,5.02666860359036,0,0,0,0,12.6920331169266,26.2467655348078,9.09732249067587,13.9317700744564,0,0,0,0,0,0,0,0,0,0,48.0821616777152,27.5423951678452,24.2396841678368,22.7398494780164
"26",1992,2542,2.08333333333333,7354.19398940389,7190.93002870147,596.443171828659,1128.1511277471,222.231661515422,330.629576012135,0,0,0,0,0,0,0,0,0,0,0,0,0.892777273207924,1.72231803724595,0.399111619907565,0.595712980288121,0,0,0,0,0,0,0,0,0,0,2550.78466946677,2512.19095406559,149.621295077524,282.766495970347,45.4889761664443,67.9638652170031,0,0,98.0052261373525,96.5223938737558,5.76408907117142,10.8944064316387,1.75291693814974,2.6190119155164,0,0,31929.216295612,31504.5222105772,2237.32166899941,4221.35266228068,762.948921049241,1128.61708658598,0,0,1226.73638701869,1210.45539523216,86.5925767132828,163.486934875609,29.7553893636849,44.0404299882136,0,0,0,0,3.4480429791409,6.62479855097764,1.35518137987977,2.01137287170152,0,0,0,0,0,0,0,0,0,0,225.35407253761,231.919682276594,57.4723602619111,113.390976189148,34.6878237930945,55.1079692245451,0,0,8.65841155996926,8.910727052091,2.20032149395634,4.33992744618639,1.32200043714399,2.09984852265736,0,0,670.076180727214,667.987925847671,115.903543450757,233.076337847553,86.8442226813843,134.837921244955,0,0,25.7451797184444,25.6651723264627,4.44176775694622,8.92990358316348,3.31626717281748,5.14809390038823,0,0,0,0,12.9956547734411,26.8945040869744,9.32146194082109,14.3026126175974,0,0,0,0,0,0,0,0,0,0,50.0852468324219,28.7247730342757,25.6067413483432,24.0996926543388
"27",1992,2542,2.16666666666667,7343.23574733503,7170.25137001754,607.496144603314,1148.80998476917,225.9822452853,336.619482559062,0,0,0,0,0,0,0,0,0,0,0,0,0.909191151679086,1.75391703087887,0.405899963630374,0.606613949034149,0,0,0,0,0,0,0,0,0,0,2551.88484522954,2509.80135361986,152.918051450422,289.011709101928,46.6008706310186,69.7399030668845,0,0,98.0474966495256,96.4305816032551,5.89111211074027,11.1350621007556,1.79576323120837,2.68745018449704,0,0,31849.573363177,31381.2564368712,2281.25372601939,4304.22632547529,780.170099205206,1155.51413187034,0,0,1223.6766399227,1205.71931585282,88.2951271698534,166.701951339242,30.4279252214535,45.091827394591,0,0,0,0,3.51910048245123,6.76247080021155,1.386288626041,2.06016295655124,0,0,0,0,0,0,0,0,0,0,224.802055821242,231.169618083672,58.7150056511316,115.8848586647,35.473039140475,56.4575375995835,0,0,8.63720269280476,8.88190836622261,2.24788566229582,4.43534628904166,1.35191878150104,2.15125415299691,0,0,666.572730225505,663.964068875284,118.266220834827,238.053939404366,88.6801776315759,138.082548113996,0,0,25.6105738673565,25.5105692147788,4.53228383733381,9.12052727702076,3.38632914700142,5.27187731782999,0,0,0,0,13.3045541572877,27.5537715728294,9.55054246784009,14.6819671208646,0,0,0,0,0,0,0,0,0,0,52.0832698359,29.9032576712895,27.0042236861791,25.4914123061161
"28",1992,2542,2.25,7332.35096467771,7149.76727039558,618.302076333569,1169.05066631551,229.799360546735,342.708990317143,0,0,0,0,0,0,0,0,0,0,0,0,0.925866590847062,1.78597137457463,0.412808382416,0.617696756737267,0,0,0,0,0,0,0,0,0,0,2553.2213018172,2507.65256043892,156.178648187984,295.206023714901,47.7412932166421,71.5622542521768,0,0,98.0988454488437,96.3480215329594,6.01675162667133,11.3737733428684,1.83970851058942,2.75767262519185,0,0,31770.299356383,31258.7151849265,2324.28719298313,4385.58436860204,797.69316633813,1182.88664232885,0,0,1220.63106602194,1201.01107384193,89.9633842276089,169.859230955613,31.1122928814479,46.161894807099,0,0,0,0,3.59081491614499,6.90128983746733,1.41795192762343,2.10983685702621,0,0,0,0,0,0,0,0,0,0,224.285294042156,230.448527102582,59.9670536285869,118.397874944758,36.2802002641285,57.8436291596052,0,0,8.61734836628003,8.85420287781583,2.29580771271663,4.53149269172513,1.38267367133539,2.20405137719203,0,0,663.064589600267,659.942628263464,120.631942173486,243.049129686455,90.5504072602721,141.389629609122,0,0,25.4757878052266,25.3560589440537,4.62291193025334,9.31181481257407,3.45769878725771,5.39804213201511,0,0,0,0,13.6187534038008,28.2245966256329,9.78462854006682,15.0699503458077,0,0,0,0,0,0,0,0,0,0,54.0765501393169,31.0779988287797,28.4327709706673,26.9156354511337
"29",1992,2542,2.33333333333333,7321.53343645377,7129.47069779784,628.865191964013,1188.87901841376,233.679207778549,348.89321186034,0,0,0,0,0,0,0,0,0,0,0,0,0.94269333889463,1.81829339005141,0.419837377489051,0.628962010162699,0,0,0,0,0,0,0,0,0,0,2554.80302616808,2505.75261090472,159.40737556031,301.356760532916,48.9102072369886,73.4311516266247,0,0,98.1596178278496,96.2750224335148,6.14117159836318,11.6108200122395,1.8847514324032,2.82968829000388,0,0,31691.3887496481,31136.8907563161,2366.43639128765,4465.44654024032,815.505393336613,1210.71871440568,0,0,1217.59945303576,1196.33037341256,91.5978831846932,172.959506958565,31.8080060285669,47.250026248523,0,0,0,0,3.66282271107012,7.04064076807181,1.45017104797822,2.16039482940661,0,0,0,0,0,0,0,0,0,0,223.802456715873,229.755599665444,61.2260341253087,120.925946836023,37.1092238674074,59.266356741752,0,0,8.59879746161599,8.82757947812179,2.34399281269506,4.62821008691693,1.41426193750239,2.25824450944139,0,0,659.552187750192,655.923632410338,123.000438664592,248.061087384641,92.4552039264538,144.759754550637,0,0,25.3408380109868,25.201642605384,4.71364168909887,9.50373457875129,3.53038713055365,5.52661061995667,0,0,0,0,13.9382055573702,28.9068913555297,10.0237840680535,15.4666779907371,0,0,0,0,0,0,0,0,0,0,56.0653944836293,32.2491417935818,29.892996038218,28.3729671616429
"30",1992,2542,2.41666666666667,7310.77738060529,7109.35506580547,639.189622669726,1208.30077404606,237.618075888638,355.167349863391,0,0,0,0,0,0,0,0,0,0,0,0,0.959579913642323,1.85072643988993,0.426985462969041,0.64040775655818,0,0,0,0,0,0,0,0,0,0,2556.63705697575,2504.10757830255,162.608162159604,307.470624650849,50.1076014574777,75.3468518437049,0,0,98.2300842244059,96.2118176502537,6.26452222273115,11.8464584950962,1.93089161588877,2.90350712801285,0,0,31612.8373366889,31015.7767880198,2407.71557047783,4543.83262037753,833.594334645334,1238.99473518038,0,0,1214.58163937165,1191.6769700863,93.1991569699411,176.003514306207,32.5145889069644,48.3556264703379,0,0,0,0,3.73482478152467,7.18001479872593,1.4829394963988,2.2118291817118,0,0,0,0,0,0,0,0,0,0,223.352329104667,229.090102568426,62.4898448823832,123.465587702553,37.9599975456264,60.7257919211053,0,0,8.58150330717413,8.80200999626337,2.39236028543724,4.72536467880113,1.44667928733802,2.31383627503319,0,0,656.03604173555,651.907236180242,125.371273135258,253.088714955655,94.3948310322407,148.193476561748,0,0,25.2057443508463,25.0473261489016,4.80445630736972,9.69624436901004,3.60440411131911,5.6576037188746,0,0,0,0,14.2628124654953,29.6004804019129,10.2680701662228,15.8722618670487,0,0,0,0,0,0,0,0,0,0,58.0500986520268,33.4168280539542,31.3854889486224,29.8639944311528
"31",1992,2542,2.5,7300.07740266369,7089.41419707066,649.279407503237,1227.32155565442,241.612341779189,361.52669662715,0,0,0,0,0,0,0,0,0,0,0,0,0.976451416176763,1.88314138901997,0.434249520956688,0.652029929637837,0,0,0,0,0,0,0,0,0,0,2558.72869166186,2502.72178738733,165.784591353873,313.553732950837,51.3334881124608,77.3096338722298,0,0,98.310448173924,96.1585733471768,6.38694053736029,12.0809227486185,1.97812956937295,2.97913993046942,0,0,31534.6420807189,30895.3680977994,2448.13889537912,4620.76239947503,851.947831739987,1267.69938701679,0,0,1211.57750836973,1187.05066475234,94.7677356544097,178.991988888272,33.231576453871,49.4781111284386,0,0,0,0,3.80657881294322,7.31899680275757,1.51624570439041,2.26412573779824,0,0,0,0,0,0,0,0,0,0,222.933802288241,228.451370631317,63.7567187883879,126.013851783843,38.8323861166266,62.2219725478496,0,0,8.56542329695714,8.77746887494056,2.44084235136602,4.82284348995627,1.47992054934815,2.37082810171423,0,0,652.516744722259,647.893706676136,127.743864733525,258.130677611867,96.3695187109123,151.691307746459,0,0,25.0705296150883,24.8931198371274,4.89533346879565,9.88929288218964,3.67975839607252,5.79104078404497,0,0,0,0,14.5924324523269,30.3051133750306,10.5175440683685,16.2868084653735,0,0,0,0,0,0,0,0,0,0,60.0309480322594,34.581195508467,32.9108187347014,31.3892878986477
"32",1992,2542,2.58333333333333,7289.42844787931,7069.64227379146,659.138497753358,1245.94688071186,245.658466997145,367.966630600322,0,0,0,0,0,0,0,0,0,0,0,0,0.993246704845679,1.9154320231738,0.441625246229885,0.663822907179278,0,0,0,0,0,0,0,0,0,0,2561.0817498569,2501.59808471005,168.939930369223,319.611663358173,52.587900742446,79.3197976864056,0,0,98.4008564327157,96.115398893325,6.50855152545508,12.3144261734617,2.0264666097253,3.05659828347211,0,0,31456.8009265265,30775.6604917823,2487.72043498486,4696.25565540504,870.554007173697,1296.81764241461,0,0,1208.58698108267,1182.4512962745,96.3041460174566,181.925666634485,33.9585140818737,50.6169065964719,0,0,0,0,3.87788930921414,7.45724925443917,1.55007450999783,2.31726567911643,0,0,0,0,0,0,0,0,0,0,222.545859670211,227.838795924247,65.0251800991381,128.568265604385,39.7262386845698,63.7549112708929,0,0,8.55051837216864,8.75393275650383,2.48938244140259,4.92055171839468,1.51397994638426,2.42922044924438,0,0,648.994951716487,643.883405686636,130.117518292955,263.185449850065,98.379460325355,155.253713366163,0,0,24.9352189699758,24.7390375705577,4.9862464768462,10.0828215126524,3.75645724882309,5.92693938459093,0,0,0,0,14.9268898053843,31.0204803267171,10.7722580235093,16.7104175221858,0,0,0,0,0,0,0,0,0,0,62.0082185260428,35.7423787973806,34.4695358238011,32.9494041041512
"33",1992,2542,2.66666666666667,7278.82575267124,7050.03378751852,668.770761020005,1264.18216689516,249.752994600506,374.482613170101,0,0,0,0,0,0,0,0,0,0,0,0,1.00991563101805,1.94751055251561,0.449107558752765,0.675780030423195,0,0,0,0,0,0,0,0,0,0,2563.6988409202,2500.73811295549,172.077160948145,325.649506675748,53.8708917019782,81.3776625505231,0,0,98.5014092565394,96.0823574032743,6.62946928088404,12.5471635845831,2.07590476914895,3.13589450507384,0,0,31379.3126097478,30656.6505694173,2526.47414965208,4770.33212777481,889.401259456684,1326.33475996342,0,0,1205.61000894774,1177.8787339973,97.8089110487896,184.805282524422,34.694957493166,51.7714498208742,0,0,0,0,3.94859789872399,7.59449652857795,1.58440851843885,2.37122723998383,0,0,0,0,0,0,0,0,0,0,222.187563469279,227.251817106671,66.2939994755999,131.126757299378,40.6413955709694,65.3246040511129,0,0,8.53675250218473,8.73138007334058,2.53793346511298,5.01841001493351,1.54885136365452,2.48901313849952,0,0,645.471364875423,639.876771567387,132.491454213901,268.25136307159,100.424809242067,158.881106637379,0,0,24.7998393933738,24.5850961915176,5.07716540395858,10.2767661822193,3.8345064072618,6.06531510424827,0,0,0,0,15.2659840176201,31.7462268881337,11.0322583193856,17.1431807238574,0,0,0,0,0,0,0,0,0,0,63.9821774519045,36.9005096205963,36.0621745912289,34.5448878597691
"34",1992,2542,2.75,7268.26481482171,7030.58350830764,678.179983762457,1282.03273521891,253.892547058467,381.070186583474,0,0,0,0,0,0,0,0,0,0,0,0,1.02641753330926,1.97930513480874,0.456690786775696,0.687893838895475,0,0,0,0,0,0,0,0,0,0,2566.58152537361,2500.14247608828,175.199000411949,331.671902085016,55.1825301273354,83.4835652540593,0,0,98.6121666031396,96.0594720823119,6.74979780913626,12.7793125618454,2.12644671854106,3.21704157921235,0,0,31302.1765424664,30538.3356068762,2564.41388284316,4843.01150089113,908.478259095336,1356.23628127141,0,0,1202.64656939156,1173.33287326609,99.2825496259475,187.63156992915,35.4404725359538,52.9411882112514,0,0,0,0,4.01857813041605,7.73051637594876,1.61922867526448,2.42598643594387,0,0,0,0,0,0,0,0,0,0,221.858046666545,226.689913368277,67.5621658793907,133.687612030901,41.5776920345596,66.9310350060471,0,0,8.52409237515849,8.70979081507526,2.58645672883989,5.1163527666896,1.58452849245538,2.55020553857489,0,0,641.946724534695,635.874307952314,134.864826139052,273.326634192568,102.505677795968,162.573846513094,0,0,24.664419330011,24.431315050429,5.16805777096223,10.471058440227,3.91391004326645,6.20618145680824,0,0,0,0,15.6094946599863,32.4819623844763,11.2975849941314,17.5851812774136,0,0,0,0,0,0,0,0,0,0,65.9530841007121,38.0557169173697,37.6892550618812,36.1762737934421
"35",1992,2542,2.83333333333333,7257.7413623683,7011.28645259613,687.369873946138,1299.50381322363,258.073823966619,387.724971683141,0,0,0,0,0,0,0,0,0,0,0,0,1.04271963205855,2.01075724079266,0.464368871190448,0.70015633065738,0,0,0,0,0,0,0,0,0,0,2569.73048298404,2499.81091090738,178.307924423654,337.683075638171,56.5229000009216,85.6378585523286,0,0,98.7331545902489,96.0467328178329,6.86963189320926,13.0110349148815,2.17809569460791,3.300053097581,0,0,31225.392694168,30420.7134360166,2601.55335225318,4914.31338534295,927.77394413436,1386.50802742782,0,0,1199.69666125619,1168.81363077658,100.725576167506,190.405259899067,36.1946350425432,54.1255795136295,0,0,0,0,4.0877299065566,7.8651308279886,1.65451491939752,2.48151788655254,0,0,0,0,0,0,0,0,0,0,221.55650455968,226.15259810998,68.8288571198226,136.249425222943,42.5349620488599,68.5741813190463,0,0,8.51250707351948,8.68914628578299,2.63492080177474,5.21432629637824,1.62100497624587,2.61279675651258,0,0,638.421799966953,631.87657207692,137.236739262225,278.409395271614,104.62213626471,166.332235422768,0,0,24.5289883364136,24.2777155571725,5.25888925088925,10.6656266027728,3.99467072378052,6.34954980002395,0,0,0,0,15.9571865900168,33.2272684862369,11.56827149191,18.0364934125618,0,0,0,0,0,0,0,0,0,0,67.9211903236999,39.2081270559061,39.3512846988104,37.8440879716636
"36",1992,2542,2.91666666666667,7247.25132456319,6992.13785321474,696.344063582017,1316.60053798985,262.293599795036,394.442665700553,0,0,0,0,0,0,0,0,0,0,0,0,1.05879556088835,2.04181923996643,0.472135545362253,0.712559191799823,0,0,0,0,0,0,0,0,0,0,2573.14566864133,2499.74244587896,181.406189198259,343.686877840917,57.8920982957039,87.8409096441181,0,0,98.8643714846618,96.0441022819539,6.98905793872223,13.2424781137343,2.23085542990858,3.38494320274909,0,0,31148.9614815968,30303.7823326312,2637.90614140942,4984.25730027859,947.277515503185,1417.13609528191,0,0,1196.76030056735,1164.32094028123,102.138500304,193.127080477826,36.9570306601766,55.3240916770009,0,0,0,0,4.15597440313449,7.99819788320745,1.69024675455802,2.53779553665935,0,0,0,0,0,0,0,0,0,0,221.282186909494,225.639413179282,70.0934121804152,138.811058488508,43.5130416127149,70.2540176155684,0,0,8.50196777223409,8.6694288825029,2.68330045061498,5.31228716539151,1.6582745386951,2.67678580646218,0,0,634.897380839711,627.884163882456,139.606267118875,283.497720809446,106.774212230804,170.156517507941,0,0,24.3935767527047,24.1243207624527,5.34962431432846,10.8603968022983,4.07678938662824,6.49542926861187,0,0,0,0,16.3088146703067,33.9817070762612,11.8443444038316,18.4971819907694,0,0,0,0,0,0,0,0,0,0,69.8867410890458,40.3578640081645,41.0487601140011,39.548849442682
"37",1993,2542,3,7236.4856858542,6972.70676535619,705.30427745399,1333.66866455553,266.553452909648,401.232873486399,0,0,0,0,0,0,0,0,0,0,0,0,1.07463607585271,2.07249204229769,0.479992800220559,0.725118737804325,0,0,0,0,0,0,0,0,0,0,2576.77755497792,2499.86040116197,184.545292438081,349.770592376451,59.291314593925,90.0962507449001,0,0,99.0039143657145,96.0486343125576,7.11005453068854,13.4769960391893,2.28477175294572,3.47184799135624,0,0,31072.2249217105,30186.5460689177,2674.1080912602,5053.92714113012,966.995604386001,1448.15682628402,0,0,1193.8122070836,1159.81652508456,103.545746925875,195.838684281885,37.7279245874887,56.5381536795406,0,0,0,0,4.22329523350616,8.12975749298335,1.72643373418586,2.59488202240716,0,0,0,0,0,0,0,0,0,0,221.032604553204,225.150127617166,71.3623478477731,141.387691495502,44.5148596445182,71.9803308627703,0,0,8.49237883361398,8.65062973145059,2.731845966952,5.41081780881741,1.69644877887218,2.74254557311318,0,0,631.364366066719,623.881749573068,141.984677383784,288.612684233991,108.963815241252,174.052892678274,0,0,24.2578349034555,23.9705415171353,5.44069583068768,11.0561782853754,4.16033882519183,6.64405634318511,0,0,0,0,16.6642738358458,34.7454243823438,12.1260374782909,18.9679563352089,0,0,0,0,0,0,0,0,0,0,71.8441018713713,41.4932707765985,42.7769643714952,41.2730204132207
"38",1993,2542,3.08333333333333,7221.73586391067,6947.8207775153,716.634590308671,1354.81167583744,270.923120092942,408.2800625765,0,0,0,0,0,0,0,0,0,0,0,0,1.09076925793468,2.10389494540036,0.488039974993926,0.738135897456294,0,0,0,0,0,0,0,0,0,0,2580.05338048254,2499.26950566533,188.321359148146,356.947007950611,60.7390852432883,92.4499994398252,0,0,99.1297768202015,96.0259311626345,7.25553191376087,13.7535164026492,2.34055834364647,3.56254378447816,0,0,30987.1621321523,30056.9182720747,2717.67086723148,5136.18353941602,987.175498904386,1480.23084748346,0,0,1190.54421183711,1154.83600705852,105.236048608435,199.034618183493,38.5169417995348,57.7935313538071,0,0,0,0,4.29154586594746,8.26380850330308,1.76343679270118,2.6538631461606,0,0,0,0,0,0,0,0,0,0,220.784018832658,224.683428541509,72.7307663060265,144.189457195289,45.5771870305682,73.8702761410279,0,0,8.48282817641654,8.6326983900227,2.78420836980957,5.51797903660234,1.73692920535636,2.81454007416633,0,0,627.701116291167,619.676084371867,144.520041680305,294.035680088382,111.216140803388,178.100419698429,0,0,24.1170892469151,23.8089530457099,5.53779139841332,11.2637755718085,4.2462810139439,6.79844858944931,0,0,0,0,17.0251840587676,35.5254831167158,12.4159691047159,19.4569275348461,0,0,0,0,0,0,0,0,0,0,73.7218868123277,42.4711442674927,44.4727913444663,42.7952608202895
"39",1993,2542,3.16666666666667,7207.03319255891,6923.12437027495,727.691183874292,1375.48766313744,275.350764266967,415.416042979758,0,0,0,0,0,0,0,0,0,0,0,0,1.10728486257516,2.13591831031333,0.49617466239115,0.751295522264914,0,0,0,0,0,0,0,0,0,0,2583.64437938474,2498.98434930821,192.077987718312,364.106421962595,62.2263027578956,94.8683803428544,0,0,99.267748740639,96.0149749993809,7.40027043000837,14.0293983971387,2.39786393423433,3.65572861080443,0,0,30902.4720276908,29928.0628386572,2760.30940112854,5216.86737805536,1007.62629403182,1512.74950891649,0,0,1187.29053434003,1149.88516455093,106.891025171905,202.17054412773,39.3166201385833,59.0664475854469,0,0,0,0,4.36096951551436,8.39972599334704,1.80088988451149,2.7136181737383,0,0,0,0,0,0,0,0,0,0,220.558946287919,224.234057879561,74.112650443057,147.014704038701,46.6596143595135,75.7941719298474,0,0,8.47418092815591,8.6154328341002,2.8370862503329,5.62603781927726,1.77817613168307,2.88782869127392,0,0,624.037204088569,615.47864042855,147.05128349487,299.464531002677,113.507852833943,182.225767549974,0,0,23.9763181285369,23.6476804487373,5.63472397313477,11.471585757264,4.33372494812585,6.95580653513577,0,0,0,0,17.3897566551236,36.3143194343321,12.7114353374068,19.955796791536,0,0,0,0,0,0,0,0,0,0,75.5976593709567,43.4470267850984,46.205980760681,44.3531437510352
"40",1993,2542,3.25,7192.37298043905,6898.61203328919,738.47852819073,1395.70281458265,279.832294273144,422.635475276028,0,0,0,0,0,0,0,0,0,0,0,0,1.12404475316401,2.16833341481445,0.504401363068244,0.764602679162046,0,0,0,0,0,0,0,0,0,0,2587.55029508627,2499.00368513044,195.818655805406,371.254593401328,63.7527242620488,97.3515454480521,0,0,99.4178202681122,96.0157179125924,7.54440283207809,14.3048619428429,2.45667934897098,3.75140854434126,0,0,30818.1554278674,29799.9779341649,2802.03859878837,5295.99970630126,1028.33555665385,1545.69720195328,0,0,1184.05120609494,1144.96392707652,108.511234808721,205.24724563012,40.126483449627,60.3563061030813,0,0,0,0,4.43111033072052,8.53676560537316,1.83881021263292,2.77416794144152,0,0,0,0,0,0,0,0,0,0,220.357138502579,223.802209688114,75.5055988716757,149.859921112406,47.7629233713447,77.7535472298149,0,0,8.46642754447817,8.59884051965325,2.89038736637338,5.73485929837873,1.82021954281346,2.96246996439565,0,0,620.373076540283,611.289464627162,149.578488374965,304.898638902326,115.838614981908,186.428356549771,0,0,23.8355387258656,23.4867255275729,5.73149697290394,11.6795861535428,4.42265772650273,7.11610797307839,0,0,0,0,17.7580524407695,37.1119929124003,13.0124555259345,20.4646218272707,0,0,0,0,0,0,0,0,0,0,77.4716177924394,44.4209935774028,47.9771320127217,45.9471936292547
"41",1993,2542,3.33333333333333,7177.75077364534,6874.27847537509,749.001057659433,1415.46330817685,284.36369547533,429.933087206002,0,0,0,0,0,0,0,0,0,0,0,0,1.14093506926045,2.20095062635171,0.512721443455648,0.778058541426328,0,0,0,0,0,0,0,0,0,0,2591.76997533307,2499.32538906562,199.546548655306,378.396790352038,65.3181531297862,99.8996789969577,0,0,99.5799471311772,96.0280782922409,7.68805074426388,14.5801082626424,2.5169971612175,3.84959086478488,0,0,30734.2135506863,29672.6620235326,2842.87349211158,5373.60193244503,1049.29105540778,1579.05848192318,0,0,1180.82627391356,1140.07223565486,110.097240895877,208.265520414424,40.9460629392162,61.6625163838018,0,0,0,0,4.50159550292947,8.67431520120997,1.87720435816777,2.83552027481015,0,0,0,0,0,0,0,0,0,0,220.178355272408,223.388054548644,76.9075580342655,152.722105012266,48.887760659152,79.7497484656708,0,0,8.45955879654316,8.58292800069295,2.94403287702846,5.84432818105152,1.86308424063199,3.03851544245097,0,0,616.709252410133,607.108706942372,152.101553170057,310.337137749261,118.20812664308,190.70766908648,0,0,23.6947709705802,23.3260940444796,5.82810656839733,11.8877437838624,4.51306782790313,7.27933308603451,0,0,0,0,18.1300609040476,37.9184462754735,13.3190492454091,20.9834589086975,0,0,0,0,0,0,0,0,0,0,79.3439588088136,45.3931212034866,49.7868326980531,47.5779289229378
"42",1993,2542,3.41666666666667,7163.16234114713,6850.11864461212,759.263105669862,1434.7751996646,288.941044195544,437.303696269975,0,0,0,0,0,0,0,0,0,0,0,0,1.15786238668463,2.23361338030064,0.521133908551632,0.791661332817439,0,0,0,0,0,0,0,0,0,0,2596.30159740389,2499.94668588476,203.264574083944,385.537819275873,66.9224447250083,102.513011701805,0,0,99.7540592979688,96.0519495095909,7.83132522943829,14.8553209946124,2.57881191902359,3.95028461006304,0,0,30650.6479993595,29546.1139563117,2882.82899141637,5449.69540373841,1070.48083433297,1612.81818670708,0,0,1177.6157994072,1135.2100460831,111.649602533799,211.226164391482,41.774900070708,62.9844983213233,0,0,0,0,4.57212169935649,8.81187379279192,1.91607102989319,2.8976733292891,0,0,0,0,0,0,0,0,0,0,220.022366602244,222.991741692364,78.31678564286,155.598708642738,50.0346615438499,81.7839686079885,0,0,8.45356584774799,8.56770101091918,2.997955929252,5.95434675839038,1.90679076079617,3.11601080033793,0,0,613.046310024666,602.936608283401,154.620216749903,315.778940212144,120.616118262712,195.063249483293,0,0,23.5540370828358,23.1657952555725,5.92454286492914,12.0960171782648,4.60494492895509,7.44546443794447,0,0,0,0,18.5057149438796,38.7335291941841,13.6312352389284,21.5123622903681,0,0,0,0,0,0,0,0,0,0,81.2148771283792,46.3634869301784,51.6356675165208,49.2458708920624
"43",1993,2542,3.5,7148.60364009707,6826.1276923218,769.268912487068,1453.64443259465,293.560502077054,444.742204196961,0,0,0,0,0,0,0,0,0,0,0,0,1.17474948740501,2.26619146655842,0.529636095183837,0.805407174025278,0,0,0,0,0,0,0,0,0,0,2601.14282496521,2500.86430715615,206.975395084295,392.682079626122,68.5655000464685,105.191816727675,0,0,99.9400670028168,96.0872059862694,7.97432802746893,15.1306682684337,2.6421199056817,4.05350042733678,0,0,30567.4606559276,29420.3328598067,2921.91987842998,5524.30138702885,1091.89320133238,1646.96142573881,0,0,1174.41985489957,1130.37732483015,113.16887425988,214.129970895741,42.6125461400976,64.3216818253297,0,0,0,0,4.64244035554321,8.94902844617158,1.95540345827074,2.96061847306863,0,0,0,0,0,0,0,0,0,0,219.888949184768,222.613398658454,79.7318002409384,158.487568379996,51.2040717914031,83.8572731348239,0,0,8.44844011843663,8.55316445058927,3.05209971219325,6.06483209399981,1.95135620726896,3.19499683554271,0,0,609.384874221295,598.773483795148,157.134094791346,321.222786973658,123.06233773685,199.494684293562,0,0,23.4133610697937,23.0058412692208,6.02079124099712,12.3043582717665,4.69827938250633,7.61448621933,0,0,0,0,18.884904794107,39.5570203570521,13.949029649324,22.0513820558531,0,0,0,0,0,0,0,0,0,0,83.0845655755209,47.332168612972,53.5242185199932,50.9515437210648
"44",1993,2542,3.58333333333333,7134.07080029752,6802.30095719831,779.022626694495,1472.07684038494,298.218315789403,452.243596762946,0,0,0,0,0,0,0,0,0,0,0,0,1.19153337725082,2.29857787802561,0.53822399070799,0.819290473839679,0,0,0,0,0,0,0,0,0,0,2606.29089037581,2502.07457499575,210.681443190658,399.833586085958,70.2472625832086,107.936407786806,0,0,100.13786390852,96.1337064120901,8.11715206198969,15.406303549584,2.70691902130074,4.15925050250837,0,0,30484.6536231727,29295.3180808416,2960.16079574877,5597.44105127148,1113.51673105621,1681.47358385933,0,0,1171.23852119504,1125.57404679922,114.655605646746,216.9777300209,43.4585623884149,65.6735069682308,0,0,0,0,4.71235080276513,9.08544346447771,1.99519047821382,3.02434159992937,0,0,0,0,0,0,0,0,0,0,219.777884695585,222.253130736563,81.1513571747569,161.386869435366,52.3963584494935,85.97061270396,0,0,8.44417322039476,8.53932236509809,3.10641653040029,6.17571468721076,1.99679466881498,3.27550995487913,0,0,605.725609255443,594.619714267975,159.642698132968,326.667273119793,125.546542585463,204.001590966471,0,0,23.2727684531051,22.8462467159985,6.11683305462377,12.5127134205949,4.79306191796237,7.78638381402026,0,0,0,0,19.2674848338843,40.3886382673093,14.2724450606677,22.6005628755142,0,0,0,0,0,0,0,0,0,0,84.9532150829789,48.2992446166455,55.4530652881017,52.6954747625645
"45",1993,2542,3.66666666666667,7119.56010312918,6778.63394356445,788.528309254766,1490.07815147632,302.910814242643,459.802941142708,0,0,0,0,0,0,0,0,0,0,0,0,1.20816274623233,2.33068476565523,0.546892628338066,0.833304413764174,0,0,0,0,0,0,0,0,0,0,2611.74269257924,2503.57350043318,214.384939638874,406.996003962483,71.96771413719,110.747136457833,0,0,100.347330867531,96.1912975244318,8.25988224421079,15.682366985139,2.77320862524201,4.2675484605951,0,0,30402.229157885,29171.0691192196,2997.56623941052,5669.13545129991,1135.34026016494,1716.34031731643,0,0,1168.07188501471,1120.80019277126,116.110341009273,219.770227989263,44.312519830148,67.0394238420476,0,0,0,0,4.78169147641413,9.22084653246943,2.03541788097005,3.08882476408462,0,0,0,0,0,0,0,0,0,0,219.688957844686,221.911021008673,82.5744166276119,164.295099543824,53.6118233790913,88.1248395702521,0,0,8.44075688198443,8.52617794658645,3.16086657116149,6.28693668614884,2.0431177389169,3.35758280467405,0,0,602.069210373674,590.475735405489,162.145454930554,332.110879769502,128.068491395297,208.58360499268,0,0,23.1322859451395,22.6870283363347,6.21264649568121,12.7210246196056,4.88928331339506,7.96114330739282,0,0,0,0,19.6532819698466,41.2280545903496,14.601489506261,23.1599427581529,0,0,0,0,0,0,0,0,0,0,86.8210147406752,49.2647937187246,57.4227851797214,54.4781947058993
"46",1993,2542,3.75,7105.06796255191,6755.12230175269,797.789937007745,1507.65399375463,307.634406238822,467.415383755741,0,0,0,0,0,0,0,0,0,0,0,0,1.224595756691,2.36243989921899,0.555636407182934,0.847441342698616,0,0,0,0,0,0,0,0,0,0,2617.49488533057,2505.35687199725,218.087915492539,414.172682707967,73.7268706224417,113.624389255378,0,0,100.568339311766,96.2598175118363,8.40259623755721,15.9589866784496,2.8409893773637,4.37840925621186,0,0,30320.1896109023,29047.5855681529,3034.15055109865,5739.40551143976,1157.35288355723,1751.5475509254,0,0,1164.92003669268,1116.05574711617,117.533619098589,222.508246516827,45.1739991180823,68.4188924587139,0,0,0,0,4.85033230291414,9.35501666208403,2.07606949350916,3.15404749387924,0,0,0,0,0,0,0,0,0,0,219.621954842898,221.587130717566,84.0001139971479,167.21100590818,54.8507155124987,90.3207227715696,0,0,8.43818288922325,8.51373354809826,3.21541676265253,6.39845022710526,2.09033498662863,3.44124485352747,0,0,598.416395949348,586.342027759192,164.641730956064,337.552003240706,130.627936302243,213.240368159015,0,0,22.9919411468266,22.528204593787,6.30820736655052,12.929230624516,4.98693410768992,8.13875103736577,0,0,0,0,20.0421028805424,42.0749057639964,14.9361657281533,23.7295520905431,0,0,0,0,0,0,0,0,0,0,88.6881518196354,50.228895004884,59.4339536418534,56.300237771475
"47",1993,2542,3.83333333333333,7090.59091248274,6731.76181500825,806.81140515745,1524.80989763577,312.385578724743,475.076148726895,0,0,0,0,0,0,0,0,0,0,0,0,1.24079868860972,2.39378447827163,0.564449256394926,0.86169298258223,0,0,0,0,0,0,0,0,0,0,2623.54393368053,2507.42031220644,221.792226519429,421.366680543942,75.5247787475937,116.568585002847,0,0,100.800753422824,96.3390981844635,8.54536502310964,16.2362796257963,2.91026311227575,4.49184907466546,0,0,30238.5373893442,28924.8670770045,3069.92791289305,5808.27201398631,1179.54395108618,1787.08147562757,0,0,1161.78306872506,1111.34069636124,118.925972894645,225.192562365508,46.0425904253353,69.8113826642969,0,0,0,0,4.91817009339123,9.48777682581752,2.11712771264443,3.21998745322334,0,0,0,0,0,0,0,0,0,0,219.576662682913,221.281499995455,85.4277394629159,170.133565328656,56.1132389051476,92.5589585603325,0,0,8.43644305816097,8.50199071157564,3.27003998688839,6.51021628328219,2.13845426566398,3.52652279236381,0,0,594.767902141562,582.219109743626,167.130843004721,342.98897448853,133.224618552105,217.971520991174,0,0,22.8517623424448,22.3697954066721,6.40348959739212,13.1372676993049,5.08600443076547,8.31919330579488,0,0,0,0,20.4337383272207,42.9288000099969,15.2764709146363,24.3094132621227,0,0,0,0,0,0,0,0,0,0,90.5548117750032,51.1916277818423,61.4871445057137,58.1621418602101
"48",1993,2542,3.91666666666667,7076.12559411834,6708.5483863467,815.596529848041,1541.55129923331,317.160894943974,482.780536262992,0,0,0,0,0,0,0,0,0,0,0,0,1.25674454583071,2.42467088503014,0.573324811297057,0.876050647543301,0,0,0,0,0,0,0,0,0,0,2629.88617031626,2509.75933372582,225.49956862007,428.580790063015,77.361512752698,119.580172303639,0,0,101.044432296679,96.4289671317293,8.68825348616614,16.5143526904542,2.98103271567446,4.60788523682257,0,0,30157.2749190584,28802.9133143995,3104.91234195031,5875.75558734702,1201.9030639282,1822.92854573024,0,0,1158.66107432714,1106.65502777389,120.287929395562,227.823946881916,46.9178933145832,71.216374041544,0,0,0,0,4.98512378979775,9.61898637357886,2.15857408780106,3.28662115730857,0,0,0,0,0,0,0,0,0,0,219.552868436851,220.994148661701,86.8567172704452,173.061953889166,57.3995607937544,94.8401808769065,0,0,8.43552920789114,8.49095019850853,3.3247142816402,6.62220349629392,2.18748202379667,3.61344093615633,0,0,591.12447755368,578.107530607923,169.612072347584,348.420078598614,135.858264090404,222.776695168759,0,0,22.7117782943959,22.2118218780214,6.4984657631877,13.3450703657514,5.18648383490064,8.5024560888329,0,0,0,0,20.8279675964095,43.78932454286,15.6223964042208,24.8995402524025,0,0,0,0,0,0,0,0,0,0,92.4211782509189,52.1530714882622,63.5829302956818,60.0644487083973
"49",1994,2542,4,7061.09216050292,6684.46060791611,824.841064327609,1559.01567328802,321.948451962018,490.511141922274,0,0,0,0,0,0,0,0,0,0,0,0,1.27241951634897,2.45506906534891,0.582239382175992,0.890480077973185,0,0,0,0,0,0,0,0,0,0,2636.35320807592,2512.10957481905,229.370361382413,436.069307028261,79.2350331541816,122.65637227626,0,0,101.292906229293,96.5192671529645,8.83742484707216,16.8029756463721,3.05321959638115,4.72641066530616,0,0,30074.4773085596,28678.6302379879,3141.04031397999,5944.94058338785,1224.38666413879,1859.02588313414,0,0,1155.48009784575,1101.87986319978,121.693866209838,230.52085983861,47.7982109055414,72.6314163504593,0,0,0,0,5.05113559020678,9.74852290669599,2.20032500962378,3.35382935471314,0,0,0,0,0,0,0,0,0,0,219.525269770476,220.687899667428,88.30162543893,176.019877201843,58.7029756938446,97.154029938118,0,0,8.43446918668588,8.47918360700977,3.38000047600958,6.73532415415306,2.23716279944945,3.7016047488525,0,0,587.45197118276,573.952635880635,172.115324976607,353.892171553402,138.524512212029,227.649055180108,0,0,22.5706768763111,22.0521840950679,6.59428536596203,13.5544399444945,5.28820588340229,8.68827856926683,0,0,0,0,21.2242507161275,44.6554201225267,15.9734590580088,25.4992184666573,0,0,0,0,0,0,0,0,0,0,94.2974138491955,53.1229934799932,65.7334819871994,62.0275614807425
"50",1994,2542,4.08333333333333,7044.36657636491,6657.51229765616,835.889152290525,1579.40548826601,326.746255961439,498.260423926907,0,0,0,0,0,0,0,0,0,0,0,0,1.28829687886995,2.48574535045997,0.591156380580119,0.904926510304382,0,0,0,0,0,0,0,0,0,0,2642.59499178902,2513.92951603492,233.709672636462,444.315963269698,81.1442186417172,125.794340463413,0,0,101.532725541219,96.5891922048722,9.00460419574615,17.1207402125973,3.12678018309165,4.84731535785702,0,0,29986.3554686643,28545.943009592,3182.06034901399,6021.8050042678,1246.96810785872,1895.32050956732,0,0,1152.09455982809,1096.78179744895,123.287823752125,233.51300126887,48.6824716936289,74.054401407405,0,0,0,0,5.11760156126217,9.87857362259463,2.24224248609416,3.42140749874298,0,0,0,0,0,0,0,0,0,0,219.445752706071,220.291416660514,89.8036091702072,179.073707529431,60.011346771567,99.4809379931349,0,0,8.43141438683045,8.4639500799398,3.43748059514792,6.85213085284257,2.2870343429257,3.79026912344863,0,0,583.68234174223,569.646073730392,174.701093511552,359.500908706487,141.214660229098,232.574419712637,0,0,22.4258438520512,21.886719006078,6.69327343804269,13.769053481995,5.39083871819811,8.8761200434549,0,0,0,0,21.6218258788614,45.5255174024907,16.3286451254656,26.1069055602585,0,0,0,0,0,0,0,0,0,0,96.203049256789,54.1203368859509,67.9628668510227,64.0924518819419
"51",1994,2542,4.16666666666667,7027.68589828684,6630.76976606188,846.649906863461,1599.30143310973,331.587052135661,506.07507899569,0,0,0,0,0,0,0,0,0,0,0,0,1.30451901313352,2.51694813054103,0.600133942426581,0.919473179897699,0,0,0,0,0,0,0,0,0,0,2649.09870297446,2515.98937691936,238.037649635521,452.560878357248,83.0977690029801,129.006959582775,0,0,101.782608525499,96.6683353541187,9.17135708935455,17.4384545524168,3.20204965204692,4.97109565681984,0,0,29898.7047910915,28414.1609247248,3222.17144920112,6097.10522528361,1269.76699939793,1931.98352611382,0,0,1148.72712322858,1091.71850884015,124.846979703086,236.445321961892,49.5753372508895,75.4920058531462,0,0,0,0,5.18500335713489,10.0099721001786,2.28454091253016,3.4896636115461,0,0,0,0,0,0,0,0,0,0,219.390332304592,219.917402656187,91.3225283872691,182.158524521486,61.3464856696434,101.855731876374,0,0,8.42928541551153,8.44957984802911,3.49561072453255,6.97012576712921,2.3379281758615,3.88076140094328,0,0,579.920807258229,565.354012897278,177.277841429135,365.100727604732,143.940634075922,237.571577502777,0,0,22.2813218362792,21.72181108152,6.79191244496712,13.9833169447909,5.4948377914196,9.06669785439379,0,0,0,0,22.0217144153284,46.4015860100789,16.6893341474288,26.7247503044032,0,0,0,0,0,0,0,0,0,0,98.1080993112424,55.1159378615684,70.2376383968047,66.2011949692797
"52",1994,2542,4.25,7011.04464711813,6604.22663317245,857.127911887501,1618.70994790212,336.466558964931,513.949414230053,0,0,0,0,0,0,0,0,0,0,0,0,1.32095019801373,2.54845645511458,0.609176333966576,0.934124582120639,0,0,0,0,0,0,0,0,0,0,2655.86950930705,2518.29332550733,242.357935230113,460.8101014561,85.0959201466603,132.295085619649,0,0,102.042753732462,96.7568567432723,9.33782262741732,17.7563497548681,3.27903719265655,5.09778464317753,0,0,29811.5211808501,28283.2765022619,3261.38869558176,6170.86321537921,1292.77127246887,1968.99947861935,0,0,1145.37763072655,1086.68970993576,126.371899958727,239.318641919549,50.4763437445442,76.9436364257777,0,0,0,0,5.25293168568535,10.1420668392363,2.32723364414885,3.55861259140122,0,0,0,0,0,0,0,0,0,0,219.358515712538,219.565466498009,92.8558994018993,185.270613189823,62.7087534836226,104.279210779406,0,0,8.42806333664146,8.43605788241909,3.5542954982754,7.08916631178931,2.38985826255181,3.9731123594987,0,0,576.167567473078,561.07658503315,179.845788097098,370.691359109775,146.702152643201,242.640127793232,0,0,22.1371185034633,21.5574653796639,6.89021103389835,14.1972204831126,5.60019242748298,9.25999681131114,0,0,0,0,22.423959716197,47.2836317906653,17.0555079698914,27.3527475805661,0,0,0,0,0,0,0,0,0,0,100.012771020942,56.1098971255876,72.5585855993092,68.3545319375601
"53",1994,2542,4.33333333333333,6994.43768640587,6577.87687489128,867.327654862037,1637.6373623483,341.380594695047,521.877838475321,0,0,0,0,0,0,0,0,0,0,0,0,1.33747888734063,2.58008769168922,0.618284693175968,0.948881372866853,0,0,0,0,0,0,0,0,0,0,2662.91117508219,2520.84415619112,246.673831980772,469.069103459627,87.1389066139881,135.659545224707,0,0,102.313305792358,96.8548637373537,9.50412694560189,18.0746348604684,3.35775192275319,5.22741425050736,0,0,29724.8014730038,28153.2831953473,3299.72708090398,6243.10093341188,1315.96915463942,2006.35323016262,0,0,1142.04596073451,1081.69514919427,127.863147405107,242.133781285604,51.3850383321009,78.4087116358367,0,0,0,0,5.32105323543672,10.2743245728203,2.37032475772876,3.6282582948394,0,0,0,0,0,0,0,0,0,0,219.349860928975,219.23525601521,94.4016050456271,188.406801721934,64.0984498119117,106.752104492814,0,0,8.42773116796198,8.42337065214299,3.61345365988686,7.20913081622588,2.4428362024657,4.06735011443264,0,0,572.422911898448,556.814018785711,182.404958085616,376.272257432647,149.498947529214,247.779689102737,0,0,21.9932449771192,21.3936906855165,6.98817036757772,14.4107436218027,5.70689245248689,9.4560024850343,0,0,0,0,22.8285418089236,48.1715604061999,17.427149826972,27.9908926027579,0,0,0,0,0,0,0,0,0,0,101.917267346441,57.1023137239076,74.9264846966312,70.5531974758646
"54",1994,2542,4.41666666666667,6977.86017868945,6551.71477884857,877.253530601753,1656.08989977777,346.325074573428,529.854859763397,0,0,0,0,0,0,0,0,0,0,0,0,1.35401329115985,2.61169068336557,0.627457856878457,0.963741359738078,0,0,0,0,0,0,0,0,0,0,2670.2262993677,2523.64352853777,250.988335145975,477.342834753382,89.2269644137889,139.101143801617,0,0,102.594364565529,96.9624200995819,9.67038446973943,18.3934990600667,3.43820300074766,5.36001557887666,0,0,29638.5432637526,28024.1752233725,3337.20149022321,6313.84029189116,1339.34916323432,2044.02995696468,0,0,1138.73202090819,1076.73460451468,129.321281170454,244.89155895362,52.3009790134649,79.8866616182469,0,0,0,0,5.38909638435843,10.4063085100268,2.41381162943422,3.69859654508934,0,0,0,0,0,0,0,0,0,0,219.363967701406,218.926449967179,95.957844749591,191.56438871109,65.5158235492911,109.275082985927,0,0,8.42827353124931,8.41150581462028,3.67301613699453,7.32991571722155,2.49687164691698,4.16350048833888,0,0,568.687204282563,552.566623181606,184.955217247473,381.842651271986,152.330753307418,252.989886997852,0,0,21.8497152330202,21.2304988723735,7.08578551284461,14.6238572288048,5.81492782017753,9.65470073875167,0,0,0,0,23.2353913052694,49.0651986950697,17.8042421141274,28.6391782644965,0,0,0,0,0,0,0,0,0,0,103.821787594109,58.0932851810697,77.3421008580575,72.7979212759172
"55",1994,2542,4.5,6961.30754554884,6525.73490363095,886.909846412148,1674.07368315384,351.296006397201,537.875080808457,0,0,0,0,0,0,0,0,0,0,0,0,1.37047778553718,2.64314014194104,0.636692959706001,0.978700226126599,0,0,0,0,0,0,0,0,0,0,2677.81652061684,2526.69217172585,255.304165306809,485.6357815138,91.3603324370208,142.620671275616,0,0,102.88599300397,97.0795538461646,9.83669915666532,18.7131138385885,3.52039968279773,5.49561911933961,0,0,29552.7447666101,27895.9474282403,3373.82668984364,6383.10313265527,1362.90009519822,2082.01513749369,0,0,1135.43574262072,1071.80787771389,130.746856189299,247.592791620147,53.2237342544625,81.3769277280663,0,0,0,0,5.45683971014608,10.5376606997895,2.45768676273117,3.76961728348442,0,0,0,0,0,0,0,0,0,0,219.400469969186,218.638751552339,97.5230892088678,194.741076748525,66.9610822754288,111.848765478886,0,0,8.4296763619787,8.40045196625735,3.73292429424841,7.45143299914971,2.55197266099447,4.26158736076791,0,0,564.960869033944,548.334773037598,187.496303597761,387.401587767763,155.197300237598,258.270344454468,0,0,21.7065455775815,21.0679043412929,7.18304662841277,14.8365252061158,5.92428833180397,9.85607735811242,0,0,0,0,23.6444003322471,49.9643115699706,18.1867649807468,29.2975934557812,0,0,0,0,0,0,0,0,0,0,105.726527799807,59.0829076473456,79.8061899104421,75.0894294794184
"56",1994,2542,4.58333333333333,6944.77544376226,6499.93205460444,896.300823813873,1691.59473703654,356.289489381311,545.933197958211,0,0,0,0,0,0,0,0,0,0,0,0,1.38681071149773,2.6743332048998,0.645985794423323,0.993751968452902,0,0,0,0,0,0,0,0,0,0,2685.68264691344,2529.9900150825,259.62378771968,493.951999095011,93.539253183966,146.218905583079,0,0,103.188222155553,97.2062622617367,10.0031652299379,19.0336342458311,3.60435135256956,5.63425488987141,0,0,29467.4047197351,27768.5951821956,3409.61731550731,6450.91120561836,1386.61102600236,2120.29455152626,0,0,1132.15707740224,1066.91479098541,132.140422748762,250.238292971062,54.1528829488637,82.8789625065511,0,0,0,0,5.5241049617464,10.668091221812,2.5019388756904,3.84130585522937,0,0,0,0,0,0,0,0,0,0,219.459031199649,218.371884359851,99.0960520460862,197.934930950974,68.4343983672022,114.473726366204,0,0,8.43192673013121,8.39019848690544,3.79312884144113,7.57360859549635,2.60814595915751,4.36163289659643,0,0,561.244382298258,544.118899371256,190.027847577654,392.94796151867,158.098308955156,263.620674570839,0,0,21.5637543050209,20.9059236526586,7.27993974424618,15.0487056061324,6.03496343241901,10.0601177722744,0,0,0,0,24.0554293979505,50.8686126541931,18.5746954146019,29.9661219175335,0,0,0,0,0,0,0,0,0,0,107.631680924864,60.0712759662715,82.3194994820249,77.4284457141533
"57",1994,2542,4.66666666666667,6928.25973633679,6474.30125447246,905.430601913945,1708.65899134159,361.301711142225,554.023998225187,0,0,0,0,0,0,0,0,0,0,0,0,1.40296181785804,2.70518542785385,0.655331217556938,1.00888938824993,0,0,0,0,0,0,0,0,0,0,2693.82480524651,2533.53633654251,263.949438100188,502.29515643481,95.7639737556557,149.89661699167,0,0,103.501056899399,97.3425176033987,10.1698681608715,19.3552005878821,3.69006756138883,5.77595260347064,0,0,29382.5222810394,27642.1142837299,3444.58786236016,6517.28614780589,1410.47130279813,2158.85427298668,0,0,1128.89599290985,1062.05518289988,133.50252609558,252.828872868501,55.088014165117,84.3922294160853,0,0,0,0,5.59074891026462,10.7973656356937,2.54655412776185,3.91364445790638,0,0,0,0,0,0,0,0,0,0,219.539339044051,218.125587856464,100.675655745226,201.144328899765,69.9359158362743,117.150502030049,0,0,8.43501263486667,8.38073536645817,3.8535885210672,7.69638045972653,2.66539716875752,4.46365780853554,0,0,557.538261873089,539.919478561504,192.549394907509,398.480547237022,161.033485212958,269.040473201724,0,0,21.4213613098726,20.7445751097109,7.37644764038844,15.2603518876097,6.14694200893264,10.266806771516,0,0,0,0,24.4683151394638,51.7777763179914,18.9680063357616,30.6447411353917,0,0,0,0,0,0,0,0,0,0,109.53743711758,61.0584837689138,84.8827703574338,79.815692221529
"58",1994,2542,4.75,6911.75646838706,6448.83771870311,914.303240159052,1725.2722843855,366.328945279852,562.142357005291,0,0,0,0,0,0,0,0,0,0,0,0,1.41889023230293,2.73562758541076,0.664723442098097,1.02410445038278,0,0,0,0,0,0,0,0,0,0,2702.24256571724,2537.32988609435,268.283145192141,510.668574640931,98.0347461760435,153.654571057048,0,0,103.824480718108,97.4882718437082,10.3368855273114,19.677939896868,3.77755804234546,5.92074178357241,0,0,29298.0969411351,27516.5008713993,3478.75267585895,6582.2494645846,1434.47053881423,2197.68066433465,0,0,1125.652469583,1057.22890509375,134.83370608036,255.365336623644,56.0287269400437,85.9162026334489,0,0,0,0,5.656656933118,10.9252950391417,2.59151698547169,3.98661317295744,0,0,0,0,0,0,0,0,0,0,219.641101076471,217.899613863306,102.261002553877,204.367917766419,71.4657560650781,119.879596822448,0,0,8.43892284080615,8.37205306948426,3.91426898775808,7.81969691374838,2.72373105093479,4.56768158739022,0,0,553.843058562338,535.737023035065,195.06042578937,403.998027391596,164.002515788609,274.529312868939,0,0,21.2793877548115,20.5838784007049,7.47255058512751,15.4714139784069,6.26021223303215,10.4761282739739,0,0,0,0,24.8828763890723,52.6914471824723,19.3666660228277,31.3334216143682,0,0,0,0,0,0,0,0,0,0,111.44398391578,62.0446235415377,87.4967376796155,82.2518908372227
"59",1994,2542,4.83333333333333,6895.26184953629,6423.53683754685,922.922720488908,1741.44036523671,371.367549450629,570.28323632907,0,0,0,0,0,0,0,0,0,0,0,0,1.43456307060629,2.76560346140592,0.674156212608487,1.03938850004226,0,0,0,0,0,0,0,0,0,0,2710.93503091355,2541.36897434476,272.626748521632,519.075257122052,100.35182723477,157.493530268475,0,0,104.158459131673,97.6434600734748,10.504287689365,20.0019670788221,3.8668327054999,6.06865182861859,0,0,29214.1284610728,27391.7513624218,3512.12594510393,6645.82251549015,1458.59860854032,2236.76037189221,0,0,1122.42649825129,1052.43581991016,136.134496895483,257.848484446387,56.9746301017694,87.4503668783158,0,0,0,0,5.72173865896167,11.0517292677843,2.63681072384721,4.06019057103743,0,0,0,0,0,0,0,0,0,0,219.764041877281,217.693724229129,103.85135267046,207.604582052059,73.0240219464037,122.661487637299,0,0,8.44364676597424,8.36414244582986,3.97514196863446,7.94351540576257,2.78315165990829,4.67372267785258,0,0,550.159349767887,531.572074345571,197.560368816869,409.499012390358,167.005065911891,280.08673856994,0,0,21.1378558244375,20.4238543329985,7.56822686946083,15.6818390510107,6.3747614624927,10.6880651651785,0,0,0,0,25.2989182309164,53.6092465478989,19.7706378633628,32.0321265410053,0,0,0,0,0,0,0,0,0,0,113.351506385971,63.0297866679319,90.162131885965,84.7377637261593
"60",1994,2542,4.91666666666667,6878.77223649256,6398.39415825192,931.292949533684,1757.16889608678,376.413963361955,578.441683052154,0,0,0,0,0,0,0,0,0,0,0,0,1.44995403257231,2.79506762234466,0.683622988198162,1.05473248812652,0,0,0,0,0,0,0,0,0,0,2719.90092417838,2545.65155973437,276.981916538417,527.517920428171,102.715478471797,161.414255900206,0,0,104.502943088889,97.8080038527225,10.6721384800117,20.327386088795,3.95790163850605,6.21971208449339,0,0,29130.6168109217,27267.8623922955,3544.7216961707,6708.02649986998,1482.84564256631,2276.08032082097,0,0,1119.21807777471,1047.67579807893,137.405426812523,260.279110887338,57.9253420798499,88.9942172287855,0,0,0,0,5.78592355906501,11.1765500264401,2.68241795900271,4.13435435019947,0,0,0,0,0,0,0,0,0,0,219.907900148277,217.507688547344,105.446102463409,210.853411333935,74.6108018914281,125.496628335661,0,0,8.44917437095821,8.35699464290342,4.03618442479734,8.06780126826409,2.84366249727199,4.78179864872376,0,0,546.487733170239,527.425196351355,200.04861470393,414.982060494785,170.040776789686,285.712263673215,0,0,20.9967884824776,20.2645245709325,7.66345333461196,15.8915722877421,6.49057614619961,10.9025991408912,0,0,0,0,25.7162360990649,54.5307788751314,20.1798800841567,32.7408114255635,0,0,0,0,0,0,0,0,0,0,115.260187263563,64.0140634719329,92.8796796512077,87.2740341202991
"61",1995,2542,5,6861.07454426817,6371.81833368738,940.228179935339,1773.99875119311,381.427403105739,586.70900799539,0,0,0,0,0,0,0,0,0,0,0,0,1.46502092766012,2.82429799411007,0.693045811662907,1.07029841949543,0,0,0,0,0,0,0,0,0,0,2728.9202522672,2549.92663151708,281.512127016669,536.31621506619,105.115642394764,165.444583615916,0,0,104.849480097494,97.9722589471777,10.8467176070934,20.6664835765183,4.05037725576781,6.37499507499753,0,0,29044.9352735098,27141.7473679616,3578.44044496689,6772.67050327161,1507.05162414824,2316.0036410113,0,0,1115.92628727657,1042.83024768777,138.719446482192,262.803763047105,58.8746121548748,90.5619555407307,0,0,0,0,5.84899711327303,11.3007926732485,2.72804048415604,4.20975555855171,0,0,0,0,0,0,0,0,0,0,220.012010960576,217.351637984869,107.051142867252,214.201808980555,76.195389258412,128.466316311677,0,0,8.45317482033763,8.35099891653974,4.09762520170026,8.19590493929912,2.90409337125997,4.89500751571874,0,0,542.791682994107,523.256751244783,202.544939378309,420.52909215449,173.091065867484,291.453206480971,0,0,20.8547823597482,20.1043661661684,7.75899127680319,16.103757404426,6.60694717873156,11.1215360509924,0,0,0,0,26.1332724678927,55.4600864240702,20.5922251065264,33.4647856533636,0,0,0,0,0,0,0,0,0,0,117.204976461875,64.9441387215277,95.7008730573173,89.7203945690364
"62",1995,2542,5.08333333333333,6841.79579545622,6343.32487103911,949.959222759575,1792.37648375247,386.406543176289,595.132228258694,0,0,0,0,0,0,0,0,0,0,0,0,1.48011647959783,2.8539898227946,0.702398143099038,1.08614358368312,0,0,0,0,0,0,0,0,0,0,2737.91735032347,2554.1053467866,286.265862318614,545.569417089777,107.552076248443,169.599926351406,0,0,105.195162992698,98.1328118703055,11.0298903526992,21.0230805724386,4.14424984928209,6.53509423174996,0,0,28956.2612326391,27012.4506456464,3613.83443276485,6840.89239129588,1531.18969226785,2356.69549895583,0,0,1112.51952106924,1037.86245135343,140.097780163495,265.466281415688,59.8213674718148,92.1600208067815,0,0,0,0,5.91184604196032,11.4263358244949,2.77357261205947,4.28663159172591,0,0,0,0,0,0,0,0,0,0,220.061362873121,217.225317783809,108.676958226291,217.686241691674,77.7709559928784,131.592535966796,0,0,8.45507135246361,8.34614547856156,4.1598678107857,8.3292257161333,2.96418430194589,5.0141875664065,0,0,539.056026962508,519.057180214208,205.054200353411,426.172346110949,176.146069646843,297.33525456828,0,0,20.7112545162998,19.9430118537953,7.85502827434831,16.3196313645292,6.72349859901246,11.3458560053846,0,0,0,0,26.5494067134993,56.3985905969746,21.0068038887701,34.2060221906698,0,0,0,0,0,0,0,0,0,0,119.196435441118,65.8029817269271,98.6432154885685,92.0292915548264
"63",1995,2542,5.16666666666667,6822.54033514353,6315.02159087911,959.403639809018,1810.25380486403,391.402403333842,603.586918689313,0,0,0,0,0,0,0,0,0,0,0,0,1.49532405454216,2.88381970057133,0.711776531383222,1.10204594916939,0,0,0,0,0,0,0,0,0,0,2747.18200405742,2558.51577381281,291.028990091357,554.859624548314,110.039950490665,173.848307980997,0,0,105.551125804906,98.3022675296717,11.2134316497618,21.3811146517216,4.2401039813289,6.69877738546981,0,0,28868.0793906633,26884.0657953735,3648.39145336562,6907.65534109908,1555.46120901221,2397.66820360871,0,0,1109.13166461376,1032.92969067601,141.44398712804,268.07286592877,60.7734732085385,93.7693457977522,0,0,0,0,5.97482841354267,11.5519294095956,2.81938988119603,4.36411118215876,0,0,0,0,0,0,0,0,0,0,220.137246033865,217.11375153156,110.317166494908,221.192004291207,79.379554290393,134.768169790048,0,0,8.45798725393229,8.34185891096652,4.2226639581911,8.46336743287758,3.02553832127281,5.13525776838367,0,0,535.329170291732,514.880922609805,207.548930949706,431.802843456846,179.228388586907,303.298221089539,0,0,20.5680647451298,19.7825532812273,7.95050776526716,16.535013191522,6.84109331277394,11.5732626353907,0,0,0,0,26.9663823122919,57.3404156054071,21.4263307345608,34.9575230535587,0,0,0,0,0,0,0,0,0,0,121.188461709085,66.6613545821842,101.640795772096,94.3870083078039
"64",1995,2542,5.25,6803.30386158813,6286.9033130808,968.565938861704,1827.63702226936,396.4108898987,612.067397908927,0,0,0,0,0,0,0,0,0,0,0,0,1.5105469389442,2.9136283625768,0.721181429393641,1.11800478895134,0,0,0,0,0,0,0,0,0,0,2756.71558484344,2563.15872526026,295.803700449649,564.190620260516,112.579484695681,178.190961522667,0,0,105.917421224514,98.4806571491481,11.3974251133326,21.7407303539752,4.33794819317766,6.86609210684792,0,0,28780.3875103092,26756.5869973972,3682.12622719613,6972.98104549356,1579.85567527599,2438.90794614589,0,0,1105.7626319619,1028.03174205088,142.758621587911,270.624328756747,61.7305236501202,95.3893974848775,0,0,0,0,6.03769724339325,11.6771784965137,2.865493672978,4.44219435537174,0,0,0,0,0,0,0,0,0,0,220.239009166809,217.017015217644,111.970208972911,224.71750692379,81.0211648662293,137.994889326875,0,0,8.46189750180769,8.33814213339517,4.28595387676128,8.59826914244239,3.08815493337656,5.25828223821875,0,0,531.611923847709,510.727943053841,210.029182504002,437.419205780581,182.337923914784,309.34051080477,0,0,20.4252442008805,19.6229890891914,8.04543196350879,16.7498506681796,6.95972771808655,11.8036954984125,0,0,0,0,27.384147066843,58.2854014816586,21.8507511423741,35.7192295856405,0,0,0,0,0,0,0,0,0,0,123.181292399935,67.51931574593,104.694569111733,96.7941789053379
"65",1995,2542,5.33333333333333,6784.08228319326,6258.96507574234,977.450536795103,1844.53234287318,401.428006998374,620.568081212511,0,0,0,0,0,0,0,0,0,0,0,0,1.52570606611621,2.94328470906957,0.730611187531958,1.134016796857,0,0,0,0,0,0,0,0,0,0,2766.51877401903,2568.03432931181,300.591977818531,573.565808542888,115.170906864335,182.629060201234,0,0,106.294075429599,98.6679856537248,11.5819465228727,22.102057779054,4.43779133595557,7.03708365633517,0,0,28693.1837918456,26630.0088897038,3715.05332070007,7036.89107822346,1604.36286296971,2480.40121632832,0,0,1102.41235397591,1023.16839946022,144.042232193685,273.121477997307,62.6921232493469,97.0196539380719,0,0,0,0,6.10025314692026,11.8017623882421,2.91188003602883,4.52087491262515,0,0,0,0,0,0,0,0,0,0,220.366049484955,216.935181281271,113.634757618641,228.261436093498,82.6957560499444,141.274255582076,0,0,8.46677893617095,8.33499792907923,4.34968667443222,8.73388055012976,3.15203315534629,5.38332087680125,0,0,527.90511088246,506.598277352616,212.494885426517,443.019965439383,185.474543566618,315.460611476603,0,0,20.2828245140755,19.4643206534201,8.13979843913755,16.9640881416318,7.07939695899218,12.0370973392464,0,0,0,0,27.8026120128944,59.233329744451,22.2800097542627,36.4910802863054,0,0,0,0,0,0,0,0,0,0,125.175158927758,68.3769239802796,107.805476424815,99.2514493569092
"66",1995,2542,5.41666666666667,6764.87169158128,6231.20210803944,986.061764384685,1860.94587817062,406.449852568555,629.083477044899,0,0,0,0,0,0,0,0,0,0,0,0,1.54073648104355,2.97268029713365,0.740062673991128,1.15007682860935,0,0,0,0,0,0,0,0,0,0,2776.59169821001,2573.14216532734,305.395624922138,582.988261419173,117.814453807319,187.163730169281,0,0,106.681093285327,98.8642368817358,11.7670647348215,22.4652143482939,4.53964258791582,7.21179547457193,0,0,28606.4667783042,26504.3264738139,3747.18713841463,7099.40687349701,1628.97280592807,2522.13479097399,0,0,1099.08077468701,1018.33947085382,145.295361719079,275.565116877351,63.657886290029,98.6596038975247,0,0,0,0,6.16233453425726,11.9254196675093,2.95854134773639,4.60014232787171,0,0,0,0,0,0,0,0,0,0,220.517805756178,216.868316179121,115.309680146469,231.822710427304,84.4032885735247,144.607730178983,0,0,8.4726099937005,8.33242885139188,4.4138189885772,8.8701603052692,3.21717170362978,5.51042979629753,0,0,524.209560434622,502.492020680433,214.945873856757,448.60359145938,188.638079684208,321.657077630491,0,0,20.1408375375604,19.3065516306601,8.23360106651522,17.1776675214693,7.20009482744011,12.2734134689995,0,0,0,0,28.2216607500951,60.1839377472952,22.7140490868815,37.2730093445922,0,0,0,0,0,0,0,0,0,0,127.170287495854,69.2342383226686,110.974446349843,101.759477245794
"67",1995,2542,5.5,6745.66834457025,6203.60981289739,994.403869166572,1876.88364765108,411.472616343946,637.608185351373,0,0,0,0,0,0,0,0,0,0,0,0,1.55558517953135,3.00172594985963,0.749531620873661,1.16617831924309,0,0,0,0,0,0,0,0,0,0,2786.93401724847,2578.48135234916,310.216278362573,592.460748279852,120.510370630195,191.796057890001,0,0,107.078461721904,99.069376985378,11.95284227501,22.8303059345288,4.64351143634797,7.39026946727326,0,0,28520.2352935247,26379.535053082,3778.54191668931,7160.54971145773,1653.67579546388,2564.09572815031,0,0,1095.76784891503,1013.54477577841,146.51854681427,277.956043190075,64.6274367234714,100.308746557489,0,0,0,0,6.22381166642844,12.04793906655,3.00546722038738,4.67998279261984,0,0,0,0,0,0,0,0,0,0,220.693753915703,216.816478987112,116.994016913551,235.400451441483,86.143718754277,147.996683418187,0,0,8.47937053909691,8.33043717012557,4.47831409539793,9.00707487292281,3.28356911775933,5.6396616283424,0,0,520.526102734523,498.409319510834,217.381902123563,454.168507044071,191.828327063209,327.928519193558,0,0,19.9993151699599,19.1496876486578,8.32683065695658,17.3905289539397,7.3218137026057,12.5125913309117,0,0,0,0,28.6411551151896,61.1369274801955,23.1528088661834,38.0649458282088,0,0,0,0,0,0,0,0,0,0,129.166899419184,70.0913180576886,114.202396725595,104.318931591856
"68",1995,2542,5.58333333333333,6726.46865178336,6176.18375236992,1002.48101772244,1892.3515814816,416.492578300996,646.136896390893,0,0,0,0,0,0,0,0,0,0,0,0,1.57020926574523,3.0303488604111,0.759012912773258,1.1823136317139,0,0,0,0,0,0,0,0,0,0,2797.544999561,2584.05062485102,315.055422537888,601.985762356072,123.258910283331,196.527096635838,0,0,107.486152631108,99.2833573411089,12.1393358680075,23.1974278708764,4.74940766174727,7.57254625599524,0,0,28434.4883889491,26255.6301799652,3809.13171744043,7220.3407043438,1678.46237688859,2606.27136263196,0,0,1092.47354022424,1008.78414335167,147.712317761732,280.295048760012,65.6004080411579,101.966591397368,0,0,0,0,6.28458159648403,12.1691516838923,3.05264525330897,4.76038008468808,0,0,0,0,0,0,0,0,0,0,220.893403304625,216.779720280675,118.686960724609,238.993957999859,87.917001177556,151.442401440617,0,0,8.48704172056116,8.3290248284702,4.54314113185475,9.14459754821087,3.35122386466064,5.77106579795531,0,0,516.855565244511,494.350364586623,219.802659066725,459.713104757907,195.045041876931,334.273591325734,0,0,19.8582892035434,18.9937360360558,8.41947550910575,17.6026114064911,7.44454450095324,12.7545801117965,0,0,0,0,29.0609400161742,62.091973089629,23.5962254877396,38.8668130128914,0,0,0,0,0,0,0,0,0,0,131.165211399225,70.9482226873472,117.490235912974,106.930492739194
"69",1995,2542,5.66666666666667,6707.2691592439,6148.91963193343,1010.2972986982,1907.35552397031,421.506106272227,654.664388775124,0,0,0,0,0,0,0,0,0,0,0,0,1.5845740604488,3.0584896116048,0.768500872584841,1.19847440257018,0,0,0,0,0,0,0,0,0,0,2808.42359926633,2589.84841000712,319.914405249367,611.565550228532,126.060333045758,201.357873278993,0,0,107.904125828509,99.5061175184458,12.326597030933,23.5666660754601,4.85734131947707,7.7586654401818,0,0,28349.2252897007,26132.607602529,3838.97042342524,7278.80078391906,1703.32334349908,2648.64929870077,0,0,1089.1978188516,1004.05741020688,148.877198287058,282.582918952204,66.5764430525364,103.632657914227,0,0,0,0,6.34456298841271,12.288922996723,3.1000617758138,4.84131642676752,0,0,0,0,0,0,0,0,0,0,221.116292662411,216.758081225968,120.387835322223,242.602679274347,89.7230912045786,154.946094227225,0,0,8.49560581582067,8.32819340809631,4.6082742671376,9.28270741305136,3.42013443629906,5.90468882931679,0,0,513.198768845433,490.315383528413,222.207782745153,465.235761649025,198.287940966818,340.690983793655,0,0,19.7177911777037,18.8387055384018,8.51152197405921,17.8138532498608,7.56827664784213,12.9993303358565,0,0,0,0,29.4808482892638,63.0487284613481,24.0442315465378,39.6785278085464,0,0,0,0,0,0,0,0,0,0,133.165435840901,71.8050118951478,120.838864225244,109.594852125865
"70",1995,2542,5.75,6688.06653774027,6121.81328851787,1017.8567252327,1921.90123636266,426.509654114195,663.185528099914,0,0,0,0,0,0,0,0,0,0,0,0,1.59865173830832,3.08610001107758,0.777989442263708,1.21465176341053,0,0,0,0,0,0,0,0,0,0,2819.56851439407,2595.87288618051,324.794450265914,621.20213529847,128.914905634702,206.289392900431,0,0,108.332331290322,99.7375875271848,12.5146725514707,23.9380979459062,4.96732270670603,7.94866577521448,0,0,28264.4453540354,26010.463224251,3868.07173454873,7335.95069144821,1728.2497316333,2691.2174045356,0,0,1085.9406601489,999.364418948527,150.013705410532,284.82043228046,67.5551937029558,105.306475415289,0,0,0,0,6.40369242137024,12.4071471157806,3.14770230227964,4.92277301960894,0,0,0,0,0,0,0,0,0,0,221.361987070979,216.751593143321,122.096078398573,246.226193528243,91.5619467626169,158.508902495948,0,0,8.50504611471611,8.32794411238192,4.67369204865417,9.42138851799771,3.49029941936828,6.04057460925524,0,0,509.556524915981,486.304634891817,224.596871818237,470.734850812873,201.556701775267,347.179412442509,0,0,19.5778522667435,18.6846060898159,8.60295489240164,18.024192702777,7.6929980740183,13.2467935387284,0,0,0,0,29.9007041184375,64.0068326275615,24.4967556225149,40.500000476699,0,0,0,0,0,0,0,0,0,0,135.167781102189,72.6617455072539,124.249175113445,112.312712056566
"71",1995,2542,5.83333333333333,6668.85757349255,6094.86068084056,1025.16323709781,1935.99439929331,431.499760095881,671.695265804523,0,0,0,0,0,0,0,0,0,0,0,0,1.61242026418237,3.11314139269318,0.787472311507347,1.23083649979136,0,0,0,0,0,0,0,0,0,0,2830.97823316414,2602.12202942072,329.696668075717,630.89733772293,131.82290026147,211.322642273136,0,0,108.77071093154,99.9776896039114,12.7036048969731,24.3117931191397,5.07936232705291,8.14258530706244,0,0,28180.1480412683,25889.1930722862,3896.44916507428,7391.81096954791,1753.23281604511,2733.96380717761,0,0,1082.70204335042,994.705016932979,151.122349333696,287.00836008786,68.5363209034332,106.987582832164,0,0,0,0,6.46192152196119,12.5237423050233,3.19555184950894,5.00473041698527,0,0,0,0,0,0,0,0,0,0,221.630075467158,216.76027733985,123.81122749519,249.864190599896,93.4335296347253,162.131903741637,0,0,8.51534682362668,8.32827775998111,4.7393768593669,9.56062920697047,3.56171754556228,6.17876461793011,0,0,505.929633041743,482.318403203638,226.969494759973,476.208750578809,204.850962674361,353.737612087052,0,0,19.4385031918532,18.5314486222734,8.69375794787349,18.23356818502,7.81869522740822,13.4969219957375,0,0,0,0,30.3203256485475,64.9659139367064,24.9537221859913,41.3311344911351,0,0,0,0,0,0,0,0,0,0,137.17245170576,73.5184834539547,127.722056185959,115.084785475649
"72",1995,2542,5.91666666666667,6649.63915908353,6068.05787999026,1032.22070289618,1949.64061529734,436.47304524504,680.18863802497,0,0,0,0,0,0,0,0,0,0,0,0,1.6258623409421,3.13958293852622,0.796943047917351,1.24701921120168,0,0,0,0,0,0,0,0,0,0,2842.65107888819,2608.59365851914,334.622066674647,640.652794408641,134.784593738869,216.458593335801,0,0,109.219200331114,100.226339943103,12.893432625022,24.6878142334993,5.193470857173,8.34046150653156,0,0,28096.3328806999,25768.7932667908,3924.11604100225,7446.40195418766,1778.26410501399,2776.87688726873,0,0,1079.48195037913,990.079055089884,152.203633332008,289.147466232581,69.5194943505813,108.675528526786,0,0,0,0,6.51921412258442,12.6386465487208,3.243595261584,5.08716890724996,0,0,0,0,0,0,0,0,0,0,221.920168183773,216.784144998937,125.532906101119,253.516454650859,95.3378066144352,165.816118180844,0,0,8.52649297099489,8.32919478057799,4.8053143827325,9.70042145213353,3.63438773667915,6.31929815588867,0,0,502.318878829218,478.356994076079,229.325198837482,481.655853373028,208.170323425328,360.364329532955,0,0,19.2997741371239,18.3792448778845,8.78391401197613,18.4419186579973,7.94535308989019,13.7496684550822,0,0,0,0,30.7395275636946,65.9255941651545,25.4150515036776,42.1718264024193,0,0,0,0,0,0,0,0,0,0,139.179648551883,74.375285730268,131.258390222997,117.911795733439
"73",1996,2542,6,6629.512118352,6040.16705963539,1039.59347393653,1963.92741160785,441.414790667594,688.73449466583,0,0,0,0,0,0,0,0,0,0,0,0,1.6389908059281,3.16565163241749,0.806371135913157,1.26332165753294,0,0,0,0,0,0,0,0,0,0,2854.55587207805,2615.28292389037,339.575749005151,650.521234041291,137.796428676603,221.721691839464,0,0,109.676601523248,100.483352215933,13.0843511256964,25.0681909169493,5.30951120605855,8.54323627525038,0,0,28012.2936701658,25648.6294329431,3951.37739737581,7500.74440505713,1803.28223609347,2820.2391398343,0,0,1076.25324771784,985.462159742558,153.269248293447,291.277115308445,70.5023156589515,110.381371248725,0,0,0,0,6.57547597858957,12.752531413659,3.29171875322747,5.17060549941916,0,0,0,0,0,0,0,0,0,0,222.206149161752,216.833080071757,127.265484848424,257.239568078946,97.2634159613662,169.631346920016,0,0,8.53748113741057,8.33107493159066,4.87167349287441,9.84293331233813,3.7078770663282,6.46483586063142,0,0,498.726662829353,474.431883552555,231.656361604471,487.094527585465,211.507690915105,367.097653287722,0,0,19.1617573349124,18.2284357846902,8.87313092938764,18.6499471373463,8.07270121243979,14.0064866844837,0,0,0,0,31.1576517079746,66.8889682317041,25.8798832938412,43.0264390896619,0,0,0,0,0,0,0,0,0,0,141.199778995391,75.1976319582047,134.877521380752,120.678009976613
"74",1996,2542,6.08333333333333,6608.80560339078,6011.644804017,1047.0643448203,1978.43942484804,446.333611777561,697.312631551625,0,0,0,0,0,0,0,0,0,0,0,0,1.65198303421488,3.19157808521586,0.815761660569302,1.27969361251551,0,0,0,0,0,0,0,0,0,0,2866.7020329414,2622.18458450136,344.563455603839,660.497490447357,140.860883254209,227.107138460235,0,0,110.143276447385,100.748525053531,13.2765811682047,25.4527235386565,5.42757877152529,8.75072453243229,0,0,27928.2814452705,25528.9194506574,3978.13251351315,7554.4828207362,1828.30171372945,2863.94634695848,0,0,1073.02558061264,980.862702177503,154.315327972927,293.383587171441,71.4853490197968,112.101032993885,0,0,0,0,6.63083755564849,12.8653391427506,3.3399425093311,5.25484414784711,0,0,0,0,0,0,0,0,0,0,222.498919172335,216.90247958348,129.006747502445,261.010009805919,99.2153314719052,173.550280112313,0,0,8.54873014741179,8.33374135927224,4.93836882486972,9.98726391232328,3.78237535311042,6.61433751853096,0,0,495.150406398945,470.538634057445,233.965620316072,492.520764066856,214.863483183872,373.9282581589,0,0,19.0243537099664,18.0788508439041,8.96151024346239,18.8575011113523,8.20075585223832,14.2670211956164,0,0,0,0,31.5746751539467,67.8545390755157,26.3483672878383,43.893408893223,0,0,0,0,0,0,0,0,0,0,143.229055088302,75.9981354575823,138.573664761153,123.424427534837
"75",1996,2542,6.16666666666667,6588.09055035574,5983.27852440185,1054.27484932233,1992.48417527617,451.235166550606,705.873594048218,0,0,0,0,0,0,0,0,0,0,0,0,1.66482127222966,3.21720055682717,0.825127923656543,1.29604821228851,0,0,0,0,0,0,0,0,0,0,2879.10645081884,2629.29705530111,349.5842352536,670.552136650688,143.980981366376,232.601930620118,0,0,110.619874019,101.021797555702,13.4700865460313,25.8402790518067,5.54779007714435,8.96242527446995,0,0,27844.7464421691,25410.0622431705,4004.20498343601,7606.99325981813,1853.3493764897,2907.80353798248,0,0,1069.81624793258,976.296009650749,155.335100590704,295.442792106171,72.4696443818131,113.82688548236,0,0,0,0,6.68533595218511,12.9766015150785,3.38831751554784,5.33953173390733,0,0,0,0,0,0,0,0,0,0,222.814942593563,216.985858666763,130.753713561715,264.791581229407,101.201001786496,177.529742358512,0,0,8.56087258796007,8.33694490451404,5.00528547510102,10.1320266901429,3.85816676637216,6.76615817947487,0,0,491.589404243592,466.670338396806,236.257115131606,497.920968574513,218.241256508208,380.830978124361,0,0,18.8875361639122,17.9302246700276,9.04921103564666,19.064061146039,8.32965302884525,14.5303124171044,0,0,0,0,31.9907301645322,68.8197772961415,26.8209055056027,44.769822411118,0,0,0,0,0,0,0,0,0,0,145.261109626339,76.7989209137822,142.336079364221,126.225671223324
"76",1996,2542,6.25,6567.36434067273,5955.06475571662,1061.22904982439,2006.06752384733,456.116019851296,714.412277874707,0,0,0,0,0,0,0,0,0,0,0,0,1.67746028836679,3.24244087750273,0.834466800932424,1.31238013221238,0,0,0,0,0,0,0,0,0,0,2891.76660034851,2636.61765005068,354.638099462254,680.685220218776,147.156997718092,238.207171613472,0,0,111.106297209652,101.303066512851,13.664867674463,26.2308592561775,5.67015572382749,9.1783810353887,0,0,27761.6885359948,25292.0542266732,4029.60784314419,7658.29576433013,1878.41749129467,2951.79988724693,0,0,1066.6252448867,971.761944466126,156.329059230787,297.455483942367,73.4549000284178,115.558506659756,0,0,0,0,6.73894267544006,13.086264341024,3.43683162292114,5.42465228843617,0,0,0,0,0,0,0,0,0,0,223.153741996895,217.083250390575,132.506479863936,268.58501163437,103.220365276982,181.571165985992,0,0,8.57389011556078,8.34068683788036,5.07242730001505,10.2772498746522,3.93524916472768,6.92035289955476,0,0,488.044618203876,462.82733249407,238.530340480364,503.293195591732,221.640615925607,387.804067655733,0,0,18.7513416520101,17.7825701697768,9.13621414016723,19.2695532660299,8.45937795311957,14.796294422001,0,0,0,0,32.4056522470783,69.7843364409029,27.2974032340473,45.6555532461955,0,0,0,0,0,0,0,0,0,0,147.296152666401,77.6000399929859,146.165671891766,129.08241102605
"77",1996,2542,6.33333333333333,6546.62440096779,5927.00008540399,1067.93092578633,2019.19523542307,460.972821272405,722.923664257479,0,0,0,0,0,0,0,0,0,0,0,0,1.6898637208026,3.26723558877234,0.843774303901028,1.32868292571238,0,0,0,0,0,0,0,0,0,0,2904.68007828667,2644.1437815192,359.725075793798,690.896795413685,150.389214792009,243.923946876477,0,0,111.602453682873,101.592232519429,13.8609255868232,26.6244662091628,5.79468660911479,9.39863365999642,0,0,27679.1074789891,25174.8917402387,4054.35388500702,7708.41007239908,1903.49854083577,2995.92480507045,0,0,1063.45256196224,967.260365964489,157.297687904331,299.422405267463,74.4408223722813,117.295483242315,0,0,0,0,6.79163786344819,13.1942883395078,3.48547245947541,5.51018947406549,0,0,0,0,0,0,0,0,0,0,223.514862958474,217.194674631333,134.265140155508,272.39097378557,105.273374615542,185.675908280205,0,0,8.58776527059134,8.34496792305647,5.1397980379789,10.4229595344602,4.0136209523814,7.07697388159515,0,0,484.516964399557,459.009950591468,240.784810839526,508.635595705287,225.061119732691,394.845816185819,0,0,18.6158053728595,17.6359001852737,9.22250116241318,19.4739071812827,8.58991405846678,15.0649026292123,0,0,0,0,32.819275911308,70.74786683111,27.7777623651892,46.5504688326701,0,0,0,0,0,0,0,0,0,0,149.334389923883,78.4015444625437,150.063348560344,131.995334233593
"78",1996,2542,6.41666666666667,6525.86820457862,5899.08115383491,1074.38438069691,2031.87298793194,465.802300848383,731.402816450533,0,0,0,0,0,0,0,0,0,0,0,0,1.70200210424548,3.29153274858653,0.85304588453919,1.34494940378611,0,0,0,0,0,0,0,0,0,0,2917.84458308653,2651.87294517788,364.845203282872,701.186918400309,153.67791983327,249.753326003418,0,0,112.108255009555,101.889199347437,14.0582617585955,27.0211020421226,5.92139381171358,9.62322438153923,0,0,27597.0029165558,25058.5710583599,4078.45567219008,7757.35563512579,1928.58521185689,3040.1679251325,0,0,1060.29818554137,962.791131005427,158.241462086503,301.344288051945,75.427125518751,119.037410251382,0,0,0,0,6.84340827724483,13.3006457650229,3.53422764053333,5.59612685284329,0,0,0,0,0,0,0,0,0,0,223.897872094634,217.32013984007,136.029786015952,276.210091553142,107.359995332233,189.845260050115,0,0,8.60248140182283,8.34978848474591,5.20740134335793,10.5691798671213,4.09328102465167,7.23607080109856,0,0,481.00731741596,455.218524768737,243.020059753548,513.946406350966,228.502284329382,401.954540584952,0,0,18.4809609292464,17.4902274755537,9.30805444087936,19.6770559320567,8.72124318495314,15.3360735158425,0,0,0,0,33.2314362071506,71.7100182987186,28.2618815312159,47.4544306422683,0,0,0,0,0,0,0,0,0,0,151.376023140085,79.2034861374991,154.030015459139,134.965143832225
"79",1996,2542,6.5,6505.09327462341,5871.30465677887,1080.59324360436,2044.10637491175,470.601269568116,739.844881017625,0,0,0,0,0,0,0,0,0,0,0,0,1.71385200279779,3.31529052218785,0.862276564051956,1.36117179689172,0,0,0,0,0,0,0,0,0,0,2931.25790589211,2659.80271231332,369.998529887321,711.555644029611,157.023402985635,255.696363152791,0,0,112.623616321919,102.19387368182,14.2568780096757,27.4207688369504,6.05028852004761,9.85219383736131,0,0,27515.3743932134,24943.0883962752,4101.9255390386,7805.15161611992,1953.67039530417,3084.51910501574,0,0,1057.16209812993,958.35409417188,159.160848730158,303.221853632621,76.4135312755643,120.783891036564,0,0,0,0,6.89424641526752,13.4053189155401,3.58308485735948,5.68244800030273,0,0,0,0,0,0,0,0,0,0,224.302356462181,217.459643763639,137.800507198628,280.04294292081,109.480205157562,194.080448968928,0,0,8.61802264337806,8.35514843638042,5.27524079886499,10.7159333128414,4.17422874313899,7.39769093340246,0,0,477.516511394076,451.45338437503,245.23564005277,519.223949246185,231.963585977729,409.128581051248,0,0,18.3468403700263,17.3455646947389,9.39285705509404,19.8789357899158,8.85334564612774,15.6097444603063,0,0,0,0,33.6419695714084,72.6704416881955,28.7496561343254,48.3672941621751,0,0,0,0,0,0,0,0,0,0,153.421250181105,80.0059168450273,158.066578823965,137.99255803956
"80",1996,2542,6.58333333333333,6484.29718617611,5843.66734680031,1086.56127242806,2055.90091012469,475.36661812215,748.245087378181,0,0,0,0,0,0,0,0,0,0,0,0,1.72539494905599,3.33847545387927,0.871461083539778,1.37734194456772,0,0,0,0,0,0,0,0,0,0,2944.91791891478,2667.93072108597,375.185109584358,722.003022518484,160.425955244458,261.754097774696,0,0,113.148455866923,102.506164776927,14.4567763929099,27.8234684986595,6.1813819538068,10.0855820969652,0,0,27434.2213611379,24828.4399169229,4124.77559656717,7851.81689734063,1978.74718189914,3128.96842180344,0,0,1054.04427868567,953.949108037334,160.056306469566,305.055812929059,77.3997689903171,122.534537115328,0,0,0,0,6.94414943729613,13.5082983139993,3.63203197469546,5.76913663201414,0,0,0,0,0,0,0,0,0,0,224.727922458525,217.613174449739,139.577392020194,283.890064162677,111.633993027979,198.38264449127,0,0,8.63437387247306,8.36104731873458,5.34331992975552,10.8632407128212,4.25646389802731,7.56187934077246,0,0,474.045342110022,447.714855471349,247.43112363259,524.4666257321,235.444463625625,416.366296294338,0,0,18.2134742700204,17.2019243706155,9.47689281663121,20.0794860785301,8.98620033632668,15.8858535581916,0,0,0,0,34.0507147025286,73.628790439193,29.2409784491139,49.2889090039298,0,0,0,0,0,0,0,0,0,0,155.470265229418,80.808888386092,162.1739453212,141.078309474428
"81",1996,2542,6.66666666666667,6463.47756825763,5816.1660344953,1092.29215693232,2067.26203169107,480.095315814236,756.598747518024,0,0,0,0,0,0,0,0,0,0,0,0,1.7366165621879,3.36106102568514,0.88059402305003,1.39345144596866,0,0,0,0,0,0,0,0,0,0,2958.8225653434,2676.25466889723,380.404999828872,732.529096512856,163.885866625011,267.927555087612,0,0,113.682694618594,102.825984163237,14.6579590964883,28.2292026426119,6.31468529373045,10.3234286804355,0,0,27353.543187552,24714.6217369196,4147.0177374221,7897.37008430719,2003.80885798758,3173.5061680477,0,0,1050.94470290213,949.576023395545,160.928285804428,306.846866636486,78.3855753981353,124.288968026347,0,0,0,0,6.99311827271104,13.6095811962413,3.68105710389407,5.8561766996423,0,0,0,0,0,0,0,0,0,0,225.174194786464,217.780711138105,141.360527627077,287.751953467379,113.821358103434,202.7529622728,0,0,8.65152066964264,8.36748433416686,5.41164221346368,11.0111214467273,4.33998667076191,7.72867904053672,0,0,470.594568815835,444.003260265219,249.606101271831,529.672912660177,238.944321534702,423.666059291096,0,0,18.0808918007417,17.0593188829131,9.56014626160137,20.2786490152415,9.11978483051823,16.1643394598772,0,0,0,0,34.4575132645401,74.5847218802204,29.7357377378533,50.2191190297165,0,0,0,0,0,0,0,0,0,0,157.523258959832,81.6124525008663,166.35302230649,144.223144411998
"82",1996,2542,6.75,6442.6321056272,5788.79758955266,1097.78952136586,2078.1951057347,484.784409614154,764.901255843748,0,0,0,0,0,0,0,0,0,0,0,0,1.74750586332255,3.38302652937883,0.889669881961774,1.4094917632677,0,0,0,0,0,0,0,0,0,0,2972.96985078835,2684.77230605782,385.658259390942,743.133898549383,167.403424564519,274.217746312054,0,0,114.226255949293,103.153245404091,14.8604283608355,28.6379724969619,6.45020962033116,10.5657725675236,0,0,27273.3391609694,24601.6299315708,4168.66364038213,7941.82951075953,2028.8489015826,3218.12284803019,0,0,1047.86334344855,945.234689453023,161.777229266561,308.595705398084,79.3706944764826,126.046811193715,0,0,0,0,7.04115693401499,13.7091703370317,3.73014864407657,5.94355244782328,0,0,0,0,0,0,0,0,0,0,225.640815469349,217.962225039775,143.15000012556,291.62907402142,116.042308787645,207.192468142233,0,0,8.66944928090186,8.37445837656021,5.48021108419666,11.1595935497871,4.42479759673018,7.89813115615073,0,0,467.164915859853,440.318916540756,251.760182487331,534.841358794338,242.462531724502,431.026253585812,0,0,17.9491207926525,16.9177604414068,9.64260264448776,20.4763695722586,9.25407547715668,16.4451412288563,0,0,0,0,34.8622103958106,75.5378981967322,30.2338203879545,51.1577625074345,0,0,0,0,0,0,0,0,0,0,159.580418701751,82.4166608378738,170.604718060402,147.427822117639
"83",1996,2542,6.83333333333333,6421.7585404287,5761.55894168096,1103.05692695077,2088.70542979791,489.43102325432,773.148089083408,0,0,0,0,0,0,0,0,0,0,0,0,1.75805468902629,3.40435609742747,0.898683144240515,1.42545430604762,0,0,0,0,0,0,0,0,0,0,2987.35783559901,2693.48143018788,390.944946424872,753.81744877618,170.97891246245,280.625668742461,0,0,114.779065334541,103.487863880531,15.064186404366,29.0497788150094,6.58796585790535,10.8126522005074,0,0,27193.6084967982,24489.4605393332,4189.72477468515,7985.21324311948,2053.8609784339,3262.80917409165,0,0,1044.80017018521,940.924954000506,162.603571580049,310.303009969755,80.3548773008352,127.807701793704,0,0,0,0,7.0882719303977,13.8070730441725,3.77929531259696,6.03124845733353,0,0,0,0,0,0,0,0,0,0,226.127442901778,218.157680048944,144.945894644503,295.521856761874,118.296861761535,211.702181751414,0,0,8.6881465812721,8.3819680586727,5.54902993502713,11.3086738173811,4.51089752839774,8.07027505599376,0,0,463.757074181945,436.662137095543,253.892995384307,539.970581500899,245.99843631004,438.445269999077,0,0,17.8181877926137,16.7772610642812,9.724247931819,20.672595348835,9.38904748696026,16.7281982155844,0,0,0,0,35.2646551214317,76.487987234412,30.7351100549059,52.1046722758097,0,0,0,0,0,0,0,0,0,0,161.641928592936,83.2215649256619,174.92994200023,150.693114227551
"84",1996,2542,6.91666666666667,6400.85467369598,5734.44708140667,1108.09787421779,2098.79823602107,494.032356371688,781.334806234127,0,0,0,0,0,0,0,0,0,0,0,0,1.76825720426412,3.42503789451623,0.90762832756659,1.44133049560084,0,0,0,0,0,0,0,0,0,0,3001.9846280386,2702.37988132696,396.265116769718,764.579752926164,174.612608360303,287.152305662309,0,0,115.341050090787,103.829756603424,15.2692353581036,29.4646217972169,6.72796472387919,11.0641054810187,0,0,27114.3503423169,24378.1095657446,4210.21240417922,8027.53908475351,2078.83893812705,3307.55606302954,0,0,1041.75515035452,936.646663563933,163.407739814792,311.969451377398,81.3378819013508,129.571282624061,0,0,0,0,7.13447178319736,13.9033003231501,3.82848616361735,6.11924967321659,0,0,0,0,0,0,0,0,0,0,226.633750936033,218.367033387557,146.748295331864,299.430702805062,120.585041032278,216.283079908059,0,0,8.70760003968103,8.39001173690373,5.6181021175328,11.4583778973899,4.59828759899158,8.24514848006921,0,0,460.371702683948,433.033229187381,256.004186503351,545.059263726926,249.551349727789,445.921503738843,0,0,17.6881181165388,16.6378325568735,9.80506879570999,20.8672764544547,9.52467501742502,17.0134499466037,0,0,0,0,35.6647006674021,77.434663135156,31.239487811713,53.0596759206779,0,0,0,0,0,0,0,0,0,0,163.707969724711,84.0272161469983,179.329604867749,154.019804175352
"85",1997,2542,7,6381.46704853467,5708.49137234418,1113.61556526177,2109.82862100013,498.342523515825,789.168696506077,0,0,0,0,0,0,0,0,0,0,0,0,1.77777517872534,3.44461344650272,0.916043896780185,1.45656690767177,0,0,0,0,0,0,0,0,0,0,3016.85348995791,2711.54917444521,401.447149393453,775.177856590577,178.210182010913,293.679186385542,0,0,115.912335543554,104.182055508279,15.4689697306289,29.873149434413,6.86657221783971,11.3155686999666,0,0,27036.7963415313,24269.1221755011,4229.08528220964,8067.57143834772,2102.73085093011,3351.10372985684,0,0,1038.77560584813,932.459185864474,164.149309023355,313.54687563052,82.2785441782832,131.288194879905,0,0,0,0,7.17796116520721,13.9952511236965,3.87577737985796,6.20521575146041,0,0,0,0,0,0,0,0,0,0,227.032861979746,218.500976799464,148.462137784446,303.213756109684,122.669923373272,220.614936701499,0,0,8.72293483750677,8.39515804470365,5.68379007159682,11.6032813015505,4.67793317754801,8.41054397828823,0,0,457.006702175483,429.447558536327,258.010476838885,549.975396662632,252.990412113675,453.279082132093,0,0,17.5588311104801,16.5000652948435,9.88187367855286,21.0553557500209,9.65596404363365,17.2941872999785,0,0,0,0,36.0532193393918,78.3629597444807,31.731023234299,54.0024021537063,0,0,0,0,0,0,0,0,0,0,165.952494525673,84.9595666584717,184.178866477534,157.937625719963
"86",1997,2542,7.08333333333333,6362.4791401831,5682.95185708653,1119.09614031552,2120.80635438929,502.550805376585,796.874978405958,0,0,0,0,0,0,0,0,0,0,0,0,1.78713145566932,3.46391008428922,0.924261862559362,1.47155715969288,0,0,0,0,0,0,0,0,0,0,3031.84322466,2720.81745389931,406.604609935873,785.761156730602,181.822835803035,300.265095869816,0,0,116.488265121931,104.538157626453,15.6677600304565,30.2811125052068,7.00576228781767,11.5693086410604,0,0,26960.1207429595,24161.4180169816,4247.16461126762,8106.30254150433,2126.29185343458,3394.35213911221,0,0,1035.82980979347,928.321012049511,164.860126081436,315.073883676985,83.2064007855548,132.993681087851,0,0,0,0,7.22004148182076,14.0848818881539,3.92254499932011,6.29078896829375,0,0,0,0,0,0,0,0,0,0,227.426855422451,218.631881202589,150.159278077288,306.977907821269,124.739426232826,224.948435320414,0,0,8.73807301064588,8.40018758890986,5.74884285810882,11.7474709021485,4.75699987070893,8.57601784675039,0,0,453.667762524995,425.898138895479,259.973620658708,554.819030772351,256.39762369227,460.628247027547,0,0,17.4305453868486,16.3636908553617,9.95702998604594,21.2406676743693,9.78604495820396,17.5746175944446,0,0,0,0,36.4365759284078,79.2832056184889,32.2208607409394,54.9470060284476,0,0,0,0,0,0,0,0,0,0,168.247019391092,85.9258522116166,189.202322510911,162.06460001274
"87",1997,2542,7.16666666666667,6343.47897156899,5657.5527349553,1124.3567503327,2131.37750047592,506.720311664667,804.527591021888,0,0,0,0,0,0,0,0,0,0,0,0,1.79639683668876,3.4830160236034,0.932404143541795,1.48644580136475,0,0,0,0,0,0,0,0,0,0,3046.95066885798,2730.16068491952,411.783311093151,796.394471367745,185.475452903716,306.941911169826,0,0,117.068717287378,104.897139503658,15.8673693424102,30.6910056436839,7.14649337740151,11.8265530289603,0,0,26883.9963321355,24054.5817356706,4264.74225984631,8144.08414111834,2149.79229131026,3437.62237024605,0,0,1032.90519004641,924.216183527951,165.551509295672,316.564155241757,84.1320277033891,134.700317550984,0,0,0,0,7.26121183047126,14.1729083563707,3.9692858186529,6.37656370554945,0,0,0,0,0,0,0,0,0,0,227.849004157853,218.783286841796,151.864703000212,310.760399257158,126.855383783786,229.368056181392,0,0,8.75429295116955,8.40600482351851,5.81421663822353,11.8923709221931,4.83784557312164,8.74479069727603,0,0,450.356365773802,422.381382461958,261.915394025481,559.623948859962,259.806783017785,468.013390966469,0,0,17.3033178877582,16.2285713892733,10.0313724963201,21.4245070735525,9.916207983896,17.8564352088092,0,0,0,0,36.8169993961712,80.198961260731,32.7130247179337,55.8985979281287,0,0,0,0,0,0,0,0,0,0,170.545666176002,86.892762188985,194.302129088516,166.262465918247
"88",1997,2542,7.25,6324.46243569228,5632.28924515261,1129.40063876005,2141.54683989192,510.848283207938,812.12215116845,0,0,0,0,0,0,0,0,0,0,0,0,1.80552659248484,3.50185123823949,0.94047069227544,1.50123166543234,0,0,0,0,0,0,0,0,0,0,3062.18663231694,2739.58886412022,416.984850478752,807.081231474165,189.169848125931,313.713035402313,0,0,117.654107368356,105.259385225803,16.0678590506374,31.1029605696182,7.28883510488294,12.0874324997822,0,0,26808.4127930429,23948.6005457381,4281.82748321538,8180.93082498699,2173.22653497138,3480.90547445909,0,0,1030.00135025857,920.1442090472,166.223809901965,318.018239744929,85.0552026475515,136.40775135232,0,0,0,0,7.3014979940188,14.2593549102686,4.01598932857033,6.46252494759466,0,0,0,0,0,0,0,0,0,0,228.297953604924,218.954281891395,153.578014022643,314.560619488982,129.015330443327,233.871594869943,0,0,8.7715426140706,8.41257471472573,5.87989626576151,12.0379581830788,4.92037626185787,8.91677859595145,0,0,447.072867971606,418.897221721397,263.835505936808,564.388776109949,263.218585725098,475.434459747658,0,0,17.1771622931753,16.094704302565,10.1048901821846,21.6068216853076,10.046479867365,18.1396386732364,0,0,0,0,37.1943604286298,81.1099355563187,33.2073855240036,56.8569809721506,0,0,0,0,0,0,0,0,0,0,172.848712308685,87.8603851961451,199.479634757226,170.532346630731
"89",1997,2542,7.33333333333333,6305.42577476976,5607.15695665749,1134.23101985892,2151.31914914281,514.932056767173,819.654390269558,0,0,0,0,0,0,0,0,0,0,0,0,1.81448455788624,3.52035043466068,0.948460291500149,1.51591199148903,0,0,0,0,0,0,0,0,0,0,3077.56025415907,2749.11040344443,422.210545671691,817.824274852515,192.9076009036,320.581485344104,0,0,118.244786504554,105.625217993192,16.269279794299,31.5170862529448,7.43284807577243,12.3520628932422,0,0,26733.3609974048,23843.462816781,4298.42948860538,8216.85722304086,2196.58922411878,3524.19285720886,0,0,1027.11793971561,916.104641748042,166.877377518368,319.436688619689,85.9757136353682,138.11564303424,0,0,0,0,7.34092423298237,14.3442467400251,4.06264602133625,6.54865884898624,0,0,0,0,0,0,0,0,0,0,228.772483192682,219.144051226853,155.298902795856,318.37812168002,131.217159125684,238.457234827912,0,0,8.78977510321158,8.41986594414101,5.94587004722761,12.1842157959419,5.00451162670023,9.0919124651216,0,0,443.817631488759,415.445628695522,265.7336852146,569.112212419461,266.633504779221,482.891180188018,0,0,17.0520925259038,15.9620885202641,10.1775727768416,21.7875621037811,10.1768788513206,18.4242181482928,0,0,0,0,37.5685373907201,82.0158476621733,33.7038123906256,57.8219551081652,0,0,0,0,0,0,0,0,0,0,175.15642191642,88.828805932742,204.73611880303,174.875337630876
"90",1997,2542,7.41666666666667,6286.36552221303,5582.15171308296,1138.85107771923,2160.6991951674,518.969057454235,827.120145539061,0,0,0,0,0,0,0,0,0,0,0,0,1.82324120476205,3.5384598165283,0.956370927874441,1.53048291833664,0,0,0,0,0,0,0,0,0,0,3093.07932337113,2758.73243570513,427.461490759902,828.625961600501,196.690095491447,327.549958897897,0,0,118.8410539613,105.994911859906,16.4716736352615,31.9334733386204,7.57858541997838,12.6205478334704,0,0,26658.8327742765,23739.1578533974,4314.55741687501,8251.8779615201,2219.87523783134,3567.47623675963,0,0,1024.25464448479,912.097070695521,167.512559423187,320.820053524186,86.8933578430883,139.823665017793,0,0,0,0,7.37951353547096,14.4276094971615,4.10924715875024,6.63495247165054,0,0,0,0,0,0,0,0,0,0,229.271484576284,219.351859538191,157.027128897249,322.212580994808,133.45905263569,243.12347090867,0,0,8.80894783435334,8.42785025997653,6.01212888867882,12.3311315469829,5.09018244517363,9.2701351554137,0,0,440.591017471527,412.026603581106,267.609681569037,573.793030972183,270.051833307218,490.383101774787,0,0,16.9281224617091,15.8307240499286,10.2494108141572,21.9666817251928,10.3074163118779,18.7101570191936,0,0,0,0,37.939415512935,82.9164263862594,34.2021736774904,58.7933174543586,0,0,0,0,0,0,0,0,0,0,177.469047732145,89.7981057821385,210.072805101868,179.292513344502
"91",1997,2542,7.5,6267.27848306802,5557.26961374076,1143.26396450115,2169.69173213124,522.956798678927,834.515360332142,0,0,0,0,0,0,0,0,0,0,0,0,1.83177290415225,3.55613584316355,0.964199933660678,1.5449396725811,0,0,0,0,0,0,0,0,0,0,3108.75040132524,2768.46093246094,432.738577512892,839.488216777764,200.518534967283,334.620858435549,0,0,119.443161837003,106.368696262777,16.6750748695321,32.3521957810911,7.72609332673332,12.8929796212011,0,0,26584.8208211671,23635.6758107047,4330.22032949225,8286.00763712869,2243.07968816591,3610.7476348615,0,0,1021.41118400017,908.12111763302,168.129700054001,322.168885349633,87.8079413630972,141.531501246305,0,0,0,0,7.41728770324005,14.5094691495377,4.15578469168646,6.72139369219154,0,0,0,0,0,0,0,0,0,0,229.793953845986,219.577045082067,158.762510970175,326.06377740476,135.739456842661,247.869079191412,0,0,8.82902223581122,8.43650223699268,6.07866595585239,12.478697237464,5.17732955587396,9.45140028937201,0,0,437.393381667768,408.640169500768,269.46326663568,578.430079839944,273.473701584539,497.909613223642,0,0,16.8052657689355,15.7006117799648,10.3203956679525,22.1441368087481,10.4380974080221,18.9974325297439,0,0,0,0,38.3068867309954,83.8114102441933,34.7023369890069,59.7708623848054,0,0,0,0,0,0,0,0,0,0,179.78683171785,90.7683630071626,215.490867537563,183.784929955594
"92",1997,2542,7.58333333333333,6248.16170182114,5532.50698293599,1147.47279937625,2178.30149782319,526.892878785715,841.836080527827,0,0,0,0,0,0,0,0,0,0,0,0,1.84006083780232,3.57334339273179,0.971944186724289,1.55927683452477,0,0,0,0,0,0,0,0,0,0,3124.57900659768,2778.30088035284,438.042528140792,850.412597502443,204.393964691777,341.796330012328,0,0,120.051322164189,106.746762796526,16.8795112832024,32.773313415637,7.8754119416364,13.1694407338059,0,0,26511.3185705774,23533.0075671352,4345.42719583801,8319.26078721945,2266.19790401829,3653.99935438164,0,0,1018.58730593482,904.176432094854,168.729140511228,323.483733062375,88.7192785884472,143.238846332504,0,0,0,0,7.45426749365633,14.5898517906876,4.20225113630445,6.80797105990146,0,0,0,0,0,0,0,0,0,0,230.338978794104,219.819009828904,160.50491407838,329.931571555911,138.057040164586,252.693071759497,0,0,8.8499632592317,8.44579889793443,6.14547618932432,12.6269077577175,5.26590230811861,9.63567052915173,0,0,434.225070041899,405.286365883172,271.294234317654,583.02228084747,276.89910232846,505.469966915304,0,0,16.6835357400293,15.5717532252834,10.3905195646248,22.3198864329046,10.5689220483647,19.2860167174774,0,0,0,0,38.6708492535331,84.700547173701,35.2041693359695,60.7543817218134,0,0,0,0,0,0,0,0,0,0,182.110006167941,91.739653088061,220.991438063832,188.353629321848
"93",1997,2542,7.66666666666667,6229.01243772099,5507.86034635587,1151.48066767267,2186.53321084039,530.774978654942,849.078452132815,0,0,0,0,0,0,0,0,0,0,0,0,1.84809016798481,3.59005435529573,0.979600255634351,1.57348853244055,0,0,0,0,0,0,0,0,0,0,3140.5697590525,2788.25641865582,443.373920768078,861.400345353395,208.317290852212,349.078294236504,0,0,120.665712445423,107.129270498718,17.0850051291629,33.1968739667047,8.02657607577396,13.450005006184,0,0,26438.3200857112,23431.1446251555,4360.18688305368,8351.65186594804,2289.22541846192,3697.22396187464,0,0,1015.78278219395,900.262687591757,169.311218161303,324.765142778443,89.6271917306085,144.945404894479,0,0,0,0,7.49047273027172,14.6687835002599,4.24863948313853,6.89467369151142,0,0,0,0,0,0,0,0,0,0,230.905728777544,220.077211673717,162.254240081456,333.815886335663,140.410661501115,257.594660900937,0,0,8.87173899009545,8.45571941425936,6.2125559354718,12.7757603797461,5.35585733482899,9.82291620501876,0,0,431.086415512218,401.965243358873,273.102400790328,587.568628181443,280.327910713789,513.063298192159,0,0,16.5629451661828,15.4441503311901,10.459775582839,22.4938924416752,10.6998856560257,19.5758771518794,0,0,0,0,39.0312072242696,85.5835943113352,35.7075372707574,61.7436648949599,0,0,0,0,0,0,0,0,0,0,184.438794591045,92.7120489895441,226.575612997643,192.999642018876
"94",1997,2542,7.75,6209.82814447126,5483.32641155979,1155.29062036027,2194.39156848351,534.600859618272,856.23871933279,0,0,0,0,0,0,0,0,0,0,0,0,1.85584937923061,3.60624650793604,0.987164502890148,1.58756858300555,0,0,0,0,0,0,0,0,0,0,3156.72649929107,2798.33095346681,448.733210194451,872.452429424853,212.289296067946,356.468472002739,0,0,121.286480242751,107.516350237043,17.2915739232514,33.6229146982075,8.17961580258866,13.7347386153062,0,0,26365.8199738576,23330.0790287281,4374.50814830431,8383.19522525959,2312.15795759868,3740.41427249379,0,0,1012.99740558701,896.379578439609,169.876266333053,326.013657024367,90.5315103952828,146.650890981668,0,0,0,0,7.52592239585013,14.7462902451011,4.29494312945627,6.98149119154202,0,0,0,0,0,0,0,0,0,0,231.493445989643,220.351157818142,164.010420095566,337.716692405978,142.799343269077,262.573229137249,0,0,8.89432031236778,8.46624485186424,6.27990265739318,12.92525420198,5.44715752064484,10.0131141670216,0,0,427.977735573408,398.676859678154,274.88760410963,592.068186380073,283.759901250275,520.688641627746,0,0,16.4435062459893,15.3178053165419,10.5281576380206,22.6661193670757,10.83097981339,19.8669775565093,0,0,0,0,39.3878704220318,86.4603177659027,36.2123070070195,62.7384990903636,0,0,0,0,0,0,0,0,0,0,186.773412480878,93.6856213902783,232.244458216525,197.723989806927
"95",1997,2542,7.83333333333333,6190.60645258119,5458.90205100256,1158.90567370621,2201.88124501224,538.368361542569,863.313222774943,0,0,0,0,0,0,0,0,0,0,0,0,1.86332971027857,3.62190254173022,0.994633171010309,1.60151060885483,0,0,0,0,0,0,0,0,0,0,3173.05239304079,2808.52725742727,454.120746077115,883.569584238198,216.310653339358,363.96840744494,0,0,121.913747188483,107.908108540819,17.499231141589,34.0514638668311,8.33455699147289,14.0237009584874,0,0,26293.8133105601,23229.803291122,4388.39963233861,8413.90509851871,2334.99143028985,3783.56333619896,0,0,1010.23098691414,892.526816985811,170.424614064119,327.229814099884,91.4320711919345,148.355027550631,0,0,0,0,7.56063471438151,14.8223977973748,4.34115582181567,7.06841358455559,0,0,0,0,0,0,0,0,0,0,232.101437634129,220.640398888984,165.773408050765,341.633995859047,145.222247600739,267.628302768007,0,0,8.91768060781021,8.47735794511039,6.34751468788586,13.0753896754775,5.5397710910571,10.2062467713031,0,0,424.899330451357,395.421276272645,276.649703656731,596.520088056863,287.194762653588,528.344945319445,0,0,16.3252305145489,15.1927205416392,10.5956604605881,22.8365343413381,10.9621928300724,20.1592783553167,0,0,0,0,39.7407539837739,87.3304923958408,36.7183445316561,63.738669394463,0,0,0,0,0,0,0,0,0,0,189.114068013439,94.6604388883038,237.999013683586,202.527687751038
"96",1997,2542,7.91666666666667,6171.34515446061,5434.58428764412,1162.32880913472,2209.00689033055,542.07540110681,870.298398120052,0,0,0,0,0,0,0,0,0,0,0,0,1.87052468460423,3.63700925324705,1.00200244811259,1.61530812919589,0,0,0,0,0,0,0,0,0,0,3189.55001998865,2818.84755463402,459.536788245554,894.752341917358,220.381938133386,371.579487696313,0,0,122.547612398318,108.304630863405,17.707986808027,34.4825419555895,8.4914217701621,14.3169454095924,0,0,26222.2955749506,23130.3103333405,4401.86985449126,8443.79558707752,2357.72191886929,3826.66442543969,0,0,1007.48335248166,888.704131243593,170.956585903085,328.414147553938,92.3287173809899,150.05754599751,0,0,0,0,7.59462722173536,14.8971316729092,4.38727161050395,7.15543126096736,0,0,0,0,0,0,0,0,0,0,232.729069034076,220.944523819417,167.543175446877,345.567828184021,147.678655859761,272.759529149109,0,0,8.94179549121603,8.48904290015114,6.41539102839017,13.2261682188014,5.63367082849296,10.4023010094045,0,0,421.851481778892,392.198555449259,278.388579417699,600.923531383632,290.632110657739,536.031083195416,0,0,16.2081287925899,15.0688984004121,10.6622795678674,23.0051069998438,11.0935102320944,20.4527371427955,0,0,0,0,40.0897781524256,88.1939015903508,37.2255157084605,64.7439589326438,0,0,0,0,0,0,0,0,0,0,191.460962667888,95.6365681814268,243.840297270637,207.411745977334
"97",1998,2542,8,6152.67667849729,5410.69120482813,1165.91515459799,2216.73102845246,545.546039973185,877.107095171497,0,0,0,0,0,0,0,0,0,0,0,0,1.8771970983125,3.65151770649738,1.00894050740647,1.62878983554947,0,0,0,0,0,0,0,0,0,0,3206.36731419695,2829.60686128028,464.690525599311,905.65001782868,224.425160219703,379.25591990599,0,0,123.193759735501,108.718020630706,17.9066577609396,34.9026680409374,8.64720567450147,14.612708407787,0,0,26152.8891734337,23034.2120482754,4412.99478843224,8470.92641973859,2379.56627368141,3869.31469795089,0,0,1004.81683676651,885.011874392947,171.397949576638,329.491889984057,93.1907787272723,151.742647616311,0,0,0,0,7.62647156032971,14.9694990604888,4.43183957837865,7.24179699695705,0,0,0,0,0,0,0,0,0,0,233.290301860822,221.253624261153,169.236765065466,349.465733374156,149.980174761926,277.857632438144,0,0,8.96335924323219,8.50091902238756,6.48035484369685,13.3755822123414,5.72166987120348,10.597109717992,0,0,418.855487762263,389.059696614682,280.023689635134,605.196515802454,293.971458007387,543.6902143138,0,0,16.0930193870965,14.9482983719729,10.7249262003485,23.1686911929157,11.2210966645657,20.7451856837404,0,0,0,0,40.428273141615,89.0458443120301,37.7214107155698,65.7475138001653,0,0,0,0,0,0,0,0,0,0,193.930815027717,96.6486796570096,250.060980714832,212.552388633133
"98",1998,2542,8.08333333333333,6133.99194663935,5386.9148347251,1169.32601238358,2224.1253358107,548.954288084723,883.828056370888,0,0,0,0,0,0,0,0,0,0,0,0,1.88370620380421,3.66573194536277,1.01576393194542,1.64211317114712,0,0,0,0,0,0,0,0,0,0,3223.30472280817,2840.44526905551,469.866058709982,916.601112835855,228.504112055922,387.026375336671,0,0,123.844522060127,109.134449589879,18.1061665859359,35.3248513041537,8.80436710585191,14.9120953428222,0,0,26084.0409166991,22938.9679224622,4423.70417750318,8497.26770667278,2401.2606927199,3911.88061216717,0,0,1002.17176469193,881.35243576637,171.823127658795,330.5389195533,94.0470824205874,153.424700141235,0,0,0,0,7.65722188193462,15.040049551805,4.47623037536696,7.32819570747947,0,0,0,0,0,0,0,0,0,0,233.873688951874,221.578566084719,170.931387400114,353.370366570016,152.318449762606,283.031851052018,0,0,8.98577419422928,8.51340379595798,6.54536201843466,13.5252628922543,5.8110789896778,10.7948390047596,0,0,415.89063156492,385.957052165179,281.63328664454,609.423830508776,297.299903629353,551.373417736043,0,0,15.9791063279123,14.8290897588567,10.7866017387484,23.330540610175,11.3482769311693,21.03857344624,0,0,0,0,40.7624604283217,89.8904658092965,38.2176008292059,66.7554831240835,0,0,0,0,0,0,0,0,0,0,196.410275012513,97.6632940228133,256.377234096249,217.781954157468
"99",1998,2542,8.16666666666667,6115.26934290543,5363.24250141859,1172.55334332962,2231.16476535837,552.303533013243,890.460451837855,0,0,0,0,0,0,0,0,0,0,0,0,1.89003626039617,3.6796064603941,1.02248181052313,1.6552808736017,0,0,0,0,0,0,0,0,0,0,3240.36329214747,2851.3584203528,475.072242962797,927.616943142687,232.622301927312,394.894806110972,0,0,124.499939573682,109.553750314698,18.3068540612441,35.749527016818,8.96304100495735,15.2152581101784,0,0,26015.6949037647,22844.4896135976,4434.06445734357,8522.89149049683,2422.82539741071,3954.36781818142,0,0,999.545988486955,877.722421108549,172.234680083023,331.558003573503,94.8984163463315,155.103919700101,0,0,0,0,7.68700764192775,15.1089240191273,4.520475584871,7.41463338249972,0,0,0,0,0,0,0,0,0,0,234.480790423261,221.91901587755,172.629942808866,357.284038573237,154.697019238439,288.284060198986,0,0,9.00910028615845,8.52648441061689,6.61052379446437,13.6752990036596,5.90203322121979,10.9955605894966,0,0,412.956689667495,382.889034085673,283.219496717905,613.606457879311,300.621014643103,559.081549430127,0,0,15.8663810271359,14.7112115469721,10.8473877694887,23.490693269816,11.4751873274505,21.3329336261569,0,0,0,0,41.0924186128563,90.7276350061988,38.714321816561,67.767848432482,0,0,0,0,0,0,0,0,0,0,198.896054562979,98.6794331944023,262.781505125217,223.096259841241
"100",1998,2542,8.25,6096.50665536731,5339.6712647297,1175.59998877139,2237.85382445189,555.59190025726,897.000928173583,0,0,0,0,0,0,0,0,0,0,0,0,1.89616724813426,3.69309978015253,1.02909273979794,1.66828986323059,0,0,0,0,0,0,0,0,0,0,3257.54841262834,2862.35144969357,480.308932914047,938.697845672446,236.780838381001,402.863598711312,0,0,125.160219384474,109.976120081685,18.5087148548139,36.1767084198747,9.12326989299574,15.5222883533829,0,0,25947.8443522366,22750.7681185707,4444.08286550033,8547.81015695344,2444.25746962918,3996.77042634782,0,0,996.939247566569,874.121484505173,172.632883613875,332.549611724793,95.7446620093216,156.780069360752,0,0,0,0,7.71590788942011,15.176225831586,4.56456564282714,7.50109631010596,0,0,0,0,0,0,0,0,0,0,235.110542527113,222.274364127022,174.332814668072,361.207529947391,157.113818427556,293.612960229481,0,0,9.03329664825956,8.54013744791261,6.67585501988653,13.8257207187672,5.99445387600222,11.1992251487994,0,0,410.054021803446,379.855544856845,284.782092675357,617.743023858643,303.935266892754,566.813628557812,0,0,15.7548573062709,14.5946599894678,10.9072756140421,23.6490967426183,11.6018461382975,21.6282292950879,0,0,0,0,41.4180482380555,91.5571147808631,39.2114374945711,68.7843829067673,0,0,0,0,0,0,0,0,0,0,201.388399724287,99.6971668270642,269.274992771207,228.496331679998
"101",1998,2542,8.33333333333333,6077.70186260872,5316.19835827919,1178.46876094607,2244.19700512381,558.817593955504,903.446234146978,0,0,0,0,0,0,0,0,0,0,0,0,1.90208335160731,3.70617860248793,1.03559485129273,1.68113634263878,0,0,0,0,0,0,0,0,0,0,3274.86465130936,2873.42870792594,485.575908391532,949.843921520225,240.980669514742,410.934843064348,0,0,125.825536966195,110.401726057383,18.7117407374745,36.6063996685599,9.28509014791214,15.8332663538063,0,0,25880.4830673514,22657.7950196371,4453.76652760673,8572.03598343706,2465.55416951093,4039.08280313118,0,0,994.351303923102,870.549302532662,173.018010865236,333.514209827455,96.5857077956711,158.452921975639,0,0,0,0,7.74398981711145,15.2420442166036,4.60849286207764,7.58757283582965,0,0,0,0,0,0,0,0,0,0,235.761975293991,222.644059863995,176.040342782331,365.141558431358,159.567069223583,299.017507251934,0,0,9.05832601288088,8.55434173872768,6.74136885869966,13.9765557876498,6.0882732250156,11.4057931599875,0,0,407.182951517505,376.85648905895,286.320915657773,621.832322799687,307.242950874581,574.56855101898,0,0,15.6445475963966,14.479431420162,10.966259217046,23.805705049891,11.7282645697411,21.9244188057826,0,0,0,0,41.7392649579517,92.3786894173262,39.7088114024779,69.8048578140875,0,0,0,0,0,0,0,0,0,0,203.887545535208,100.716561864921,275.858842490158,233.983184148471
"102",1998,2542,8.41666666666667,6058.8531085461,5292.82116589533,1181.16244353282,2250.19878267987,561.97889178169,909.793214781118,0,0,0,0,0,0,0,0,0,0,0,0,1.90777204035829,3.71881605552862,1.0419859748304,1.69381603743776,0,0,0,0,0,0,0,0,0,0,3292.31589441205,2884.59389818891,490.872894677645,961.055086695192,245.222606884931,419.1103790009,0,0,126.496041633693,110.830710522315,18.915921361097,37.0385977827975,9.44853291769011,16.1482628074957,0,0,25813.6053384017,22565.5623849868,4463.12245632819,8595.58112642994,2486.71291620018,4081.2995423267,0,0,991.781938146756,867.005570437826,173.390330247102,334.452259337663,97.4214482352394,160.122259083839,0,0,0,0,7.77131133107486,15.3064572282033,4.65225090747083,7.67405280137931,0,0,0,0,0,0,0,0,0,0,236.43419908514,223.027601444206,177.752827498299,369.086780176912,162.055227089142,304.496860325296,0,0,9.08415419879601,8.56907800908551,6.80707695030219,14.127829586853,6.1834324689593,11.6152328770329,0,0,404.343767677539,373.891770724377,287.83586344184,625.873295040579,310.54420813506,582.34511790663,0,0,15.5354629962562,14.3655221518226,11.0243346967708,23.9604778028501,11.8544481399864,22.2214568817211,0,0,0,0,42.0559966664944,93.1921610510598,40.2063072627626,70.82904307441,0,0,0,0,0,0,0,0,0,0,206.393717431924,101.737682908772,282.534156059459,239.557823512992
"103",1998,2542,8.5,6039.95869501103,5269.53721431011,1183.68379086682,2255.86361435256,565.074145247568,916.038812444312,0,0,0,0,0,0,0,0,0,0,0,0,1.91322368698748,3.7309909754392,1.04826370793622,1.70632429935398,0,0,0,0,0,0,0,0,0,0,3309.90540312158,2895.85012970572,496.19957104077,972.331092881333,249.507334280328,427.391813405245,0,0,127.171858686914,111.263192937811,19.1212445873364,37.4732934447967,9.61362445499574,16.4673394802615,0,0,25747.2058973722,22474.0627297633,4472.15754646599,8618.45760944652,2507.73128284365,4123.41545743646,0,0,989.230947836362,863.49000064016,173.750105775409,335.364216883491,98.2517838129076,161.787870621951,0,0,0,0,7.79792210202794,15.369532962546,4.6958345915268,7.76052732339798,0,0,0,0,0,0,0,0,0,0,237.126399568069,223.424532926477,179.470531335616,373.04378943616,164.576958493658,310.050358143477,0,0,9.1107499181579,8.5843287409952,6.87298947251839,14.2795651074501,6.27988087467343,11.8275194365933,0,0,401.53672426375,370.961291874049,289.326885438029,629.865018645961,313.839047171188,590.142048680192,0,0,15.4276132641591,14.2529284199341,11.0815001524113,24.1133798848786,11.9803972870058,22.5192951211733,0,0,0,0,42.3681823909617,93.9973483956368,40.7037892307284,71.8567075189847,0,0,0,0,0,0,0,0,0,0,208.907131724589,102.760592344328,289.30199557997,245.221249344954
"104",1998,2542,8.58333333333333,6021.01706800051,5246.34416011946,1186.03552797752,2261.19593825004,568.10177749614,922.180064713969,0,0,0,0,0,0,0,0,0,0,0,0,1.91843102414567,3.74268687549977,1.0544255084005,1.71865624377269,0,0,0,0,0,0,0,0,0,0,3327.63589800697,2907.19999859049,501.555582509185,983.671557670812,253.835422257917,435.780548318514,0,0,127.853092654473,111.699273050725,19.3276969417715,37.9104721613024,9.78038667239912,16.790550282395,0,0,25681.2798569695,22383.2889568852,4480.87857312668,8640.67731333772,2528.60698555044,4165.4255652644,0,0,986.698145218429,860.002320458099,174.097596994746,336.250533881833,99.0766205471343,163.449554299449,0,0,0,0,7.82386507287101,15.4313313080549,4.73923958383149,7.84698848036252,0,0,0,0,0,0,0,0,0,0,237.837829486526,223.834438424681,181.193681884333,377.013119890116,167.131108185481,315.677486347051,0,0,9.13808446028875,8.60007795544495,6.93911525367146,14.4317830064841,6.37757452280704,12.042633604848,0,0,398.762041395697,368.064951007542,290.793975258565,633.806695282051,317.127365934972,597.957998698166,0,0,15.3210068574406,14.1416463246851,11.1377553780401,24.2643809090269,12.1061082283644,22.8178826681349,0,0,0,0,42.6757706191156,94.7940846949641,41.2011221809159,72.8876192353913,0,0,0,0,0,0,0,0,0,0,211.427996442286,103.785350561796,296.163389358315,250.974456475525
"105",1998,2542,8.66666666666667,6002.02680751706,5223.23978004967,1188.22035065048,2266.20017262313,571.060281788637,928.214103154665,0,0,0,0,0,0,0,0,0,0,0,0,1.92338873718466,3.75389116855296,1.06046875914761,1.73080684721201,0,0,0,0,0,0,0,0,0,0,3345.50962398179,2918.64565026693,506.940548384579,995.07598721857,258.207339614651,444.277802867973,0,0,128.539829789539,112.139033291668,19.535263942547,38.3501151347633,9.94883758062284,17.1179421073498,0,0,25615.8226626414,22293.2343112122,4489.29219045368,8662.25196882714,2549.33787469737,4207.32507315448,0,0,984.18335530366,856.54227034802,174.433058924138,337.11165624368,99.8958696586687,165.10711511357,0,0,0,0,7.84917758405246,15.4919052607798,4.78246220917337,7.93342909312712,0,0,0,0,0,0,0,0,0,0,238.567802052841,224.256937612322,182.922474465314,380.995246469041,169.716673437016,321.377851942748,0,0,9.16613143780384,8.61631103968104,7.00546187532433,14.5845016770868,6.47647532226676,12.2605607966853,0,0,396.019906363827,365.202642038057,292.23716473049,637.697638656275,320.40896951141,605.791572851334,0,0,15.2156509720956,14.0316717900481,11.1931016321332,24.413454773871,12.2315736364445,23.1171667337297,0,0,0,0,42.9787180451034,95.5822161845707,41.6981719195742,73.9215458311098,0,0,0,0,0,0,0,0,0,0,213.956512011316,104.812016129639,303.119336424153,256.818436428909
"106",1998,2542,8.75,5982.98661918472,5200.22196286386,1190.24092563955,2270.88071543647,573.948220148658,934.138152318772,0,0,0,0,0,0,0,0,0,0,0,0,1.92809313664623,3.76459453706736,1.0663908149621,1.7427710188015,0,0,0,0,0,0,0,0,0,0,3363.52840480364,2930.18883204396,512.354068687825,1006.54379438603,262.623463337867,452.88463198856,0,0,129.232140163795,112.582540795043,19.7439303495236,38.7921999613804,10.118991668796,17.4495555479017,0,0,25550.8300521171,22203.8923407744,4497.40493127347,8683.1931511657,2569.92192714676,4249.10936775414,0,0,981.686414332465,853.109602414593,174.756742038343,337.948024161356,100.709447274242,166.760364922771,0,0,0,0,7.87389227393135,15.5513019869923,4.82549930225687,8.0198425647891,0,0,0,0,0,0,0,0,0,0,239.315685094031,224.691681798243,184.657074816904,384.990587828143,172.332782095357,327.151161791253,0,0,9.19486656169565,8.63301459643007,7.07203577591119,14.7377373436563,6.5765501702933,12.4812902507798,0,0,393.310474834999,362.374253544256,293.656518657429,641.537264061991,323.683585110598,613.641336897118,0,0,15.1115515890973,13.9230005350344,11.2475414359063,24.5605792617937,12.3567832108871,23.4170930294057,0,0,0,0,43.2769885522895,96.3616008273818,42.194805344815,74.9582546471786,0,0,0,0,0,0,0,0,0,0,216.492871861425,105.840645947064,310.170810287942,262.754178522084
"107",1998,2542,8.83333333333333,5963.89532698434,5177.28870231839,1192.09989095593,2275.24194409911,576.764222099181,939.949528871145,0,0,0,0,0,0,0,0,0,0,0,0,1.93254187676134,3.77479039021971,1.07218904098793,1.75454365955344,0,0,0,0,0,0,0,0,0,0,3381.69369081584,2941.830939247,517.795729482967,1018.07431429866,267.084087543992,461.601943119872,0,0,129.930079501751,113.029849171484,19.953680370237,39.2367012298329,10.2908602461322,17.7854255349771,0,0,25486.29801982,22115.2568626362,4505.22320720187,8703.51227596231,2590.35723908086,4290.77400475646,0,0,979.207168407632,849.70407909923,175.068892267119,338.76007194132,101.517274153846,168.409122057726,0,0,0,0,7.89803785200025,15.6095637386148,4.86834808714243,8.10622274769203,0,0,0,0,0,0,0,0,0,0,240.08089573862,225.138350401384,186.397621628264,388.999508958207,174.978673242424,332.99720377853,0,0,9.22426743719368,8.6501763084536,7.13884234843674,14.8915041621957,6.67777021239412,12.7048143075136,0,0,390.633872130155,359.579668213157,295.05213015111,645.325078811044,326.95087522209,621.505827244926,0,0,15.0087135234871,13.8156280522884,11.3010783935704,24.7057356713505,12.4817241807231,23.7176061407062,0,0,0,0,43.5705523304187,97.1321072096614,42.6908905839205,75.9975129493521,0,0,0,0,0,0,0,0,0,0,219.037262978052,106.871295381138,317.318762191431,268.78267075547
"108",1998,2542,8.91666666666667,5944.75186713488,5154.43809118335,1193.79985624521,2279.28821537845,579.506983502707,945.645640853863,0,0,0,0,0,0,0,0,0,0,0,0,1.93673372316381,3.7844744133051,1.0778608415696,1.76611970753783,0,0,0,0,0,0,0,0,0,0,3400.00659977731,2953.57305480671,523.265106960768,1029.66681706788,271.589431338594,470.43051069772,0,0,130.633690749492,113.481000028918,20.1644978181187,39.6835910111204,10.4644517424682,18.1255818922195,0,0,25422.2227862729,22027.3219334755,4512.75330926447,8723.22059630417,2610.64201949332,4332.31469970269,0,0,976.745472318866,846.325472049676,175.369751014546,339.548227886942,102.319275443182,170.05321097301,0,0,0,0,7.92163973510209,15.666728611819,4.911006086267,8.19256384217127,0,0,0,0,0,0,0,0,0,0,240.862895653824,225.596647831833,188.144228960637,393.022324010243,177.65368051781,338.915830763198,0,0,9.25431338076983,8.66778481871318,7.20588603381427,15.0458143288355,6.78011020417366,12.9311277932908,0,0,387.990194564889,356.818762467132,296.424116540803,649.06067357947,330.210448903075,629.38355918899,0,0,14.9071404758819,13.7095495937569,11.3537170348259,24.848908484698,12.6063817351063,24.0186498414781,0,0,0,0,43.8593851378964,97.8936136084455,43.1862971033739,77.0390880930548,0,0,0,0,0,0,0,0,0,0,221.589866399847,107.904018388281,324.564123839811,274.904900487365
"109",1999,2542,9,5925.57178430085,5131.63085898528,1195.35460650223,2283.02871993373,582.190907435977,951.207819457405,0,0,0,0,0,0,0,0,0,0,0,0,1.94069421985134,3.79361222634898,1.08343281918727,1.77746395894415,0,0,0,0,0,0,0,0,0,0,3418.53176513006,2965.48761288642,528.714697034172,1041.23549192511,276.14712759542,479.362997685492,0,0,131.345457227219,113.938776403736,20.3745583631141,40.1295713052545,10.6400602544018,18.469741925124,0,0,25359.0164004186,21940.514323091,4519.71206371488,8741.78231268876,2630.84518777198,4373.65301274348,0,0,974.317157311778,842.990178458104,175.648464775052,340.291863667151,103.118148136281,171.689545408471,0,0,0,0,7.9448176428032,15.722684002355,4.95360468263082,8.27872047492681,0,0,0,0,0,0,0,0,0,0,241.673169956408,226.063701266886,189.902209000486,397.045942644681,180.376602344868,344.883867761707,0,0,9.28544566766444,8.6857297487679,7.27337006618678,15.2001664062667,6.88428780512055,13.1593469126846,0,0,385.387264964986,354.100900888635,297.769995066256,652.727990704906,333.470959378361,637.262138335696,0,0,14.807133010524,13.6051249617265,11.4053615127452,24.9894817171379,12.7310863550698,24.3197515800504,0,0,0,0,44.144059404546,98.6451641806822,43.6820752687048,78.0814305247017,0,0,0,0,0,0,0,0,0,0,224.140855989879,108.944726402219,331.879099776623,281.157311474066
"110",1999,2542,9.08333333333333,5906.42613801893,5108.68763462018,1196.82050521816,2286.4941293597,584.887503366617,956.55973532679,0,0,0,0,0,0,0,0,0,0,0,0,1.94454104665809,3.80208326338623,1.08903870498642,1.78843227558092,0,0,0,0,0,0,0,0,0,0,3437.56966523783,2977.90758713303,533.936898972742,1052.40172377902,280.791259256806,488.36052491638,0,0,132.076923794184,114.415971675932,20.5758871277633,40.5600867801159,10.8189991321148,18.8164077109274,0,0,25298.5871357527,21856.8110905329,4524.78858294738,8756.71067834897,2651.28123485764,4414.4226780947,0,0,971.995540780475,839.774160159412,175.854778201842,340.895233241311,103.926228379798,173.303749896691,0,0,0,0,7.96762930294065,15.7762124509943,4.99676423634684,8.3640273228385,0,0,0,0,0,0,0,0,0,0,242.564997227406,226.528982026345,191.687890583447,401.001272399879,183.232175341302,350.797632983263,0,0,9.31971134011761,8.70360656990249,7.34191779073539,15.3519119780496,6.99353735298214,13.3855157921441,0,0,382.861539107154,351.467135378024,299.07975974808,656.25211260443,336.778395661581,645.082297148309,0,0,14.7100918110325,13.5039314360973,11.4556249896841,25.124580980701,12.8575937799267,24.6186498194291,0,0,0,0,44.4273308208448,99.3826943780648,44.1836518045916,79.1180579217814,0,0,0,0,0,0,0,0,0,0,226.644223133876,110.020672548565,339.13133625006,287.705601854142
"111",1999,2542,9.16666666666667,5887.21764638296,5085.81713312343,1198.13647651495,2289.66086523376,587.506578689955,961.789977580935,0,0,0,0,0,0,0,0,0,0,0,0,1.94812533202047,3.81007963047216,1.09451054910709,1.7991893028908,0,0,0,0,0,0,0,0,0,0,3456.76179107796,2990.42735044382,539.204232237502,1063.65512129119,285.479526891309,497.467372189509,0,0,132.81431596042,114.897001003553,20.7789492336727,40.9939534769432,10.9996386009617,19.1672854493282,0,0,25238.5786943035,21773.7554501133,4529.63959385967,8771.12958739862,2671.54002908958,4455.02566443868,0,0,969.690091905616,836.583023436867,176.052183226636,341.478555053761,104.727443649879,174.911601131347,0,0,0,0,7.98932890936995,15.8278738385577,5.03971806695458,8.44925062631001,0,0,0,0,0,0,0,0,0,0,243.469209516166,227.008262882178,193.467333989741,404.960074484366,186.10769595081,356.790198114642,0,0,9.35445286293182,8.72202129722491,7.4102306060783,15.5038003247106,7.1035576107864,13.6147121683054,0,0,380.369987583834,348.862345148631,300.368904692612,659.719549120766,340.083555177258,652.899805767083,0,0,14.6143636258226,13.403851187771,11.5051054068601,25.2575261816134,12.9840256779086,24.9174732609261,0,0,0,0,44.7057334478998,100.110626417539,44.6842893241274,80.1560989262265,0,0,0,0,0,0,0,0,0,0,229.156875492179,111.098864402993,346.484740061542,294.351795664314
"112",1999,2542,9.25,5867.94669505703,5063.01875655831,1199.30512894915,2292.53346999241,590.047179298389,966.896517719131,0,0,0,0,0,0,0,0,0,0,0,0,1.95145017408287,3.81759736967373,1.09984584619179,1.80973096508283,0,0,0,0,0,0,0,0,0,0,3476.10463261455,3003.04397888099,544.513981955956,1074.99075615625,290.211869981482,506.68290725467,0,0,133.557498864733,115.381752044233,20.9836409080574,41.4309827913084,11.1819763000104,19.5223508523264,0,0,25178.9905208631,21691.3443816169,4534.27109990313,8785.05033766849,2691.621123089,4495.45945546254,0,0,967.400789355788,833.416652248766,176.240911646553,342.042261750212,105.521770513352,176.512991294517,0,0,0,0,8.01005801409496,15.8778660132788,5.08245407451698,8.53437489972773,0,0,0,0,0,0,0,0,0,0,244.385628240994,227.501101404841,195.242410253732,408.924382420295,189.003383858257,362.860565235089,0,0,9.38966337474094,8.74095693188293,7.47838040282338,15.6559097217276,7.21435708118848,13.8468983576978,0,0,377.912627448013,346.286933159997,301.636739725458,663.129970854215,343.385212346886,660.714532754921,0,0,14.5199491101272,13.3048996990967,11.5537762669338,25.388304664981,13.1103353945999,25.2162172567515,0,0,0,0,44.9791721773492,100.828757421192,45.1838604783399,81.1953250098306,0,0,0,0,0,0,0,0,0,0,231.678940171524,112.179367464362,353.939828707796,301.096945832403
"113",1999,2542,9.33333333333333,5848.613612887,5040.29185201158,1200.32902081274,2295.11641673569,592.508399728586,971.877396231297,0,0,0,0,0,0,0,0,0,0,0,0,1.95451886546142,3.82463442863622,1.10504227033361,1.82005325568479,0,0,0,0,0,0,0,0,0,0,3495.59518202582,3015.75499988897,549.863704655639,1086.40419799267,294.988210176784,516.006628918311,0,0,134.306356941802,115.870129798434,21.189868730206,41.8710051350057,11.3660091912438,19.8815846657941,0,0,25119.8216909548,21609.5745719658,4538.68884831803,8798.48379492621,2711.52411677232,4535.72157342083,0,0,965.127597611809,830.274919301141,176.42118548192,342.586769550774,106.309187419577,178.107814049222,0,0,0,0,8.02993461108842,15.9263551509443,5.12496338640163,8.61938777306874,0,0,0,0,0,0,0,0,0,0,245.314073668094,228.007072743206,197.014722083863,412.895894513341,191.919447223738,369.007805601137,0,0,9.42533596991139,8.76039715041506,7.54642876239284,15.8083055565994,7.32594383429778,14.0820393065696,0,0,375.489423686781,343.741227293203,302.88274441479,666.48320666643,346.682166773265,668.526180613874,0,0,14.4268469187375,13.2070895677882,11.6016175876075,25.516909853387,13.2364772269048,25.5148708104288,0,0,0,0,45.2475756873533,101.536918363435,45.6822368270579,82.2355052537866,0,0,0,0,0,0,0,0,0,0,234.210542454572,113.262245178133,361.49714477289,307.942102115033
"114",1999,2542,9.41666666666667,5829.21869343327,5017.63573080796,1201.21066392491,2297.41411620825,594.88938476225,976.730726098812,0,0,0,0,0,0,0,0,0,0,0,0,1.95733484452681,3.83119032147366,1.11009766243782,1.83015226252292,0,0,0,0,0,0,0,0,0,0,3515.23083232857,3028.5583011561,555.251195445262,1097.89144917427,299.808445194241,525.438133583285,0,0,135.060790027162,116.362053107763,21.3975483797865,42.3138674467522,11.5517333233439,20.2449713845089,0,0,25061.0709824732,21528.4424797245,4542.89835066144,8811.44042919664,2731.24865832713,4575.80958928708,0,0,962.870469719237,827.157688526166,176.593217761347,343.112479642988,107.089674745106,179.695964941785,0,0,0,0,8.04905727298712,15.9734811940029,5.16723956867144,8.70427927074711,0,0,0,0,0,0,0,0,0,0,246.254366951388,228.525770384972,198.78563863934,416.876019806018,194.856079955178,375.231058606635,0,0,9.46146377691534,8.78032633396709,7.6144282928794,15.9610420942472,7.43832540140848,14.3201025525254,0,0,373.100296449883,341.225488652827,304.106543056636,669.779218615739,349.973248741001,676.334306279855,0,0,14.3350539837347,13.1104308258989,11.6486149402339,25.6433402818006,13.3624066339709,25.8134173577648,0,0,0,0,45.5108923329139,102.234968760529,46.1792897451368,83.2764073561574,0,0,0,0,0,0,0,0,0,0,236.751805747829,114.347558992147,369.157252743657,314.888310094229
"115",1999,2542,9.5,5809.76221378087,4995.04968515938,1201.95252882577,2299.4309255088,597.189328955825,981.454693098064,0,0,0,0,0,0,0,0,0,0,0,0,1.95990165428365,3.8372658111484,1.11501001426539,1.8400241820429,0,0,0,0,0,0,0,0,0,0,3535.00928254547,3041.45204558168,560.674452237852,1109.44887568846,304.67244558165,534.977085473506,0,0,135.820709713585,116.857451387874,21.6066032722806,42.7594305511964,11.7391437055393,20.612498108427,0,0,25002.7369422547,21447.9443931329,4546.90490888262,8823.93036002339,2750.79444287182,4615.72112830866,0,0,960.629349846059,824.064817311877,176.757213518537,343.619779912764,107.863214744825,181.277341623594,0,0,0,0,8.06750904027783,16.0193630118598,5.20927797051345,8.78904120065841,0,0,0,0,0,0,0,0,0,0,247.206331480764,229.056805778083,200.556332505019,420.865925849078,197.813459832417,381.529526636143,0,0,9.49804001013293,8.80072955374622,7.68242404930628,16.1141643125485,7.55150870138824,14.5610580293159,0,0,370.745128476668,338.73992077458,305.307879071847,673.018077020965,353.257322047664,684.138343894607,0,0,14.2445657998432,13.0149312935939,11.6947584661102,25.7675986378649,13.4880803462044,26.111835635313,0,0,0,0,45.7690862794187,102.922791539494,46.6748910771378,84.3177984077809,0,0,0,0,0,0,0,0,0,0,239.302851643048,115.435368494154,376.920735625933,321.936610809258
"116",1999,2542,9.58333333333333,5790.24444683583,4972.5329988244,1202.5570470076,2301.17115230121,599.407478003781,986.047558622546,0,0,0,0,0,0,0,0,0,0,0,0,1.96222292025824,3.84286274366539,1.11977746280458,1.84966533080736,0,0,0,0,0,0,0,0,0,0,3554.92848466988,3054.43462391291,566.131657344462,1121.07317108902,309.580052543762,544.623199382862,0,0,136.586037313381,117.3562628087,21.8169638569892,43.2075677819667,11.9282342229669,20.984153879807,0,0,24944.8179224932,21368.0764627483,4550.71362663156,8835.96337621601,2770.16121262457,4655.45387495633,0,0,958.404174681842,820.99615775631,176.913370224993,344.109045702806,108.629791563176,182.851844048646,0,0,0,0,8.08535943234969,16.0641010742351,5.25107539736447,8.87366684782019,0,0,0,0,0,0,0,0,0,0,248.169793632968,229.599808358515,202.327799031229,424.866563754491,200.791746601602,387.902471828581,0,0,9.53505799870267,8.82159257208866,7.7504542763355,16.2677088646423,7.66549996658421,14.8048779436287,0,0,368.42376900306,336.284674198704,306.486601147878,676.199946951462,356.53328660247,691.937617576603,0,0,14.155376574542,12.9205967548672,11.7400423437971,25.8896912413834,13.6134564646868,26.4101001668004,0,0,0,0,46.0221355150361,103.600290460895,47.1689135433488,85.3594453660027,0,0,0,0,0,0,0,0,0,0,241.863799914493,116.525731457436,384.788193053674,329.08804043668
"117",1999,2542,9.66666666666667,5770.66567453495,4950.08495863215,1203.02661433689,2302.63906064642,601.543128911352,990.507660836024,0,0,0,0,0,0,0,0,0,0,0,0,1.96430232412211,3.84798384044446,1.12439828058074,1.85907215549179,0,0,0,0,0,0,0,0,0,0,3574.98658064252,3067.50459857957,571.621152974604,1132.76130922099,314.531076106261,554.376220293337,0,0,137.35670143694,117.858432136494,22.0285666825903,43.6581631758567,12.118997564878,21.3599289001023,0,0,24887.31212457,21288.8347396669,4554.32942651202,8847.54896560663,2789.34875598493,4695.00557689944,0,0,956.194875121712,817.951558136052,177.061878449584,344.580640951509,109.389391202046,184.419374633821,0,0,0,0,8.10266698067997,16.1077808230795,5.29262970614243,8.95815059414265,0,0,0,0,0,0,0,0,0,0,249.144583502664,230.154425117277,204.100881539487,428.87870054697,203.791080539773,394.349211289881,0,0,9.57251121461011,8.8429018258231,7.8185513763923,16.4217053219104,7.78030468653563,15.0515365928903,0,0,366.136038764026,333.859852706039,307.642645702761,679.32507140693,359.800080283866,699.731358089315,0,0,14.0674794202668,12.8274311971414,11.7844641152879,26.0096273967146,13.7384945325031,26.7081818985559,0,0,0,0,46.2700293333013,104.267386787216,47.6612311731333,86.4011155874476,0,0,0,0,0,0,0,0,0,0,244.434768559806,117.618703935375,392.760238806114,336.343630039934
"118",1999,2542,9.75,5751.02619819243,4927.70486343662,1203.36359372988,2303.83887554043,603.595630228524,994.833415861815,0,0,0,0,0,0,0,0,0,0,0,0,1.96614358487497,3.85263254378893,1.12887086848531,1.86824123971518,0,0,0,0,0,0,0,0,0,0,3595.18185456513,3080.66066126168,577.141421707496,1144.5105068719,319.525294327393,564.235908091017,0,0,138.132636156708,118.363909103512,22.241353652292,44.111110046186,12.3114251933531,21.7398139425485,0,0,24830.2176320294,21210.2152042088,4557.75706370869,8858.6963383052,2808.35690651474,4734.37404768692,0,0,954.00137753332,814.930864008358,177.202922379361,345.034919083054,110.142001484607,185.979838368804,0,0,0,0,8.11948110669376,16.1504751854973,5.33393953153129,9.04248765727885,0,0,0,0,0,0,0,0,0,0,250.130535287191,230.720320037782,205.876291287848,432.902944542443,206.811581303903,400.869112050921,0,0,9.61039328747078,8.86464440465366,7.88674267646495,16.5761771490258,7.89592756280223,15.3010101730074,0,0,363.88173392689,331.465518292748,308.77602306557,682.393758251517,363.056680057188,707.518716740364,0,0,13.9808665055331,12.7354370024047,11.8280241549776,26.1274188896146,13.8631555775798,27.0060487292648,0,0,0,0,46.5127664664382,104.924016803232,48.1517196092548,87.4425772258611,0,0,0,0,0,0,0,0,0,0,247.015873840291,118.714340343424,400.837498711407,343.704405412371
"119",1999,2542,9.83333333333333,5731.32634708081,4905.39203149684,1203.57031749516,2304.77478681358,605.564382157225,999.023318759742,0,0,0,0,0,0,0,0,0,0,0,0,1.96775044426687,3.85681289101478,1.1331937496998,1.87716930874748,0,0,0,0,0,0,0,0,0,0,3615.51269352591,3093.90159822881,582.691069450374,1156.31819151011,324.562453204952,574.202025229472,0,0,138.913779502034,118.872647076288,22.4552713738346,44.5663097504795,12.5055073388916,22.1237998779024,0,0,24773.532437473,21132.2137891453,4561.00113800673,8869.41444699278,2827.18554172471,4773.55716845224,0,0,951.823604790149,811.933919103587,177.336680278787,345.472223783804,110.887612011358,187.533142888092,0,0,0,0,8.13584364777042,16.1922466259515,5.37500408352554,9.12667389403724,0,0,0,0,0,0,0,0,0,0,251.127487454086,231.297173401501,207.654624727865,436.939767072542,209.853347051767,407.461585747767,0,0,9.64869801096705,8.88680802448201,7.95505109087209,16.7311425386418,8.0123724743278,15.5532765753213,0,0,361.660629465595,329.101695533282,309.886805644838,685.406369194328,366.302102508451,715.298777879788,0,0,13.8955291845801,12.6446151148432,11.8707252150421,26.2430795628635,13.9874021331027,27.3036659862966,0,0,0,0,46.7503535663354,105.57012978454,48.6402563352724,88.4835995527711,0,0,0,0,0,0,0,0,0,0,249.607230325226,119.812693538517,409.020608729355,351.171386979851
"120",1999,2542,9.91666666666667,5711.5664857275,4883.14580671123,1203.64908943257,2305.45095256685,607.448836569988,1003.07594435058,0,0,0,0,0,0,0,0,0,0,0,0,1.9691266547923,3.86052940743717,1.13736556440227,1.88585323317825,0,0,0,0,0,0,0,0,0,0,3635.97755452194,3107.22626119358,588.268810273568,1168.18197277732,329.642266891741,584.274326308974,0,0,139.700072188278,119.384601935787,22.6702705810552,45.0236706015318,12.7012330079843,22.5118772737714,0,0,24717.2544651779,21054.8263990832,4564.06610459648,8879.71200502358,2845.83458180422,4812.55288902368,0,0,949.661477140542,808.96056606997,177.463324902451,345.892889694628,111.626214113745,189.079198519864,0,0,0,0,8.15179015487352,16.2331488950383,5.41582298289332,9.21070563923073,0,0,0,0,0,0,0,0,0,0,252.135282781288,231.884681034169,209.43637869372,440.989521479905,212.916453832868,414.126083402329,0,0,9.68741934439264,8.9093809984453,8.02349570462996,16.8866151412677,8.12964245324151,15.8083151872843,0,0,359.472482112816,326.768375472056,310.975117604825,688.363310300087,369.535403998117,723.070570214681,0,0,13.8114581107952,12.5549651903647,11.9125720287665,26.3566249508066,14.1111982433419,27.6009968568803,0,0,0,0,46.9828039105217,106.205686260392,49.1267208614501,89.5239532342342,0,0,0,0,0,0,0,0,0,0,252.208950936002,120.913814894711,417.310213173903,358.745589721572
"121",2000,2542,10,5692.29950378267,4861.31338173067,1203.8153809037,2306.21381861321,609.20411519292,1006.86410057811,0,0,0,0,0,0,0,0,0,0,0,0,1.97021567934951,3.8635672705114,1.1413007108646,1.89405147551291,0,0,0,0,0,0,0,0,0,0,3656.60671171529,3120.65765336324,593.826185851726,1179.99687453642,334.73855132218,594.375726861318,0,0,140.49267739716,119.900657502014,22.8844869529164,45.479150375565,12.8975934693876,22.9010763412146,0,0,24661.9475710117,20978.4381429836,4566.80923400211,8889.1941495537,2864.09291611086,4850.74953434346,0,0,947.536658775583,806.025601411609,177.577296213263,346.281447263278,112.349520988148,190.593962077866,0,0,0,0,8.1670485398694,16.272208723815,5.45599306464336,9.29340956259077,0,0,0,0,0,0,0,0,0,0,253.138926490635,232.449271261907,211.202070590816,444.976125722643,215.938100433268,420.653019777489,0,0,9.72598116650578,8.93107344902239,8.09133052710129,17.0396824970243,8.24533965387445,16.0581256368214,0,0,357.318581311675,324.467079142373,312.025976697984,691.216133466535,372.727935662001,730.739754045619,0,0,13.728702826536,12.4665456695054,11.9529902121469,26.4661992878186,14.2334499744637,27.8944404024711,0,0,0,0,47.2083945950597,106.823933847243,49.6073370370355,90.552022362445,0,0,0,0,0,0,0,0,0,0,254.84982062134,122.062651041641,425.799214380165,366.741391130492
"122",2000,2542,10.0833333333333,5674.09840839604,4840.2576834685,1204.28822812212,2307.41868759249,610.792697682064,1010.26994866506,0,0,0,0,0,0,0,0,0,0,0,0,1.97109995222734,3.86597300287753,1.14491451961331,1.90152031314609,0,0,0,0,0,0,0,0,0,0,3677.37023025164,3134.16420458551,599.304733196195,1191.63347845225,339.809842996776,604.398995423841,0,0,141.290444983708,120.419600799236,23.0956709479339,45.9277662929183,13.0929926265493,23.2872681524088,0,0,24608.2299571625,20903.4768913094,4569.10132125428,8897.48733886422,2881.7489815547,4887.52248161223,0,0,945.472901932755,803.145464598636,177.673556165027,346.623247509406,113.04922463616,192.052869594875,0,0,0,0,8.18133265580991,16.3084848413214,5.49509530872163,9.37355671369701,0,0,0,0,0,0,0,0,0,0,254.12514385269,232.960852137468,212.931875995003,448.826661436928,218.861214650814,426.847780480112,0,0,9.76387344280313,8.95072919537009,8.15779612237673,17.1875526116127,8.35728459184509,16.2952779085037,0,0,355.203554115794,322.200200377709,313.027028087679,693.917729457395,375.84767440388,738.192274482094,0,0,13.6474411101045,12.3794485271869,11.9915060789886,26.5699981125531,14.3529344266974,28.1796426483307,0,0,0,0,47.4254415236421,107.418060245815,50.0782428457536,91.5556849940575,0,0,0,0,0,0,0,0,0,0,257.559254312616,123.305183483777,434.580865233531,375.482918676567
"123",2000,2542,10.1666666666667,5655.84573066712,4819.27600325252,1204.63626878314,2308.37465889615,612.307738389252,1013.55269265932,0,0,0,0,0,0,0,0,0,0,0,0,1.97194760220593,3.86827971549623,1.14838135036662,1.9087466996852,0,0,0,0,0,0,0,0,0,0,3698.18036880722,3147.67592090259,604.796586901975,1203.29080652001,344.903019461904,614.488630826616,0,0,142.090003785947,120.938742547659,23.3073674588242,46.3771826502028,13.2892367607522,23.6760203796235,0,0,24554.9688130114,20829.1639438058,4571.25131093544,8905.42898131321,2899.23142777017,4924.104308081,0,0,943.426682311994,800.290236717858,177.764135240158,346.951071859634,113.742133407304,193.50433811862,0,0,0,0,8.19527825385787,16.3440985245013,5.53394069316067,9.4534981791023,0,0,0,0,0,0,0,0,0,0,255.124538505308,233.488258307945,214.666196276016,452.697276919173,221.815097846825,433.139934434543,0,0,9.80227200959981,8.9709929749645,8.22443940354057,17.3362028277448,8.47041420477679,16.536169839984,0,0,353.125425680788,319.96496058536,314.010270635857,696.568665300823,378.949259492317,745.609842186738,0,0,13.5675970851902,12.2935670054165,12.0293462858666,26.6718734896019,14.471738123418,28.4635399988857,0,0,0,0,47.6375122300964,108.001679854646,50.5467248330305,92.5576704198025,0,0,0,0,0,0,0,0,0,0,260.279294382633,124.550490242567,443.4686506385,384.338162362615
"124",2000,2542,10.25,5637.54037104912,4798.36637269056,1204.861529001,2309.08534710004,613.748556220247,1016.7108816838,0,0,0,0,0,0,0,0,0,0,0,0,1.97273077704869,3.87043564166162,1.15170402280907,1.91573387230039,0,0,0,0,0,0,0,0,0,0,3719.04545425213,3161.20049421483,610.302779875855,1214.97122021141,350.020055189199,624.647771545577,0,0,142.891673735544,121.458378282397,23.5196162203371,46.8274900853693,13.4864015561466,24.0674532949512,0,0,24502.1548899413,20755.4888512837,4573.26187752647,8913.02446765606,2916.53959676052,4960.49192171887,0,0,941.397644570487,797.459516294412,177.84913789017,347.265127832239,114.428216831556,194.948238418936,0,0,0,0,8.20890861127788,16.3790711999399,5.57252797804558,9.5332290116925,0,0,0,0,0,0,0,0,0,0,256.136471598043,234.030565291309,216.404930876908,456.586566227776,224.797629107376,439.524224347649,0,0,9.84115232128381,8.99182926772496,8.29125650587372,17.4855792609339,8.58464739685386,16.780600627459,0,0,351.083448811594,317.761139654008,314.975555376831,699.169410748172,382.032666806745,752.994355130586,0,0,13.4891420435735,12.2088926471587,12.0665050482277,26.7718432695858,14.5898601415697,28.7462049725433,0,0,0,0,47.8446322746698,108.574791836233,51.0126692931945,93.5577550681522,0,0,0,0,0,0,0,0,0,0,263.010078131074,125.79865332119,452.463498374937,393.308630092859
"125",2000,2542,10.3333333333333,5619.18153031444,4777.52708109897,1204.96605185765,2309.55442168808,615.114546884106,1019.743184886,0,0,0,0,0,0,0,0,0,0,0,0,1.97342692587898,3.87239863428252,1.15488445821922,1.92248379702728,0,0,0,0,0,0,0,0,0,0,3739.97236971332,3174.74434556099,615.82403811108,1226.67645214148,355.162545339253,634.879027516449,0,0,143.695719293243,121.978754710028,23.732445178873,47.2787551020983,13.6845481625604,24.4616669268994,0,0,24449.7799562145,20682.4420977661,4575.13577315076,8920.2793804677,2933.67301795143,4996.68253486463,0,0,939.385472435094,794.65293770896,177.928671617488,347.565630520874,115.107451773723,196.384453104478,0,0,0,0,8.2222439547872,16.4134227513663,5.61085669917108,9.61274524047558,0,0,0,0,0,0,0,0,0,0,257.160377794825,234.586936853226,218.148018322048,460.493323458768,227.80702279757,445.996055383689,0,0,9.88049265678046,9.0132059441885,8.35824506238764,17.6356356932532,8.69991591584989,17.0283948179932,0,0,349.076922529462,315.588525136308,315.922795482309,701.720447203387,385.097765223481,760.347314698315,0,0,13.4120490527323,12.1254172898401,12.1029789572182,26.8699257333309,14.7072954487771,29.0276949028094,0,0,0,0,48.0468318129967,109.137402158033,51.475965810041,94.5557193378712,0,0,0,0,0,0,0,0,0,0,265.751736363517,127.049749976939,461.566276779363,402.395748851926
"126",2000,2542,10.4166666666667,5600.76866692495,4756.7566379708,1204.95189115052,2309.78559409819,616.405177657971,1022.64838391675,0,0,0,0,0,0,0,0,0,0,0,0,1.97401778722881,3.87413437822178,1.15792392419445,1.92899751169851,0,0,0,0,0,0,0,0,0,0,3760.96679159043,3188.31283532067,621.360841672817,1238.40772449099,360.331765225901,645.184558936365,0,0,144.502358555396,122.500077784906,23.9458728320917,47.7310246105493,13.8837254710558,24.8587440745966,0,0,24397.8366279451,20610.014950062,4576.87579896909,8927.19943576771,2950.63138008477,5032.67362403744,0,0,937.38988220811,791.870165418055,178.002845868155,347.852800335098,115.779821350539,197.812875076528,0,0,0,0,8.23530199144062,16.4471716851521,5.64892692893426,9.69204360672713,0,0,0,0,0,0,0,0,0,0,258.19575359419,235.156613145751,219.895421910617,464.41650097772,230.841764456171,452.551391872998,0,0,9.92027367079703,9.0350938097796,8.42540365488092,17.7863319712639,8.81616189643793,17.2793983548067,0,0,347.105183646594,313.446906930506,316.851958449232,704.222267768751,388.144344397777,767.669887801814,0,0,13.3362926321278,12.0431328610089,12.1387666809035,26.9661395953871,14.8240359690276,29.308054316937,0,0,0,0,48.244144779011,109.689522819378,51.9365072486072,95.5513475664251,0,0,0,0,0,0,0,0,0,0,268.504394217885,128.303853228519,470.777805470988,411.600876159122
"127",2000,2542,10.5,5582.30146594005,4736.05374538038,1204.8211072802,2309.78260900067,617.619983426127,1025.4253672958,0,0,0,0,0,0,0,0,0,0,0,0,1.97448867057593,3.87561511032536,1.1608231941937,1.93527535180894,0,0,0,0,0,0,0,0,0,0,3782.0333631453,3201.91041741362,626.91346790691,1250.16583348444,365.528714401897,655.566133941094,0,0,145.311769923547,123.022518633753,24.1599098869441,48.1843291670623,14.0839718013091,25.2587525141247,0,0,24346.3182446755,20538.1993464345,4578.48478579966,8933.7904428522,2967.41451041043,5068.46289983253,0,0,935.410617986789,789.110889676615,178.071771281165,348.126861444534,116.445314128367,199.23340637024,0,0,0,0,8.24809829453861,16.480335272336,5.68673912733151,9.7711213931441,0,0,0,0,0,0,0,0,0,0,259.242148567934,235.738901584747,221.647120696889,468.355180204711,233.90056421099,459.186678946541,0,0,9.96047805719817,9.05746625430579,8.49273146778681,17.9376328853934,8.93333607480243,17.5334755768351,0,0,345.167600706175,311.336073824953,317.763059493129,706.675376722895,391.172134284424,774.962954782816,0,0,13.2618485203729,11.9620312455694,12.1738687114865,27.0605039852488,14.9400713313601,29.587316769974,0,0,0,0,48.4366082996849,110.23117126971,52.3941897074118,96.544427966683,0,0,0,0,0,0,0,0,0,0,271.268171800055,129.561032260368,480.09886294446,420.9253087921
"128",2000,2542,10.5833333333333,5563.77981758213,4715.41727886029,1204.57576406839,2309.5492377756,618.758564459701,1028.07312748373,0,0,0,0,0,0,0,0,0,0,0,0,1.97482794059526,3.87681869906502,1.16358266081627,1.94131711188917,0,0,0,0,0,0,0,0,0,0,3803.17581826837,3215.54074921253,632.482022677644,1261.95121035211,370.754148614991,666.025169780049,0,0,146.12409685974,123.546217778675,24.3745604583632,48.6386853120111,14.2853161246819,25.661746573369,0,0,24295.2187802574,20466.9878173026,4579.96557939713,8940.05827389746,2984.02235972866,5104.04828568389,0,0,933.447448239263,786.374823491136,178.135559118536,348.388040603142,117.103923548199,200.645957339495,0,0,0,0,8.26064658059756,16.5129296518027,5.72429403831417,9.8499763035919,0,0,0,0,0,0,0,0,0,0,260.299159014987,236.333170333286,223.403103109093,472.308550644367,236.982322842425,465.898785400083,0,0,10.0010903051775,9.08029900157982,8.56022804322791,18.0895073654669,9.05139648783001,17.7905070308409,0,0,343.263569759278,309.255811046703,318.656156460099,709.080288850229,394.180819469205,782.22714466135,0,0,13.1886935129748,11.8821041915949,12.2082871705626,27.1530384224265,15.0553894193979,29.8655061941269,0,0,0,0,48.6242622715226,110.762370009181,52.8489125169342,97.5347526301446,0,0,0,0,0,0,0,0,0,0,274.043184625081,130.821352701664,489.530191865327,430.370288951318
"129",2000,2542,10.6666666666667,5545.20379335612,4694.84626628936,1204.21792558006,2309.08927167904,619.820583236935,1030.59075645132,0,0,0,0,0,0,0,0,0,0,0,0,1.97502646769141,3.87772766139056,1.16620245223956,1.94712221123452,0,0,0,0,0,0,0,0,0,0,3824.39711566651,3229.20681027016,638.06647344981,1273.76398650068,376.008615112381,676.562779090529,0,0,146.939453042223,124.071289698853,24.5898233389513,49.0940980694142,14.4877794157944,26.0677689024507,0,0,24244.5327464292,20396.3733992092,4581.3210259055,8946.00883330856,3000.45498572251,5139.42789350606,0,0,931.500162099906,783.661699314213,178.1943207013,348.636565961137,117.755647283047,202.050445719834,0,0,0,0,8.27295900751802,16.5449699476962,5.7615925843436,9.92860633930603,0,0,0,0,0,0,0,0,0,0,261.366421033657,236.938840970594,225.163360675104,476.27588784513,240.086095823367,472.684941087331,0,0,10.0420964330824,9.10356982774844,8.62789304021142,18.2419276352764,9.17030709482618,18.0503870742125,0,0,341.392509933527,307.205898101237,319.531344091366,711.437528467743,397.170053609415,789.462873413688,0,0,13.1168052920772,11.8033432273271,12.2420255896178,27.2437627800919,15.1699769251204,30.1426383640473,0,0,0,0,48.8071489030171,111.283146117869,53.3005781884711,98.5221174723009,0,0,0,0,0,0,0,0,0,0,276.82954411683,132.084876955071,499.072504705421,439.937011089791
"130",2000,2542,10.75,5526.57362765827,4674.33987160678,1203.74965369509,2308.40651655751,620.805761981554,1032.97744236435,0,0,0,0,0,0,0,0,0,0,0,0,1.97507721252351,3.87832841377473,1.16868251302929,1.95268981036119,0,0,0,0,0,0,0,0,0,0,3845.69954292294,3242.91099441579,643.666674237532,1285.604043036,381.292480471786,687.179805991199,0,0,147.757926363602,124.597826369039,24.8056929567469,49.5505628466708,14.6913757181913,26.4768518547497,0,0,24194.2551179082,20326.3495679291,4582.55396108319,8951.64803459358,3016.71253981748,5174.60000445157,0,0,929.568566491258,780.971266474437,178.248166991326,348.872666168097,118.400486731638,203.446795889137,0,0,0,0,8.28504640404264,16.576470369785,5.79863579762391,10.0070097142452,0,0,0,0,0,0,0,0,0,0,262.443605028706,237.555382576158,226.927883936417,480.256537045832,243.211065661261,479.542686849537,0,0,10.0834837773671,9.12725833399457,8.6957260777775,18.3948685852829,9.29003671734107,18.3130219576784,0,0,339.55386013803,305.186107418556,320.388749044987,713.747628287241,400.139470169122,796.67037506506,0,0,13.0461622998593,11.7257396091562,12.2750887194633,27.3326972421846,15.2838197604509,30.4187220868075,0,0,0,0,48.9853123605554,111.793530879613,53.7490923651041,99.5063221942729,0,0,0,0,0,0,0,0,0,0,279.627358000515,133.35166446449,508.726487865642,449.626627266245
"131",2000,2542,10.8333333333333,5507.88970210309,4653.8973809503,1203.17300608906,2307.50478836463,621.713880460565,1035.23246666514,0,0,0,0,0,0,0,0,0,0,0,0,1.97497487838284,3.87861064257781,1.17102266774401,1.95801890337258,0,0,0,0,0,0,0,0,0,0,3867.08480515759,3256.65518814489,649.282386367214,1297.47105230482,386.60595467656,697.87685728488,0,0,148.579582337311,125.125900271403,25.02216017246,50.0080670283605,14.8961130663547,26.8890186809502,0,0,24144.3812685039,20256.910181381,4583.66720158661,8956.98178129708,3032.79525579254,5209.56305208869,0,0,927.652483669455,778.303288982997,178.297208252639,349.096569632832,119.038446579541,204.8349382216,0,0,0,0,8.29691846402898,16.6074443039035,5.83542476858149,10.0851847892617,0,0,0,0,0,0,0,0,0,0,263.530410954588,238.182306518373,228.69665945722,484.249899714191,246.356518615006,486.469830945283,0,0,10.1252408098304,9.15134574630876,8.76372662017826,18.5483072562647,9.41055814665663,18.5783281568949,0,0,337.747076364214,303.196203467329,321.22852535672,716.011128215826,403.088691118805,803.849728899469,0,0,12.9767436348301,11.6492842875851,12.3074823564649,27.4198622580545,15.3969033907397,30.6937602430993,0,0,0,0,49.1587984667213,112.293559450405,54.1943637696388,100.487170246995,0,0,0,0,0,0,0,0,0,0,282.4367306415,134.621771953701,518.492805019938,459.440251737149
"132",2000,2542,10.9166666666667,5489.15253203576,4633.51819074646,1202.49003454032,2306.38790931862,622.544773989135,1037.35520146743,0,0,0,0,0,0,0,0,0,0,0,0,1.97471561718742,3.87856676953844,1.17322267203319,1.96310839259606,0,0,0,0,0,0,0,0,0,0,3888.5541012142,3270.44083790321,654.913295905729,1309.36451306124,391.949112084774,708.654329704489,0,0,149.404467024845,125.655566980705,25.2392129487915,50.4665913256184,15.1019942889029,27.3042845718097,0,0,24094.9069161743,20188.0494305001,4584.66353787605,8962.01595116128,3048.7034398371,5244.31560756465,0,0,925.751749113217,775.6575436461,178.34155377543,349.308503907934,119.669534415964,206.214808518257,0,0,0,0,8.30858391229541,16.6379043927687,5.87196060637265,10.1631300198331,0,0,0,0,0,0,0,0,0,0,264.626564167989,238.819161835351,230.469667627066,488.255422342058,249.52182496898,493.464410929362,0,0,10.167356978264,9.17581473801234,8.83189389252443,18.7022224095514,9.53184738761393,18.8462309126731,0,0,335.971629456013,301.23594222167,322.050850334048,718.228574164423,406.017334012068,811.000883338751,0,0,12.9085289661558,11.5739678867425,12.3392131853517,27.5052784973405,15.5092131059806,30.9677507008289,0,0,0,0,49.3276544409028,112.78327056441,54.6363041520449,101.464468798814,0,0,0,0,0,0,0,0,0,0,285.257763339127,135.895253639969,528.372099842561,469.378964913364
"133",2001,2542,11,5469.86983509856,4612.50180722822,1201.96435122989,2305.47916808371,623.334826810727,1039.36670023894,0,0,0,0,0,0,0,0,0,0,0,0,1.97437093163324,3.87826040633583,1.1753502054648,1.96799696050472,0,0,0,0,0,0,0,0,0,0,3910.04359310571,3284.14470978175,660.655116758595,1321.41715423664,397.345969740593,719.528868272153,0,0,150.230127668652,126.182091653089,25.4605312499935,50.9312373495921,15.3099446460035,27.7232906080261,0,0,24045.1506564689,20118.6453848558,4586.2245768436,8967.72003743036,3064.6159119026,5278.96467302398,0,0,923.840182333626,772.990924090196,178.407458774983,349.545772705511,120.300764251371,207.590604967761,0,0,0,0,8.32033848406656,16.6681061489234,5.90858653229577,10.2410520968342,0,0,0,0,0,0,0,0,0,0,265.741661547161,239.454295101356,232.274547454105,492.300773369285,252.763761962438,500.564674457726,0,0,10.2102010088399,9.20021756584975,8.90128783732962,18.8576754181598,9.65607350785394,19.1181912459317,0,0,334.222873025832,299.295686407647,322.871363149691,720.417281434062,408.949293819493,818.140274569338,0,0,12.841339772835,11.4994201271079,12.3708809657941,27.5896100809066,15.6216615904545,31.2413209485831,0,0,0,0,49.4933556747936,113.263838096728,55.078010341859,102.440096343242,0,0,0,0,0,0,0,0,0,0,288.066963575137,137.1646750148,538.282116890219,479.385074086592
"134",2001,2542,11.0833333333333,5450.06942984772,4590.8906152288,1201.57405464388,2304.74477451553,624.084979219214,1041.26912547834,0,0,0,0,0,0,0,0,0,0,0,0,1.9740236724953,3.87783918063371,1.17740305509223,1.97268359939332,0,0,0,0,0,0,0,0,0,0,3931.57009568638,3297.77991030207,666.508026113801,1333.63348040385,402.801655637888,730.50968130914,0,0,151.057210322322,126.705977862073,25.6861231175812,51.4021800944686,15.520161155827,28.1463906128603,0,0,23995.1295164686,20048.7415913942,4588.30214642652,8974.02746643632,3080.53332682877,5313.51303859042,0,0,921.918437538458,770.305103458975,178.493080400871,349.805830669054,120.93215234252,208.962421190361,0,0,0,0,8.33241988762938,16.6984388639618,5.94529648232281,10.3189493094472,0,0,0,0,0,0,0,0,0,0,266.873737127759,240.087979976493,234.111507066166,496.387882176336,256.074453789445,507.764740684965,0,0,10.2536973663102,9.22456474427687,8.97191670347306,19.014740636761,9.7829359361183,19.3939849637962,0,0,332.499953540372,297.374002228777,323.690168686707,722.575879228172,411.886670046656,825.267119091734,0,0,12.7751432609819,11.4255859199195,12.4024896376289,27.672804300307,15.7343290068485,31.5144409236097,0,0,0,0,49.6559115813233,113.735265825047,55.5192916972099,103.413766505006,0,0,0,0,0,0,0,0,0,0,290.865374756843,138.430269664549,548.228095028353,489.461751138653
"135",2001,2542,11.1666666666667,5430.22704695413,4569.36027854274,1201.06613571665,2303.77963835703,624.760625312714,1043.04195922502,0,0,0,0,0,0,0,0,0,0,0,0,1.97360983392168,3.87725047674263,1.17931717069169,1.97713089309693,0,0,0,0,0,0,0,0,0,0,3953.19892867381,3311.46750018191,672.380411290974,1345.88703636029,408.294581193526,741.583435860917,0,0,151.888224673864,127.23187695403,25.9124666552896,51.8745596194211,15.7318120407977,28.5730709291903,0,0,23945.4892910342,19979.4066136714,4590.24086069535,8980.00954682456,3096.28690452985,5347.85796730886,0,0,920.011327047159,767.641137684559,178.573179631729,350.052950252514,121.557068660112,210.326208257433,0,0,0,0,8.34458557215425,16.7287262021452,5.98177030181092,10.396629572019,0,0,0,0,0,0,0,0,0,0,268.01287537122,240.730733925742,235.954415919952,500.490422590209,259.397889755783,515.025039593731,0,0,10.2974650810991,9.24926037111707,9.04277843142976,19.1724082781916,9.91029518879003,19.6721012063695,0,0,330.806235439339,295.479325464706,324.49289451235,724.688719307303,414.806259075545,832.364889986039,0,0,12.7100686974848,11.3527893813518,12.4334878318402,27.7542605280697,15.8463289297004,31.786479397859,0,0,0,0,49.8140379002664,114.196556298034,55.9570163240838,104.383301049783,0,0,0,0,0,0,0,0,0,0,293.675719162859,139.699233218299,558.290661562978,499.666541148174
"136",2001,2542,11.25,5410.34374246107,4547.91053324546,1200.44303106376,2302.58817600979,625.361544741716,1044.68462000788,0,0,0,0,0,0,0,0,0,0,0,0,1.9731086040596,3.87645883758728,1.18109357053465,1.98133946788609,0,0,0,0,0,0,0,0,0,0,3974.92842373781,3325.20661884837,678.271226872428,1358.17554728311,413.823993061599,752.748953311892,0,0,152.723106623364,127.759755864372,26.1395216114657,52.3482883917116,15.9448684081345,29.0032863555929,0,0,23896.2277139352,19910.6362338263,4592.0441388992,8985.67315444901,3111.87694216225,5381.99840436351,0,0,918.118763788379,764.998864709773,178.647889486731,350.287397151736,122.17552105596,211.681917097354,0,0,0,0,8.35678874022447,16.758897361051,6.01801367465213,10.4740976251153,0,0,0,0,0,0,0,0,0,0,269.159045284205,241.382232747974,237.803182316006,504.607869757904,262.734729250318,522.345226842826,0,0,10.3415029623998,9.27429199004328,9.1138694522606,19.3306581683163,10.0381765914907,19.9525271671932,0,0,329.141216958052,293.611530544235,325.279855311549,726.756780921341,417.707037286335,839.432949529827,0,0,12.6460968039332,11.2810256867518,12.463887509032,27.8340160386407,15.9576221604889,32.057411831568,0,0,0,0,49.9678234960479,114.647823326722,56.3911089977611,105.348524360833,0,0,0,0,0,0,0,0,0,0,296.498070849256,140.971612691163,568.470261763496,510.00040536905
"137",2001,2542,11.3333333333333,5390.42061808109,4526.54114911232,1199.7071470998,2301.17476754012,625.88756959381,1046.19660873326,0,0,0,0,0,0,0,0,0,0,0,0,1.97250340932403,3.87543597159954,1.18273285890672,1.98530944988022,0,0,0,0,0,0,0,0,0,0,3996.75689974059,3338.99639202629,684.179496939292,1370.49688337759,419.389121870762,764.005075093315,0,0,153.561791578818,128.289581002049,26.3672503995792,52.8232844347068,16.1593007341583,29.436992437693,0,0,23847.3425091724,19842.4262673138,4593.7153007789,8991.02498541553,3127.30375462682,5415.93332834327,0,0,916.240660315447,762.378123757504,178.717339187317,350.509430263263,122.787518161142,213.02950004139,0,0,0,0,8.36899145517602,16.7888949641584,6.05403074398947,10.5513562918434,0,0,0,0,0,0,0,0,0,0,270.312210686969,242.042169709968,239.657693593923,508.739681095602,266.085512643067,529.724913570587,0,0,10.3858096201353,9.29964781587337,9.185185394487,19.4894694506982,10.1666009072412,20.2352483119663,0,0,327.504403322754,291.770467492231,326.051353852978,728.780989683211,420.588097152379,846.470670762885,0,0,12.5832085705216,11.2102890738286,12.4937001670404,27.912106040437,16.0681739350494,32.3272140949816,0,0,0,0,50.1173485058693,115.089168925121,56.8214980304935,106.309265272804,0,0,0,0,0,0,0,0,0,0,299.332503518923,142.247453405735,578.767357645508,520.464296717989
"138",2001,2542,11.4166666666667,5370.45882324835,4505.2519315303,1198.86086289606,2299.54376070145,626.338582423852,1047.57750634148,0,0,0,0,0,0,0,0,0,0,0,0,1.97178101033419,3.87415925986188,1.18423537196605,1.98904064838395,0,0,0,0,0,0,0,0,0,0,4018.68264614217,3352.83591754535,690.104301455674,1382.84903159588,424.989184877257,775.350652441128,0,0,154.404213818546,128.821317704235,26.5956175767159,53.2994702451639,16.3750789680952,29.8741450778861,0,0,23798.8314027489,19774.7725708163,4595.25757629132,8996.0715742239,3142.5676740382,5449.66175304704,0,0,914.376929258613,759.778755634653,178.781654529298,350.719302376926,123.393069364048,214.368910894262,0,0,0,0,8.38116271744083,16.818672207659,6.08982453629522,10.6284070046867,0,0,0,0,0,0,0,0,0,0,271.472330658439,242.710253802479,241.517821215063,512.885303364945,269.450676928926,537.163673178103,0,0,10.4303834820591,9.32531666756566,9.25672127799304,19.6488208567182,10.2955849351496,20.5202486399042,0,0,325.895307486073,289.955965787272,326.807681375132,730.762222651424,423.44863100732,853.477437470844,0,0,12.5213852843061,11.1405729908695,12.5229368564326,27.9885638714362,16.1779533020971,32.5958624653056,0,0,0,0,50.2626862974363,115.520686185125,57.2481148124626,107.265356579424,0,0,0,0,0,0,0,0,0,0,302.179090470925,143.526799129445,589.182423738767,531.059159189738
"139",2001,2542,11.5,5350.45955734914,4484.04272332112,1197.90653132237,2297.69947262528,626.714516201803,1048.82697434476,0,0,0,0,0,0,0,0,0,0,0,0,1.97093103537985,3.87261098160558,1.18560124890602,1.99253264721957,0,0,0,0,0,0,0,0,0,0,4040.70391338195,3366.72425722021,696.044768948131,1395.23008042035,430.623387199592,786.784540213302,0,0,155.250306121632,129.354929924349,26.8245895631592,53.7767722106208,16.5921725805394,30.3147002994338,0,0,23750.6921288441,19707.6710468853,4596.6741097263,9000.81930152527,3157.6690498164,5483.18272925723,0,0,912.527483562272,757.20060291049,178.840958040567,350.9172604735,123.992184815498,215.700105006833,0,0,0,0,8.39327747574749,16.8481913832783,6.12539716543653,10.7052500604418,0,0,0,0,0,0,0,0,0,0,272.639359628855,243.386208781051,243.38342338891,517.044176335292,272.830564174518,544.661044400713,0,0,10.4752227973143,9.35128793136524,9.32847161427375,19.8086908454041,10.4251418334994,20.8075108018749,0,0,324.313450680714,288.16783644059,327.549117824141,732.701311120124,426.287922340159,860.452644698848,0,0,12.4606085504781,11.0718701766169,12.551608189917,28.0634211063427,16.2869327896358,32.8633336444912,0,0,0,0,50.4039044782174,115.942460800604,57.6708936386648,108.216634877966,0,0,0,0,0,0,0,0,0,0,305.037904550269,144.809692133525,599.715944424961,541.785927250216
"140",2001,2542,11.5833333333333,5330.4240713265,4462.91340607575,1196.84648038819,2295.64619170344,627.015353767916,1049.94475459508,0,0,0,0,0,0,0,0,0,0,0,0,1.96994550404446,3.87077752181478,1.1868305020497,1.99578489445429,0,0,0,0,0,0,0,0,0,0,4062.81890431587,3380.66042967562,702.000068918524,1407.63820407752,436.290923245916,798.305590982205,0,0,156.099999438927,129.890379956384,27.0541343517149,54.2551200049195,16.8105506194149,30.7586140212456,0,0,23702.9224354725,19641.1176477572,4597.96796450696,9005.27440307438,3172.60824860256,5516.49534606597,0,0,910.692236702379,754.643510063272,178.895369164832,351.103546067288,124.584875426259,217.023039330646,0,0,0,0,8.40531561882183,16.8774223695516,6.16075003729583,10.7818848754635,0,0,0,0,0,0,0,0,0,0,273.813247507177,244.069772066793,245.25434770773,521.215736307636,276.225430676286,552.216534526746,0,0,10.5203256413289,9.37755151857018,9.40043050703302,19.9690577380414,10.5552814701522,21.0970162243589,0,0,322.758362836444,286.405874213661,328.275932245418,734.599043918838,429.105336345816,867.395699178137,0,0,12.4008603083854,11.0041727454715,12.5797243577061,28.136707683402,16.3950880429763,33.1296047737755,0,0,0,0,50.5410659215075,116.354572605561,58.0897715173664,109.162940390838,0,0,0,0,0,0,0,0,0,0,307.909018099048,146.09617326446,610.368411217531,552.645525309095
"141",2001,2542,11.6666666666667,5310.35366867325,4441.86390099388,1195.68301452974,2293.38817931145,627.241127052962,1050.93066865999,0,0,0,0,0,0,0,0,0,0,0,0,1.96881839883616,3.86864865663182,1.1879230769097,1.99879677935471,0,0,0,0,0,0,0,0,0,0,4085.02576756071,3394.64340485558,707.969404903241,1420.07164808461,441.990978058197,809.912649896403,0,0,156.953222637327,130.427628223942,27.2842212417582,54.7344460347037,17.030181762707,31.2058418621204,0,0,23655.5200889681,19575.1083780079,4599.14212788429,9009.44297841599,3187.38565408543,5549.59873177364,0,0,908.871102858747,752.107323582201,178.945004441175,351.278395538047,125.171152860703,218.337672455463,0,0,0,0,8.41726107054118,16.9063412740931,6.19588402816132,10.8583102079723,0,0,0,0,0,0,0,0,0,0,274.993939803092,244.760693633645,247.130433470234,525.399419078349,279.635455764801,559.829622296676,0,0,10.5656899205039,9.40409782277844,9.47259174094688,20.1298998314545,10.686010759489,21.3887452212129,0,0,321.229582853417,284.669859712958,328.988383275748,736.456170809297,431.900310903926,874.306019743809,0,0,12.3421228420336,10.937472267976,12.6072951467371,28.2084520349835,16.5023974792248,33.3946534480716,0,0,0,0,50.6742296840879,116.75709694639,58.5046879956339,110.10411680588,0,0,0,0,0,0,0,0,0,0,310.792502909603,147.38628201651,621.140320225208,563.638867270248
"142",2001,2542,11.75,5290.24970592959,4420.89416930363,1194.41841561207,2290.9296710635,627.391916345203,1051.7846172375,0,0,0,0,0,0,0,0,0,0,0,0,1.96754533688094,3.86621700136509,1.18887889253867,2.0015676848805,0,0,0,0,0,0,0,0,0,0,4107.32259337881,3408.67210075151,713.952008916692,1432.52871767113,447.722728377983,821.604550772701,0,0,157.809902341657,130.966633154523,27.514820626257,55.2146849959297,17.2510343603718,31.6563389919677,0,0,23608.482876744,19509.639295815,4600.19951479018,9013.33099794464,3202.00166683242,5582.49205440535,0,0,907.063997021075,749.591892015967,178.989977651315,351.442040400542,125.751029530696,219.643964632118,0,0,0,0,8.42910110047494,16.9349293899614,6.23079960835258,10.9345243126441,0,0,0,0,0,0,0,0,0,0,276.181377695668,245.458734979426,249.011513408756,529.594661954408,283.06074944132,567.499760055199,0,0,10.6113133748505,9.43091768035383,9.5449488477136,20.2911954751427,10.8173339546962,21.6826770767138,0,0,319.726658736233,282.959561157082,329.686719707977,738.273405675171,434.672348869416,881.183037794685,0,0,12.2843787852365,10.8717598387113,12.6343299626193,28.2786812101823,16.6088419920161,33.6584577322025,0,0,0,0,50.8034517014689,117.150105728991,58.9155850407821,111.040011181555,0,0,0,0,0,0,0,0,0,0,313.688430178887,148.680056595052,632.032169958891,574.766856139037
"143",2001,2542,11.8333333333333,5270.11359284353,4400.00421240505,1193.0549437976,2288.27487783315,627.467849524565,1052.50657949543,0,0,0,0,0,0,0,0,0,0,0,0,1.96612329085267,3.86347753970174,1.18969787366937,2.00409702970968,0,0,0,0,0,0,0,0,0,0,4129.70741091993,3422.74538131078,719.94713663657,1445.0077677448,453.485343575921,833.380112863671,0,0,158.669962828699,131.507351099168,27.7459038071949,55.6957734894815,17.4730764709282,32.1100600088259,0,0,23561.808609188,19444.7065134978,4601.14297129802,9016.94430919666,3216.45670410589,5615.17452199867,0,0,905.270835061774,747.097065993453,179.030399951776,351.594707544562,126.324518588845,220.941877786476,0,0,0,0,8.44082573919101,16.9631723075195,6.26549694295945,11.010525066412,0,0,0,0,0,0,0,0,0,0,277.375498089156,246.163668155394,250.8974151167,533.800905300282,286.501359305101,575.226375546707,0,0,10.6571935801345,9.45800233314023,9.61749516067381,20.4529231305503,10.9492529129489,21.9787901149108,0,0,318.249147642188,281.274735963128,330.371181077759,740.051429563869,437.421011135464,888.026197748997,0,0,12.2276111234701,10.8070261372469,12.6608378524181,28.3474209917677,16.7144046858573,33.9209961771438,0,0,0,0,50.9287853748344,117.533668303277,59.3224069431486,111.970473876556,0,0,0,0,0,0,0,0,0,0,316.596870463269,149.977533974827,643.044459353099,586.030383662621
"144",2001,2542,11.9166666666667,5249.94679221992,4379.19407176102,1191.5948382877,2285.42798655266,627.469101266453,1053.0966123389,0,0,0,0,0,0,0,0,0,0,0,0,1.96455035599709,3.86042722897036,1.19037997520454,2.00638430051287,0,0,0,0,0,0,0,0,0,0,4152.17818669883,3436.86205541693,725.954063293786,1457.5071943276,459.27798643951,845.238138255502,0,0,159.533325968698,132.049736293278,27.9774428379729,56.177649693059,17.6962758925237,32.5669588399545,0,0,23515.4951207739,19380.3061974057,4601.97527771058,9020.28864241397,3230.75119966735,5647.64538268118,0,0,903.491533778689,744.622698219479,179.066379991742,351.736619446921,126.891633921237,222.231375525173,0,0,0,0,8.45242729162258,16.9910591718854,6.29997597123034,11.0863100674554,0,0,0,0,0,0,0,0,0,0,278.576233657885,246.875274854642,252.787962196839,538.017593652387,289.957276803878,583.008873386129,0,0,10.7033279496011,9.48534339343627,9.69022385878477,20.61506141384,11.0817673347257,22.2770617565133,0,0,316.796615853181,279.615132160623,331.041998264622,741.790893569269,440.145910443759,894.834957488869,0,0,12.1718031927927,10.743261482467,12.6868275279798,28.4146960070504,16.8190706391237,34.1822478360042,0,0,0,0,51.0502820565354,117.907852195269,59.7251002387161,112.895358501934,0,0,0,0,0,0,0,0,0,0,319.517893633826,151.278749953215,654.177685992259,597.430330000619
"145",2002,2542,12,5230.18821744703,4358.51805425486,1190.52324578481,2283.13053166606,627.36801746292,1053.40227176634,0,0,0,0,0,0,0,0,0,0,0,0,1.96282912984076,3.85686889090718,1.19086795649844,2.00813201548611,0,0,0,0,0,0,0,0,0,0,4174.65111512969,3450.85308549489,732.045021401746,1470.06271605823,465.074377571637,857.044653735981,0,0,160.396771817028,132.587294042898,28.2122111846319,56.6616730252808,17.9196204336519,33.0218742059354,0,0,23469.5162694143,19315.738506999,4603.38210443995,9024.04006259325,3244.73340398484,5679.06906717219,0,0,901.725089000439,742.141899684897,179.12421348951,351.893377295991,127.446409337772,223.479566098799,0,0,0,0,8.46378356584437,17.0174674698274,6.3339310763775,11.1602240118811,0,0,0,0,0,0,0,0,0,0,279.769198385457,247.536069285399,254.678820633185,542.150635937675,293.373486775786,590.505911633488,0,0,10.7491637509439,9.51073216505768,9.7629699526237,20.7740074135472,11.2127745797708,22.5644489157568,0,0,315.362398302843,277.96699563356,331.69798603035,743.447351297332,442.825588332469,901.470784461038,0,0,12.1166989114618,10.6799374191882,12.7122539961771,28.4788044856612,16.9220197250314,34.4369203726525,0,0,0,0,51.1667776646641,118.263998904673,60.1207349203162,113.797704002655,0,0,0,0,0,0,0,0,0,0,322.472249327644,152.639941612205,665.51145744536,609.464200610648
"146",2002,2542,12.0833333333333,5210.605548357,4337.95918742855,1189.56480189305,2280.96635979505,627.189048887357,1053.52145257329,0,0,0,0,0,0,0,0,0,0,0,0,1.96111889149502,3.8531989050733,1.19119747875733,2.00951086127899,0,0,0,0,0,0,0,0,0,0,4197.12630275358,3464.77024180912,738.169542759415,1482.63202944507,470.877636754199,868.849068311496,0,0,161.260304467167,133.122013444379,28.4482717032948,57.146226445262,18.1432311179419,33.4767114570828,0,0,23423.9171784222,19251.4198702834,4604.98022293186,9027.82903676992,3258.50278571223,5709.92237078052,0,0,899.97323427731,739.670670229387,179.189220491229,352.051018372621,127.992740953254,224.705190242366,0,0,0,0,8.47523164752267,17.0434714197514,6.36753290041968,11.2331653891212,0,0,0,0,0,0,0,0,0,0,280.962813770709,248.18084809682,256.575665254333,546.262159495641,296.784202883612,597.926458352214,0,0,10.795024550709,9.53550559099499,9.83595040401705,20.9321403132278,11.3435820676714,22.8489356844177,0,0,313.952415962986,276.337760180473,332.343521824685,745.048517007952,445.472260941597,907.993507027396,0,0,12.0625257723253,10.6173395658597,12.7372846271595,28.5408070989213,17.0237185478274,34.687298364504,0,0,0,0,51.2791063857557,118.607185780075,60.5109204806174,114.686597605475,0,0,0,0,0,0,0,0,0,0,325.448503950054,154.029943799188,677.001531349192,621.85896644142
"147",2002,2542,12.1666666666667,5191.00438874967,4317.49467184696,1188.50305099395,2278.60613462846,626.946070260428,1053.52459371192,0,0,0,0,0,0,0,0,0,0,0,0,1.95941606561393,3.84950474293979,1.1913982372311,2.01065954153355,0,0,0,0,0,0,0,0,0,0,4219.63716118001,3478.68602453907,744.294379827918,1495.19683225793,476.698427221652,880.708396691777,0,0,162.125207646584,133.656680070556,28.6843476583687,57.6306122239892,18.3675185915122,33.9336670199304,0,0,23378.7086050962,19187.6618771333,4606.46362825463,9031.35754033067,3272.12950005975,5740.58003449145,0,0,898.236382807181,737.220981641487,179.249670137327,352.198266496013,128.533381748145,225.922988137047,0,0,0,0,8.48681586156944,17.0695623135281,6.40092176902399,11.3058735648278,0,0,0,0,0,0,0,0,0,0,282.163330498305,248.83533889198,258.480166481224,550.393898302304,300.213698448415,605.423197182065,0,0,10.8411505095375,9.56065216696205,9.90922861471149,21.0910579257616,11.4751173838537,23.1363561080599,0,0,312.569234789972,274.733224110345,332.979873885922,746.615784721258,448.095285821913,914.463746307971,0,0,12.0093823634542,10.5556907027984,12.7619676598936,28.6015225802688,17.1245245472551,34.9356972274146,0,0,0,0,51.3879106857581,118.941469787427,60.8969021484881,115.569416596492,0,0,0,0,0,0,0,0,0,0,328.437466451376,155.42358947419,688.613092992142,634.393561912935
"148",2002,2542,12.25,5171.38515659411,4297.12356227258,1187.3402365448,2276.0538716341,626.638979895366,1053.41152258312,0,0,0,0,0,0,0,0,0,0,0,0,1.95769137316459,3.84573700320944,1.19147324882831,2.01158208838858,0,0,0,0,0,0,0,0,0,0,4242.18794699728,3492.60470835666,750.420634237548,1507.75908267715,482.537725912774,892.624076256731,0,0,162.991644900207,134.191458161159,28.9204811021774,58.1149050939696,18.5925202720777,34.3927958869626,0,0,23333.883849997,19124.4567171821,4607.83433299417,9034.62950021179,3285.61300548218,5771.03989835633,0,0,896.514277189616,734.792533834156,179.305640968162,352.33527423179,129.068308612069,227.132870060125,0,0,0,0,8.49848200562883,17.0956537062321,6.43410046646814,11.3783488585603,0,0,0,0,0,0,0,0,0,0,283.370472165171,249.498965224112,260.391509901872,554.543671162039,303.660904536918,612.992051252755,0,0,10.8875310075929,9.58614974495064,9.98277324345062,21.250676441365,11.6073395719344,23.4265543100244,0,0,311.21205918951,273.153056614948,333.607044431839,748.149944830951,450.694445488344,920.883254492958,0,0,11.9572381170883,10.4949781198148,12.7863030423832,28.660980884811,17.2244292476893,35.1821835650831,0,0,0,0,51.4932686229966,119.266970152132,61.2786325191441,116.446024869432,0,0,0,0,0,0,0,0,0,0,331.439208611682,156.820931480452,700.346758514928,647.069249807849
"149",2002,2542,12.3333333333333,5151.74849476823,4276.84510098843,1186.07860807488,2273.31361851314,626.267746653487,1053.18217822373,0,0,0,0,0,0,0,0,0,0,0,0,1.95592118882563,3.84185571030547,1.19142474265368,2.01228150149514,0,0,0,0,0,0,0,0,0,0,4264.78186175921,3506.52966794988,756.549112654642,1520.32018379732,488.396201916555,904.597119713126,0,0,163.859739236854,134.726477377098,29.1567027870922,58.5991585184916,18.8182617684736,34.8541367684674,0,0,23289.4369504339,19061.7972459186,4609.0944397118,9037.64903455069,3298.95290958504,5801.30004746525,0,0,894.806688331,732.385052303595,179.357215035651,352.462201650682,129.597504287235,228.33475590796,0,0,0,0,8.51018625055569,17.1216756329134,6.46707089696595,11.4505907074701,0,0,0,0,0,0,0,0,0,0,284.583995753401,250.171203893106,262.308996846374,558.709562251061,307.124910504435,620.629396852033,0,0,10.9341567077494,9.61197822277448,10.0565573957171,21.4109222360833,11.7402137421241,23.7193917524037,0,0,309.880152231772,271.596942239022,334.225028514439,749.651711066726,453.269531016883,927.253529071932,0,0,11.906064719443,10.4351896966053,12.8102904398337,28.7192090131934,17.3234244847634,35.4268142208539,0,0,0,0,51.5952495466806,119.583794012896,61.6560680135334,117.316292272548,0,0,0,0,0,0,0,0,0,0,334.453799387487,158.222019506479,712.203105684036,659.887219489322
"150",2002,2542,12.4166666666667,5132.09523053645,4256.65868334959,1184.72041607922,2270.38944355445,625.832402571729,1052.8366000121,0,0,0,0,0,0,0,0,0,0,0,0,1.95408627962617,3.83782825858891,1.19125441254635,2.01276007808154,0,0,0,0,0,0,0,0,0,0,4287.4212648245,3520.46356021623,762.680389475118,1532.88110209006,494.274280991515,916.62819995735,0,0,164.72958130686,135.261839800624,29.3930345669569,59.0834092300228,19.0447593534207,35.3177153434628,0,0,23245.362529259,18999.6768528659,4610.24611193057,9040.42039581846,3312.14894075083,5831.35876934907,0,0,893.113409635013,729.998283064462,179.404476781259,352.579214125226,130.120956268821,229.528573544183,0,0,0,0,8.52189271018062,17.147570807041,6.49983434733392,11.5225979422331,0,0,0,0,0,0,0,0,0,0,285.803683667237,250.85157555775,264.232017735085,562.889866033283,310.60492185067,628.331975454488,0,0,10.981019249641,9.63811918337629,10.1305575997512,21.5717297568285,11.8737094552401,24.0147438677361,0,0,308.5728254599,270.06457590737,334.833818256734,751.121735443388,455.82034729696,933.575857763854,0,0,11.8558357191374,10.3763137116851,12.8339293991488,28.776231588501,17.4215026094655,35.6696379999652,0,0,0,0,51.6939162542572,119.892039597192,62.0291682833418,118.180093809967,0,0,0,0,0,0,0,0,0,0,337.481305377023,159.626900510416,724.182681330235,672.848598414421
"151",2002,2542,12.5,5112.42636009227,4236.56384447465,1183.2679091141,2267.28542973171,625.333041278515,1052.37492549941,0,0,0,0,0,0,0,0,0,0,0,0,1.95217129768683,3.8336285824314,1.19096351620391,2.01301954503641,0,0,0,0,0,0,0,0,0,0,4310.10775870393,3534.4083976932,768.814832211507,1545.4424151329,500.172171415769,928.717682182838,0,0,165.601232681252,135.797622756644,29.6294903694843,59.5676790586486,19.2720209541513,35.7835454892422,0,0,23201.6557338844,18938.0894090969,4611.2915606288,9042.94794488139,3325.20093741252,5861.21453880075,0,0,891.434254659605,727.631990633335,179.447512514756,352.686481328516,130.638656392641,230.714258217278,0,0,0,0,8.53357247316626,17.173293099049,6.53239158426867,11.5943688900531,0,0,0,0,0,0,0,0,0,0,287.029340337521,251.539641079741,266.160041186526,567.083065080545,314.100242810959,636.096858260376,0,0,11.028111119198,9.66455575435889,10.2047533880766,21.7330406697195,12.0078000548673,24.312498700674,0,0,307.289435094175,268.555660806041,335.43340476105,752.560614433711,458.346715441955,939.851337203805,0,0,11.8065263813531,10.3183387609796,12.8572194230432,28.8320710946629,17.5186565815553,35.9106963857534,0,0,0,0,51.7893258582277,120.19179754209,62.3978960468391,119.037309463217,0,0,0,0,0,0,0,0,0,0,340.521790964687,161.035618855169,736.286003770834,685.954456121485
"152",2002,2542,12.5833333333333,5092.74302620324,4216.56024025846,1181.72333057998,2264.00566759067,624.769814281669,1051.79738488473,0,0,0,0,0,0,0,0,0,0,0,0,1.95016408463086,3.82923601564058,1.19055300549873,2.01306123125497,0,0,0,0,0,0,0,0,0,0,4332.84230779235,3548.36565005226,774.95263656451,1558.00437761311,506.089900310629,940.865670645603,0,0,166.474730413621,136.333882712288,29.8660775396705,60.0519774607602,19.5000475447306,36.2516310728762,0,0,23158.3121518574,18877.0291939566,4612.2330274852,9045.23611826604,3338.10883237003,5890.86599453904,0,0,889.769053873295,725.285955213263,179.486409766429,352.784175966898,131.150600228692,231.891751658579,0,0,0,0,8.5452022808067,17.1988054574851,6.56474298705471,11.6659015133638,0,0,0,0,0,0,0,0,0,0,288.260787726394,252.23499620277,268.092599282344,571.287799280708,317.610253436239,643.921396126944,0,0,11.075425475931,9.69127240354715,10.2791267313762,21.8948026778322,12.1424617883084,24.612554990671,0,0,306.029376427539,267.069905823058,336.02378030041,753.968897534811,460.848474989502,946.080899316232,0,0,11.7581134725012,10.2612536594933,12.8801600552731,28.8867482071124,17.6148800554427,36.1500245504063,0,0,0,0,51.8815309547925,120.483152635361,62.7622167974453,119.887823819255,0,0,0,0,0,0,0,0,0,0,343.575318551528,162.44821653844,748.51356646766,699.205810461744
"153",2002,2542,12.6666666666667,5073.04650023304,4196.64763214497,1180.08891607857,2260.55424938991,624.142927951985,1051.10429658041,0,0,0,0,0,0,0,0,0,0,0,0,1.94805512030807,3.82463438405429,1.19002362490445,2.01288619851806,0,0,0,0,0,0,0,0,0,0,4355.62533352275,3562.33632532676,781.093854486897,1570.56697404328,512.027342840674,953.072046070005,0,0,167.350090696097,136.870658397809,30.1027979148088,60.5363035386954,19.7288342654607,36.7219673842437,0,0,23115.3277432727,18816.490836416,4613.07277151907,9047.28940199958,3350.87264022455,5920.31192044113,0,0,888.117652058369,722.959970440488,179.521256770427,352.872472767052,131.65678659547,233.061001357558,0,0,0,0,8.55676348795332,17.224078270511,6.59688864752145,11.7371935134335,0,0,0,0,0,0,0,0,0,0,289.497861744112,252.937267215051,270.029275915913,575.5028411838,321.134391756893,651.803178862798,0,0,11.1229560152594,9.71825477233552,10.353661590842,22.0569685746395,12.2776731224628,24.9148206131871,0,0,304.792079319878,265.607023656333,336.604939919799,755.347094238416,463.325485168264,952.265333180104,0,0,11.7105750871071,10.205047368613,12.9027509430213,28.940282061859,17.7101674299931,36.3876521928559,0,0,0,0,51.970580537238,120.766185180293,63.1220985809408,120.7315257921,0,0,0,0,0,0,0,0,0,0,346.641948728534,163.864733379955,760.865840748348,712.603632589701
"154",2002,2542,12.75,5053.33816744431,4176.82587472033,1178.36689129803,2256.93526432068,623.45264091202,1050.29606341467,0,0,0,0,0,0,0,0,0,0,0,0,1.9458370894354,3.81981128619439,1.18937598025443,2.01249533423074,0,0,0,0,0,0,0,0,0,0,4378.45679120701,3576.32103548425,787.238416637084,1583.12996078166,517.984245649787,965.336495361016,0,0,168.227311811692,137.407973325979,30.3396486846225,61.0206476506742,19.9583713215238,37.1945422744749,0,0,23072.6987863399,18756.4692676789,4613.81305864967,9049.11231104559,3363.49244728911,5949.55123035054,0,0,886.479906219512,720.653841563527,179.552142060706,352.95154767918,132.157217169944,234.221959975502,0,0,0,0,8.56824126159612,17.2490880934968,6.62882843896567,11.8082424008857,0,0,0,0,0,0,0,0,0,0,290.74040940225,253.646107329073,271.969697664136,579.727076199904,324.672140331661,659.740001780371,0,0,11.1706968591321,9.74548953659205,10.4283435674725,22.21949548377,12.4134142278251,25.2192112988581,0,0,303.577004501451,264.166729491603,337.176882487524,756.69567980938,465.77762518969,958.405303731891,0,0,11.6638905057816,10.1497089453115,12.9249918780199,28.9926904785536,17.8045138607516,36.6236042553801,0,0,0,0,52.0565206915944,121.040972039057,63.4775118284204,121.568308417626,0,0,0,0,0,0,0,0,0,0,349.721740405246,165.285207180312,773.343277746616,726.148851048917
"155",2002,2542,12.8333333333333,5033.61951408338,4157.09490486149,1176.5594701782,2253.15279429672,622.69926162001,1049.37316913325,0,0,0,0,0,0,0,0,0,0,0,0,1.94350450817057,3.81475747179178,1.1886105955643,2.01188942825225,0,0,0,0,0,0,0,0,0,0,4401.33623692369,3590.32005339491,793.386151865549,1595.69290247402,523.960247294785,977.658537616632,0,0,169.106376704233,137.945837980905,30.576623137758,61.5049928070426,20.1886447665963,37.669337152724,0,0,23030.4218301023,18696.959679976,4614.45615279561,9050.70937167674,3375.96840277188,5978.58295465958,0,0,884.855683767212,718.367383859964,179.579154126376,353.021577193581,132.651896146648,235.374584827774,0,0,0,0,8.5796238942479,17.2738165569311,6.66056207379913,11.8790455539239,0,0,0,0,0,0,0,0,0,0,291.98828636776,254.361193473074,273.913525967459,583.959485394475,328.223014944722,667.729836231239,0,0,11.2186424620516,9.77296428338199,10.5031596016299,22.3823441985046,12.5496665448918,25.5256495052142,0,0,302.383640320946,262.748739975944,337.739611492091,758.015100366926,468.204794165911,964.501368449682,0,0,11.618040070277,10.0952275027087,12.9468828278186,29.0439901566474,17.8979152577204,36.8579015628028,0,0,0,0,52.1393951885299,121.30758751919,63.8284292119301,122.398068678235,0,0,0,0,0,0,0,0,0,0,352.81475091503,166.709673863197,785.946309980723,739.842355348448
"156",2002,2542,12.9166666666667,5013.89211629535,4137.45473246956,1174.66885337109,2249.21091034562,621.883146163616,1048.33617522392,0,0,0,0,0,0,0,0,0,0,0,0,1.9410534143322,3.80946632357178,1.18772795625204,2.01106923182711,0,0,0,0,0,0,0,0,0,0,4424.26288409433,3604.33336095974,799.536803573288,1608.25520259752,529.954895451678,990.037546056951,0,0,169.987255152118,138.484251667197,30.8137112884725,61.9893158405835,20.4196371628145,38.1463278265827,0,0,22988.4936545783,18637.9574917277,4615.0043085993,9052.08510695308,3388.30071132968,6007.40622883716,0,0,883.244860986339,716.100421297961,179.602381129739,353.082737777146,133.140829949679,236.5188374413,0,0,0,0,8.59090224102434,17.2982494674896,6.69208914780768,11.9496002621643,0,0,0,0,0,0,0,0,0,0,293.241354934005,255.082223507095,275.860450688543,588.199131007264,331.786555603974,675.770804334596,0,0,11.2667875331172,9.80066740400385,10.5780977255653,22.5454786258581,12.6864124388318,25.8340634490019,0,0,301.211499951096,261.352772487738,338.293135570144,759.305777252457,470.606910631832,970.553992008934,0,0,11.5730050761225,10.0415921820227,12.9684239566407,29.0941968440196,17.9903682678455,37.0905613839299,0,0,0,0,52.2192459630318,121.566104091751,64.1748255262452,123.220707362031,0,0,0,0,0,0,0,0,0,0,355.921036095941,168.138167600425,798.67535254299,753.684999010347
"157",2003,2542,13,4994.99907620588,4118.29253403465,1173.26954608692,2246.02622090588,620.94293319137,1046.98091945546,0,0,0,0,0,0,0,0,0,0,0,0,1.93845689963368,3.80369119171863,1.1866032238821,2.00963174061251,0,0,0,0,0,0,0,0,0,0,4447.13936845629,3618.17508197518,805.734220108197,1620.80365304856,535.903548955882,1002.25690258924,0,0,170.866206264676,139.016072723865,31.052593106059,62.4730896570085,20.6488585902429,38.6171694075601,0,0,22947.2083391728,18579.036514198,4616.06683983058,9053.84365183338,3400.13609427638,6034.81606855255,0,0,881.658737118976,713.836579009833,179.645119950087,353.157722101586,133.61013083443,237.607263716115,0,0,0,0,8.60172830292311,17.3208344668415,6.72269600297768,12.0174835072886,0,0,0,0,0,0,0,0,0,0,294.467600329114,255.736635109813,277.783357599915,592.300278360893,335.225056358885,683.328371359557,0,0,11.3139020160133,9.82581093788389,10.6521193363078,22.7033152034302,12.8183862943753,26.1240178014584,0,0,300.053946887179,259.965314461845,338.825799585343,760.501830161736,472.933330369514,976.359305186611,0,0,11.5285305388503,9.98828380884992,12.9891687075647,29.1407866689631,18.0799365435067,37.3137917689726,0,0,0,0,52.2933860216918,121.804421332063,64.5098854372504,124.011251118988,0,0,0,0,0,0,0,0,0,0,359.088502455977,169.649664356195,811.726819626949,768.446786239037
"158",2003,2542,13.0833333333333,4976.23130352527,4099.28891402307,1171.86650736142,2242.81386959465,619.942377849543,1045.49919278062,0,0,0,0,0,0,0,0,0,0,0,0,1.93590626424672,3.79794769533482,1.18534934556304,2.00793157967738,0,0,0,0,0,0,0,0,0,0,4469.986179258,3631.94991752706,811.926654441511,1633.3180253521,541.843306544927,1014.46385456184,0,0,171.744017271595,139.545323934061,31.2912850166276,62.9555544713202,20.8777394120584,39.0875371726909,0,0,22906.3559661269,18520.5952387814,4617.12688854339,9055.48352707573,3411.79311315088,6061.85902790775,0,0,880.089246558883,711.591167685553,179.687627602934,353.22773939433,134.072309228795,238.681053141752,0,0,0,0,8.61263912450943,17.3433221928503,6.75299028091102,12.0847401818242,0,0,0,0,0,0,0,0,0,0,295.695634448453,256.38957397707,279.709035236871,596.397946129673,338.663825807287,690.884738832422,0,0,11.3610852232866,9.85089788697178,10.7262506124489,22.8610267686087,12.9503791225448,26.4139456825243,0,0,298.919315784586,258.598418645696,339.351780650718,761.664858870041,475.226292194437,982.073470103984,0,0,11.4849366888258,9.93576546904864,13.0096600823311,29.1861187488354,18.168234415607,37.5335594410755,0,0,0,0,52.3643344400101,122.033286689347,64.8394840336705,124.790852052067,0,0,0,0,0,0,0,0,0,0,362.276314577513,171.176782988264,824.931614305008,783.472401003688
"159",2003,2542,13.1666666666667,4957.46418411267,4080.38588329042,1170.37588210796,2239.44075417886,618.891335786598,1043.92264263512,0,0,0,0,0,0,0,0,0,0,0,0,1.93338395324145,3.79223672483287,1.18398936860947,2.00603535362944,0,0,0,0,0,0,0,0,0,0,4492.82088269644,3645.68874867143,818.108707884099,1645.80233172553,547.784710014551,1026.69160226451,0,0,172.621363094256,140.073191797345,31.5295800346064,63.4368668061065,21.1066853775836,39.5587095611945,0,0,22865.8868775104,18462.6904919338,4618.09501619496,9056.9176905806,3423.324369458,6088.71269095119,0,0,878.534481334096,709.366370690444,179.726486760243,353.289526463716,134.529431631529,239.747195127088,0,0,0,0,8.62365055657324,17.3658839133361,6.78307978693357,12.1517281444562,0,0,0,0,0,0,0,0,0,0,296.92985838236,257.051362034607,281.640687524708,600.511738398687,342.121642850971,698.514879013076,0,0,11.4085062515111,9.8763248361823,10.8006141087944,23.0193640863012,13.0831087572179,26.706712891916,0,0,297.807909094997,257.253712746605,339.872844273198,762.805367704164,477.49360333454,987.728609789942,0,0,11.4422351468757,9.88409970173443,13.0299655527666,29.2305950865893,18.2555600950096,37.751091516077,0,0,0,0,52.4325705798631,122.254640753789,65.1646083316409,125.563108678927,0,0,0,0,0,0,0,0,0,0,365.477427222661,172.707822401687,838.261206764405,798.648848435393
"160",2003,2542,13.25,4938.69813828005,4061.58241212342,1168.7997909005,2235.91063227899,617.789845958755,1042.25149512996,0,0,0,0,0,0,0,0,0,0,0,0,1.93086149597181,3.78650928337602,1.18252662556862,2.00394807054603,0,0,0,0,0,0,0,0,0,0,4515.64974912478,3659.39757944894,824.282157046065,1658.2601425711,553.729567069635,1038.94313153921,0,0,173.498484649654,140.599906998557,31.7675461494851,63.917163311439,21.3357657796127,40.0308009623146,0,0,22825.7927774507,18405.3133627806,4618.97252022219,9058.14855069523,3434.728993405,6115.37447256051,0,0,876.99412270772,707.161845654162,179.761748239029,353.343177781756,134.981463549966,240.805585800228,0,0,0,0,8.63471780248266,17.3884434069977,6.81296599539218,12.218446150263,0,0,0,0,0,0,0,0,0,0,298.169852337394,257.72133676015,283.577358601685,604.639110750401,345.59648788712,706.212864991886,0,0,11.4561489715699,9.90206633034868,10.8751730496166,23.1782293694404,13.2164977907099,27.0020925621169,0,0,296.718894841655,255.930780891946,340.388734598555,763.923651266351,479.735575930211,993.327497739466,0,0,11.4003939473624,9.83327052840784,13.0500751513429,29.2742265899173,18.3419252441768,37.9664934383594,0,0,0,0,52.498154299993,122.468592049055,65.4852360688963,126.327929011703,0,0,0,0,0,0,0,0,0,0,368.691904965335,174.242833382657,851.716197742064,813.977389319605
"161",2003,2542,13.3333333333333,4919.93385385902,4042.87769470745,1167.14037172865,2232.22731347161,616.638019766027,1040.48609004668,0,0,0,0,0,0,0,0,0,0,0,0,1.92831589497626,3.78072565041162,1.18096365932221,2.00167366650507,0,0,0,0,0,0,0,0,0,0,4538.47764273005,3673.08122919256,830.448349473821,1670.69418828912,559.679242567981,1051.22075161202,0,0,174.375568827634,141.125654704179,32.0052349047626,64.3965484395957,21.5650329285885,40.5038998291235,0,0,22786.0663684136,18348.4558130812,4619.76085856821,9059.17885668905,3446.00632765447,6141.84215272291,0,0,875.467890300337,704.97728373437,179.793469091641,353.388801096833,135.428378784253,241.856135567331,0,0,0,0,8.64580474860472,17.4109391572244,6.84264994798775,12.2848927105921,0,0,0,0,0,0,0,0,0,0,299.415247154528,258.398901066636,285.518241552806,608.777865542299,349.086648794231,713.973491575642,0,0,11.5039991998,9.9280994284296,10.949896381755,23.3375381452718,13.3504806009649,27.2998854630045,0,0,295.651513552742,254.629236458229,340.899213438102,765.019967635835,481.952461952829,998.872524109129,0,0,11.3593839103956,9.78326309436816,13.0699795835959,29.3170227567169,18.4273392121106,38.179855974507,0,0,0,0,52.5611390220626,122.6752397794,65.8013487035776,127.085227692246,0,0,0,0,0,0,0,0,0,0,371.91980802112,175.781862876805,865.297120748603,829.459175405343
"162",2003,2542,13.4166666666667,4901.17223198925,4024.27110361796,1165.39977154727,2228.39464129062,615.436031682241,1038.62686609772,0,0,0,0,0,0,0,0,0,0,0,0,1.92572841188239,3.7748533687191,1.1793024721159,1.9992153402962,0,0,0,0,0,0,0,0,0,0,4561.30831660714,3686.74358141132,836.608297779822,1683.10654227157,565.634752149161,1063.52623325602,0,0,175.252759828104,141.650584124838,32.2426850049212,64.8751014573916,21.7945257403525,40.9780739707604,0,0,22746.701141127,18292.1104979946,4620.4616052074,9060.01160983637,3457.15588522359,6168.11380874697,0,0,873.955534018617,702.812402730253,179.821710886299,353.426513991729,135.870157796149,242.898766483303,0,0,0,0,8.65688191051717,17.4333209216192,6.87213237476619,12.3510661722662,0,0,0,0,0,0,0,0,0,0,300.665713053559,259.083511434574,287.462642669297,612.926076282575,352.590648030502,721.792134030864,0,0,11.5520442655355,9.95440324753564,11.0247574017381,23.4972163517774,13.4850005565377,27.5999145904565,0,0,294.605064715884,253.34871413348,341.404061244416,766.09454858708,484.144472145386,1004.36576534662,0,0,11.319178121394,9.73406336373742,13.0896702675174,29.3589920710554,18.5118097631457,38.3912578833172,0,0,0,0,52.6215733725099,122.87467633874,66.112930815491,127.834925074343,0,0,0,0,0,0,0,0,0,0,375.161192966975,177.324954535285,879.004455570414,845.095267864136
"163",2003,2542,13.5,4882.41436616772,4005.76217224153,1163.58014188216,2224.4164844855,614.184116745554,1036.67435703463,0,0,0,0,0,0,0,0,0,0,0,0,1.9230840956358,3.7688664599658,1.17754462085632,1.99657568348467,0,0,0,0,0,0,0,0,0,0,4584.14452729652,3700.38768063428,842.762716653104,1695.49869245357,571.596798633001,1075.86086027334,0,0,176.130163561756,142.174812236208,32.479923733603,65.3528791879075,22.0242711307189,41.4533725238386,0,0,22707.6912932103,18236.2706972819,4621.07643102363,9060.65002585264,3468.17733385219,6194.18779113464,0,0,872.456830928958,700.666944439219,179.846538968788,353.456442432577,136.306787106325,243.933411322183,0,0,0,0,8.66792564379543,17.4555484089386,6.90141373695913,12.4169647449074,0,0,0,0,0,0,0,0,0,0,301.920955157487,259.774673527101,289.409967404565,617.082058280623,356.107213774786,729.664693637007,0,0,11.6002728391464,9.98095879445266,11.0997332162967,23.657199210719,13.6200089097989,27.9020230799,0,0,293.578901881521,252.088866772937,341.903077776407,767.147603878908,486.311783695768,1009.80901165487,0,0,11.27975174295,9.68565799865115,13.1091393600779,29.4001421698032,18.5953433724427,38.6007669696705,0,0,0,0,52.6795018201601,123.066988316003,66.4199699324288,128.576947002659,0,0,0,0,0,0,0,0,0,0,378.416112964394,178.872148882299,892.838632917191,860.886643657786
"164",2003,2542,13.5833333333333,4863.66151104178,3987.35056871186,1161.6836335184,2220.29672587995,612.88256540494,1034.62918360282,0,0,0,0,0,0,0,0,0,0,0,0,1.92037108676704,3.76274426540742,1.17569135192922,1.99375686313821,0,0,0,0,0,0,0,0,0,0,4606.98820460153,3714.01587528449,848.912077305221,1707.87164695082,577.565826563493,1088.22550896911,0,0,177.007854174721,142.698429268459,32.7169690400393,65.829920058671,22.2542861057473,41.9298289966967,0,0,22669.0316084119,18180.930212651,4621.6070777042,9061.09748275638,3479.07047178298,6220.0626847377,0,0,870.971580617632,698.540670712709,179.868021453198,353.478718751118,136.738258356947,244.960012072982,0,0,0,0,8.67891698525813,17.4775893363357,6.93049429179939,12.4825865419072,0,0,0,0,0,0,0,0,0,0,303.180706978099,260.47193530537,291.359700093513,621.244325265442,359.635238277776,737.587514987097,0,0,11.6486746817447,10.007748701124,11.1748039632873,23.8174295619375,13.7554631999382,28.2060710378852,0,0,292.572424988508,250.849361102199,342.396082295131,768.179327056613,488.454550530136,1015.20380866142,0,0,11.2410817199675,9.63803419416643,13.1283797659374,29.4404800676677,18.6779456221967,38.8084416823664,0,0,0,0,52.7349655962577,123.252257912219,66.7224562076718,129.31122433438,0,0,0,0,0,0,0,0,0,0,381.684618146221,180.423483622439,906.800041750037,876.834206000301
"165",2003,2542,13.6666666666667,4844.9150584641,3969.03607598559,1159.71239233179,2216.03925362107,611.531719529835,1032.49204735172,0,0,0,0,0,0,0,0,0,0,0,0,1.91758009077522,3.75647056405516,1.17374369695445,1.99076075249573,0,0,0,0,0,0,0,0,0,0,4629.84058118372,3727.62992657788,855.056648964903,1720.22601451951,583.542064044244,1100.62070876025,0,0,177.885879027827,143.221502890324,32.953831129262,66.3062471851385,22.4845793651917,42.4074635911736,0,0,22630.7173646,18126.0832895586,4622.05533791027,9061.3574811517,3489.83520927104,6245.73727903038,0,0,869.499601655692,696.433360451715,179.886228455123,353.493480107405,137.164567596207,245.978518789277,0,0,0,0,8.68984078907293,17.4994179758956,6.95937413875808,12.5479296085355,0,0,0,0,0,0,0,0,0,0,304.444725452776,261.174881689471,293.311388807891,625.411556504489,363.173746582247,745.557321839281,0,0,11.6972404544904,10.0347570195144,11.2499522298812,23.9778566007913,13.8913260534813,28.5119330843069,0,0,291.585074520419,249.629874640462,342.882913373717,769.18989976462,490.572910647275,1020.55149044704,0,0,11.2031465551383,9.59117956004778,13.1473851310808,29.4800123245425,18.759621484019,39.0143323804764,0,0,0,0,52.7880033734813,123.430563989393,67.0203821816458,130.037692590486,0,0,0,0,0,0,0,0,0,0,384.966755900966,181.978993879102,920.889034626176,892.938792367385
"166",2003,2542,13.75,4826.17651785517,3950.81857556448,1157.66855592816,2211.6479540367,610.131968962301,1030.26372532295,0,0,0,0,0,0,0,0,0,0,0,0,1.91470395685074,3.75003286161987,1.1717025410319,1.98758902525566,0,0,0,0,0,0,0,0,0,0,4652.70229785091,3741.23109694262,861.196532359856,1732.56206946056,589.52555678424,1113.04669121463,0,0,178.764262741935,143.74408160631,33.1905137453456,66.7818708582192,22.715152607652,42.8862850814203,0,0,22592.7442591833,18071.7245536655,4622.42303957392,9061.43361255282,3500.47155354701,6271.2105437613,0,0,868.040728733516,694.344807165264,179.901231484085,353.500867263106,137.585714696335,246.988888647042,0,0,0,0,8.70068505265312,17.5210140137816,6.98805325270587,12.6129919407865,0,0,0,0,0,0,0,0,0,0,305.71278693651,261.883130088681,295.264633505153,629.582570415897,366.721871876308,753.57116389486,0,0,11.7459615645985,10.0619690498753,11.3251625972405,24.1384348648878,14.0275642390962,28.819496313247,0,0,290.616326720553,248.430093429214,343.363428298174,770.179495080898,492.666991420624,1025.85320783796,0,0,11.1659261250958,9.54508203349992,13.1661498205694,29.5187451749481,18.8403755231405,39.2184824178391,0,0,0,0,52.8386517858194,123.601982874386,67.3137425922452,130.756291677425,0,0,0,0,0,0,0,0,0,0,388.262571098143,183.538712398466,935.105931812428,909.201181130497
"167",2003,2542,13.8333333333333,4807.44749906503,3932.69803335491,1155.55425073627,2207.12670539971,608.683748372834,1027.94506522379,0,0,0,0,0,0,0,0,0,0,0,0,1.91173731426188,3.74342177526853,1.16956867924494,1.98424323376802,0,0,0,0,0,0,0,0,0,0,4675.57349488838,3754.82022656979,867.331688690801,1744.87980783,595.516197759506,1125.50343296037,0,0,179.64301070703,144.266197697905,33.427015281937,67.2567906986901,22.9460016677868,43.3662924580128,0,0,22555.1083445177,18017.8489557794,4622.71203248447,9061.32953218031,3510.9795957001,6296.48160752954,0,0,866.594810179089,692.274816855068,179.91310292431,353.501023527542,138.001702845782,247.99108511557,0,0,0,0,8.71144033916142,17.542361571473,7.01653151236297,12.677771501164,0,0,0,0,0,0,0,0,0,0,306.984683742292,262.596326455588,297.219075942485,633.756301801566,370.2788344608,761.626370030732,0,0,11.7948300324155,10.0893711891381,11.400421252997,24.2991233598427,14.1641478610099,29.1286585011364,0,0,289.665689414975,247.249710197563,343.837502344385,771.148280315017,494.736913879305,1031.10995350539,0,0,11.1294015199295,9.49972980867673,13.184668891424,29.5566846366563,18.9202120633055,39.420929105008,0,0,0,0,52.8869458696525,123.76658903901,67.6025342085325,131.466965642899,0,0,0,0,0,0,0,0,0,0,391.57210628032,185.102669731982,949.451024753202,925.622097364387
"168",2003,2542,13.9166666666667,4788.72969785687,3914.67448775202,1153.37158958822,2202.47937266611,607.187534444829,1025.53698112712,0,0,0,0,0,0,0,0,0,0,0,0,1.90867627135695,3.7366305215438,1.16734285917344,1.98072486835821,0,0,0,0,0,0,0,0,0,0,4698.45388858103,3768.3977974765,873.461963744197,1757.17899425768,601.513752094961,1137.99069174332,0,0,180.522112022324,144.787869684974,33.6633297065326,67.7309974517811,23.1771174704366,43.8474763097149,0,0,22517.805973935,17964.4517257498,4622.92417735033,9061.04893659378,3521.35949966378,6321.5497396138,0,0,865.161705884321,690.223206244064,179.921915611051,353.494093890556,138.412538122666,248.985077254289,0,0,0,0,8.72209930769997,17.5634484064004,7.04480872256506,12.7422662303395,0,0,0,0,0,0,0,0,0,0,308.260221265919,263.314141892764,299.17439151185,637.931782983519,373.843924638866,769.720508435196,0,0,11.8438383809493,10.1169508005362,11.4757156775189,24.4598848349068,14.3010497028275,29.439326579431,0,0,288.732698479277,246.088422982661,344.305027902003,772.09641923738,496.782795886237,1036.32258380399,0,0,11.093554907433,9.45511128367568,13.2029380595155,29.5938365972509,18.9991353092152,39.6217045460342,0,0,0,0,52.9329194161833,123.924455642166,67.8867556917135,132.169662471544,0,0,0,0,0,0,0,0,0,0,394.895401819501,186.67089439621,963.924578833627,942.202217779596
"169",2004,2542,14,4770.01565014301,3896.72187411872,1151.13888921422,2197.73272752741,605.546993613519,1022.79722749673,0.0999021359436005,0.239776598917552,0,0,0,0,0,0,0,0,0,0,1.90552304993882,3.729648380646,1.1648395047818,1.97656536170274,0.000192187139901956,0.000463395405825455,0,0,0,0,0,0,0,0,4721.34445622128,3781.95885379588,879.590433446714,1769.46045240964,607.420776274036,1150.23459130023,0.100339592812713,0.26999781599797,181.401604236955,145.30890715519,33.8995753626268,68.2045221963924,23.404745366791,44.3192839449847,0.0038662201101178,0.0104031895624503,22480.8327559634,17911.4883801383,4623.08663895904,9060.61560956206,3531.04665486506,6344.90529592672,0.582653819155865,1.48770507145065,863.741247121253,688.18826620689,179.928720399808,353.480986122983,138.796026774293,249.911401341853,0.0229026482866186,0.0585974854277106,0,0,8.7326783675935,17.5842358147182,7.07175342815307,12.8034289954544,0.00116710079354314,0.00300253578003216,0,0,0,0,0,0,0,0,309.541299668567,264.034304122329,301.132825352174,642.105543276399,377.361787457531,777.658508979068,0.0621657068536,0.182043364800243,11.8930596173533,10.1446205795167,11.5511319434245,24.6205861208397,14.4361520696081,29.7440394132515,0.00237817627168674,0.0069628257204479,287.817020450036,244.945641403773,344.766793815956,773.022921109242,498.724953672743,1041.24409800957,0.0823058094484828,0.244171234917658,11.0583734755943,9.41120377511735,13.2209874227294,29.6301627159733,19.0740973987304,39.8113641835782,0.00314784376834028,0.00933574198269824,0,0,52.9767379176901,124.075444280201,68.1555034149349,132.832738342205,0.0112486180392009,0.0311507842572783,0,0,0,0,0,0,0,0,398.23011210631,188.244782675968,978.516338510986,958.956723708418
"170",2004,2542,14.0833333333333,4751.08908229419,3878.33340486472,1149.12753708938,2193.26569303248,602.066132491929,1015.46176781263,2.05495762043383,4.92947718851033,0,0,0,0,0,0,0,0,0,0,1.90239980286835,3.72243864814884,1.15879101077068,1.9635134563732,0.00396081084294028,0.00954186575169625,0,0,0,0,0,0,0,0,4744.35349798231,3795.47359375515,885.800646629959,1781.79462390599,611.527878200382,1157.39184262491,2.14206513380492,5.76616208673731,182.285648416766,145.828165076782,34.1389672208484,68.680065380201,23.563017974753,44.5950963307854,0.0825367751192965,0.222174115617833,22444.0807615933,17858.1759388292,4623.62704555709,9060.34763543865,3530.04592946287,6339.79872229606,12.0959176759302,30.8883780632576,862.32928705095,686.139913389723,179.95004711206,353.473752808941,138.759242577577,249.716347299669,0.47550123185083,1.2167215535041,0,0,8.74360942639385,17.6043085118124,7.0773301619489,12.8072286826088,0.0243354939328876,0.062605667692856,0,0,0,0,0,0,0,0,310.863003192022,264.722129727829,303.138268537815,646.233821640545,379.848079928699,781.995469326635,1.25872817862893,3.68577533814867,11.9438417327853,10.1710479337156,11.6283539642483,24.7795501109625,14.5317974294536,29.9110315119466,0.0481542366260084,0.140977380049437,286.915905780026,243.810474608691,345.233535844172,773.891884201749,499.140433709518,1041.44092015451,1.71406287043371,5.08231114978616,11.0237515827507,9.36758883901559,13.2392286009969,29.6642867907129,19.0906745755677,39.8203862190725,0.0655572314559056,0.194324898310096,0,0,53.0206622248974,124.215553572489,68.2148698760516,132.893885174529,0.234750888523835,0.649681552471119,0,0,0,0,0,0,0,0,401.533949424182,189.848662080522,993.022075937414,976.112783753604
"171",2004,2542,14.1666666666667,4732.08358552994,3859.96968777292,1147.01876776953,2188.62430392096,598.591729454461,1008.1641553953,3.96557546834399,9.50757923582253,0,0,0,0,0,0,0,0,0,0,1.89923218287543,3.71515474573013,1.15274585076747,1.9505146156701,0.00765710130735112,0.0184310479933098,0,0,0,0,0,0,0,0,4767.49534758818,3809.07226790922,892.043422626753,1794.18385972681,615.670431662453,1164.61055247856,4.28490257542384,11.5384906809742,183.174795286358,146.350647884363,34.3796112123287,69.157725270443,23.7226540775091,44.8732723678856,0.165104131591886,0.444587866166947,22407.5060761586,17805.2159155297,4624.05345107749,9059.84106609357,3529.03675007879,6334.7182466694,23.5620102166702,60.1759476601317,860.924138481131,684.105101075624,179.966884467234,353.457041457139,138.721929987753,249.521916097615,0.926320603069336,2.37056158274498,0,0,8.75450403138622,17.6242952075287,7.08291154543486,12.8111044972691,0.047606371197718,0.122475800159186,0,0,0,0,0,0,0,0,312.184834023577,265.415078907662,305.142669124477,650.368609078298,382.324831420598,786.350319870356,2.39453619857101,7.01065218791016,11.9946287382851,10.1976721439028,11.7055382431167,24.93876942509,14.6270833047846,30.0787171643876,0.091608251728203,0.26815762159372,286.024605767251,242.684817480858,345.685991659559,774.715977530236,499.530057988121,1041.55915498164,3.34450911618556,9.91166588265657,10.9895067766121,9.32433927982204,13.2569227688052,29.6966936849079,19.106265089451,39.8264056218556,0.127919654243247,0.378988889796073,0,0,53.0621523912377,124.348630519777,68.2701963379242,132.947642667374,0.459610926663516,1.27119115428373,0,0,0,0,0,0,0,0,404.851863857993,191.456729789693,1007.62317082919,993.367883933942
"172",2004,2542,14.25,4713.00987486948,3841.63825187627,1144.81701541262,2183.81663207328,595.124030027081,1000.90479997085,5.8321389306335,13.9751713421522,0,0,0,0,0,0,0,0,0,0,1.8960015459445,3.70776209882042,1.14670476562004,1.93757002475326,0.0112801304193512,0.0271299580031766,0,0,0,0,0,0,0,0,4790.73437657985,3822.72657770531,898.307495730629,1806.60526814743,619.83781768097,1171.86927081972,6.5247358556863,17.5756803705997,184.067675943359,146.875268302282,34.6210746759702,69.6366226799749,23.8832458470998,45.1529881936915,0.251410548929583,0.67721129247219,22371.1299832581,17752.6236712239,4624.373233779,9059.11025126042,3528.02182877896,6329.66838797942,34.9842267660554,89.3596241350616,859.52661915681,682.084419458138,179.979518902441,353.431410448536,138.684198263019,249.328290756145,1.37548515310886,3.52046588223567,0,0,8.76534557807646,17.644158773792,7.08850257301337,12.8150642087446,0.0709783328565019,0.182615879682817,0,0,0,0,0,0,0,0,313.507257583608,266.113122592971,307.146890222183,654.51048634842,384.794803332219,790.724250585116,3.47654882710176,10.176408175553,12.0454385160522,10.2244920932052,11.7827179056111,25.0982663918991,14.7221155759281,30.2471424574088,0.13300666326697,0.389258956366404,285.144594373038,241.570388946159,346.126407591305,775.501780867694,499.896805210476,1041.60994510655,4.96771560040433,14.7149096949558,10.9556956891882,9.28152114141588,13.274155917354,29.7276352432317,19.1209826046511,39.8298478681036,0.190008308242387,0.562665010091231,0,0,53.1012957214774,124.474882210514,68.321596903841,132.994220797551,0.685790577782816,1.89558444131764,0,0,0,0,0,0,0,0,408.183859402664,193.069016856028,1022.3193788276,1010.72238023555
"173",2004,2542,14.3333333333333,4693.87766552603,3823.34578811359,1142.52644642292,2178.85025551716,591.663206571806,993.683961284205,7.65504439526314,18.3333726645315,0,0,0,0,0,0,0,0,0,0,1.89269353224639,3.7002339213798,1.14066826922895,1.92468053880047,0.0148292241294873,0.0356380738947772,0,0,0,0,0,0,0,0,4814.04024258494,3836.41261702306,904.58348088199,1819.0398315859,624.021360282847,1179.15066951792,8.85731630456963,23.8660034229261,184.9631245853,147.401107819163,34.8629970793878,70.1160270144338,24.0444599885311,45.4335780798413,0.341293120793602,0.919594739763418,22334.9699641631,17700.4114700603,4624.59281777413,9058.16765833326,3527.00316897659,6324.65228453188,46.3656861111544,118.448123103349,858.137400732693,680.078339745397,179.988200011116,353.397345417573,138.646129134604,249.135600665588,1.82311259470815,4.66676404118948,0,0,8.77611937666814,17.6638662606052,7.09410525501993,12.8191097882442,0.0944499377830585,0.243027694863448,0,0,0,0,0,0,0,0,314.830578687339,266.816131772629,309.151390638952,658.659331638348,387.259901336852,795.117205386616,4.51104222174124,13.2008922258415,12.0962827775782,10.251502824808,11.8599105475708,25.2580363433557,14.8169672596161,30.4163055472783,0.172589765262037,0.50496461698011,284.277064431968,240.468609442707,346.556721248123,776.255005929201,500.243367728639,1041.60318962373,6.57867506722939,19.4773885093475,10.9223641511707,9.23918899929814,13.291002214489,29.7573300719684,19.1349298735558,39.8310909781634,0.2516316606292,0.744792770618276,0,0,53.1381702144333,124.594495225268,68.3691787553232,133.033816049143,0.913252419678932,2.5227692479135,0,0,0,0,0,0,0,0,411.529944110576,194.685553834218,1037.11053077154,1028.17663869615
"174",2004,2542,14.4166666666667,4674.69582385796,3805.09827633828,1140.15099456234,2173.73232511857,588.209376422182,986.501781922277,9.43469959645367,22.5833284177709,0,0,0,0,0,0,0,0,0,0,1.88929729682402,3.69254984175001,1.13463670546751,1.91184675172721,0.0183039261987873,0.043955271610181,0,0,0,0,0,0,0,0,4837.38705178263,3850.110169969,910.863565991926,1831.4717740728,628.213992684922,1186.44082886291,11.278323858419,30.3974863738868,185.860146330174,147.927389708052,35.1050782270167,70.5953320287029,24.2060249444424,45.7145070816312,0.434586129841182,1.17127892303666,22299.0403022175,17648.5889804249,4624.71782561943,9057.02417794377,3525.98219856888,6319.67196072295,57.7093222371306,147.449641164607,856.757031995013,678.08723341217,179.993146431279,353.355271054832,138.607781962719,248.943931913966,2.26931363524691,5.80976596681741,0,0,8.78681255267888,17.6833886883745,7.09971943577833,12.8232390688024,0.118019627616681,0.303711812409867,0,0,0,0,0,0,0,0,316.154970822346,267.523899297731,311.156316966098,662.814493619884,389.721364961651,799.528214936086,5.50366657529088,16.1002200107553,12.1471681885368,10.2786963797178,11.9371217696404,25.4180542578989,14.9116857871126,30.5861694437642,0.210573882598654,0.615891480019216,283.422969227188,239.38064238064,346.978588783076,776.980579686848,500.57215823215,1041.5476342053,8.17319904805263,24.1868265873015,10.8895487893195,9.19738755354339,13.3075250467289,29.7859667240625,19.1481989790494,39.8304689326877,0.312629510705692,0.924902675380263,0,0,53.172845911232,124.707638620751,68.4130428501529,133.066612809948,1.14195966434635,3.15265594638322,0,0,0,0,0,0,0,0,414.890128573441,196.306370255797,1051.99650707407,1045.73101415583
"175",2004,2542,14.5,4655.47249722722,3786.90109457118,1137.69439132639,2168.46962215546,584.762617176931,979.358315093242,11.1715221303613,26.7262061295465,0,0,0,0,0,0,0,0,0,0,1.88580485409088,3.68469472878404,1.12861029544175,1.89906905472666,0.0217039663872323,0.0520817681103876,0,0,0,0,0,0,0,0,4860.75263674679,3863.80210600975,917.141245775374,1843.8880134506,632.409969777749,1193.72862226097,13.7834194795385,37.1580637198054,186.757889470023,148.453455786461,35.3470680583378,71.0740348293642,24.3677198733889,45.9953474486948,0.531123065057093,1.43180084072017,22263.3526046025,17597.1637068024,4624.75320988873,9055.68938738265,3524.95988373425,6314.72855464442,69.0178793156894,176.371840749055,855.385958908411,676.111388792634,179.994550923074,353.305561282091,138.569198144422,248.753336102299,2.71419177553717,6.94976127790008,0,0,8.79741393023599,17.7027008022754,7.1053434534937,12.8274470780105,0.141685674086269,0.364667560079081,0,0,0,0,0,0,0,0,317.480501292553,268.23615840861,313.16158061518,666.974935718771,392.179925625708,803.955670396392,6.45950016340422,18.8889188752703,12.1980973348551,10.3060625086006,12.0143481345625,25.5782802993473,15.0062990720164,30.7566725278471,0.247153439203688,0.722595610327165,282.583058749821,238.307430542172,347.393411685489,777.682723824234,500.885320857189,1041.45096337781,9.74782275697773,28.8330549464408,10.8572784196033,9.1561530273481,13.323778043717,29.8137067376251,19.1608717487058,39.8282751778525,0.372869349383502,1.10260582741809,0,0,53.2053860873198,124.814466568105,68.4532845719731,133.092784674908,1.37187606651575,3.78515704173222,0,0,0,0,0,0,0,0,418.264424642492,197.931494205252,1066.97721705631,1063.38583401592
"176",2004,2542,14.5833333333333,4636.21522067518,3768.75910879722,1135.16019103913,2163.06860575361,581.322978931107,972.253546980391,12.865938264436,30.7631926201109,0,0,0,0,0,0,0,0,0,0,1.88221054804994,3.67665773943005,1.12258917409346,1.88634768341537,0.0250292336755233,0.0600180732320951,0,0,0,0,0,0,0,0,4884.11796203252,3877.47388246699,923.411102003912,1856.27770846463,636.604632014429,1201.00521011234,16.3682879627203,44.1357040662676,187.65562263261,148.978747301433,35.5887582244461,71.5517185126913,24.5293655974484,46.2757592184686,0.63073827016123,1.70069863142048,22227.9162324433,17546.1413452161,4624.70336133281,9054.17176707077,3523.93682137252,6309.82250258585,80.293909888184,205.221844057014,854.024541141193,674.151024736987,179.992584543096,353.248547614523,138.53040469521,248.563837492716,3.15784323219944,8.08701905005304,0,0,8.80791389909236,17.7217807910965,7.11097462910177,12.8317270175155,0.165446150486155,0.425893057013855,0,0,0,0,0,0,0,0,318.807151786491,268.952597664957,315.166918457405,671.139349082238,394.63593039466,808.397533487177,7.38309947610695,21.5800628424304,12.2490695129797,10.333589245421,12.0915794954212,25.7386641549251,15.1008202624711,30.927736624338,0.282502876618016,0.825577426505935,281.757909994694,237.249726783862,347.802362488338,778.365028556332,501.184746412943,1041.3198929211,11.2997196092138,33.4077667309697,10.8255752112071,9.11551434666086,13.3398060616722,29.840687459957,19.1730203292831,39.8247661413378,0.432243086932118,1.27758456646871,0,0,53.2358482671221,124.915120597751,68.4899943200623,133.11249563434,1.60296583885675,4.42018680808206,0,0,0,0,0,0,0,0,421.652844409663,199.560952004884,1082.05258359211,1081.14138726625
"177",2004,2542,14.6666666666667,4616.9310052646,3750.67674737853,1132.55179176711,2157.53545230047,577.890494095367,965.1874148223,14.5183819741554,34.6954915438383,0,0,0,0,0,0,0,0,0,0,1.87851062024008,3.66843153912026,1.116573418784,1.87368275610414,0.0282797535738334,0.0677649486533327,0,0,0,0,0,0,0,0,4907.46663062704,3891.11313178236,929.668620695301,1868.63188145936,640.794210177817,1208.26362081596,19.028672758965,51.3185133487155,188.552715818485,149.502789071598,35.829975079751,72.0280376994378,24.6908171160405,46.5554741479493,0.733268285578727,1.97751555060574,22192.7386585013,17495.5260783058,4624.57219850024,9052.47887981915,3522.91331469779,6304.95368949304,91.5397755718007,234.00623420936,852.673065808337,672.206301948783,179.987400103517,353.184526086059,138.491417178742,248.375438839637,3.60035695771956,9.22178784009245,0,0,8.81830427559179,17.7406099920174,7.11660962953774,12.8360709838359,0.189298920119187,0.487385275224362,0,0,0,0,0,0,0,0,320.134835329942,269.672873048066,317.171940745933,675.306241247998,397.089439326901,812.851497660225,8.27854571544736,24.1853983365831,12.3000813812246,10.361263372429,12.1688008359641,25.8991484409709,15.1952514798403,31.0992731979459,0.316778433705685,0.925286511898634,280.947952523476,236.208120189729,348.206409163484,779.030521041862,501.472090025383,1041.16026021975,12.8266242277175,37.9042963937048,10.7944556687065,9.07549414502716,13.3556461170128,29.8670246655238,19.1847078558558,39.8201646747079,0.490664105605003,1.44958401774682,0,0,53.2642850914117,125.009731518373,68.5232580419889,133.125901149771,1.83519357541312,5.05766096690854,0,0,0,0,0,0,0,0,425.055399394388,201.194767984114,1097.22253174047,1098.99791739364
"178",2004,2542,14.75,4597.62641191204,3732.65806329281,1129.87245291993,2151.8760885074,574.465185319835,958.159821630915,16.1292941558728,38.5243213669864,0,0,0,0,0,0,0,0,0,0,1.87470285328461,3.66001165652287,1.11056307196711,1.86107430522836,0.0314556687589609,0.0753233727104008,0,0,0,0,0,0,0,0,4930.78447008923,3904.70931576725,935.91003873314,1880.94310141328,644.975662689832,1215.49840140988,21.7604041317419,58.6948188437625,189.448624499794,150.025176202897,36.0705738013039,72.5027063816474,24.8519573667381,46.8342823139742,0.838552934378395,2.26180320972823,22157.8257676061,17445.3208226773,4624.36324268035,9050.61752059684,3521.88943556342,6300.12157258657,102.757649722644,262.731062019043,851.331759014478,670.277332488514,179.979135064959,353.113763035907,138.45224212311,248.188126182503,4.04181473636226,10.354295928223,0,0,8.82857816578001,17.7591725985615,7.12224474142281,12.8404705054289,0.213241635952308,0.549140119126281,0,0,0,0,0,0,0,0,321.463410381133,270.39661784412,319.176169258353,679.474006117856,399.540302676367,817.315112239534,9.14948782978401,26.7154609773736,12.351127501331,10.3890707998926,12.2459937356361,26.0596713911954,15.2895867841579,31.2711881271564,0.350119793975024,1.02212608439757,280.153490260723,235.183058571631,348.606337999582,779.68172850077,501.74878982082,1040.97711074956,14.3267630975622,42.3174203803317,10.7639314695046,9.03610962808991,13.3713282622074,29.8928149719778,19.1959891623679,39.8146633515661,0.548064605006777,1.61840446358573,0,0,53.2907450611138,125.098421063307,68.5531577111916,133.13314911948,2.06852418448979,5.69749640715302,0,0,0,0,0,0,0,0,428.47209989187,202.832964313664,1112.48698031153,1116.95561805967
"179",2004,2542,14.8333333333333,4578.30761364878,3714.70678668072,1127.12531018813,2146.09621937542,571.047071921964,951.170648260387,17.699121966194,42.2509136602684,0,0,0,0,0,0,0,0,0,0,1.87078627464783,3.65139594545598,1.10455815917425,1.84852230325568,0.0345572224285867,0.0826945100129081,0,0,0,0,0,0,0,0,4954.05918247347,3918.25343336014,942.132214238717,1893.2052157412,649.146539062796,1222.70532426323,24.5594218963655,66.2532375212047,190.342876169802,150.545562860152,36.310433418253,72.9754876382151,25.0126919879053,47.1120208616641,0.946436200143384,2.55312421392621,22123.1821111946,17395.5274380947,4624.07968105212,9048.5938425909,3520.86507619239,6295.32528356962,113.949521560556,291.401856989676,850.000795633644,668.364187811106,179.967913974306,353.036499979548,138.412879027035,248.001872809967,4.48229133681079,11.4847517241992,0,0,8.83872983217402,17.7774553753293,7.12787607586281,12.8449169388826,0.237271748344369,0.611152516823713,0,0,0,0,0,0,0,0,322.79269263534,271.12345075998,321.179067745424,683.64097923797,401.988222331405,821.785877800206,9.99918243935962,29.1796843028665,12.4022007920187,10.4169968779189,12.323137539345,26.2201689810076,15.3838145344142,31.4433853735111,0.382651614043551,1.11645715779866,279.374720249038,234.174868008683,349.002774988571,780.32073645666,502.016086013299,1040.7747802683,15.7987918501346,46.6431764933893,10.7340101844335,8.99737332432512,13.3868764047584,29.9181380701008,19.2069115088863,39.8084276041464,0.604393201257355,1.78389442998466,0,0,53.3152731797464,125.181303312997,68.5797717570554,133.134380748514,2.30292282963345,6.33961094060377,0,0,0,0,0,0,0,0,431.902954450053,204.475560890537,1127.84583567818,1135.01463084279
"180",2004,2542,14.9166666666667,4558.9804469798,3696.82636827091,1124.31338796226,2140.2013513448,567.636174914365,944.21976299808,19.2283182733351,45.8765116710968,0,0,0,0,0,0,0,0,0,0,1.86676091684868,3.6425841474713,1.09855870267194,1.8360266834038,0.0375847442540442,0.0898796856637614,0,0,0,0,0,0,0,0,4977.28005448026,3931.73777885493,948.332519481901,1905.41312841446,653.304868097415,1229.88114689677,27.4217929807092,73.9827293923682,191.235059206407,151.063652977812,36.5494527049819,73.4461851254208,25.17294502975,47.3885647891629,1.0567669058835,2.85105422337044,22088.8111184791,17346.1469006579,4623.7244186766,9046.41346083498,3519.83999092544,6290.56371067483,125.117201606177,320.023642127426,848.680307422606,666.466905419691,179.953850472078,352.952957613452,138.37332197967,247.816642443829,4.92185471578122,12.6133443215432,0,0,8.848754565924,17.7954473832237,7.13349971088164,12.849401737906,0.261386519661234,0.673416520276629,0,0,0,0,0,0,0,0,324.122464665315,271.852982376689,323.180065220661,687.805479417914,404.43279863526,826.261315028799,10.8305305824946,31.5865002030115,12.4532928993877,10.445026644408,12.4002102524571,26.3805765274817,15.4779191876149,31.6157696323039,0.414484930529021,1.20860238629221,278.611748515229,233.183769563758,349.396205608917,780.949241935524,502.275040062986,1040.55697210623,17.2417391709666,50.8787019436869,10.7046958873564,8.95929372731679,13.4023090650102,29.9430587611504,19.2175153127131,39.8015986749847,0.659612779727601,1.94594448839259,0,0,53.3379114979629,125.258485901174,68.6031754471378,133.129731322194,2.53835487881825,6.9839230923762,0,0,0,0,0,0,0,0,435.347969467605,206.122575270104,1143.29898763192,1153.17504481905
"181",2005,2542,15,4539.24619455177,3678.55077297137,1121.42435761618,2134.23190055825,563.347708832398,935.169796264887,21.6317688633625,51.5808195560232,0,0,0,0,0,0,0,0,0,0,1.8626726398646,3.6336557887351,1.09085198921832,1.81942968416174,0.0423107070736012,0.101121236458022,0,0,0,0,0,0,0,0,5000.52639805974,3945.20881517431,954.483352395107,1917.58190667236,656.424636593798,1234.21382499444,31.4233917869248,84.7859829194662,192.128220901569,151.58123173567,36.7865736879764,73.9153823396162,25.2931816809819,47.5555616342056,1.21100063328288,3.26743762439674,22054.6444821415,17296.9511265192,4623.16525868601,9044.12015304565,3513.28799781283,6271.48211771763,141.977135309652,363.239315160667,847.367669792705,664.576721970617,179.931924192065,352.864934327131,138.116319055753,247.066917402194,5.58523791411664,14.3169431230592,0,0,8.85885535460195,17.8135133378149,7.1279063011341,12.8245743156402,0.297197426191138,0.7659083530342,0,0,0,0,0,0,0,0,325.472127415778,272.595213980777,325.199341721325,692.007758268241,406.295441873309,828.945745997807,12.2970235520102,35.8489711676992,12.5051492378437,10.4735443648051,12.4779858885585,26.5424375328069,15.5497568116293,31.7196290825074,0.470629995184082,1.37176458851366,277.867782046732,232.211906523785,349.790882373954,781.578904717053,501.734711568491,1037.94453753429,19.4720132845667,57.4468558175252,10.6761117958575,8.92195318557447,13.4177890652068,29.9680236734194,19.1975373124885,39.7031699685393,0.744960910101787,2.19723289710628,0,0,53.3600323146461,125.332681986026,68.5155296967971,132.815050116349,2.88646967976169,7.94087269993372,0,0,0,0,0,0,0,0,438.78138971279,207.755881667568,1158.72606081964,1171.2286054285
"182",2005,2542,15.0833333333333,4519.04562070881,3659.83668878383,1118.43885141021,2128.14796901446,558.241917962537,924.174331274495,24.8505340683742,59.2115233220729,0,0,0,0,0,0,0,0,0,0,1.85850142093307,3.62460129547491,1.08155443171216,1.79902500186456,0.0486308462512851,0.116142513844052,0,0,0,0,0,0,0,0,5023.91975666246,3958.7594205071,960.626637348617,1929.79186218047,658.569285773668,1235.84749757527,36.6113795823741,98.780657832136,193.027031149025,152.101867662268,37.0234063893189,74.3861646484464,25.3758429795044,47.6185587743789,1.41095509127823,3.80680921891921,22020.5467318192,17247.8352125657,4622.37870246225,9041.65561195625,3501.44630477097,6238.71218413454,164.32810195829,420.480061595753,846.05767779823,662.689606917184,179.901217653291,352.770163844918,137.651154379278,245.777485398244,6.46457466860584,16.5732336362107,0,0,8.86890742995761,17.8315713179473,7.11156947720697,12.7716777210587,0.344441223447075,0.887828113618326,0,0,0,0,0,0,0,0,326.839091953089,273.348325667214,327.232060636673,696.241588732411,407.579066316876,829.861961827582,14.3313269298182,41.7626054641692,12.5576703365357,10.5024801154448,12.5562787463654,26.7055130472626,15.599437354826,31.7558301923199,0.548511399223989,1.59812381602672,277.134627297597,231.252120434048,350.177246585277,782.188260614875,500.41350271265,1033.00477371521,22.4646718742641,66.2591774404351,10.6479431013185,8.88507665980355,13.4329496699806,29.9922096197917,19.1476790788395,39.5157072338168,0.85948571462589,2.53438411787013,0,0,53.3813816728062,125.403338546102,68.320506271943,132.201509252294,3.34479620251814,9.2017333755866,0,0,0,0,0,0,0,0,442.203864998502,209.37586698675,1174.10341864803,1189.13414344104
"183",2005,2542,15.1666666666667,4498.7654698416,3641.13625679725,1115.36954981549,2121.91008166375,553.199709423812,913.362885125331,27.9759773717381,66.6008607182707,0,0,0,0,0,0,0,0,0,0,1.85419560518587,3.61533285030064,1.07236956907517,1.77895194951157,0.054785768027811,0.130726434026364,0,0,0,0,0,0,0,0,5047.37202941676,3972.33568266275,966.787478199934,1942.02392075039,660.744614523444,1237.54126291969,41.9434440731985,113.150012131981,193.928104972399,152.623489365029,37.2609126669228,74.8577945636149,25.4596851871027,47.6838692289473,1.61646932731424,4.3606401367182,21986.5693857885,17199.0074468532,4621.49594227639,9038.97798100115,3489.77516469943,6206.43841706167,186.544346371898,477.32015745369,844.752310972023,660.81356301657,179.866714498483,352.666928280535,137.192482378472,244.507143266171,7.33870224770656,18.8139064116807,0,0,8.87869323116025,17.8492449838429,7.09555431491768,12.7196877861147,0.391721647062678,1.00972370387464,0,0,0,0,0,0,0,0,328.203846576041,274.101812653724,329.25775917718,700.46600711768,408.850951736525,830.769182330317,16.2855396982647,47.4279914962432,12.6101065256312,10.5314302857687,12.6343038599841,26.8682320796832,15.6486713203327,31.7916878980755,0.623333526540833,1.81500159169345,276.408581774128,230.301964051587,350.550984580865,782.766720419374,499.092045076326,1028.08788848929,25.4105755941389,74.9103431498445,10.6200475483089,8.84857012300703,13.4476254908995,30.0152104749448,19.0978082905378,39.3291066761508,0.97222853646886,2.86539303393391,0,0,53.4006338552197,125.467899869846,68.1245164936322,131.589299702982,3.80372859979072,10.4611889906586,0,0,0,0,0,0,0,0,445.640672343573,211.00032278253,1189.54001787795,1207.08073621261
"184",2005,2542,15.25,4478.4204866878,3622.46025851733,1112.22169798187,2115.52797574387,548.220405444366,902.73272974201,31.0095911108429,73.7533659209151,0,0,0,0,0,0,0,0,0,0,1.84975549909192,3.60584465070881,1.06329469785282,1.75920394247412,0.0607763407340996,0.144877840266012,0,0,0,0,0,0,0,0,5070.83877190332,3985.9030547298,972.952008777981,1954.25059504204,662.938070206104,1239.27144919785,47.4109372890954,127.869385659178,194.829734746026,153.144769496369,37.4985599189098,75.3292161278483,25.5442260075479,47.7505834747466,1.8272112129133,4.92798322431353,21952.7401331088,17150.4880913068,4620.52531418161,9036.10361861352,3478.27540868175,6174.65919005565,208.631941482689,533.777610329007,843.452633166545,658.949368764336,179.82873898795,352.555865433168,136.740342010581,243.255841548375,8.20785124823921,21.0396481122179,0,0,8.88823593298868,17.8665447224519,7.0798555448082,12.6685922022745,0.439037041118121,1.13159851961941,0,0,0,0,0,0,0,0,329.566703040696,274.85571357024,331.277386774831,704.681971487273,410.113951993607,831.671681246727,18.168883291873,52.8719173654251,12.6624697832939,10.5603963599999,12.7120976553408,27.0306313588075,15.6975679813314,31.827365944109,0.695449461270023,2.02342335707241,275.691733246865,229.363311679532,350.914865073198,783.321223960876,497.774228070051,1023.20310664831,28.3044100826461,83.3853585730365,10.5925053523461,8.81250558890672,13.4619226222425,30.0372920616571,19.0480736340702,39.1437209906127,1.08298597944527,3.18968569003232,0,0,53.4178586138139,125.526570361684,67.9277141021498,130.978696851116,4.26320921778668,11.7191287987738,0,0,0,0,0,0,0,0,449.091790462038,212.629251499315,1205.03549282574,1225.06822109843
"185",2005,2542,15.3333333333333,4458.02406420437,3603.81835483524,1109.00018645803,2109.01072859287,543.303233519529,892.280978414766,33.9528744567324,80.6735641472555,0,0,0,0,0,0,0,0,0,0,1.84518271639642,3.59613435622223,1.05432736771306,1.73977467978554,0.0666036921418369,0.158602013506019,0,0,0,0,0,0,0,0,5094.28237657322,3999.43255156426,979.108791640931,1966.44929785644,665.139661629374,1241.01947550222,53.005238650976,142.914207509039,195.730475527736,153.664594400704,37.7359087118109,75.7995613773897,25.6290814435721,47.817987372372,2.04284956703063,5.50789446278553,21919.0817729692,17102.2934896309,4619.47394929632,9033.04652648247,3466.94697830409,6143.37123841795,230.596599782561,589.869358690796,842.159520359015,657.097652111696,179.78756880564,352.437521903497,136.294737516858,242.02346671143,9.07223861030184,23.2511048524709,0,0,8.89755351470967,17.8834766202461,7.06446611840529,12.6183745942768,0.486385212141605,1.25345332485644,0,0,0,0,0,0,0,0,330.927794521877,275.609942548756,333.291416312853,708.889591399518,411.369971590068,832.572090149943,19.9896411637468,58.118527602015,12.7147652263103,10.5893750389518,12.7896782484715,27.192715005347,15.7462001565448,31.8629649918336,0.765176357830433,2.224313309941,274.985778110323,228.437677203577,351.271222802267,783.857621231056,496.463395758451,1018.35824823761,31.1420174700268,91.6726009867498,10.565381691676,8.77694122340954,13.4759305263876,30.0586784477572,18.9986029578798,38.9598492055011,1.19159891089792,3.50681715656052,0,0,53.4331208974228,125.579536649319,67.7302393000993,130.369949109714,4.72318255870267,12.975448866102,0,0,0,0,0,0,0,0,452.55720024913,214.26265538424,1220.58955124562,1243.0964920714
"186",2005,2542,15.4166666666667,4437.58841726377,3585.2192309522,1105.7095919454,2102.3668349968,538.447349237525,882.004627600354,36.8073300116772,87.3659632737513,0,0,0,0,0,0,0,0,0,0,1.84047989862816,3.58620242378425,1.04546533405982,1.72065809032982,0.0722691752636594,0.171904608723298,0,0,0,0,0,0,0,0,5117.67109200803,4012.89994103897,985.248447872917,1978.60159180453,667.341528948186,1242.77097535075,58.7178386767336,158.26023688133,196.629107377256,154.182033040958,37.9725985904529,76.2681215787558,25.7139493051467,47.8855285551962,2.26305737782936,6.09944223765243,21885.6129243905,17054.4366463075,4618.34795521421,9029.81870877884,3455.78909344363,6112.56998648125,252.443665264232,645.611251916115,840.873687919095,655.258912711571,179.743442061166,352.312366974028,135.855644926969,240.80985384159,9.93206729044265,25.44888138161,0,0,8.90665983562526,17.9000436847786,7.04937781997689,12.5690159010065,0.53376342827546,1.37528639543301,0,0,0,0,0,0,0,0,332.287108899695,276.364314799501,335.299950256421,713.088327714082,412.620180804814,833.471792260618,21.7552294097498,63.1895160130699,12.7669923890117,10.6183592227055,12.8670495206333,27.3544622043322,15.7946124710156,31.8985377445185,0.832798144351183,2.41850178477729,274.292072970483,227.526261717841,351.621998245425,784.380779822154,495.162384802605,1013.55985291339,33.9202600405525,99.7634253455808,10.5387286893431,8.74192317446936,13.489723553116,30.0795560564805,18.949504711898,38.7777414130052,1.29794724157979,3.81645644849336,0,0,53.4464812572248,125.626969674121,67.5322201492748,129.76328064445,5.18359499196702,14.2300510721802,0,0,0,0,0,0,0,0,456.036883215813,215.900535871522,1236.20194844568,1261.16547449484
"187",2005,2542,15.5,4417.12474274739,3566.67072982074,1102.35421541646,2095.60427930129,533.651856048772,871.900592916298,39.5744610819891,93.8350473981614,0,0,0,0,0,0,0,0,0,0,1.8356504714998,3.57605152088666,1.03670651733789,1.70184828804392,0.0777743359229701,0.18479159475227,0,0,0,0,0,0,0,0,5140.97812379206,4026.28500457551,991.363318538296,1990.69250320151,669.537556749588,1244.51501168033,64.540406246004,173.88375689876,197.524600810287,154.696308587014,38.2083350997821,76.7343209244224,25.7985943715816,47.9527863227769,2.48751439405945,6.70171480541254,21852.3486769208,17006.9277556902,4617.15258151066,9026.43049944917,3444.80040118047,6082.24983602186,274.178113927738,701.018054667021,839.595715609488,653.433542247228,179.69656367913,352.180805257921,135.42301783524,239.614797840491,10.7875262644253,27.6335412029843,0,0,8.91556556708576,17.9162468633792,7.03458176694829,12.5204955052228,0.581168437405078,1.49709370747682,0,0,0,0,0,0,0,0,333.644518556605,277.118569282001,337.30281289281,717.277165472055,413.865200702744,834.371258747728,23.4722710472015,68.1043298350021,12.8191463681249,10.647338881668,12.9442046604819,27.515833844431,15.8428284604982,31.9341018643281,0.898568366534971,2.6067330674813,273.611682932023,226.629998058461,351.96877890082,784.89469391861,493.873567272863,1008.81330951986,36.6368879068695,107.651781310883,10.5125872684594,8.70748728313887,13.5033625198999,30.1000778378825,18.9008695760501,38.5976037050008,1.4019448592388,4.1183718655279,0,0,53.4579962688856,125.669026699088,67.3337739202896,129.158894012217,5.64439449443071,15.482842210232,0,0,0,0,0,0,0,0,459.530820183891,217.542893088647,1251.87246607519,1279.27510485748
"188",2005,2542,15.5833333333333,4396.64337594185,3548.17998257324,1098.93811943662,2088.73060591292,528.915824223913,861.965743710176,42.2557690817953,100.085270732592,0,0,0,0,0,0,0,0,0,0,1.83069841491092,3.56568596574392,1.02804896579084,1.68333953281397,0.0831208799191744,0.197269192980581,0,0,0,0,0,0,0,0,5164.18075420562,4039.57081384734,997.447133146776,2002.7098500164,671.722998785221,1246.24331753693,70.4648513775406,189.761755829999,198.416082975709,155.206770625495,38.4428770745044,77.1976907654519,25.8828339987573,48.0194425165484,2.7159095452749,7.31382727972995,21819.3012283075,16959.7747198291,4615.89238121131,9022.89088135693,3433.979119125,6052.40444280075,295.804558228042,756.103462553264,838.326072086154,651.621844327932,179.647111633092,352.043189033831,134.996792961929,238.438064163928,11.6387906810348,29.8056071262078,0,0,8.92427906247563,17.9320859606838,7.02006885193792,12.4727922305143,0.628596502629518,1.61886917509393,0,0,0,0,0,0,0,0,334.999809299829,277.872390592013,339.299637462985,721.454776826598,415.105275476928,835.270360145374,25.146675089312,72.8803875621388,12.8712189340181,10.6763018975036,13.0211295104853,27.676778776035,15.8908571900558,31.9696519350294,0.962713215457558,2.78967373455469,272.945429626343,225.749595117291,352.312843578627,785.40259919814,492.598899293049,1004.1229963868,39.2904026342465,115.333818135464,10.4869889975146,8.67366078617296,13.5168964077889,30.1203676674344,18.8527723132804,38.4196035218106,1.50353440704758,4.41241586707082,0,0,53.4677189845901,125.705853346112,67.1350084565979,128.556972838946,6.10553039275675,16.7337330924921,0,0,0,0,0,0,0,0,463.038990062311,219.189725405145,1267.60089324945,1297.4253131139
"189",2005,2542,15.6666666666667,4376.15389105292,3529.75349252301,1095.46515227546,2081.75296467943,524.238302435566,852.196924301544,44.8527518819412,106.121053805054,0,0,0,0,0,0,0,0,0,0,1.82562813065383,3.55511139475684,1.01949083551463,1.66512621237196,0.0883106504573289,0.209343834875783,0,0,0,0,0,0,0,0,5187.2597775147,4052.74326728101,1003.49479785397,2014.64381243674,673.894242970583,1247.94982321717,76.4833605817327,205.872029487655,199.302815958509,155.7128773514,38.6760285175637,77.6578531431502,25.9665291034517,48.0852633772324,2.94794230756704,7.93492558687402,21786.4802941327,16912.9834805056,4614.57131311037,9019.20768819933,3423.3231232159,6023.02688445559,317.327256090276,810.880130083812,837.065130637055,649.824047246288,179.595240896829,351.899826051926,134.576893563006,237.279395348927,12.4860221959106,31.9655623045712,0,0,8.93280684082799,17.9475600886867,7.00582994407358,12.425884793042,0.676043453543792,1.74060488865116,0,0,0,0,0,0,0,0,336.352698408987,278.625422423896,341.289916555661,725.619614593946,416.340368373541,836.168536729422,26.7836977349455,77.533248318499,12.9231992241194,10.7052345803792,13.0978045030731,27.8372374059626,15.9386969390271,32.0051660093573,1.0254338710213,2.96791913857149,272.29392309795,224.885567345143,352.655196743274,785.907058974379,491.33996332771,999.492393638156,41.879958902064,122.807599074903,10.4619573155001,8.64046344959058,13.5303636769508,30.1405236450239,18.8052733841004,38.2438739404309,1.6026835183354,4.698514139643,0,0,53.4756992887045,125.737585019841,66.9360231288146,127.957683718176,6.56695318307028,17.9826379277069,0,0,0,0,0,0,0,0,466.561369163339,220.841029201716,1283.38701760686,1315.616014982
"190",2005,2542,15.75,4355.66519547152,3511.39721393041,1091.93897064666,2074.67815361583,519.618328293668,842.590973279158,47.3669023744005,111.946780213358,0,0,0,0,0,0,0,0,0,0,1.82044432043501,3.54433445424996,1.01103037239029,1.64720282644328,0.0933456066659777,0.221022121538001,0,0,0,0,0,0,0,0,5210.19896884115,4065.79065488509,1009.50219659102,2026.48652963089,676.048593115622,1249.6302183379,82.5884267211938,222.193267980565,200.184176372921,156.21417884813,38.9076309739256,78.1145053244077,26.0495757890055,48.1500827412628,3.18332385849601,8.56418982062402,21753.8934933811,16866.5583310788,4613.19283768695,9015.3877936266,3412.83002881453,5994.10981489695,338.750122149113,865.359704862617,835.813183996172,648.040315959841,179.541087148674,351.750986845862,134.163232580543,236.138517018364,13.3293693914982,34.1138515142667,0,0,8.9411540308031,17.9626680690285,6.99185606657605,12.3797522012573,0.723504739069055,1.86229135256741,0,0,0,0,0,0,0,0,337.702851417091,279.377280016822,343.273047992295,729.769997101885,417.570248518946,837.064951794714,28.3880027155977,82.0767792463053,12.9750743876698,10.7341221471683,13.1742064236831,27.9971449580841,15.9863385365475,32.0406114994828,1.08690881328578,3.1419998181583,271.65759221067,224.038262851083,352.996602312311,786.410048566661,490.098009839452,994.924192333556,44.4052699535848,130.072826490795,10.4375087001618,8.60790864829447,13.5437935616443,30.1606213266146,18.7584205378162,38.0705178432321,1.69938119642843,4.97665507372967,0,0,53.4819842412845,125.7643482639,66.7369097425325,127.361178014559,7.02861437111365,19.2294737624596,0,0,0,0,0,0,0,0,470.097930596815,222.496798674036,1299.23061753983,1333.84710543974
"191",2005,2542,15.8333333333333,4335.18561930704,3493.11662684148,1088.36306138941,2067.51265958143,515.054938096862,833.144741371228,49.7997071566095,117.566793698903,0,0,0,0,0,0,0,0,0,0,1.81515187187612,3.53336251110332,1.00266589541313,1.62956397251704,0.0982278029964584,0.232310784914961,0,0,0,0,0,0,0,0,5232.98457910514,4078.70324493443,1015.46600261549,2038.23171766898,678.184063946416,1251.28154149696,88.7728743090163,238.705129406006,201.059635957311,156.710301207242,39.1375563036031,78.5674051476863,26.1318974804886,48.213786295027,3.42177805690064,9.20083709587552,21721.5467152419,16820.5022126865,4611.76000793181,9011.4372901672,3402.49726653591,5965.64560817129,360.076740795326,919.552866914642,834.570458436556,646.270763471631,179.484770279595,351.596911651225,133.755715589519,235.015143478006,14.1689682668512,36.2508826319085,0,0,8.94932478461397,17.9774087998462,6.97813855721704,12.3343741183108,0.770975480791827,1.98391772063751,0,0,0,0,0,0,0,0,339.049897867332,280.127561774962,345.24837713205,733.904186093924,418.794570713293,837.958631719498,29.9637209913435,86.523321414862,13.0268301911242,10.7629491679163,13.2503100363541,28.1564344673265,16.0337684268577,32.075950559772,1.14729610899814,3.3123878517058,271.036713896224,223.207890411993,353.337616851534,786.913037921536,488.873998157819,990.420400565411,46.8665162521625,137.130575959717,10.4136537917758,8.57600440382208,13.5572073422525,30.1807168893793,18.712250374158,37.8996119713699,1.79363431734733,5.24687958561188,0,0,53.4866184101744,125.786262059637,66.5377534094421,126.767593593593,7.49046632760568,20.4741599701994,0,0,0,0,0,0,0,0,473.648643729956,224.157025665904,1315.13145530142,1352.11845310911
"192",2005,2542,15.9166666666667,4314.72297969702,3474.91679105629,1084.74075714066,2060.26268752598,510.547173274703,823.855103406541,52.1526455459288,122.985396040406,0,0,0,0,0,0,0,0,0,0,1.8097557900359,3.52220346887361,0.994395787910213,1.61220434110162,0.102959373384289,0.24321665781848,0,0,0,0,0,0,0,0,5255.60497402475,4091.47298881703,1021.38354548215,2049.8743998155,680.299240561639,1252.90190114274,95.0298720945443,255.388276875218,201.928747703963,157.200935188194,39.3657015785742,79.0163606758889,26.2134395298484,48.2763008590257,3.66304193399976,9.84412299270115,21689.4443816895,16774.8169258453,4610.27553285438,9007.36161396657,3392.32213252568,5937.62645246357,381.310381439219,973.469374132602,833.337123859005,644.515458960193,179.426396846989,351.43781523064,133.354242754755,233.908981381342,15.0049428143779,38.3770283523704,0,0,8.95732251130006,17.9917814019385,6.96466911530355,12.2897309675091,0.818450534252505,2.10547203384944,0,0,0,0,0,0,0,0,340.393442034424,280.875856979838,347.215221995455,738.020432119156,420.012919630382,838.848540340064,31.5145027302906,90.8838349347554,13.0784514300825,10.7916998621623,13.3260890497775,28.3150385255224,16.0809703681842,32.1111429473522,1.20673540289552,3.4795024157017,270.431435028722,222.394539752227,353.678618200958,787.417061016175,487.66863476091,985.982437525174,49.2642712623525,143.98307957486,10.3903982335997,8.54475416352204,13.5706194426261,30.2008497913976,18.6667898080915,37.7312105225935,1.88546478820564,5.50927282233144,0,0,53.489644160531,125.803438844628,66.338633236444,126.17705621053,7.95246217401826,21.7166178507576,0,0,0,0,0,0,0,0,477.213473904564,225.821699608709,1331.08927478133,1370.42989933311
"193",2006,2542,16,4294.25825443857,3456.74288160992,1081.06600309405,2052.95130566927,505.766486135639,813.927628138332,54.7587145472796,128.99990898766,0,0,0,0,0,0,0,0,0,0,1.8042675219581,3.51086945625658,0.985580114347657,1.59356926080787,0.108188789782706,0.255299818199742,0,0,0,0,0,0,0,0,5278.10337236362,4104.13750299444,1027.21019971014,2061.37214971719,681.952024123636,1253.27238905791,101.802566201132,273.452657296205,202.793172146889,157.687526075592,39.5903523101223,79.4597413264384,26.277166612708,48.2906593782896,3.92419108978618,10.5406691801641,21657.7428704584,16729.6024319957,4608.58232350337,9003.03695781431,3380.11055610939,5904.29881772252,404.672253030687,1032.8776917013,832.119188488418,642.77824310558,179.359941832839,351.268950872037,132.87257001491,232.593388007419,15.9246061008274,40.7195229387165,0,0,8.96517763229023,18.0057983093128,6.94693696981763,12.2338997844273,0.870486850982656,2.23888362253422,0,0,0,0,0,0,0,0,341.738787346806,281.623846911673,349.174053502177,742.117052955363,420.961315406701,838.921958557321,33.3184111692694,95.981664279413,13.1301418705618,10.8204388273843,13.401561304342,28.4728921766933,16.1178367378102,32.1150761316056,1.27587308189977,3.67486177809548,269.844296960443,221.600522451981,354.018397760244,787.92048304939,486.166767207084,980.655720451226,51.9185706180068,151.590307981855,10.3678396684788,8.51424674200097,13.5839832861556,30.2209569649251,18.6099749996777,37.5287824028086,1.98712318406823,5.80057165114824,0,0,53.491297159791,125.816094495775,66.0967495196196,125.467532125092,8.45797000708891,23.0792452436669,0,0,0,0,0,0,0,0,480.788420704592,227.489930390475,1347.0853174709,1388.77032181292
"194",2006,2542,16.0833333333333,4273.63692589912,3438.33394435418,1077.2922939327,2045.61029333601,499.591954358046,800.667664517767,58.755227762035,138.314995462649,0,0,0,0,0,0,0,0,0,0,1.79870142539524,3.49939330651299,0.97403349453312,1.56837589922788,0.116141632808187,0.273874350771702,0,0,0,0,0,0,0,0,5300.76655913921,4116.92848200012,1032.83213602589,2072.65749446811,681.621633067765,1248.18374624346,110.736966170296,297.373285921753,203.663928025079,158.17897594393,39.8071347537669,79.8949537783784,26.2644764534762,48.0946664470907,4.26864996538474,11.4629050279792,21626.8703854549,16685.1156896843,4606.10038303297,8997.96890173598,3358.23682178379,5845.74135270978,437.91339463098,1117.8023373382,830.9331044269,641.068988671493,179.263137567208,351.071319646039,132.010904217738,230.283524883594,17.2326851558215,44.0672736166142,0,0,8.97279414290006,18.0193509122561,6.90926732207906,12.1255623941381,0.943146207903601,2.42597390716394,0,0,0,0,0,0,0,0,343.104763920704,282.378223414628,351.123543680145,746.188861993167,420.707735165161,835.325827411085,36.2943035322564,104.522295844932,13.1826249951288,10.8494231749489,13.4766751511159,28.6297955285139,16.1086804177609,31.9785256235163,1.38989163510058,4.00203912943794,269.277467672907,220.827967517046,354.343408925609,788.395678540141,483.255175011945,971.090323543027,55.949175286546,163.288002649128,10.3460613937883,8.48456393906413,13.5967785577416,30.2399780491115,18.4991908494171,37.164121991405,2.14147476058575,6.24843829289493,0,0,53.492105710141,125.824268313118,65.6623558788079,124.214264042192,9.15972543694007,24.9901504144006,0,0,0,0,0,0,0,0,484.359445328269,229.158597748908,1363.02856684075,1407.05744110092
"195",2006,2542,16.1666666666667,4252.9473351789,3419.93505951785,1073.45478382471,2038.14659830101,493.542232476423,787.751298229373,62.607708957636,147.250103487822,0,0,0,0,0,0,0,0,0,0,1.79302050193731,3.48775864410283,0.962713343646001,1.54381683094666,0.123830771412907,0.291740384438714,0,0,0,0,0,0,0,0,5323.38347389078,4129.66662337642,1038.45546929899,2083.92822812088,681.334085854741,1243.23101413866,119.817786466066,321.628390664953,204.532906058109,158.668395706052,40.0239655502946,80.3295961256118,26.2534360315056,47.9039081160573,4.61876599175041,12.3980701265956,21596.0772325755,16640.862578553,4603.5514529191,8992.72799143528,3336.7741694039,5788.41213532802,470.865490311153,1201.77482760131,829.750067509695,639.368710754693,179.163670444386,350.866813653075,131.16521817899,228.021663217117,18.5294709620387,47.3775937575316,0,0,8.97995693712034,18.0323084712515,6.87235017961165,12.0195015483369,1.01559196085392,2.61205551383129,0,0,0,0,0,0,0,0,344.464736664248,283.129169980731,353.056207130641,750.234157852676,420.455476187604,831.775419684513,39.1599998023727,112.700210884993,13.2348774418097,10.8782757389036,13.55114365875,28.7856836194856,16.0995723971764,31.8437136026267,1.49969984548636,4.31535729278625,268.717039294583,220.063946241174,354.656670672255,788.845515132278,480.378031027915,961.668738646495,59.8904442379591,174.668123584459,10.3245290474726,8.45520901312147,13.6091215640488,30.2580235067166,18.3897171997134,36.8049380834454,2.29241760442581,6.68418538259451,0,0,53.4910775261026,125.8272948647,65.2322045837918,122.978999362773,9.85933708505935,26.8877673704161,0,0,0,0,0,0,0,0,487.944683764997,230.83171873931,1378.98554265875,1425.31096902597
"196",2006,2542,16.25,4232.20781983699,3401.55996159627,1069.55936164994,2030.57133998731,487.614822905571,775.169709615703,66.3195622697604,155.815941254049,0,0,0,0,0,0,0,0,0,0,1.78722730509212,3.47595932281479,0.951614038138598,1.51987540443699,0.131260115691926,0.308913206328763,0,0,0,0,0,0,0,0,5345.90401750222,4142.31359215272,1044.06403147001,2095.15271768132,681.075692160516,1238.38765532571,129.03194936641,346.180543108245,205.398181357822,159.154312471081,40.2402238418604,80.7624532859067,26.2435192544355,47.7173645532216,4.97403642297449,13.3447254803601,21565.396213,16596.8671847805,4600.94470225786,8987.33243727001,3315.71870609568,5732.29195572249,503.539067792799,1284.82998198278,828.571338005834,637.678334784665,179.061897688624,350.656143719771,130.33536757097,225.807067644582,19.8153674357289,50.6518279605761,0,0,8.98672477953291,18.0447175145306,6.8361694180948,11.9156721028462,1.08782510406446,2.79714719495877,0,0,0,0,0,0,0,0,345.818862757808,283.876668153593,354.973459254694,754.254325435509,420.206854679791,828.274399437616,41.9274217166169,120.55175317437,13.2869052497242,10.9069958101241,13.6250211175622,28.9406094918153,16.0906013961255,31.7107806611156,1.60575421292094,4.61620751425913,268.165460969248,219.310532516723,354.961263780343,789.27768954775,477.539750846702,952.39966482389,63.7379607449631,185.719445577288,10.3033367295701,8.42626164643265,13.6211304122471,30.2753883058377,18.2817230452076,36.4515639040368,2.43978239993711,7.10738224361392,0,0,53.4882729453057,125.825387635472,64.806405606184,121.761775644143,10.5567767768267,28.7721900645396,0,0,0,0,0,0,0,0,491.544074380894,232.509273078007,1394.95614424525,1443.53152819759
"197",2006,2542,16.3333333333333,4211.434959032,3383.22094065158,1065.61145391377,2022.89477381053,481.807151137623,762.914063276188,69.894153232021,164.023019866667,0,0,0,0,0,0,0,0,0,0,1.78132553025277,3.46399318952365,0.940730243689055,1.49653536022117,0.138433854341889,0.325408442432731,0,0,0,0,0,0,0,0,5368.2865677608,4154.83783878371,1049.64472682413,2106.30548897694,680.835944030048,1233.63349045134,138.366620665385,370.993108246234,206.258154732243,159.635514055034,40.4554066242387,81.1925464681259,26.2343221824715,47.5342599855113,5.33396773854348,14.3014622113743,21534.8540668839,16553.1488074909,4598.28778606254,8981.79750321181,3295.06553827737,5677.35997571243,535.944050156581,1367.00067820047,827.397943311611,635.998602264567,178.958117965847,350.439906575218,129.521168858276,223.638938703956,21.0907555125691,53.8912468126628,0,0,8.99314451948814,18.0566133602673,6.80070774950256,11.8140253389942,1.15984555969228,2.98126320683586,0,0,0,0,0,0,0,0,347.167105914163,284.620561312717,356.876109455598,758.249712927297,419.963201302945,824.824610736914,44.6072346330025,128.109580502432,13.3387070246576,10.9355773710001,13.6983385395042,29.0945863558772,16.0818182843572,31.5797974782374,1.70846309740123,4.90583983809007,267.62467904004,218.569360328357,355.25973399928,789.698524353078,474.743887823739,943.289805172024,67.4887243588466,196.434940039681,10.282559221735,8.39778461929971,13.6329026967049,30.2923147442098,18.1753444065936,36.104256358398,2.58345406221361,7.5177588769988,0,0,53.4837510209669,125.818742246085,64.3850501226047,120.562594974095,11.2520195407284,30.6435202074051,0,0,0,0,0,0,0,0,495.157556236979,234.191239988018,1410.94033732776,1461.71979357837
"198",2006,2542,16.4166666666667,4190.64381765343,3364.92904424411,1061.61608410506,2015.12640321034,476.11659802697,750.975565506726,73.3348036215131,171.881642397127,0,0,0,0,0,0,0,0,0,0,1.77531968176111,3.45186115352243,0.930056856586409,1.47378079538945,0.145356398920565,0.341241944418284,0,0,0,0,0,0,0,0,5390.49657577775,4167.2134604362,1055.18698555313,2117.36612118334,680.606860442855,1228.95334836746,147.809335849512,396.030611631223,207.111498757816,160.111005229636,40.6691078020143,81.619090794076,26.2255378921246,47.3540109283823,5.69808050113479,15.266915694776,21504.4724922723,16509.7227762213,4595.58711296085,8976.13603372973,3274.8090225743,5623.59422287365,568.089750087142,1448.31784540802,826.230717098682,634.330102179634,178.852581715818,350.218605211039,128.722409033888,221.516432026674,22.3559928966014,57.0970465353366,0,0,8.99925366580739,18.0680229910782,6.76594743741118,11.7145108953087,1.23165224728027,3.16441368944909,0,0,0,0,0,0,0,0,348.509282411206,285.360590051363,358.764518882916,762.219923506873,419.725157213575,821.426643348856,47.2089535113156,135.402966220424,13.3902757077114,10.9640104547094,13.7711097145687,29.2475987907561,16.0732474499226,31.4507865464153,1.80819077744837,5.18537465171428,267.096214878574,217.841692654177,355.554150408975,790.113132810219,471.993225656303,934.344110469369,71.1409394293804,206.811143994967,10.2622549775529,8.36982645735864,13.6445177337234,30.3089987609779,18.0706878587891,35.7632053221098,2.72336363773599,7.91518179962982,0,0,53.4775691026492,125.807538447037,63.9682129708886,119.381428742253,11.9450430614156,32.5018653972834,0,0,0,0,0,0,0,0,498.785067157414,235.877597415908,1426.93812088664,1479.87645808191
"199",2006,2542,16.5,4169.84818166354,3346.69427184031,1057.57793115012,2007.27508957889,470.540525144369,739.345505097939,76.6447892133323,179.401903270708,0,0,0,0,0,0,0,0,0,0,1.76921481317815,3.43956641463433,0.919588957414496,1.45159613292425,0.152032332714063,0.356429694050283,0,0,0,0,0,0,0,0,5412.50527228463,4179.4191543905,1060.68226787612,2128.31824560152,680.38241645113,1224.33590044754,157.348079272663,421.258966273221,207.957108073241,160.579967510331,40.8809991770704,82.0414569070932,26.2169345762795,47.1761814643193,6.06591241281535,16.2397743176107,21474.2690815631,16466.601199573,4592.84808729118,8970.35892889172,3254.94297392512,5570.97198601015,599.984892277625,1528.81054419379,825.070335294236,632.673299761575,178.745500501267,349.992667250866,127.938853710993,219.43867373807,23.6114148886343,60.270351965341,0,0,9.00508253796629,18.0789673211585,6.73187074829219,11.6170780154434,1.30324321236222,3.34660522733961,0,0,0,0,0,0,0,0,349.845100252547,286.096421815418,360.638728642908,766.164048737337,419.492899564572,818.080258945272,49.7410738311533,142.458176255949,13.4416000799155,10.9922822839909,13.8433361344141,29.3996117080025,16.0648954606588,31.3237385440272,1.90526246501009,5.45581712476224,266.581238941199,217.128486904598,355.846172155758,790.525597713382,469.28988934255,925.566052783973,74.693801603201,216.847523845889,10.2424689678958,8.34242394584592,13.6560391183341,30.3255967870082,17.9678347679403,35.4285440894573,2.85948012755317,8.2996296817303,0,0,53.4697826750591,125.791942319038,63.5559551341013,118.218222484541,12.6358271353444,34.3473373899135,0,0,0,0,0,0,0,0,502.426542382937,237.568321523393,1442.94950515057,1498.00221081522
"200",2006,2542,16.5833333333333,4149.06067938065,3328.52567549284,1053.50135876824,1999.34910749391,465.076290777394,728.015282152987,79.8273368950294,186.593681997969,0,0,0,0,0,0,0,0,0,0,1.76301638535565,3.42711404050222,0.909321790473899,1.42996611804107,0.158466379548705,0.370987739656962,0,0,0,0,0,0,0,0,5434.28896603714,4191.43764846318,1066.12379080409,2139.1489928204,680.158225775433,1219.77301187778,166.971343928122,446.645645559656,208.794072423026,161.04173727221,41.0908199733419,82.459149774504,26.2083433665229,47.0004583523031,6.43702062078897,17.2187861497948,21444.2578322222,16423.7933749832,4590.0752410053,8964.47540349577,3235.46078397229,5519.4700459573,631.637618890624,1608.50598908347,823.917335703379,631.028552232642,178.637052099968,349.762454966223,127.170251721889,217.404769436306,24.8573345774631,63.412217361507,0,0,9.01065540771683,18.089462376968,6.69846016463837,11.5216761478911,1.37461572479355,3.52784124137484,0,0,0,0,0,0,0,0,351.174181751471,286.827668124729,362.498530660234,770.080798375397,419.266259852188,814.78461373808,52.2111424512869,149.298671576713,13.4926656299411,11.0203779328155,13.9150097141401,29.5505753381977,16.056755611354,31.1986208908914,1.99996701991235,5.71806496366744,266.080611694751,216.430431229367,356.137087991417,790.939075491098,466.635414298269,916.957793771404,78.1473706486003,226.546095179043,10.2232342533534,8.31560352457235,13.6675162391485,30.3422297325733,17.8668439322141,35.1003558032618,2.99180561614009,8.67117878734229,0,0,53.4604452815837,125.772107496444,63.1483250898875,117.072898611219,13.3243533417587,36.1800509715257,0,0,0,0,0,0,0,0,506.081913710034,239.263386355806,1458.97450098497,1516.09772671228
"201",2006,2542,16.6666666666667,4128.29293557958,3310.4314872294,1049.3904537923,1991.35621665447,459.721266156104,716.976434098355,82.8856233578319,193.466643134453,0,0,0,0,0,0,0,0,0,0,1.75673010280301,3.41451046928878,0.899250737585362,1.40887580615594,0.16466336756616,0.3849321273177,0,0,0,0,0,0,0,0,5455.82818413535,4203.25500714467,1071.50619784403,2149.8483255886,679.931171472161,1215.25899428957,176.668176026566,472.159810412061,209.621643627215,161.495779090709,41.2983641724179,82.8717831044074,26.1996441623673,46.826622350658,6.81098344210921,18.2027638643962,21414.4497706146,16381.3062860324,4587.27239377603,8958.49330092709,3216.35555473096,5469.06492722613,663.055511992568,1687.42962379671,822.772141977588,629.396127913003,178.5273866882,349.528277412806,126.416340317665,215.413813998259,26.094043680152,66.5236292327587,0,0,9.01599187259758,18.0995207029731,6.66569863054867,11.4282556423425,1.44576639200004,3.70812244730226,0,0,0,0,0,0,0,0,352.49608934027,287.553904008816,364.343548926768,773.968647403643,419.044859966532,811.538513170168,54.6258535075869,155.945384582609,13.5434555457357,11.0482810731375,13.9861159129889,29.7004308791175,16.048813150211,31.0753875338839,2.09256062383877,5.9729189986906,265.594934336025,215.747989204914,356.427866348728,791.355927444049,464.030828510509,908.520381507199,81.5024199548613,235.910973665148,10.2045739329532,8.28938300488247,13.6789861974911,30.3589880158523,17.7677547214239,34.7786809763349,3.12036950725862,9.02998577695898,0,0,53.4496084668416,125.748176718278,62.7453604831282,115.945359692434,14.0106047074254,38.0001228578546,0,0,0,0,0,0,0,0,509.751108668545,240.962763544123,1475.01310782675,1534.16365494344
"202",2006,2542,16.75,4107.55569944379,3292.41922508573,1045.24905796538,1983.30372144304,454.47284857677,706.220656608858,85.8227738802597,200.030236182765,0,0,0,0,0,0,0,0,0,0,1.75036179109903,3.40176312089379,0.889371300484379,1.38831055879053,0.170628197795458,0.398278841461393,0,0,0,0,0,0,0,0,5477.1069593912,4214.86005648299,1076.82528677025,2160.4084892364,679.699108358227,1210.79000658477,186.428205701976,497.772395527002,210.439208200908,161.941663644726,41.5034700742021,83.2790582673888,26.1907542110339,46.6545252204919,7.18740155571795,19.190588086818,21384.8534695742,16339.1450148597,4584.44278413464,8952.41934975289,3197.62020464286,5419.73309560433,694.245618629514,1765.60520359926,821.635083500437,627.776222066379,178.416631906277,349.290400354502,125.676849297759,213.464899290382,27.3218134854719,69.6055094432945,0,0,9.021107919365,18.1091523962114,6.63356968668703,11.3367681550686,1.5166912812593,3.88744732544745,0,0,0,0,0,0,0,0,353.810346408007,288.27468358386,366.173301722027,777.825947451627,418.828209063662,808.340591017066,56.9911381076983,162.416978102676,13.5939515151439,11.0759745733871,14.0566361247736,29.849114777208,16.0410490012962,30.953985830554,2.18327021710787,6.22109310600983,265.124591958495,215.081437880766,356.719202003536,791.777839386065,461.476730910362,900.253934194674,84.7603022062452,244.947973678166,10.1865028026931,8.26377303145873,13.6904755960777,30.375936147969,17.6705900743268,34.4635245157633,3.24522337924925,9.37627233726856,0,0,53.4373217945482,125.720283219012,62.3470895768832,114.835491360481,14.6945654103554,39.8076707160522,0,0,0,0,0,0,0,0,513.434049948407,242.666422114007,1491.06530670197,1552.20061271507
"203",2006,2542,16.8333333333333,4086.85893077603,3274.49576473825,1041.08078948093,1975.1985111297,449.328469338489,695.739815584586,88.6418616902728,206.293696534737,0,0,0,0,0,0,0,0,0,0,1.74391732943231,3.38888016409569,0.879679092614011,1.36825604465763,0.176365822431054,0.411043765024707,0,0,0,0,0,0,0,0,5498.11235639654,4226.24400212199,1082.07783111929,2170.8236518179,679.460676071992,1206.36368207502,196.241657178007,523.4561356408,211.246269145038,162.379053041032,41.7060134500604,83.6807504913056,26.181620930442,46.4840754093637,7.56589840353132,20.1812084343608,21355.4753926928,16297.3130159614,4581.5891548065,8946.25933010168,3179.24753296713,5371.45107481272,725.21447595757,1843.05487609442,820.50640861566,626.168967419838,178.304896156175,349.049052701011,124.951503522599,211.557118734884,28.5408958042707,72.6587182723379,0,0,9.02601655464699,18.1183656620556,6.60205749311535,11.2471667512787,1.5873860260645,4.06581251244935,0,0,0,0,0,0,0,0,355.116450320089,288.989549634946,367.987237133672,781.650988838252,418.615751648698,805.189395856941,59.3122350375147,168.730050325001,13.6441342261402,11.1034408666359,14.1265490431387,29.9965611129963,16.0334416132058,30.8343598747344,2.27229620831891,6.46322205978264,264.669783387482,214.430894052814,357.011552147515,792.205911847158,458.973352787657,892.157780374691,87.9228518762068,253.66431654151,10.1690285018548,8.23877809178262,13.7020019221648,30.3931161908102,17.575358849242,34.1548610878348,3.36643725059826,9.71031400896911,0,0,53.4236329275462,125.688551760569,61.9535322831612,113.74316440743,15.3762205741167,41.6028124900426,0,0,0,0,0,0,0,0,517.130655161459,244.374328430747,1507.13105858218,1570.2091845274
"204",2006,2542,16.9166666666667,4066.21188729554,3256.66741196069,1036.88906489668,1967.04710075967,444.285601429907,685.525958376597,91.3459075813436,212.266047186658,0,0,0,0,0,0,0,0,0,0,1.73740257918419,3.37587027527464,0.870169830040385,1.34869823953235,0.181881223005249,0.423242639556243,0,0,0,0,0,0,0,0,5518.83398980733,4237.40004195764,1087.26139911501,2181.08953911771,679.215111631653,1201.97875613868,206.099354866033,549.185580005791,212.04242743808,162.807685931914,41.9059005974363,84.0766948591188,26.1722147134234,46.3152237560432,7.94612043526641,21.1736441029483,21326.3202443373,16255.8123938221,4578.71383948427,8940.01824278434,3161.23028458737,5324.19556312931,755.968138532927,1919.79926824382,819.386298075301,624.574444830827,178.192271954793,348.804433051738,124.240025442419,209.689571874559,29.7515240035027,75.6840577153066,0,0,9.03072846431136,18.1271674111769,6.57114687219243,11.1594060609807,1.65784592613231,4.24321317288266,0,0,0,0,0,0,0,0,356.413885538109,289.698043250691,369.784769406736,785.442063985825,418.406918777434,802.083483419814,61.5937617329453,174.899340745051,13.6939838709142,11.1306623207742,14.1958320585197,30.1427040389336,16.0259689269827,30.716454046894,2.35981519422191,6.69986942338122,264.230551599703,213.796340964445,357.305172376709,792.640750542175,456.520616640611,884.23059320338,90.9922892163527,262.06834313638,10.1521526817703,8.21439754203464,13.7135749276124,30.4105512253338,17.4820580764004,33.8526402557328,3.48409590290864,10.0324291820454,0,0,53.408587691811,125.653099652111,61.5647011849034,112.668236840722,16.0555560886121,43.3856658054416,0,0,0,0,0,0,0,0,520.840836613428,246.086446149677,1523.21030206289,1588.18992066861
"205",2007,2542,17,4044.92477480935,3238.28067890441,1032.46983707022,1958.60713486846,438.974322709296,674.612211251224,94.3494421747794,218.9903576132,0,0,0,0,0,0,0,0,0,0,1.73089560232972,3.36290582989193,0.860120827619733,1.32773724284714,0.187986591350005,0.436928295428014,0,0,0,0,0,0,0,0,5539.44525817513,4248.4934954808,1092.27905049459,2191.17339089544,678.399330799384,1195.94193000149,216.637349880838,576.795251758909,212.834345329678,163.233914156584,42.0994129277902,84.4656467361698,26.1408374657455,46.0827217967156,8.35257653027426,22.2385834125176,21297.4046506928,16214.6569627415,4575.33783347125,8933.39441171692,3140.93070425662,5270.44105805333,789.465036731724,2003.95994105791,818.275390506981,622.993185072748,178.060467921298,348.545239435668,123.43875648472,207.565891930052,31.0699641545952,79.0013786921523,0,0,9.03565630991316,18.1364971948538,6.53535631625035,11.0577100135432,1.73422000598354,4.4366688869785,0,0,0,0,0,0,0,0,357.748415241999,290.441251065803,371.606828029955,789.308831063241,417.973453243288,798.139867508528,64.2347103724013,182.17091191452,13.7452587427139,11.159217550055,14.2660559159281,30.2917509516235,16.009887647567,30.5664523175726,2.46110974472087,6.97875491281475,263.815611740835,213.186741373314,357.609599749678,793.115417245757,453.73781371122,875.223527144463,94.3975696956706,271.514196189612,10.1362101921185,8.19097574570286,13.7255603153213,30.4295091708328,17.3761083805953,33.5090488717193,3.61462609321956,10.3944618625652,0,0,53.3948510724223,125.620765772306,61.1293698727363,111.451786305261,16.7901367826591,45.3279452087355,0,0,0,0,0,0,0,0,524.509968682486,247.754440836694,1539.06600706366,1605.63595584897
"206",2007,2542,17.0833333333333,4022.42211583901,3218.80072918369,1027.65727659469,1949.66611532228,433.131650469268,662.335098610865,97.9411278927019,227.176074545064,0,0,0,0,0,0,0,0,0,0,1.72432461054977,3.34993664961322,0.849030330856862,1.30408011753078,0.195255712800301,0.45351475331792,0,0,0,0,0,0,0,0,5560.23768908858,4259.76717286207,1097.11450686679,2201.16199447565,676.640125890825,1187.09891237685,228.395979848911,607.812976007609,213.633223775989,163.66706687009,42.2859270496717,84.8509494010051,26.0731034922378,45.7420829835664,8.80608650806145,23.4348943121576,21268.5945992925,16173.7435283889,4571.07270596448,8926.10011199848,3116.41349112568,5204.79318651736,827.882600135347,2101.38973472106,817.168536846193,621.421223257562,177.894617592994,348.260589881182,122.471636650801,204.973617083102,32.581807331981,82.8412145921882,0,0,9.04069167834892,18.1466168354896,6.49070657430549,10.9308002576743,1.82114056484371,4.65872736430059,0,0,0,0,0,0,0,0,359.151185252192,291.247250345362,373.472161239531,793.316839538509,417.121388906897,792.662126122872,67.4955897130428,191.339526344631,13.7991555129318,11.1901853279302,14.3379398084324,30.4462166546569,15.9777674737076,30.3576807540391,2.58615909171406,7.33031830233896,263.422832278891,212.601931555412,357.920238999917,793.630415296705,450.34157685866,864.23110104692,98.4557259277358,282.979052944955,10.1211191362002,8.16850641224506,13.7377814881701,30.4500090589393,17.2466568864866,33.0894151936412,3.77016998878012,10.8338289610881,0,0,53.3841105935091,125.59601411809,60.6097528274808,109.979245040833,17.6230699038191,47.5550479953557,0,0,0,0,0,0,0,0,528.096086572473,249.340984410631,1554.50251523966,1622.13159420984
"207",2007,2542,17.1666666666667,3999.94162095695,3199.39764786028,1022.82077328474,1940.66331335965,427.419539349923,650.430236877589,101.377741844384,234.950159054178,0,0,0,0,0,0,0,0,0,0,1.71752677936674,3.33662074069808,0.83819368042331,1.28114060124698,0.202232650811216,0.469316142313017,0,0,0,0,0,0,0,0,5580.91516368134,4270.93654740215,1101.94813788717,2211.12894948634,674.953415708726,1178.505164673,240.240804244772,638.954509363246,214.427685416625,164.09621210164,42.4723613113034,85.235404289768,26.0081597686506,45.4110429800865,9.26293725239423,24.6360274935878,21239.829429608,16133.0198470672,4566.77338151785,8918.67086465057,3092.40000261683,5140.76453843372,865.930081883722,2197.52148847753,816.063406753416,619.856552087413,177.727363758886,347.970543622745,121.524221060573,202.44492825626,34.0791221541922,86.629848835043,0,0,9.04501705189266,18.1557574068587,6.44701893702079,10.8070200786228,1.90761419196567,4.8788640843739,0,0,0,0,0,0,0,0,360.538411797839,292.040788799403,375.303678314019,797.263310032914,416.252992403392,787.22181464302,70.6601600573569,200.161498839007,13.8524550775005,11.2206743409991,14.4085248743142,30.5983201485753,15.9450165106331,30.1503244986284,2.70752903784941,7.66863394344544,263.034527849265,212.024106125029,358.216945010326,794.121148885976,447.013881140845,853.497049036595,102.401017604238,294.038857689404,10.1062000146104,8.14630543024692,13.7494656669108,30.469573083149,17.1198194626119,32.6796413955015,3.92140366797588,11.257723832593,0,0,53.3715519666564,125.566635166315,60.0978230781659,108.536556160513,18.4513666491808,49.7587689866945,0,0,0,0,0,0,0,0,531.696160097786,250.931890443843,1569.93439372232,1638.5673084522
"208",2007,2542,17.25,3977.50089830989,3180.0844107495,1017.96564631862,1931.60927219589,421.835130782915,638.88597836832,104.663705766835,242.326909089419,0,0,0,0,0,0,0,0,0,0,1.71053423395401,3.32299941393884,0.827600653515141,1.2588914933456,0.208923676821848,0.484355231560531,0,0,0,0,0,0,0,0,5601.42788336281,4281.96436776503,1106.76266163756,2221.04055311319,673.324803797447,1170.13235847253,252.158264588822,670.181672613729,215.215816910098,164.519918595334,42.658052386142,85.6177172867838,25.9454531927121,45.0885132147749,9.72260703170674,25.8405137052803,21211.1431895423,16092.5106059011,4562.44905112331,8911.12557393041,3068.88413161728,5078.32199844491,903.619339392886,2292.39969694216,814.961308400453,618.300120081061,177.55906519788,347.675839022993,120.596276044576,199.978537997042,35.5623671790161,90.3690148297439,0,0,9.04874296199625,18.1640380506709,6.40426883646998,10.6862936806781,1.99364406892579,5.09711284036297,0,0,0,0,0,0,0,0,361.910619699152,292.82222982359,377.104371070395,801.152639634059,415.374339177918,781.830341935669,73.7378870831126,208.668257601901,13.9051776008399,11.2506985515043,14.4779259524053,30.748230133111,15.9118676189829,29.9448211297042,2.82558199562731,7.99490479323932,262.652909165102,211.454983389278,358.502272715777,794.593745534457,443.755080696744,843.018667566981,106.233331783819,304.696008175975,10.0915377665014,8.1244388198145,13.7607108151555,30.4884361103773,16.9956097483475,32.2796246593944,4.06832240106857,11.6662366931155,0,0,53.3572095750466,125.532802793096,59.5936010167082,107.123378135062,19.2750564131165,51.9395121788403,0,0,0,0,0,0,0,0,535.31003655774,252.527092027692,1585.36094142411,1654.94341670684
"209",2007,2542,17.3333333333333,3955.1156743052,3160.87246704128,1013.09672381584,1922.51360449938,416.375507447905,627.69082955803,107.803353186819,249.320218346381,0,0,0,0,0,0,0,0,0,0,1.70337505941318,3.30910993238813,0.817242308278756,1.23730748416467,0.215335184795502,0.498654688324773,0,0,0,0,0,0,0,0,5621.73504828004,4292.82045378773,1111.54414652517,2230.86976759867,671.743043446769,1161.95820919396,264.13541591568,701.458213419883,215.996050660812,164.937026781045,42.8424654433017,85.9968499578202,25.8845515410828,44.7736370735987,10.1845975834722,27.0469574423526,21182.5634897802,16052.2354989416,4558.10724565387,8903.47990974763,3045.85876696085,5017.43122255667,940.961517105745,2386.0663452014,813.863302632297,616.752683915357,177.390016466877,347.377089176184,119.68752864,197.573110439443,37.0319737117187,94.0603496327678,0,0,9.05195863867793,18.1715538721032,6.36243176764449,10.5685436722722,2.0792320840914,5.31350235312915,0,0,0,0,0,0,0,0,363.268116162632,293.591777400561,378.876430083195,804.987836975855,414.490031116161,776.496279727936,76.7372418519151,216.88810935329,13.9573348863037,11.280265796785,14.5462271073633,30.8960619755615,15.8784971144353,29.7414993580904,2.94064225620068,8.31021420310578,262.279688505739,210.895866887984,358.778345343943,795.053174351238,440.565208259294,832.792653244537,109.953425679374,314.955552879047,10.077198180418,8.10295666503079,13.7715983472136,30.506788607566,16.8740291108299,31.8892392637044,4.21095479665301,12.0595593223987,0,0,53.3411240948057,125.494682363211,59.0970880812972,105.739340169436,20.0941701425595,54.0976798739135,0,0,0,0,0,0,0,0,538.937567520116,254.126523841589,1600.78163597712,1671.26041311901
"210",2007,2542,17.4166666666667,3932.80009008848,3141.77198206912,1008.21841652466,1913.38513119263,411.037725728652,616.833497708376,110.800928570444,255.943583180059,0,0,0,0,0,0,0,0,0,0,1.6960739437657,3.29498600899044,0.807110669795634,1.21636479126182,0.221473656393492,0.512237004896737,0,0,0,0,0,0,0,0,5641.80317018644,4303.48035195414,1116.28134912915,2240.59488989845,670.199331631022,1153.96507723604,276.159984017862,732.749973602125,216.767099996779,165.34659711558,43.0251687677913,86.3719685509706,25.8251163935378,44.4657362543861,10.6484363273983,28.2540434149606,21154.1127275497,16012.2101904535,4553.75416505676,8895.74695124283,3023.31607242624,4958.05715261856,977.967074672252,2478.5610161703,812.77024998577,615.214845436291,177.220460608014,347.074806782069,118.797677426635,195.227281318588,38.4883468595378,97.7053979903684,0,0,9.05473676589577,18.1783816551276,6.3214836815833,10.4536926358821,2.16437904884737,5.52805701886062,0,0,0,0,0,0,0,0,364.611044978086,294.349517256356,380.621448339096,808.770893532254,413.603581419327,771.226091855244,79.6657991705237,224.846541404842,14.0089324585156,11.3093793705728,14.6134894488361,31.0418919667126,15.845039539628,29.5406070164241,3.05299975797997,8.6155374900523,261.916171832169,210.347723964234,359.046906357118,795.503410769987,437.444004162477,822.81518956945,113.562757597654,324.824662846035,10.0632314335165,8.08189613276217,13.7821951165338,30.5247829494183,16.7550677390796,31.5083398687724,4.34935632443296,12.437964831703,0,0,53.3233403588923,125.452430949283,58.6082700878418,104.384048233401,20.9087398059646,56.2336710467706,0,0,0,0,0,0,0,0,542.578606637845,255.730121285039,1616.19608274796,1687.51891512024
"211",2007,2542,17.5,3910.56690556586,3122.79200463034,1003.33476856846,1904.23197690034,405.818837259057,606.302920534172,113.660586797716,262.210108615166,0,0,0,0,0,0,0,0,0,0,1.68865263424944,3.28065818946395,0.797198539911035,1.19604093898084,0.227345632665253,0.525124443319682,0,0,0,0,0,0,0,0,5661.60492691621,4313.9244221322,1120.9652662207,2250.19865305228,668.686839223348,1146.13904169603,288.220397209178,764.024978452453,217.527915156698,165.747874993657,43.2058165876169,86.7424095427549,25.7668851131484,44.16427523446,11.1136775983714,29.4605400171613,21125.8089169825,15972.446968688,4549.39489961079,8887.93761865598,3001.24766877582,4900.16434614905,1014.64581447439,2569.92099282981,811.682842593132,613.687076777981,177.050597691306,346.769420841142,117.926399603767,192.93967081943,39.9318665660472,101.305616200275,0,0,9.05713652985784,18.184583454166,6.28140115251501,10.3416638920747,2.24908488250532,5.74079755711315,0,0,0,0,0,0,0,0,365.939422408635,295.0954439961,382.340551634236,812.503019849965,412.717651901375,766.024583251532,82.530319476221,232.566472602348,14.0599709423209,11.3380390655881,14.679756138908,31.1857663930359,15.8115967732393,29.342328294274,3.16291322464012,8.91175155141116,261.563322478315,209.811240078083,359.30936294613,795.94756464623,434.390953026723,813.082037520817,117.063358217174,334.31223033488,10.0496745386829,8.0612835594779,13.7925550813792,30.5425383243852,16.6387060394533,31.1367649653274,4.48360438315869,12.8017922874477,0,0,53.3039060859377,125.406197750629,58.1271195913187,103.057089456009,21.7187979766141,58.347880084031,0,0,0,0,0,0,0,0,546.233008294373,257.337819949029,1631.6039846913,1703.71963225343
"212",2007,2542,17.5833333333333,3888.42764936012,3103.94059014556,998.449494613869,1895.0616397383,400.715905433523,596.088290192581,116.386392244428,268.132510815669,0,0,0,0,0,0,0,0,0,0,1.68113028229919,3.26615414478854,0.787499360285113,1.17631460415363,0.232957689891549,0.53733898586922,0,0,0,0,0,0,0,0,5681.11830229538,4324.13715222344,1125.58879687781,2259.66754813492,667.200361455882,1138.46921625025,300.30580932146,795.253501028943,218.277650243956,166.140264415646,43.3841361209412,87.1076536407426,25.7096574380064,43.868835026113,11.5799035408751,30.6653018296653,21097.6663139897,15932.9552374954,4545.03359610552,8880.06099748856,2979.64477061318,4843.71722656024,1051.00690382503,2660.18133815429,810.601628190653,612.169739251228,176.880591230231,346.461289185361,117.073356310268,190.708893325358,41.36288844645,104.862375128763,0,0,9.05920587626327,18.1902092375975,6.24216148558301,10.2323820262481,2.3333487654244,5.95174154224348,0,0,0,0,0,0,0,0,367.253164402072,295.829481660237,384.034495590184,816.184821225789,411.834226284264,760.895227231931,85.3368128789256,240.068448714843,14.1104471082904,11.3662419633433,14.7450561179594,31.3277082840033,15.7782446827183,29.1467963020856,3.27061261959725,9.19964235194131,261.221809801583,209.28686024178,359.56682147348,796.387982463876,431.405314814577,803.588608678785,120.457729507707,343.428552923212,10.0365532137624,8.04113604325774,13.8027206624613,30.5601446496638,16.5249158185256,30.7743396605659,4.6137944275749,13.1514346091445,0,0,53.2828709462292,125.356124445796,57.6535976662665,101.758035512064,22.524377531881,60.4406958004078,0,0,0,0,0,0,0,0,549.900626592622,258.949555226067,1647.00512063486,1719.86334351582
"213",2007,2542,17.6666666666667,3866.39278429257,3085.22493624195,993.566021325421,1885.88106925924,395.726021012758,586.17907185982,118.982319571813,273.723126324135,0,0,0,0,0,0,0,0,0,0,1.67352382387929,3.2514990036616,0.778007067635515,1.15716544738282,0.238316414764447,0.54890228918247,0,0,0,0,0,0,0,0,5700.32565588642,4334.10641982566,1130.14637957119,2268.99109667694,665.735954038186,1130.94704477615,312.406104211654,826.408070356019,219.015627484733,166.52329961947,43.5599136625548,87.4672978844752,25.6532815218945,43.5790861534945,12.0467242944498,31.8672699712861,21069.6960913791,15893.742045223,4540.67363631981,8872.12468655812,2958.49832586994,4788.68032717262,1087.05891043341,2749.37501892364,809.527036057604,610.663103664627,176.710575074274,346.150711936449,116.238198051105,188.53356693434,42.7817451330144,108.376964919838,0,0,9.06098391665967,18.1952996895026,6.20374281315306,10.1257733992937,2.41716930289128,6.16090397743193,0,0,0,0,0,0,0,0,368.552114919876,296.551505009213,385.703766582007,819.816479294927,410.954790358413,755.84050600389,88.0906150730606,247.370875371361,14.1603549611661,11.3939832519345,14.8094079808778,31.4677243866693,15.745040039962,28.9541061416547,3.37630205562366,9.479913850207,260.892062186318,208.774833868004,359.820127985287,796.826362044345,428.486156984667,794.330036148247,123.74873920437,352.185004289137,10.0238839180352,8.02146316693315,13.8127242952349,30.5776669662046,16.4136615085206,30.4208783812572,4.74003592510427,13.4873259565604,0,0,53.2602856028486,125.302345649219,57.18765581751,100.486446134051,23.325511395865,62.5125006724699,0,0,0,0,0,0,0,0,553.581314381958,260.565261938445,1662.39932270093,1735.95087386969
"214",2007,2542,17.75,3844.4718343437,3066.65148700686,988.687519210325,1876.69672620903,390.846313420568,576.565015906628,121.45225437434,278.993920189823,0,0,0,0,0,0,0,0,0,0,1.66584827944745,3.23671563160709,0.768715997889075,1.13857400064832,0.243428382837886,0.559835646680223,0,0,0,0,0,0,0,0,5719.21301719384,4343.82293242549,1134.63371877216,2278.16130362755,664.290666314639,1123.56578913571,324.511889911823,857.463447685859,219.741310110251,166.896623571904,43.7329841008612,87.8210346658548,25.5976436947568,43.2947689958785,12.513777780432,33.0654712208978,21041.9068508707,15854.8124854678,4536.31777059881,8864.13505788452,2937.79911641585,4735.01846286984,1122.80983672805,2837.53302440233,808.459396688567,609.167365722118,176.540658568814,345.837941557793,115.420568616379,186.412320166798,44.1887475785913,111.850599512872,0,0,9.06250264218414,18.1998881561886,6.16612411176447,10.021766368247,2.50054466897078,6.36829780223966,0,0,0,0,0,0,0,0,369.836066655992,297.261354986729,387.348652596559,823.39787819291,410.080453550292,750.862140861702,90.7964549968777,254.490225566399,14.2096865359105,11.4212568201642,14.872822699045,31.6058100127433,15.7120251884253,28.764323742986,3.48016238854626,9.75319595161753,260.574308110892,208.275249437039,360.069904257266,797.263850096377,425.632387887215,785.301243761999,126.93953364046,360.593762311266,10.0116754300783,8.00226833005544,13.8225898114502,30.5951491771123,16.3049014430884,30.0761875168694,4.86244901593783,13.8099313127073,0,0,53.2362010918792,125.244989416076,56.7292374880156,99.2418719564114,24.1222323317763,64.5636702210616,0,0,0,0,0,0,0,0,557.274922644698,262.184874113553,1677.7864618786,1751.98307907473
"215",2007,2542,17.8333333333333,3822.6734809877,3048.22601217509,983.816926892847,1867.51462801931,386.073958388793,567.236164323121,123.799994050428,283.956494039192,0,0,0,0,0,0,0,0,0,0,1.65811698606934,3.22182485768428,0.759620822698212,1.12052159117977,0.248300141227314,0.570159960633801,0,0,0,0,0,0,0,0,5737.76955692831,4353.27980897073,1139.04758205582,2287.1722521755,662.862350351273,1116.32016719423,336.614483609095,888.39657544078,220.454282041898,167.259971891918,43.903223136719,88.1686361873582,25.5426611349632,43.0156798926876,12.9807291349084,34.2590160853429,21014.3050065215,15816.1699963973,4531.96821650119,8856.09744820099,2917.53782860105,4682.69684546566,1158.26715268006,2924.68447856721,807.398956525182,607.682657523374,176.370930366979,345.523190264264,114.620107833128,184.343796484919,45.5841863056235,115.284420921932,0,0,9.06378813819444,18.2040019933422,6.12928518129571,9.9202913537548,2.58347272375655,6.57393430882485,0,0,0,0,0,0,0,0,371.104775860884,297.958849692852,388.969292059036,826.928690339069,409.21202998277,745.961246273939,93.4585127062159,261.441217414112,14.2584324672699,11.4480556791462,14.9353054963968,31.7419523352513,15.6792311552647,28.5774917795705,3.58235343608358,10.0200513219708,260.2686075352,207.788060868568,360.316578300105,797.701122230779,422.842786081652,776.497003673883,130.033469611152,368.66759650742,9.9999300537215,7.98354976214239,13.8323336086752,30.6126171148037,16.1985889787438,29.7400676220202,4.98116190236424,14.1197383402355,0,0,53.2106684268989,125.184177720798,56.2782792151702,98.0238567109625,24.914572800614,66.5945726069277,0,0,0,0,0,0,0,0,560.981300140711,263.808324862478,1693.16643889926,1767.96083596797
"216",2007,2542,17.9166666666667,3801.00565895557,3029.95368578622,978.956975318744,1858.34039418408,381.406185150899,558.182855895616,126.029248973948,288.622095126961,0,0,0,0,0,0,0,0,0,0,1.65034182717006,3.20684569706323,0.750716483911119,1.10299026219504,0.252938192127231,0.5798957161826,0,0,0,0,0,0,0,0,5755.98706028677,4362.47216389389,1143.3855985328,2296.01970118603,661.449473810257,1109.20599993622,348.705891840035,919.186512171562,221.154227653801,167.613156868197,44.0705395532119,88.5099390205052,25.488274687333,42.7416575986654,13.4472699576666,35.4470963295495,20986.8951668471,15777.8166583631,4527.62675699661,8848.01634961041,2897.70512253037,4631.68119543465,1193.43783065025,3010.85675826855,806.345892637774,606.209058998612,176.201462224298,345.206637399286,113.83645426777,182.32665867007,46.9683327339959,118.679503746627,0,0,9.06486181214873,18.2076639361081,6.09320663443898,9.82128094058762,2.66595112458923,6.77782353611033,0,0,0,0,0,0,0,0,372.357976971721,298.643795193108,390.565722446503,830.408461739453,408.350120569083,741.138486073745,96.0804767396719,268.236990688108,14.3065825518898,11.4743723776079,14.9968577171928,31.8761336665152,15.6466808027187,28.3936356635141,3.68301617724327,10.2809821545849,259.974883259733,207.313113781951,360.56041428786,798.138461831222,420.116026509522,767.911986509833,133.034049327916,376.419664818513,9.98864482291287,7.9653015316402,13.8419657978393,30.6300815646344,16.0946734959368,29.4123153340798,5.09630835664931,14.4172495961758,0,0,53.1837381882788,125.120026907897,55.8347117629421,96.8319393410864,25.7025648512813,68.6055683285807,0,0,0,0,0,0,0,0,564.700293070524,265.435546266223,1708.53917474092,1783.88503233754
"217",2008,2542,18,3778.99364183281,3011.31775635884,973.912682684488,1848.98090183627,376.773035505692,549.023513343142,128.249949456006,293.414828797623,0,0,0,0,0,0,0,0,0,0,1.64259812109016,3.1918897766571,0.741867733517522,1.08522856395372,0.257558863459989,0.589881207760039,0,0,0,0,0,0,0,0,5774.1620693497,4371.66841470105,1147.448157442,2304.52932553112,659.93816659033,1101.47954098011,360.971428132162,950.66429417025,221.852540566915,167.96649153057,44.2272702639876,88.8382546802987,25.4300959599248,42.4440419180313,13.9205406390674,36.6617331048339,20960.2117645836,15740.1590458289,4522.51038249958,8839.18633633184,2877.77981474367,4578.82725369824,1229.14697116909,3099.54149613233,805.320738564303,604.76219139605,176.00228318482,344.861368352228,113.049140656478,180.237147382908,48.3735999225825,122.173294004552,0,0,9.06610569173767,18.2114485830206,6.05680199837557,9.71807784975122,2.74970726058576,6.98735154533174,0,0,0,0,0,0,0,0,373.655635641825,299.352141847665,392.176772480901,833.903675808087,407.54466294249,736.04887938819,98.7897991609552,275.457132972863,14.3564407648195,11.5015881859078,15.0589697467091,32.0109050624819,15.6162874714192,28.1995385070649,3.78703412072801,10.5581926907201,259.706764790164,206.863459270811,360.807361743581,798.589606418457,417.377741983187,759.024933242848,136.062937000607,384.436451975786,9.97834340482155,7.94802508244498,13.8517143963003,30.648069104948,15.9903060478391,29.0729656761742,5.21254908609879,14.7249277548804,0,0,53.1581490338859,125.057074837146,55.3886424511293,95.6006626228111,26.5020678271398,70.6695684342378,0,0,0,0,0,0,0,0,568.373145384674,267.033389828897,1723.66327936801,1799.43320355793
"218",2008,2542,18.0833333333333,3756.7048671651,2992.39661633353,968.71803266853,1839.46424127165,372.181520038912,539.830004611124,130.443052386544,298.250685955868,0,0,0,0,0,0,0,0,0,0,1.63479180571551,3.17685673595931,0.73309723320984,1.06738579609115,0.262126604871787,0.599956157981492,0,0,0,0,0,0,0,0,5792.31453368137,4380.8717626569,1151.30032816277,2312.78806155205,658.364870327115,1093.31059644254,373.39191271335,982.728603035725,222.5499872754,168.320098876745,44.3759106223406,89.1569181124737,25.369527459214,42.1293729562051,14.3998008375439,37.8990187194765,20934.1118567326,15703.086564025,4516.74396461057,8829.70556991082,2857.82984443517,4524.70940430481,1265.25427466947,3190.08373572676,804.318002269131,603.337805485669,175.778153652449,344.491099721329,112.260849722263,178.097885812948,49.7944771828961,125.740013841827,0,0,9.06700826171594,18.2148144085082,6.02025571700361,9.61193825846896,2.83445891890551,7.20118902227337,0,0,0,0,0,0,0,0,374.984950831857,300.076785701867,393.782322643653,837.387985876094,406.770691104856,730.735982439297,101.561055333399,282.966470365775,14.4075152699579,11.5294301587404,15.1208688424929,32.1452548217862,15.5870945673078,27.9968683782431,3.89343289310913,10.846504063977,259.459082795464,206.433370153199,361.051862630676,799.04006568054,414.64349910828,749.930152816109,139.102098434797,392.616324483321,9.96882718569061,7.9315003670599,13.8613660875502,30.6660236995215,15.8860830542964,28.7256303509005,5.3291930856998,15.038880209504,0,0,53.1333229908564,124.994314178062,54.9416741771736,94.3422467863913,27.3104186436647,72.7731449016316,0,0,0,0,0,0,0,0,572.008946468686,268.606868124386,1738.57700388231,1814.64928824224
"219",2008,2542,18.1666666666667,3734.55608235148,2973.63970773006,963.54471857463,1829.96366247865,367.686773482846,530.917683618352,132.51948496622,302.779311717928,0,0,0,0,0,0,0,0,0,0,1.62686612738216,3.16166686841606,0.7245117689029,1.05008425810707,0.266465311150066,0.609426292820534,0,0,0,0,0,0,0,0,5810.18705984951,4389.85037375623,1155.11348077652,2320.94542400155,656.826509588587,1085.33588194384,385.80021222004,1014.64639739422,223.236678311975,168.6650714735,44.5230389775128,89.4716650322518,25.310304371352,41.8221863168446,14.8786098103692,39.1307053801433,20908.1374826627,15666.2483181185,4511.00121577422,8820.18347141181,2838.2850932673,4471.9869074744,1301.06218822026,3279.51439904822,803.320088373025,601.922419320235,175.554861774828,344.119089086785,111.488473644474,176.01356330675,51.2035588682906,129.262783445347,0,0,9.06723090060936,18.2172614763884,5.98446680091742,9.50850493914715,2.91872586889006,7.413004339226,0,0,0,0,0,0,0,0,376.293795096725,300.786559506167,395.347589671451,840.802547070842,405.984296976321,725.496112704877,104.28900742125,290.27863713367,14.4578032485836,11.5567008005099,15.1812196651695,32.2769244978756,15.5574196313838,27.7969778228277,3.99817961616341,11.1272816808213,259.219695793824,206.010983614581,361.287777801812,799.476061184883,411.975123634685,741.068425745967,142.053032041801,400.473567983457,9.95962967071133,7.91527159716801,13.8706854326178,30.6834168938661,15.7843731949116,28.3871928025921,5.44246632136077,15.3405016828512,0,0,53.1068997093416,124.927920735817,54.5021852385802,93.1124563153436,28.1140776137807,74.8540495714392,0,0,0,0,0,0,0,0,575.657559544846,270.184111639524,1753.48573932627,1829.80748658441
"220",2008,2542,18.25,3712.55643340909,2955.05306878192,958.395493455486,1820.48525652782,363.286635859936,522.276898119805,134.482910940891,307.012565847155,0,0,0,0,0,0,0,0,0,0,1.61884729827045,3.14635116593673,0.716104724272647,1.03330358129247,0.270581207306259,0.618312493620669,0,0,0,0,0,0,0,0,5827.7608587351,4398.59144250846,1158.87992917085,2328.98700880413,655.318114124187,1077.5434409182,398.188634999895,1046.39643308959,223.911891768638,169.000917313409,44.6683606255726,89.7819425417316,25.2522355874336,41.5220221089862,15.3566708672975,40.3559736317464,20882.3014615474,15629.6524755616,4505.28590307351,8810.62876956222,2819.13860799085,4420.6250060665,1336.57764973693,3367.86524496959,802.327489411672,600.51634670614,175.332556656266,343.745680294938,110.731742459759,173.982820607999,52.6011156315532,132.742850290541,0,0,9.06688520641801,18.2189038864456,5.94941156484823,9.40770259417785,3.00250769522444,7.62282056952812,0,0,0,0,0,0,0,0,377.582421983662,301.481543728879,396.875210743091,844.150352372013,405.188987775023,720.333539911484,106.97694797091,297.408857194379,14.5073144423757,11.5834032029375,15.2401234107714,32.4060288214728,15.5273970061713,27.600030713383,4.10140013073249,11.4011077163387,258.98898597227,205.596720680859,361.515365050196,799.899179854852,409.370297780003,732.434044874652,144.919165320978,408.020042097714,9.95076554417559,7.89935494925577,13.8796822682752,30.7003094567551,15.6850878003928,28.0574351944,5.55249967583951,15.6302448942865,0,0,53.0788827205535,124.857984420807,54.0701089412611,91.9107599807929,28.9130882724346,76.9127348331231,0,0,0,0,0,0,0,0,579.318787076425,271.765042544436,1768.38880690431,1844.90852018639
"221",2008,2542,18.3333333333333,3690.71407681358,2936.64195163935,953.272848715847,1811.0345996141,358.978955619537,513.898271983267,136.336903267542,310.961907507573,0,0,0,0,0,0,0,0,0,0,1.61075778658885,3.13093707640616,0.707870288332301,1.01702460709536,0.27448047091372,0.626635237491453,0,0,0,0,0,0,0,0,5845.02125260697,4407.08531608086,1162.59353792544,2336.90149564077,653.835795488101,1069.92353763587,410.550180708,1077.95957040073,224.575063703487,169.327265519203,44.8116403144218,90.0873160408274,25.1951715372337,41.2285057147207,15.833713863771,41.5740848279122,20856.6137020592,15593.305014077,4499.60099847982,8801.04865327825,2800.38314981736,4370.58911615092,1371.80713183731,3455.16616967867,801.340586095266,599.119817316842,175.111356594855,343.371157474383,109.990374952692,172.004304918122,53.9874002178744,136.181389801622,0,0,9.06606221896588,18.2198347520937,5.9150684767285,9.30945810682791,3.08580358263273,7.83065864231278,0,0,0,0,0,0,0,0,378.850999416232,302.161767617017,398.367331759644,847.433694727536,404.387599491858,715.251358133992,109.627798013985,304.370791039327,14.556055303216,11.6095384897403,15.2976624133854,32.5326556436979,15.4971352997405,27.4061458305464,4.20320603829613,11.6685044440591,258.767140998484,205.190825419178,361.734843378548,800.310613510279,406.826812484785,724.021316839382,147.70394094875,415.26797435239,9.9422420166345,7.88375980077118,13.8883649516795,30.7167470138349,15.588142371834,27.7361402128874,5.65942461997136,15.9085767018998,0,0,53.0492878895102,124.784599417608,53.6453701001,90.7366207084829,29.7074931453736,78.9496422894388,0,0,0,0,0,0,0,0,582.992433637102,273.349583311482,1783.28564001873,1859.95318061812
"222",2008,2542,18.4166666666667,3669.03633826905,2918.41095125428,948.17905444064,1801.61683007925,354.761600530353,505.772705751779,138.084948822987,314.638420058048,0,0,0,0,0,0,0,0,0,0,1.60261704043556,3.11544909424444,0.69980324132802,1.0012291723859,0.27816922439062,0.6344145807824,0,0,0,0,0,0,0,0,5861.95681988909,4415.32482403854,1166.24939307786,2344.67997391954,652.376477707792,1062.46809435044,422.878479609459,1109.31862144464,225.225755281305,169.643840591304,44.9526896270413,90.3874433865766,25.1389938560565,40.941326196024,16.3094928781451,42.7843752962347,20831.0818227534,15557.2101996441,4493.9488497057,8791.4491042852,2782.01130183296,4321.84499390102,1406.75669279251,3541.44538959658,800.359671144576,597.732995057891,174.89135568012,342.995757897575,109.264082839923,170.076676412513,55.3626494182453,139.579512379483,0,0,9.06483715096653,18.2201311746062,5.88141768066979,9.21370057958252,3.16861249549395,8.03653789970969,0,0,0,0,0,0,0,0,380.099634980314,302.827226961765,399.825725470285,850.654359146793,403.582462652356,710.251794917806,112.244156001765,311.176736204177,14.604029964717,11.635106499209,15.3539046801809,32.6568733115668,15.4667237449051,27.2154087248267,4.30369657737676,11.9299419196023,258.55419945209,204.793405272248,361.94639348465,800.711228871174,404.342552179121,715.824574753731,150.410785598622,422.229784142674,9.93406057043992,7.8684902798329,13.8967403770936,30.7327627291036,15.4934559932844,27.4230915450915,5.76337201738466,16.1759713546225,0,0,53.0181400192736,124.707862273092,53.2278871273492,89.5894984823296,30.4973337286326,80.9652029573977,0,0,0,0,0,0,0,0,586.678305022175,274.937656441401,1798.17575772723,1874.94230624448
"223",2008,2542,18.5,3647.52978760927,2900.36406693633,943.116178147613,1792.23668367986,350.632464602902,497.891383221897,139.730448704777,318.052816427799,0,0,0,0,0,0,0,0,0,0,1.59444184456705,3.09990905486754,0.69189886026419,0.985900022432002,0.281653525921969,0.64167013669696,0,0,0,0,0,0,0,0,5878.55896969771,4423.30494274214,1169.84363805237,2352.31560698347,650.937763013633,1055.17040847552,435.167768292147,1140.45829149776,225.863636426599,169.950449513457,45.0913606938216,90.6820620191345,25.0836102322342,40.6602254419201,16.7837852850265,43.986254104131,20805.7114619141,15521.3708266469,4488.33126511678,8781.835061216,2764.0155258793,4274.35883659491,1441.43199958255,3626.7295221839,799.384961195624,596.35598729376,174.67262707003,342.619678323439,108.5525729861,168.198612187344,56.7270849497846,142.938266487275,0,0,9.06327165525685,18.2198566042024,5.84844077671495,9.12036133205086,3.25093327089369,8.2404764084789,0,0,0,0,0,0,0,0,381.32838877875,303.477893171616,401.251849243781,853.813715859706,402.775479477165,705.336354080913,114.828324047863,317.837732636469,14.6512407361179,11.6601061328121,15.408906109629,32.7787342457009,15.4362351599058,27.0278771972593,4.40295963020194,12.1858420206634,258.350074339017,204.404451990084,362.150159882319,801.101607814077,401.915492764727,707.838199817936,153.043087362359,428.917967507456,9.92621786320284,7.85354606946112,13.9048140562332,30.748378847126,15.4009512528486,27.1180747023518,5.86447125925513,16.432906076635,0,0,52.9854712042827,124.627870992645,52.8175731008204,88.4688521407126,31.2826504432085,82.9598370626344,0,0,0,0,0,0,0,0,590.376207848915,276.529184351532,1813.05875253635,1889.87677138189
"224",2008,2542,18.5833333333333,3626.20032070294,2882.50476925889,938.086105515789,1782.89853289871,346.589474058391,490.245772918757,141.2767199328,321.215450139728,0,0,0,0,0,0,0,0,0,0,1.58624670299334,3.08433645636825,0.68415281994516,0.971020713793652,0.284939361545903,0.648421059528506,0,0,0,0,0,0,0,0,5894.82149170603,4431.02244241935,1173.37330034332,2359.80327842776,649.51779570858,1048.02486965995,447.412853346762,1171.36508252714,226.488468528685,170.246968192644,45.2275395502019,90.9709754007782,25.0289491830206,40.384987311414,17.2563903661933,45.179199372385,20780.506604861,15485.7884698935,4482.74960336196,8772.21059285829,2746.38821837477,4228.09737125787,1475.83835772699,3711.04369248075,798.416609375299,594.988854530861,174.455226451753,342.243081696332,107.855549580089,166.368809727797,58.0809145982936,146.258642735586,0,0,9.06141621535961,18.219063324082,5.8161205858298,9.02937387362909,3.3327647110934,8.44249127724137,0,0,0,0,0,0,0,0,382.53728648513,304.113722334232,402.6469052868,856.912816005547,401.96820458977,700.505963862271,117.382337633167,324.363682897736,14.6976886038319,11.6845357033673,15.4627128036578,32.8982786151302,15.4057290447803,26.8435869845291,4.5010728620724,12.4365830553726,258.154577684139,204.023863522593,362.346253592366,801.482090759035,399.543696613285,700.056636499368,155.604176182183,435.344989764739,9.91870667268142,7.83892324872595,13.9125902205394,30.7636083555814,15.3105540497343,26.8208775986665,5.96284951440553,16.6798569525361,0,0,52.9513191259093,124.544724134582,52.4143368586013,87.374141080785,32.0634826377129,84.9339540813435,0,0,0,0,0,0,0,0,594.085949169106,278.124089274183,1827.93427747218,1904.75747516111
"225",2008,2542,18.6666666666667,3605.05323956057,2864.8360654436,933.090560741149,1773.60642562131,342.63059250205,482.827627098069,142.726997524986,324.13632803023,0,0,0,0,0,0,0,0,0,0,1.57804421024154,3.06874877692269,0.676561101402485,0.95657552199226,0.288032637519948,0.654686031941853,0,0,0,0,0,0,0,0,5910.74012259869,4438.4755481827,1176.8361249408,2367.13925318914,648.115135561526,1041.02669893421,459.609069934256,1202.02717837969,227.100087784166,170.53332843485,45.3611397523337,91.2540400202915,24.9749551954575,40.1154276223284,17.7271277249782,46.3627538837482,20755.4698989566,15450.46372635,4477.20485942896,8762.57906412716,2729.1217616937,4183.02793092444,1509.98074350013,3794.41164918313,797.45471740438,593.631619705349,174.239195365148,341.866103565188,107.172716139578,164.585989897183,59.4243334530854,149.541578337602,0,0,9.05931241943831,18.2177948033482,5.78444092513408,8.94067385226387,3.41410566932427,8.64259896056791,0,0,0,0,0,0,0,0,383.726331521374,304.734663548339,404.01189755327,859.952480675269,401.161920470978,695.761113927839,119.907996277202,330.763476446187,14.7433736993284,11.7083932551663,15.5153632528213,33.0155377570161,15.3752544759447,26.6625570160789,4.59810489782888,12.6825045272197,257.967444216532,203.651465128358,362.534755520886,801.852820285194,397.225307043174,692.474405616577,158.09730640421,441.523185929887,9.91151680680565,7.82461510378058,13.9200719499279,30.7784566569023,15.222193381699,26.5312910497284,6.0586310607556,16.9172951107833,0,0,52.9157254495804,124.458519985113,52.0180840395148,86.3048268568519,32.8398686145564,86.887952884161,0,0,0,0,0,0,0,0,597.80733614057,279.722293180953,1842.80203388202,1919.58533124281
"226",2008,2542,18.75,3584.09330954617,2847.36054616254,928.131121130318,1764.36411284756,338.753824062899,475.628978880635,144.08443611425,326.825120723726,0,0,0,0,0,0,0,0,0,0,1.56984531120787,3.05316170744334,0.669119938754783,0.94254938437689,0.290939173853516,0.66048325776594,0,0,0,0,0,0,0,0,5926.31224616513,4445.66370598346,1180.23045969823,2374.32094630719,646.728675068503,1034.1717788698,471.752246875792,1232.43434223505,227.69839367405,170.809508952636,45.4920979828638,91.5311565242445,24.9215855496792,39.8513876304399,18.195835949778,47.5365211583616,20730.6028709943,15415.3963814645,4471.69772360609,8752.94324885909,2712.20855715697,4139.11849840315,1543.86382991978,3876.85586049921,796.49934394988,592.284274573552,174.024563480783,341.48885644785,106.503776800932,162.848898661516,60.757524902911,152.787960788311,0,0,9.05699444922761,18.216087212815,5.75338646491355,8.85419897091599,3.49495510128509,8.84081547150694,0,0,0,0,0,0,0,0,384.895512893176,305.340664108046,405.347669002824,862.933356649225,400.357684785934,691.101939253238,122.406888404477,337.045090310598,14.7882956001831,11.7316767631643,15.5668897671048,33.1305363178,15.3448519216209,26.484792632669,4.69411627573105,12.9239109951535,257.788347797693,203.28702411217,362.715720511377,802.213775308857,394.958545984574,685.086118031691,160.525644300691,447.464688703252,9.90463573487544,7.81061269410079,13.9272613276709,30.7929228785212,15.1358012554029,26.2491092970955,6.15193680728116,17.1456839638939,0,0,52.878734809191,124.369356098072,51.6287177888679,85.2603743203102,33.6118456611501,88.8222218858082,0,0,0,0,0,0,0,0,601.540175878988,281.323717770009,1857.66176374024,1934.3612617027
"227",2008,2542,18.8333333333333,3563.32480910498,2830.08042621583,923.209229834988,1755.1750729029,334.957215705901,468.642138212773,145.352111569878,329.291172898584,0,0,0,0,0,0,0,0,0,0,1.56165952498309,3.03758935529075,0.661825776214046,0.928927851895201,0.293664698779269,0.665830457549057,0,0,0,0,0,0,0,0,5941.5366367084,4452.58738296469,1183.55515761109,2381.34672666617,645.357571619339,1027.45651578364,483.838672310182,1262.57781324452,228.283339105099,171.075527694386,45.6203703047002,91.8022621891361,24.8688077141222,39.5927287381491,18.6623712987498,48.7001614959928,20705.9061130506,15380.5855508259,4466.22863170442,8743.3054255578,2695.64105181238,4096.33773814446,1577.49201132476,3958.39760530721,795.550511765758,590.946785154726,173.811350540782,341.111433536727,105.84843736746,161.156308350511,62.0806615783424,155.998631365616,0,0,9.05449033344712,18.2139706938584,5.72294260841225,8.76988890281331,3.57531210611076,9.03715655909358,0,0,0,0,0,0,0,0,386.044811605262,305.931673651701,406.654932657124,865.855961774389,399.556369481171,686.528288523343,124.880413999578,343.215681000351,14.8324535765627,11.7543842923861,15.6173196686047,33.243293996494,15.3145547413698,26.3102882104903,4.78916031654011,13.1610755977526,257.616915457994,202.930262437482,362.889181340658,802.564801485588,392.74171144108,677.886485253874,162.892258425602,453.181369771029,9.89804912686323,7.79690533707572,13.9341595932599,30.8070010385826,15.0513125892093,25.9741304146396,6.24288392460762,17.3654769589574,0,0,52.8403939644647,124.277328931544,51.2461393544621,84.2402525754047,34.3794500930389,90.7371392411148,0,0,0,0,0,0,0,0,605.28427536813,282.928284473487,1872.51324322707,1949.0861920597
"228",2008,2542,18.9166666666667,3542.75157837086,2812.99758427183,918.326208329144,1746.04253519084,331.238859261154,461.85968707099,146.533022728489,331.543513994688,0,0,0,0,0,0,0,0,0,0,1.55349516274988,3.02204444260483,0.654675225498845,0.91569704055769,0.296214843787157,0.670744865604648,0,0,0,0,0,0,0,0,5956.41320980375,4459.24787394969,1186.80948212237,2388.21572707301,644.001182734156,1020.87770910149,495.86505807267,1292.45019853542,228.854920833581,171.331434409282,45.7459285307516,92.0673236364111,24.8165968586533,39.3393274781795,19.1266063351472,49.8533878394081,20681.3794629774,15346.0298173847,4460.79781378302,8733.66747025601,2679.41176391551,4054.65502475734,1610.86942829375,4039.05706553776,794.608214627689,589.619097003305,173.599568242062,340.733912293183,105.20640630711,159.507018787972,63.3939063077563,159.174388680414,0,0,9.05182317132401,18.2114705985417,5.69309537366373,8.68768521179747,3.65517596504622,9.23163787401759,0,0,0,0,0,0,0,0,387.174206777364,306.50764807759,407.93430161268,868.720728611979,398.75869903723,682.039791040247,127.329806769806,349.281674655625,14.8758468262101,11.7765141483732,15.6666764441158,33.3538272214666,15.2843906530883,26.1390297277474,4.88328397371071,13.394243509901,257.45274098048,202.580868923273,363.055152519989,802.905640448206,390.573174056679,670.870327323383,165.200111393485,458.684786727073,9.89174137532505,7.7834810766309,13.9407672878501,30.8206811671333,14.9686650817411,25.7061566109158,6.33158553019823,17.5771155436739,0,0,52.8007509792506,124.182533489517,50.8702486635422,83.2439358820151,35.1427173065728,92.6330730834972,0,0,0,0,0,0,0,0,609.039441386122,284.535914471016,1887.35627640036,1963.76104636127
"229",2009,2542,19,3521.64162525504,2795.31464995685,913.201540378102,1736.65678479057,327.29293343394,454.572303116736,147.994521695195,334.338942662461,0,0,0,0,0,0,0,0,0,0,1.545461762958,3.00664446446775,0.647067469023477,0.901453760395472,0.29931765801488,0.676730730243423,0,0,0,0,0,0,0,0,5971.40441473191,4466.02077766709,1189.746605825,2394.71304154782,642.072874368033,1012.88008878118,508.568340066168,1323.76862261155,229.430906900395,171.591660201124,45.8593011600711,92.3180975576586,24.7423460602186,39.0312501491719,19.6169380846799,51.0623663319084,20657.7210416268,15312.1309854856,4454.41243011685,8723.07832178247,2661.03942383682,4007.82956915439,1646.98783879496,4125.49991703569,793.69927519626,588.316648092319,173.351263640628,340.319995408221,104.480262120259,157.6555313491,64.8147342280458,162.577460778551,0,0,9.04965017838456,18.209321231884,5.65858881508953,8.59423240472801,3.7409259530291,9.43858192646955,0,0,0,0,0,0,0,0,388.391382015427,307.117166083111,409.264662205338,871.621919051051,397.803426484187,676.77757326297,130.21629621271,356.381497583172,14.9226127237349,11.7999328023984,15.7179891971497,33.4657541313729,15.2481789338169,25.9381005168898,4.99416673032628,13.6670454288585,257.314416478624,202.254690287767,363.228558204039,803.252285749664,388.092604369946,663.002033492046,167.886335315778,465.082150123514,9.88642681871495,7.77094876903048,13.9476571225862,30.8345766112406,14.8740489952338,25.4055053665579,6.43479465673971,17.823025196276,0,0,52.7645456399056,124.090930993651,50.4540154051051,82.1434332746673,35.9586144911168,94.6470909403816,0,0,0,0,0,0,0,0,612.697951546696,286.100517285753,1901.76464356234,1977.96419232328
"230",2009,2542,19.0833333333333,3500.42546628365,2777.51089111255,908.008054475583,1727.19946898571,323.316087901233,447.246073267817,149.49587964127,337.175416600559,0,0,0,0,0,0,0,0,0,0,1.53738874204676,2.99120822666584,0.639398161064268,0.88712753369112,0.302501767076104,0.682801451190084,0,0,0,0,0,0,0,0,5986.33391240358,4472.7493394375,1192.56668144803,2401.05780613709,639.9722759163,1004.51181006308,521.530980446201,1355.54101102684,230.004522075735,171.850182304452,45.968167105129,92.5629915218022,24.6614532138437,38.7088842514969,20.1172748152842,52.2888624672257,20634.4005089584,15278.5646786842,4447.67935362516,8712.09635066162,2642.09581055933,3959.89358717917,1683.9396957777,4213.39569158944,792.803317154555,587.026975354206,173.089609557917,339.890950775943,103.731724914364,155.76047303025,66.2682511818655,166.037498126725,0,0,9.04706419741224,18.2065850136376,5.62279906177771,8.49820666588616,3.82856148927192,9.64882552581638,0,0,0,0,0,0,0,0,389.624609710997,307.728695774948,410.580452118424,874.485004281302,396.76976007099,671.273074232836,133.223444133259,363.71945879185,14.9699953809178,11.8234287486728,15.7687401407624,33.576213454596,15.2089556102015,25.7278673455222,5.10967928049751,13.9489862215273,257.186040092283,201.936080233966,363.393296334695,803.574039260009,385.533041972395,654.941551019192,170.675431109761,471.660403818267,9.88149448248878,7.75870725851077,13.9542110468476,30.8475093128963,14.7763953199625,25.0974635251323,6.54195299231322,18.0758835355781,0,0,52.728622487233,123.99834592876,50.0273547130664,81.0215140760554,36.7911539783733,96.6907043362094,0,0,0,0,0,0,0,0,616.326167030231,287.650337937819,1915.99465553017,1991.94297151256
"231",2009,2542,19.1666666666667,3479.3934177272,2759.90032624527,902.857327470487,1717.79531858499,319.426659157966,440.152734674341,150.895647342437,339.764303717292,0,0,0,0,0,0,0,0,0,0,1.529243439248,2.97570194619588,0.631898389967075,0.873255101152629,0.305486285330241,0.688381945178541,0,0,0,0,0,0,0,0,6001.01534780376,4479.28288347564,1195.36309081392,2407.32750753058,637.926416675772,996.375669505327,534.464428370535,1387.09177306364,230.56860630191,172.101211514641,46.076109885977,92.8049778714437,24.582667698133,38.3954599494509,20.6164971387508,53.5068421004153,20611.1476740633,15245.1739947041,4440.98884835293,8701.09800876696,2623.54705405263,3913.27057878436,1720.55844738223,4300.14834558388,791.909959444921,585.744050349295,172.829526074435,339.461150834099,102.998730088431,153.917183733122,67.708650843102,169.452374765262,0,0,9.04385246546429,18.2030233701948,5.58777056144986,8.40480011879717,3.91559352408491,9.85677924810659,0,0,0,0,0,0,0,0,390.831843970981,308.323390394448,411.852018494462,877.275176588496,395.722459888801,665.865370821584,136.171048413747,370.853341681357,15.0163793279931,11.8462778645762,15.8177905875553,33.6838690084965,15.1692030766931,25.5213259136245,5.22291401640484,14.2231167716005,257.060323505325,201.618813907092,363.543266659037,803.86487779455,383.03389052509,647.091001222053,173.397907586771,477.993007284521,9.87666433805889,7.74651737619103,13.9601949114777,30.8592481741941,14.6810468597479,24.7974402094156,6.64656432664513,18.3193449453159,0,0,52.6911117312176,123.902489444006,49.6086278639553,79.9279847576931,37.618091413802,98.7104695045769,0,0,0,0,0,0,0,0,619.965762690069,289.203198904186,1930.21032305335,2005.86039237599
"232",2009,2542,19.25,3458.55295594002,2742.48764504025,897.751377402694,1708.44925400341,315.622701160106,433.283850826414,152.197455813955,342.116466238272,0,0,0,0,0,0,0,0,0,0,1.52104996742118,2.96015244540544,0.624561927332858,0.859818134270916,0.308277054778379,0.693490917930388,0,0,0,0,0,0,0,0,6015.42736462855,4485.60669612021,1198.12638136927,2413.5040418712,635.928486339801,988.456036514719,547.361548979832,1418.40470015144,231.122339035572,172.344182509292,46.1827671779773,93.043361998094,24.5057277761934,38.090376180264,21.1143301660804,54.7156804079958,20587.9786704229,15211.9695903037,4434.34496975232,8690.09292322554,2605.38660117632,3867.9259624871,1756.8523038629,4385.79144049307,791.01982194478,584.468282527099,172.571173584034,339.030974037878,102.281021240305,152.124305739113,69.1362542348108,172.823411852387,0,0,9.04012636986463,18.1987483204132,5.55348095224537,8.3139364118197,4.00202777776712,10.0624836907034,0,0,0,0,0,0,0,0,392.013810483659,308.901558187539,413.082831391822,879.996485536404,394.666238289925,660.557883346756,139.063535652078,377.798479272364,15.0617924470553,11.8684919934101,15.8652737815742,33.7888762278324,15.1291020636519,25.3186078459933,5.33404038730565,14.4900238885377,256.937878186199,201.303733634051,363.679351955685,804.128326043477,380.59274858064,639.446160570143,176.055200372446,484.088540214093,9.87195987905407,7.73441148561704,13.965642577891,30.869928420645,14.5879117616632,24.5052743683946,6.74868323243633,18.5537366951506,0,0,52.652031519321,123.803472058534,49.1977328395914,78.8622109709187,38.4395040581483,100.706941273902,0,0,0,0,0,0,0,0,623.61649955145,290.759016119876,1944.41094520145,2019.71746052026
"233",2009,2542,19.3333333333333,3437.91053945116,2725.27673820559,892.691958973169,1699.16566623081,311.902268698422,426.631249692723,153.404825916974,344.242336799824,0,0,0,0,0,0,0,0,0,0,1.5128288442011,2.94458336384631,0.617383327845724,0.846799495011618,0.310879915177523,0.698146729999046,0,0,0,0,0,0,0,0,6029.5532506161,4491.70960407977,1200.84897428534,2419.57310132624,633.972989162218,980.73997102766,560.215847074746,1449.46551428635,231.665078164897,172.578665992681,46.2878484796108,93.2775948823273,24.4304221676202,37.7931351680368,21.6105235517887,55.914826680668,20564.9062778127,15178.9596231443,4427.75083775069,8679.08888714343,2587.60752508526,3823.82530424291,1792.82895163826,4470.35660534737,790.133395677386,583.199985317812,172.314676248529,338.600727755345,101.57832739256,150.380487098863,70.5513621487942,176.151855469712,0,0,9.03597637625066,18.1938505086102,5.51990942341885,8.22554079965088,4.08786906207652,10.2659761852083,0,0,0,0,0,0,0,0,393.171108181009,309.463434630403,414.275734370293,882.652073127054,393.604894189583,655.352748752605,141.904886914936,384.568697647619,15.1062577500196,11.890080182546,15.9112989109605,33.8913556955024,15.088798258638,25.1197955029142,5.44321076151796,14.7502366341742,256.819106403599,200.991467815628,363.802361252789,804.367332293623,378.207423328343,632.002672411729,178.648932821619,489.955989510084,9.86739656131767,7.72241373095062,13.9705850863721,30.8796631754434,14.4969061775968,24.2207998494196,6.84837150055025,18.7794017415946,0,0,52.6114109807773,123.701405542776,48.7945606071392,77.8235588755511,39.2554668879862,102.680657715131,0,0,0,0,0,0,0,0,627.278144976006,292.317706928805,1958.59596522368,2033.51524099508
"234",2009,2542,19.4166666666667,3417.47179055321,2708.27084338347,887.680609963482,1689.94850642937,308.263428829107,420.187019852841,154.521176821728,346.151954271819,0,0,0,0,0,0,0,0,0,0,1.50459771739659,2.92901569909862,0.610357710918912,0.834183010605604,0.313300682536385,0.702367365960371,0,0,0,0,0,0,0,0,6043.37992314034,4497.58318621348,1203.52475341259,2425.52332000512,632.055425942859,973.216546974276,573.021404552847,1480.26167978233,232.196321034468,172.80433841111,46.3911193625677,93.50724035466,24.3565778515909,37.5033164737474,22.1048491003632,57.1037971176067,20541.9406649122,15146.1503170337,4421.20884838737,8668.09227596531,2570.2026547558,3780.93450268227,1828.49561582698,4553.87375586351,789.251071343961,581.939397849875,172.060130169087,338.170664362462,100.890368025478,148.684388830161,71.9542575548177,179.438885091449,0,0,9.03147708908128,18.1884045878957,5.48703639860268,8.13954042548504,4.17312153311048,10.4672915312556,0,0,0,0,0,0,0,0,394.304241960332,310.009204522908,415.433097379675,885.244424565061,392.541538625569,650.251187838617,144.69869461413,391.176515680068,15.14979463584,11.9110495322904,15.9559569771292,33.9914027697622,15.0484109614367,24.9249360765163,5.55056260717077,15.0042339778549,256.704252418629,200.682479423132,363.913030284385,804.584362744827,375.875882997791,624.756071104941,181.180867647335,495.604590459026,9.86298376979106,7.71054190028864,13.9750506715251,30.8885470739726,14.4079524343045,23.9438463116178,6.94569628304872,18.9966926318128,0,0,52.5692868750298,123.596401413442,48.398997150556,76.8113974924918,40.066052743957,104.632141202023,0,0,0,0,0,0,0,0,630.950471225464,293.879189662113,1972.76493497986,2047.25483315857
"235",2009,2542,19.5,3397.24156258266,2691.47260028558,882.718668319707,1680.80131789008,304.704267600892,413.943517955453,155.549826235729,347.85496785615,0,0,0,0,0,0,0,0,0,0,1.49637164950728,2.91346801749955,0.603480683316455,0.821953405029217,0.315545133354418,0.706170401720297,0,0,0,0,0,0,0,0,6056.89752395859,4503.22145522863,1206.14889984648,2431.34592903662,630.172163434919,965.876572610643,585.772868052253,1510.78235773496,232.715688874837,173.020969723219,46.4923951329197,93.7319618740869,24.2840550575853,37.2205662660734,22.5971002974486,58.2821730941089,20519.0896870245,15113.546190867,4414.72075924584,8657.10821412497,2553.16463403035,3739.21989620932,1863.85907823651,4636.37115678821,788.373150762509,580.686693746237,171.807606681055,337.740987679629,100.216855372257,147.034689091201,73.3452062885579,182.685615968465,0,0,9.02668920363073,18.1824712772407,5.45484342736653,8.05586443485309,4.25778879906221,10.6664623197912,0,0,0,0,0,0,0,0,395.413636168645,310.53901134009,416.556877739419,887.775468953243,391.47868175186,645.253645327278,147.448184574637,397.633222828562,15.1924194086005,11.9314055551833,15.99932313595,34.0890914508983,15.0080364229808,24.7340469688142,5.65621933863985,15.2524477795082,256.593423850423,200.377086084517,364.012022688845,804.781443341939,373.596243685233,617.701810405555,183.652879213003,501.043732127705,9.85872563941435,7.69880819740369,13.9790648071719,30.8966578666062,14.3209785260445,23.6742403086443,7.04072903012103,19.2059678750991,0,0,52.5257022436981,123.488570321655,48.0109243764005,75.8251002717109,40.871332300542,106.561898275121,0,0,0,0,0,0,0,0,634.633254959205,295.443383497022,1986.91750141499,2060.93736058256
"236",2009,2542,19.5833333333333,3377.22404047446,2674.88413188909,877.807297857144,1671.72728533746,301.222896682956,407.89336747402,156.493994359985,349.360655355132,0,0,0,0,0,0,0,0,0,0,1.48816352813713,2.89795676982898,0.596748228715716,0.810096186265823,0.31761898882054,0.709572980975998,0,0,0,0,0,0,0,0,6070.09884962057,4508.6204148955,1208.71766007059,2437.03427559552,628.320259697231,958.712223079056,598.465411100212,1541.01828555611,233.222904917924,173.22840638747,46.5915319465109,93.9515040894925,24.2127405659065,36.9445832246104,23.0870908627235,59.4495965526905,20496.3593037156,15081.1503762851,4408.28780838033,8646.14080772614,2536.48599448437,3698.64836879896,1898.9257148497,4717.87555251176,787.499862914135,579.441993329331,171.557156945164,337.311861965947,99.5574972520018,145.430087299611,74.7244584939395,185.893104166288,0,0,9.02166225426201,18.176100250051,5.42331301735796,7.97444407729049,4.34187406378306,10.863519365731,0,0,0,0,0,0,0,0,396.499652796267,311.052969395366,417.648704287383,890.246714970188,390.418354346598,640.359981513643,150.156252059592,403.949004150785,15.2341459765417,11.951152643329,16.0414599284446,34.1844795909789,14.9677525081605,24.5471231491243,5.76029169810846,15.495267582215,256.486620826261,200.075487903964,364.099933034328,804.960220554891,371.366745605128,610.83528742098,186.066921701546,506.282854595763,9.85462217511968,7.68722031061714,13.9826503212122,30.9040587484013,14.2359172016938,23.4118062015313,7.13354426832756,19.4075879991227,0,0,52.4807046035463,123.378021309924,47.6302212668075,74.8640466228804,41.6713741532069,108.470420155791,0,0,0,0,0,0,0,0,638.326276502465,297.010208260347,2001.05338746418,2074.56395798403
"237",2009,2542,19.6666666666667,3357.42282021399,2658.50710867831,872.947508589365,1662.72927390129,297.817458359571,402.029456690768,157.356807027032,350.677938213723,0,0,0,0,0,0,0,0,0,0,1.47998439119764,2.88249654775477,0.590156626631574,0.798597562133574,0.319527901513815,0.712591796904353,0,0,0,0,0,0,0,0,6082.9789039219,4513.777712521,1211.22816356286,2442.58344553504,626.49732996288,951.716761221796,611.094700396265,1570.96166744036,233.717777201568,173.426558009633,46.6884198193008,94.1656783717048,24.1425425617111,36.6751078273032,23.5746534606829,60.6057658115496,20473.7539069816,15048.9648667884,4401.91080755059,8635.19332632497,2520.15921142903,3659.18742801813,1933.7015279779,4798.41227906598,786.631376551686,578.205373192391,171.30881554726,336.883418946933,98.9119992481765,143.869307174023,76.0922498598284,189.062350883396,0,0,9.01643672789359,18.1693323367937,5.39242850393292,7.89521275013208,4.42538023960076,11.05849205382,0,0,0,0,0,0,0,0,397.562605537976,311.551173100735,418.709942273355,892.659353753503,389.362200376765,635.569614332608,152.825492930538,410.133047412691,15.2749863923135,11.9702944241875,16.082419772402,34.2776128447951,14.9276222479865,24.3641426081762,5.86287895068752,15.7330447188299,256.38375891469,199.777789524718,364.177290728896,805.12201309594,369.185735367673,604.151864797833,188.425002666441,511.33136556389,9.85067013295805,7.67578226048841,13.9858275446972,30.9108003417055,14.1527052837692,23.1563670058342,7.22421858544787,19.6019123497015,0,0,52.4343445753647,123.26486129219,47.2567647808305,73.9276231436899,42.4662448988794,110.358183188327,0,0,0,0,0,0,0,0,642.029319309988,298.57958429704,2015.17237749702,2088.13576164798
"238",2009,2542,19.75,3337.84097406757,2642.34280141194,868.14017345015,1653.80986123438,294.486129109863,396.344934921264,158.141298528874,351.815395457594,0,0,0,0,0,0,0,0,0,0,1.47184369096593,2.86710030249247,0.583702396335517,0.787444377889976,0.321277444093533,0.715243080198576,0,0,0,0,0,0,0,0,6095.53454010499,4518.69236154794,1213.67827672216,2447.98996304473,624.701442028677,944.884322560332,623.65686429823,1600.60606925725,234.20018482231,173.615386684604,46.7829770289155,94.3743512968607,24.073386620519,36.4119140973831,24.0596384953217,61.7504315409463,20451.2765832338,15016.9907160692,4395.59021634221,8624.26834659349,2504.17674664008,3620.80525815056,1968.19217533306,4878.00536661022,785.767810265599,576.976873819727,171.062603361009,336.455763370573,98.2800663723552,142.351098810248,77.4488027377531,192.194306402537,0,0,9.01104567617996,18.1622011754058,5.36217395185586,7.81810597463701,4.50831003396617,11.2514086203775,0,0,0,0,0,0,0,0,398.602770651202,312.033703901218,419.741743404825,895.014335511761,388.311547212527,630.881621756473,155.458232672955,416.193641741892,15.3149512701636,11.9888340270066,16.1222468841557,34.3685276125348,14.8876965341926,24.1850702897433,5.96406999774149,15.9660960946631,256.284687282263,199.484017903139,364.244565321977,805.267858560461,367.051653829819,597.646894950624,190.729159699837,516.198570001374,9.84686371770954,7.66449508272254,13.9886145144382,30.9169224843844,14.0712832018219,22.9077453186996,7.31282973496903,19.7892963907353,0,0,52.3866748794627,123.14919475655,46.8904305599661,73.0152245997224,43.2560092124639,112.225649263877,0,0,0,0,0,0,0,0,645.742169583257,300.151432393972,2029.27430634599,2101.65390291283
"239",2009,2542,19.8333333333333,3318.48110772448,2626.39212731748,863.386042965268,1644.97136576617,291.227122362895,390.83320772488,158.85041434655,352.781277104226,0,0,0,0,0,0,0,0,0,0,1.46374952424355,2.85177953864331,0.577382250272415,0.776624062262052,0.322873099793592,0.717542590965764,0,0,0,0,0,0,0,0,6107.76415141183,4523.3645022496,1216.06647669281,2453.25153209031,622.931028162114,938.209736575452,636.148461437493,1629.9463141482,234.670066045937,173.794897801906,46.875145278521,94.57743473112,24.0052123272477,36.1548027428977,24.541912909215,62.8833927648687,20428.9293398041,14985.2282089067,4389.32620600788,8613.36787574989,2488.53108395033,3583.47076017796,2002.40299763112,4956.67763645295,784.909241186578,575.756506152759,170.81853001417,336.028977781971,97.6614044507955,140.874240246309,78.7943272035015,195.289873833045,0,0,9.00551609251069,18.154734612528,5.332534069352,7.74306135974916,4.59066602334983,11.4422963933151,0,0,0,0,0,0,0,0,399.620396144481,312.500636019573,420.745088327606,897.31243333794,387.267465103844,626.294826551237,158.056553238887,422.138268229603,15.3540501389729,12.0067743035431,16.1609789099372,34.4572534910432,14.8480164016344,24.0098613447345,6.06394440653766,16.194707661569,256.189204306793,199.194137720386,364.302171860898,805.398555528017,364.963025306314,591.315740308203,192.981440508973,520.893611874839,9.8431951827695,7.6533574203119,13.9910271778898,30.9224558442355,13.9915945783427,22.665764094109,7.39945587136983,19.9700894675948,0,0,52.3377494921447,123.031123539558,46.5310935284643,72.1262547292057,44.0407299308239,114.073266268809,0,0,0,0,0,0,0,0,649.464615962232,301.725673728285,2043.35904998427,2115.11950287015
"240",2009,2542,19.9166666666667,3299.34540917694,2610.65568959501,858.685757827077,1636.21587098736,288.038690451911,385.487931199645,159.487013722384,353.583516898849,0,0,0,0,0,0,0,0,0,0,1.45570882682194,2.83654448296376,0.571193058704984,0.766124583312934,0.324320254607538,0.719505614591865,0,0,0,0,0,0,0,0,6119.66741261846,4527.79520235432,1218.39174611143,2458.36682196682,621.18481366208,931.688384013582,648.566450503537,1658.97838148531,235.127408376825,173.965132385369,46.9648856622398,94.7748776059999,23.9379705338605,35.9035956779314,25.0213590269227,64.0044929900464,20406.7132938928,14953.6770032055,4383.11871245402,8602.49345353936,2473.2147574996,3547.15357845004,2036.33904417728,5034.45079124351,784.055712245222,574.544257047396,170.576595936261,335.603126469676,97.0557212259865,139.437538510299,80.1290220411404,198.349912590736,0,0,8.99987002916353,18.1469558261722,5.3034941372416,7.67001854558684,4.67245071287283,11.6311819899352,0,0,0,0,0,0,0,0,400.615709190882,312.95204093594,421.720821012825,899.554293194827,386.230815026081,621.807861625843,160.622317775682,427.973682742443,15.392291727091,12.0241180001782,16.1986482465383,34.5438151942052,14.8086148642829,23.8384636401598,6.16257335885643,16.4191375934453,256.097070464747,198.908064286814,364.350476441086,805.514701179615,362.918448963971,585.153791572958,195.183885917876,525.425426572169,9.8396553253023,7.64236601934352,13.9930796055927,30.9274233616595,13.9135858987097,22.4302473427329,7.48417489767365,20.1446329808002,0,0,52.2876229841675,122.91074669143,46.1786283847206,71.2601268840479,44.8204681366574,115.901468533605,0,0,0,0,0,0,0,0,653.196449297351,303.302229842603,2057.42651803173,2128.53366847614
"241",2010,2542,20,3279.28482456498,2593.94956786721,853.613462217766,1626.97643911246,284.249522734238,377.525745632839,160.812681401215,357.061261332122,0,0,0,0,0,0,0,0,0,0,1.44787962272829,2.82151428391123,0.563810003355156,0.750413593709005,0.327135085573371,0.726791731975292,0,0,0,0,0,0,0,0,6131.96758303409,4532.5604244315,1220.37405479599,2463.06324804355,618.030915038591,918.565629818727,662.631324061556,1694.83533030817,235.600000594248,174.148219837971,47.0414603238989,94.9562270077622,23.816479761129,35.3979923432098,25.5642765216789,65.3886072705699,20385.4743189369,14922.8010289932,4375.72036430058,8590.20509085811,2452.42955410458,3486.03247650137,2076.62160063188,5137.7159196363,783.239722956473,573.357951445663,170.289192819339,335.123208511903,96.2354804470505,137.025971996048,81.7127381835451,202.411860674418,0,0,8.99520647881671,18.1398307416632,5.26265117041616,7.54314868362864,4.7679397731543,11.8753822172817,0,0,0,0,0,0,0,0,401.773781805188,313.458550556604,422.815445654508,901.875923999601,384.632911271085,613.117804489345,164.216364339252,438.28056223735,15.4367867949331,12.0435789077424,16.2408818052201,34.6334345954369,14.7476875389099,23.5059121446701,6.30063263124422,16.8150007847625,256.032013830911,198.645104361322,364.417719720448,805.629009755993,360.066979689545,574.881014015059,198.305470213011,534.146770811708,9.8371558155923,7.63226267637768,13.9958561130301,30.9323126382035,13.8046332219263,22.0371289410443,7.60413580682527,20.4797803413452,0,0,52.2441611650997,122.796165124811,45.7247531727806,69.8979184419923,45.7193859642671,118.241546183405,0,0,0,0,0,0,0,0,656.748221013317,304.814043982203,2070.75761058298,2141.3037075235
"242",2010,2542,20.0833333333333,3259.25934318396,2577.28277005479,848.537619802675,1617.72870280867,280.482992186104,369.59904392,162.113732656659,360.50372911504,0,0,0,0,0,0,0,0,0,0,1.43997836619363,2.80640907934905,0.556474992256116,0.734760278656635,0.329908389305866,0.734031657765891,0,0,0,0,0,0,0,0,6144.23289184763,4537.29603565191,1222.34461705731,2467.73768239552,614.828548065273,905.208307394119,676.880765829012,1731.28244348402,236.071253373169,174.330169594103,47.1175718374036,95.1367097795763,23.6931166643562,34.8833429021421,26.1143108504432,66.7954689217721,20364.2513209242,14892.0307819992,4368.21709670025,8577.71813151809,2431.48669278423,3424.25404407169,2117.18041164468,5241.81858943655,782.424346863153,572.17570807372,169.997722238209,334.635565195963,95.4091072474789,134.588725348914,83.3072629617786,206.506562798449,0,0,8.98994996999799,18.1318822836651,5.22142888774054,7.41467243762738,4.86419717950544,12.1218992993711,0,0,0,0,0,0,0,0,402.920978866887,313.955072931685,423.876521779916,904.136861696623,382.960245063737,604.183552881474,167.820417887693,448.55421078545,15.4808640057654,12.062656089391,16.2818245565146,34.7207184483577,14.6838872176381,23.1639786442843,6.43907922350544,17.2095997098006,255.963590646005,198.376912085064,364.464123296574,805.687572522819,357.188134102519,564.455857282153,201.457506402933,542.984929793196,9.83452695620446,7.62195829817206,13.9978293280371,30.9350544195965,13.6946213468386,21.6381421724071,7.72526839819159,20.8194176993926,0,0,52.1998673028663,122.67908202299,45.2685555737131,68.5242374927327,46.6243173415381,120.599193723367,0,0,0,0,0,0,0,0,660.289179560975,306.320846866605,2083.97900788908,2153.90215418668
"243",2010,2542,20.1666666666667,3239.40671281259,2560.79395614195,843.508335277522,1608.54163937208,276.812663361393,362.009842820819,163.308357234138,363.605325101535,0,0,0,0,0,0,0,0,0,0,1.43200779396137,2.79123742951648,0.549329670241277,0.719764028295886,0.332475070202831,0.740609517123825,0,0,0,0,0,0,0,0,6156.34016657151,4541.90659707154,1224.31782621183,2472.38666745572,611.725139488509,892.343535358745,691.113655673067,1767.49559747855,236.536434229643,174.507314736913,47.193771917075,95.3161924153747,23.57356430138,34.3876707136673,26.663712940016,68.1933240514405,20342.9816971065,14861.3367139073,4360.75565918076,8565.20954574713,2411.03039399675,3364.67015034304,2157.28749791249,5343.86024766417,781.607178702942,570.99639163691,169.707791826963,334.146969440782,94.6018822054742,132.237905724958,84.8840245463774,210.520068097959,0,0,8.9840837292764,18.1231168762688,5.18119401657259,7.29075308708931,4.95964432617763,12.3644120510046,0,0,0,0,0,0,0,0,404.037844499503,314.434379573946,424.891848803358,906.327596223701,381.282523301163,595.492572568783,171.321913750863,458.313024891136,15.5237758339592,12.0810718150803,16.3210079230245,34.8053017387439,14.6198868430765,22.8313525147991,6.57359701522507,17.5844703929611,255.891290200872,198.103483726832,364.489465056119,805.697662044743,354.376410205849,554.356608599559,204.531406399243,551.447306268845,9.83174912491055,7.61145274136665,13.9989907338752,30.9359279523744,13.5871733861591,21.2516220454693,7.84340921298717,21.14466102593,0,0,52.1538964076163,122.558748466614,44.8220703388481,67.1964591878517,47.5215276518416,122.915763159218,0,0,0,0,0,0,0,0,663.840099620066,307.829993008415,2097.16906116641,2166.39450197549
"244",2010,2542,20.25,3219.73883205524,2544.49145249017,838.528593259933,1599.42202355727,273.236158197228,354.742319068083,164.401047351338,366.384658862855,0,0,0,0,0,0,0,0,0,0,1.42399270328833,2.77602791481411,0.542366260509951,0.705393273435908,0.334841622665839,0.74655514958894,0,0,0,0,0,0,0,0,6168.24384061582,4546.35926696292,1226.27616228174,2476.97553903288,608.707453848862,879.935943311555,705.316878002475,1803.43782203228,236.993792422414,174.678393434713,47.2693884435656,95.4933443630812,23.4573139717704,33.9096148756487,27.2119785096136,69.5807518789516,20321.70146206,14830.7442482287,4353.3440630809,8552.69683685582,2391.05268715615,3307.20568355375,2196.95800583785,5443.92864044919,780.789602214998,569.820978947063,169.419715588548,333.65810582347,93.8134925839338,129.970562451531,86.4436147494659,214.455818950983,0,0,8.97772267275228,18.1136558998969,5.14191712826226,7.17122504131936,5.05429614453713,12.6030533524188,0,0,0,0,0,0,0,0,405.125693481066,314.897044976564,425.86572028323,908.453204652073,379.605965760909,587.045725568917,174.72927439659,467.603114410223,15.5655727953792,12.0988481577567,16.358596844188,34.8873795048193,14.5559250967362,22.5080678094243,6.70450884979074,17.9413801772794,255.817269915539,197.827122125653,364.497025663828,805.668841593589,351.630688837499,544.578043708654,207.527906876209,559.537715541918,9.82890521323759,7.60083448471959,13.9994663208438,30.9353004127491,13.482246702252,20.8773695127384,7.95858613417401,21.4556550814602,0,0,52.1063095953726,122.435365115437,44.3851615483822,65.9131730677178,48.4111925854958,125.192662670941,0,0,0,0,0,0,0,0,667.400720213905,309.341401165678,2110.32732816698,2178.78365840655
"245",2010,2542,20.3333333333333,3200.26582101187,2528.38217815036,833.60091801178,1590.37572752871,269.751079251525,347.781318314143,165.396117848509,368.859382937711,0,0,0,0,0,0,0,0,0,0,1.41595443257348,2.76080611141908,0.535577940789867,0.691618270693346,0.337014627713301,0.751897874287576,0,0,0,0,0,0,0,0,6179.90751308039,4550.62817578312,1228.20576033861,2481.47712568742,605.764973229884,867.955983272207,719.478572518508,1839.0757315173,237.44192937069,174.842411738293,47.3438894684782,95.6671225038889,23.3439612876922,33.4480380996318,27.7586513846588,70.9564689110029,20300.4398524034,14800.2737613749,4345.98854021472,8540.19399073169,2371.54481813422,3251.78672436816,2236.20599168681,5542.1060550381,779.972740719369,568.650252898351,169.133738634855,333.1695226157,93.0435951685164,127.783791795771,87.9865832070483,218.317045564206,0,0,8.97095923684525,18.1035956792765,5.10356969773973,7.05592631188576,5.14816526509312,12.8379439415346,0,0,0,0,0,0,0,0,406.185586475318,315.343487790674,426.801495493925,910.517293511316,377.935354385074,578.841753773002,178.050063024503,476.466032766224,15.6062956424132,12.1160012026664,16.3947203728445,34.9670902906782,14.4921854649668,22.1940771153116,6.83210460648159,18.2819216750328,255.743190795463,197.549658141085,364.489570422424,805.609009490536,348.94977420753,535.114165955091,210.44819454963,567.262872815421,9.82605903967927,7.59017387278269,13.9993622989786,30.9334750814557,13.3797957277612,20.5151558969485,8.07084433335357,21.7526559484932,0,0,52.0571725247301,122.309119586842,43.9576818978417,64.6729903127751,49.2934806424839,127.431247675902,0,0,0,0,0,0,0,0,670.970791056502,310.85499253721,2123.45353952772,2191.07255065761
"246",2010,2542,20.4166666666667,3180.99635148764,2512.47190970249,828.727459114323,1581.40788432111,266.355030930679,341.112325496036,166.297722403089,371.046281554823,0,0,0,0,0,0,0,0,0,0,1.40791149032791,2.7455949810991,0.528958584222237,0.678410840569735,0.339000698634734,0.75666637004158,0,0,0,0,0,0,0,0,6191.30198444821,4554.69291187157,1230.09558883925,2485.8700444836,602.88922780545,856.378463200456,733.588006759762,1874.37935460956,237.87972318233,174.998585399012,47.4168517189953,95.836705812011,23.2331804964742,33.0019704432737,28.3033186252966,72.3193224815298,20279.2207811922,14769.9416815602,4338.69394901476,8527.71228172985,2352.49750666616,3198.3408399287,2275.04455612908,5638.46987906619,779.157512996997,567.484844688873,168.850052870451,332.681662939177,92.2918262579128,125.674748343975,89.5134425737011,222.106787619641,0,0,8.96386897114404,18.0930141635677,5.06612421109202,6.94469944984699,5.24126256835144,13.0691945374233,0,0,0,0,0,0,0,0,407.218393887044,315.774014907934,427.701850393132,912.522439916052,376.274423433103,570.877973205434,181.29109358456,484.9393636085,15.6459778173967,12.1325427410775,16.4294813114028,35.044533085048,14.4288112166415,21.8892782202408,6.95664542020981,18.6075352603509,255.670327470949,197.272550582077,364.469427838641,805.524686767135,346.332390632459,525.95836386284,213.293802652582,574.631682120773,9.82325957758382,7.57952695532835,13.9987681121237,30.9307023787288,13.2797718307143,20.1647289126128,8.18024229522231,22.0360037461052,0,0,52.0065531918532,122.180187437748,43.5394758286461,63.4745462554821,50.1685537557977,129.632824154977,0,0,0,0,0,0,0,0,674.550069931599,312.370689935329,2136.54754917541,2203.2640902183
"247",2010,2542,20.5,3161.93777794015,2496.7653874386,823.910025535244,1572.52295161331,263.045631601711,334.721471198407,167.109855827032,372.961287782724,0,0,0,0,0,0,0,0,0,0,1.39987981334581,2.73041502932121,0.522502662921235,0.665744298465865,0.340806448135509,0.760888585649667,0,0,0,0,0,0,0,0,6202.4044400127,4558.53788692142,1231.93710174664,2490.1379771706,600.073508219266,845.181921299232,747.635546548383,1909.32214191129,238.306297279823,175.146315489193,47.4879472632821,96.0014676041794,23.124713447306,32.5705852992351,28.8456094042344,73.668291090877,20258.0634417757,14739.7609485536,4331.46394533278,8515.26061054051,2333.90106578348,3146.79728915224,2313.48588597045,5733.0927533703,778.344656490746,566.325251485075,168.568803583325,332.194877819356,91.5578063026124,123.640652996008,91.0246701243276,225.827900127815,0,0,8.95651277455751,18.0819735642053,5.02955419896946,6.83739192588483,5.33359743592998,13.2969068097793,0,0,0,0,0,0,0,0,408.224823380613,316.188840925143,428.5688822878,914.470377696736,374.626015632528,563.150549752103,184.458475214719,493.056952315768,15.6846465099189,12.1484810181421,16.4629602312653,35.1197744700918,14.3659113994565,21.5935247065719,7.07836538608524,18.9195179462032,255.599615021132,196.996928554147,364.438526508499,805.421147230304,343.777194286508,517.103521922984,216.066553375528,581.654866904231,9.82054275420546,7.56893711439565,13.9977578524654,30.9271848526509,13.1821237607386,19.8258169047486,8.28684960747258,22.3061084553798,0,0,51.9545210108792,122.048732591022,43.1303810491693,62.3165031501326,51.0365673142499,131.798648305341,0,0,0,0,0,0,0,0,678.138321668804,313.888417455611,2149.60931502342,2215.36115729664
"248",2010,2542,20.5833333333333,3143.09631296624,2481.26645639882,819.150131220021,1563.72479845645,259.820524968246,328.595515666225,167.836362157444,374.619530185439,0,0,0,0,0,0,0,0,0,0,1.39187311312375,2.71528453529806,0.516205121011523,0.653593329019747,0.342438455443264,0.76459166961999,0,0,0,0,0,0,0,0,6213.19739512644,4562.15152314672,1233.72379690525,2494.26875345206,597.312515738985,834.347876585654,761.612579941789,1943.88083695244,238.720979875055,175.285157171785,47.5569265810098,96.1609403891734,23.0183561705071,32.1531706350117,29.3851921009532,75.0024795046487,20236.9830893752,14709.7416035223,4324.30119927306,8502.84593360714,2315.7455377987,3097.0871771848,2351.54133149423,5826.04289260439,777.534757334826,565.171859084467,168.290097818368,331.709442787711,90.8411451855731,121.67879895704,92.5207107375124,229.48306581677,0,0,8.94893978053562,18.0705237444332,4.99383426074598,6.73385649547635,5.42517805638227,13.5211746094658,0,0,0,0,0,0,0,0,409.205453919033,316.588111518893,429.404239743876,916.362223424644,372.992279581969,555.654840405704,187.557677993204,500.849251446917,15.7223239646579,12.1638216309877,16.4952204615739,35.1928573021322,14.3035684189257,21.3066390603551,7.19747408174382,19.2190366311103,255.53170908378,196.723646274181,364.39844395595,805.302587973416,341.282778395607,508.542122398454,218.768496357081,588.34455732903,9.81793376021785,7.5584371703627,13.9963921342782,30.923083720635,13.0867978440329,19.4981327441768,8.39074459875416,22.5634340828446,0,0,51.9011457258674,121.914908022877,42.7302302601936,61.1975518663778,51.8976705081283,133.929928158746,0,0,0,0,0,0,0,0,681.735316829102,315.408100079362,2162.63887426223,2227.36658377265
"249",2010,2542,20.6666666666667,3124.47720008541,2465.97820538673,814.44904001169,1555.01679064254,256.677391002577,322.72183086274,168.480942557359,376.035380313294,0,0,0,0,0,0,0,0,0,0,1.38390322311149,2.70021979643812,0.510061259305722,0.641933869059043,0.343903232737343,0.767801903731047,0,0,0,0,0,0,0,0,6223.66766193719,4565.52545720068,1235.45078467245,2498.25345602771,594.602026788872,823.860119637694,775.51143621003,1978.0353156238,239.123264269653,175.41478911363,47.6236020256948,96.3147815490932,22.9139460064813,31.7491017696289,29.9217712060067,76.3211126450862,20215.9918066223,14679.8913663267,4317.20760603619,8490.47367990956,2298.0208244225,3049.14359310009,2389.22148673378,5917.38442416456,776.728279767888,564.024964096232,168.014012520641,331.225573998085,90.1414472778259,119.78655708762,94.0019799898394,233.074808219382,0,0,8.94119008806939,18.0587053807996,4.95894005939282,6.63395142840193,5.51601172907552,13.7420852388042,0,0,0,0,0,0,0,0,410.160768657221,316.971925839897,430.209245251717,918.198687269623,371.374853153656,548.385701190547,190.593603442973,508.343688292948,15.7590287451922,12.1785683891432,16.5263128003085,35.2638088110943,14.2418450803599,21.0284245017563,7.31415927225675,19.5071421947457,255.467045101945,196.453337384573,364.350459149885,805.172307363542,338.84768378727,500.266358437986,221.401844342017,594.713867669732,9.81544932606399,7.54805146878289,13.9947201088816,30.9185256980712,12.9937383845625,19.1813781587247,8.49201186787341,22.8084824432978,0,0,51.8464964356945,121.778856579073,42.3388528706035,60.1164136432872,52.7520066716674,136.027825184593,0,0,0,0,0,0,0,0,685.340830490612,316.929663324329,2175.63632071158,2239.28313851776
"250",2010,2542,20.75,3106.0848148417,2450.90304834788,809.807791961409,1546.40184081141,253.613951216777,317.088382923078,169.04716060254,377.222486474587,0,0,0,0,0,0,0,0,0,0,1.37598030909127,2.68523530132196,0.50406668424968,0.63074304296309,0.345207206132118,0.770544679303895,0,0,0,0,0,0,0,0,6233.8057665757,4568.65409188516,1237.11454788531,2502.08592443164,591.938714098819,813.704343957109,789.325328143179,2011.76843421074,239.51278646241,175.534996261424,47.6878386200488,96.4627543077627,22.811354740415,31.3578272157973,30.455085115938,77.6235297945657,20195.0989349798,14650.215959928,4310.18440180903,8478.14797881122,2280.7167532193,3002.90164995234,2426.53624342545,6007.17763287194,775.925582708841,562.884786405491,167.740599014267,330.743437043507,89.4583140248995,117.96137746758,95.4688662339337,236.605501120781,0,0,8.93329613978848,18.0465514769958,4.92484827163415,6.53754040163995,5.60610503588439,13.9597202682216,0,0,0,0,0,0,0,0,411.091172514708,317.340348059352,430.984956399487,919.980173097308,369.774951503722,541.337619889226,193.570634898456,515.564924834295,15.7947764091728,12.1927237581684,16.5562778645893,35.3326444473965,14.1807879689262,20.7586700868706,7.42858884277408,19.7847794689257,255.405871855007,196.186446277001,364.295589281452,805.032821761762,336.470413512717,492.268218529065,223.96893132332,600.776636342549,9.81309901027199,7.53779708389429,13.9927808758149,30.9136074769032,12.902888224016,18.8752469713573,8.59074067640915,23.0417831828342,0,0,51.7906412206401,121.64071170591,41.9560759749397,59.0718409315128,53.5997135076764,138.093455512262,0,0,0,0,0,0,0,0,688.954641671993,318.453033111751,2188.60179455911,2251.11352299068
"251",2010,2542,20.8333333333333,3087.92277093164,2436.0428097069,805.227230949586,1537.88246113542,250.627973907338,311.683712402729,169.538448140279,378.193810482258,0,0,0,0,0,0,0,0,0,0,1.36811308936757,2.67034390703382,0.498217250638171,0.619999090407885,0.346356696537039,0.772844473748229,0,0,0,0,0,0,0,0,6243.60533333569,4571.53412339419,1238.71268914477,2505.76223252571,589.319960734946,803.867765683318,803.04828637688,2045.06585376402,239.889301488495,175.645651677659,47.7495443651652,96.6047076889657,22.710481464345,30.9788540764526,30.9849036219462,78.9091778909879,20174.3115310643,14620.7194527895,4303.2322861196,8465.8719007518,2263.8231470109,2958.29852312714,2463.49485009489,6095.47922581196,775.126937289461,561.751482328889,167.469887731259,330.263156270095,88.7913466472754,116.200790890692,96.9217328758363,240.077378790037,0,0,8.92528421546103,18.0340890228811,4.89153654479218,6.4444924421995,5.69546401967629,14.1741563622064,0,0,0,0,0,0,0,0,411.997010713568,317.693419529334,431.732231080126,921.706885376102,368.193462333469,534.504862920003,196.492689716982,522.535127631566,15.8295802205795,12.2062893268762,16.5851485957625,35.3993719901258,14.1204311076459,20.4971563519932,7.54091280201862,20.0527975897576,255.34828698388,195.923261197248,364.234627420163,804.885986259229,334.149444256826,484.539562777341,226.472171774741,606.54716598126,9.81088656438957,7.52768509056005,13.9906049279171,30.9084003586936,12.8141891786733,18.5794280249815,8.68702338318861,23.2638838037553,0,0,51.7336467115674,121.500598164665,41.5817253572865,58.0626181251128,54.4409233678371,140.127891406179,0,0,0,0,0,0,0,0,692.576532723573,319.978135626073,2201.53547100662,2262.86036589819
"252",2010,2542,20.9166666666667,3069.99401914507,2421.39880389635,800.708030443574,1529.4608125266,247.717278568263,306.496913063119,169.958111098424,378.961664372524,0,0,0,0,0,0,0,0,0,0,1.36030904082999,2.65555701002995,0.492509010927439,0.609681297055913,0.347357902701365,0.774724834815217,0,0,0,0,0,0,0,0,6253.06251686041,4574.16410607655,1240.24369960778,2509.2802111793,586.743692774981,794.338784354318,816.675093049759,2077.91585263335,240.252661603152,175.746699818102,47.8086613738637,96.7405582064562,22.611246154233,30.6117350160455,31.5110253722392,80.1776043661588,20153.6347873727,14591.4045739453,4296.35153363006,8453.64767681531,2247.32988550392,2915.27347228995,2500.10596999055,6182.34259560472,774.332543019297,560.625156720069,167.201892533172,329.784823275636,88.1401485393377,114.502409721747,98.3609206082024,243.492546154441,0,0,8.91717578172739,18.0213404783291,4.85898344950478,6.35468183583891,5.78409434592152,14.3854660454215,0,0,0,0,0,0,0,0,412.878585511672,318.031169603911,432.451785513028,923.378922683594,366.631030730279,527.881603391393,199.363269898499,529.274229354023,15.8634517926395,12.2192662230965,16.6129524886015,35.4639951406399,14.0607992151794,20.2436602345658,7.65126522480631,20.3119600294531,255.29426973499,195.663944897788,364.168178392628,804.733108633558,331.883237143838,477.072192452215,228.914023450361,612.039986622072,9.80881119105972,7.51772174198955,13.988215528317,30.902954627853,12.7275824534974,18.2936078498793,8.78095401576201,23.475340576275,0,0,51.6755777257026,121.358632737673,41.2156264054403,57.0875620995401,55.2757635399951,142.132162825717,0,0,0,0,0,0,0,0,696.206288801125,321.504897206157,2214.43755021325,2274.52621901026
"253",2011,2542,21,3052.1598602931,2406.83227311226,795.985411810399,1520.31549971686,245.106901878301,301.934981087431,170.294200641195,379.872614824749,0,0,0,0,0,0,0,0,0,0,1.35225339931353,2.63961915283141,0.487390106701778,0.600600514660086,0.348128563780737,0.776687732049003,0,0,0,0,0,0,0,0,6262.25731281458,4576.60363788155,1241.34195234551,2511.37476893089,584.750517101891,786.194451100135,829.998438691187,2110.47383972802,240.605940367746,175.840430531275,47.8511045831092,96.8215405044095,22.5344820154896,30.2979765946705,32.0254646379859,81.4348168985876,20133.2005661145,14562.3339471763,4288.26716856032,8437.19383612237,2233.29886626423,2877.75060793336,2535.48908237317,6268.05252543548,773.547466226797,559.508215685502,166.887126838886,329.141561503381,87.585584431842,113.020348280917,99.7515707240897,246.861110136391,0,0,8.90687494544219,17.9996981879527,4.83165132976289,6.27667508436122,5.86998635042374,14.5940372411848,0,0,0,0,0,0,0,0,413.759529326511,318.365100491939,433.051815717876,924.568967008515,365.466780858485,522.220563561734,201.979403775198,535.558110157177,15.8972991203823,12.2320963800922,16.6361627359654,35.510101632655,14.0164324767202,20.0270488161187,7.75186876718769,20.5536973092298,255.247542764396,195.411550081239,364.007850395019,804.18760757932,329.976807129556,470.509787022556,231.096347787787,617.024862318125,9.80701592066612,7.50802432789948,13.9822173838575,30.8824247856832,12.6547657077811,18.0424702254861,8.86493936204837,23.6673457426541,0,0,51.60428354225,121.156895739008,40.8955652187851,56.2233706795284,56.0812604869941,144.090483155923,0,0,0,0,0,0,0,0,699.82072278384,323.022140836771,2227.22744316723,2286.02995152469
"254",2011,2542,21.0833333333333,3033.02484516329,2390.95280492843,788.374194213152,1502.09374018253,245.0853603691,302.160064225038,170.408604048745,384.41614502321,0,0,0,0,0,0,0,0,0,0,1.3404864448651,2.60928020655653,0.487438813749577,0.601080349468127,0.347848484734205,0.783952857240879,0,0,0,0,0,0,0,0,6271.93650017195,4579.38896337257,1238.20426539296,2498.86813558169,588.902366955392,790.49153594538,840.812851183891,2144.43186915918,240.977830224675,175.947447190847,47.7303557242516,96.3396843034596,22.6945302508757,30.4636792084997,32.4432729194883,82.7462444061392,20114.4571704357,14534.2266434057,4265.83761548062,8372.28918788859,2242.9945637106,2886.20438612757,2560.54174832621,6355.68085785562,772.827352690099,558.428287088774,166.015418651109,326.609561279227,87.961681965823,113.344286179738,100.733320892764,250.292586583855,0,0,8.87176128740055,17.8788249957551,4.85563314801586,6.29886840758861,5.93249874537765,14.8048615265926,0,0,0,0,0,0,0,0,414.877965662695,318.812966061511,432.545693876689,920.79581747521,368.60676233779,525.300018417986,202.307914419177,539.137516937944,15.940271287262,12.2493040898302,16.616876057456,35.3655776458063,14.137137346143,20.145620812861,7.76481958212912,20.6920164409093,255.259493106138,195.203784381997,362.841709560909,799.241366210799,331.629127660387,471.555650688988,230.958355938037,619.090566272718,9.80747512470179,7.50004163591815,13.9375807064134,30.6928880838718,12.7184229122494,18.083069609148,8.86000572242113,23.7476623926539,0,0,51.3925871201879,120.291869181771,41.0128973947189,56.2633042323516,56.6196830293574,145.843686608409,0,0,0,0,0,0,0,0,703.180066753165,324.413853125092,2239.11185501933,2296.55068250096
"255",2011,2542,21.1666666666667,3014.27432245235,2375.42118264139,780.991950913575,1484.45241204818,244.976225750822,302.222587933358,170.490114907741,388.734086803943,0,0,0,0,0,0,0,0,0,0,1.32865725385945,2.57913737425358,0.487344370670208,0.601292791774767,0.347604199318646,0.791144618522003,0,0,0,0,0,0,0,0,6281.09315024847,4581.78169902398,1235.03521257066,2486.32115203083,592.897817403898,794.505720364053,851.380224485124,2177.88791753735,241.329643363648,176.039379920963,47.6083832566879,95.8562545832082,22.8485529548675,30.6184776328207,32.8515760579721,84.0383690820689,20096.0064029299,14506.439684789,4243.84519902454,8308.53519391865,2252.31517607711,2893.9876547875,2585.60368409676,6443.01606046402,772.118481822423,557.36066668262,165.160506108745,324.122019128511,88.3232607364491,113.64225057251,101.715472549639,253.712783694242,0,0,8.83579969689973,17.7577838560165,4.87882703786359,6.31958054619083,5.99504490352522,15.0154908190163,0,0,0,0,0,0,0,0,415.959909303486,319.240496808456,431.978135342954,916.952828428962,371.659401932021,528.283880311133,202.80464997177,543.001259052455,15.9818413459297,12.2657305031855,16.5952261207637,35.2183617959112,14.2544883214587,20.2605167005124,7.78421807361168,20.8412259913104,255.292983865932,195.010061701325,361.697693349427,794.365870367433,333.312427800561,472.634080879911,230.839791163652,621.178439102908,9.80876194475562,7.49259849920646,13.8937904260719,30.506057110419,12.7832640386247,18.12490778617,8.85581655872774,23.8288267381076,0,0,51.1808696390765,119.431755926092,41.1275034542408,56.2973350236253,57.1590320124558,147.597343788546,0,0,0,0,0,0,0,0,706.548330846841,325.807477508496,2251.06126597529,2307.09082247898
"256",2011,2542,21.25,2995.89729802119,2360.22708326803,773.830369826406,1467.37067410401,244.784771319837,302.133297291865,170.539564669983,392.832445564431,0,0,0,0,0,0,0,0,0,0,1.3168379504623,2.54931385447921,0.487106881357709,0.601242051362135,0.347380211562829,0.798210989307591,0,0,0,0,0,0,0,0,6289.77163757837,4583.81707114491,1231.84808962005,2473.76515891604,596.752612879636,798.263886126638,861.71803550843,2210.87051950999,241.663084725233,176.117582172754,47.4856994007904,95.3724573111041,22.9971550727457,30.7634056059948,33.2510435203752,85.3122821491124,20077.8164506162,14478.947770727,4222.27537769788,8245.89723692948,2261.26817699484,2901.11846346224,2610.66196194878,6530.03429835202,771.419631326776,556.304382377272,164.321834391268,321.677609612966,88.6706051712252,113.91493396188,102.697525512425,257.120775651571,0,0,8.79924794030274,17.6369071002738,4.90122025610825,6.33882011903375,6.05754758402411,15.2257180574521,0,0,0,0,0,0,0,0,417.005748387513,319.647494330713,431.354806443139,913.046801216586,374.62422840927,531.164921878842,203.450382975466,547.115644810365,16.0220242092782,12.2813679972336,16.5714304906479,35.0687152380662,14.3684667073141,20.3714583084018,7.80932661503909,21.000033980101,255.343664968016,194.82769751726,360.568561067667,789.548628308995,335.015819110151,473.733160605068,230.751402778508,623.306729760775,9.81070924403638,7.48559177413557,13.8505684427926,30.3214523438543,12.8488714328038,18.1675277108134,8.85278370316245,23.9115372308053,0,0,50.9690070203086,118.576399470233,41.2393162024771,56.3254459925522,57.6992335540238,149.351226725785,0,0,0,0,0,0,0,0,709.92522073812,327.202924705227,2263.07321534445,2317.64886841956
"257",2011,2542,21.3333333333333,2977.88374523285,2345.36099893377,766.881618004009,1450.82876593053,244.516070221484,301.90244210538,170.557815889895,396.717214135946,0,0,0,0,0,0,0,0,0,0,1.30508614393785,2.51990634863104,0.486728517956711,0.600935354909186,0.347163887599805,0.805110450528561,0,0,0,0,0,0,0,0,6298.00969692721,4585.52521261014,1228.65318935762,2461.2250265136,600.479552942052,801.788583567283,871.842953831646,2243.40676644706,241.979604139467,176.183211699455,47.3627010138381,94.889250015116,23.1408285715778,30.8993306268254,33.6423140681658,86.5690200077624,20059.8604141075,14451.7293506218,4201.1150341016,8184.3438831083,2269.86160208147,2907.61547044958,2635.70488858871,6616.71410951271,770.729767693855,555.258606164017,163.498903464468,319.275129842251,89.0040217394184,114.163052898755,103.679027157606,260.515728294928,0,0,8.76231827846792,17.5164680373842,4.92281072371146,6.35660836685134,6.11994376934858,15.4353723265738,0,0,0,0,0,0,0,0,418.016007146624,320.033901842292,430.681163647287,909.084739215185,377.501733927628,533.938219977422,204.227861011692,551.450246624073,16.0608400191208,12.2962143901662,16.5456986960399,34.9169069245475,14.4790909021948,20.4782561024256,7.83948333998718,21.1672735658753,255.407816500849,194.654413701916,359.448557689964,784.779649722654,336.729668008574,474.842002824439,230.701684145763,625.489906011032,9.81317409766028,7.47893393138719,13.8076937156708,30.1386903064164,12.9148755252614,18.2105117673597,8.85123248633773,23.9963474366358,0,0,50.7569250218102,117.725714597889,41.3482736824856,56.3476299141584,58.2402097194489,151.105097033929,0,0,0,0,0,0,0,0,713.310445687013,328.600104832746,2275.14528812059,2328.22327371112
"258",2011,2542,21.4166666666667,2960.224456833,2330.81411867788,760.138293420308,1434.80791037908,244.174992516795,301.539782412032,170.545754721517,400.394358589792,0,0,0,0,0,0,0,0,0,0,1.29344746782499,2.49098973412043,0.486212981735574,0.600382099135094,0.346945002353891,0.81181029171216,0,0,0,0,0,0,0,0,6305.83947407966,4586.93195986423,1225.45838679902,2448.7203582384,604.088978016085,805.098683371667,881.77078273291,2275.5222282071,242.280436698803,176.237261178584,47.2396920363612,94.4073879387416,23.2799710540974,31.0269789319998,34.0259934691074,87.8095611888274,20042.1155339075,14424.7660413203,4180.35223126684,8123.84636167215,2278.1038838968,2913.49770804122,2660.7219279334,6703.03625628308,770.048016475233,554.222631732452,162.691258674959,316.913479373604,89.3238325761282,114.387338904239,104.659569435228,263.89689335695,0,0,8.72518477319594,17.3966900403607,4.94360408698063,6.37297544719335,6.18218253203028,15.6443134141756,0,0,0,0,0,0,0,0,418.991312932657,320.399777168844,429.96238048421,905.073630302905,380.293104913154,536.600681599731,205.121647342305,555.977668315171,16.0983128793073,12.310271903737,16.5182294233808,34.7632052527817,14.5864060564453,20.5807909651103,7.87409603353361,21.3418941351303,255.48226627371,194.488281540333,358.333200545742,780.051089761394,338.445532686693,475.950786356089,230.697166435247,627.739117795768,9.81603462504525,7.47255086664671,13.7649940725128,29.957469900231,12.980952428527,18.2534831774373,8.85141300439807,24.0836837970911,0,0,50.5445895880527,116.879673171653,41.45432031855,56.3638903116946,58.781879905601,152.85870965199,0,0,0,0,0,0,0,0,716.703719711033,329.998928019882,2287.27513450015,2338.81247537385
"259",2011,2542,21.5,2942.91088595087,2316.57819937034,753.593364702086,1419.29018596586,243.766213520664,301.054618684362,170.504283698109,403.869807924582,0,0,0,0,0,0,0,0,0,0,1.28195818003404,2.46262183976006,0.485565019047217,0.599593103602278,0.34671525564085,0.818284811777147,0,0,0,0,0,0,0,0,6313.28864253434,4588.05970247523,1222.26972110953,2436.26670416818,607.589289878297,808.210099810789,891.51645654208,2307.24096671,242.566645663313,176.28059085315,47.116905827853,93.9274706000309,23.4149057132372,31.1469632283217,34.4026543598101,89.0348268064643,20024.5623671913,14398.0420045252,4159.97596327079,8064.37802290689,2286.00370131071,2918.78437649906,2685.7035755367,6788.98348484717,769.373630654011,553.195850549605,161.898481131419,314.591639297671,89.6303696449096,114.588530474705,105.638784026727,267.263599163984,0,0,8.68799104791282,17.2777563896486,4.96361115895097,6.38795724727445,6.24422268193915,15.852425840915,0,0,0,0,0,0,0,0,419.932365195456,320.745265606001,429.203314557918,901.020292474968,382.999981594376,539.150578541501,206.117889643311,560.673184075658,16.1344696638097,12.3235461204368,16.4892092476808,34.6078721338734,14.69047482587,20.6789963050317,7.91263326426879,21.5229474681873,255.564295336417,194.327658327739,357.21903553839,775.356840818624,340.156035751027,477.050710018198,230.742768683983,630.06276722489,9.81918635982887,7.46637946456835,13.7223368488369,29.777556736131,13.0468190672444,18.2961042664664,8.85351354460351,24.1738674761076,0,0,50.33199716203,116.038289918056,41.5574073064722,56.374241371231,59.3241621141045,154.611816241561,0,0,0,0,0,0,0,0,720.104762214594,331.399304880678,2299.46047942252,2349.4149149909
"260",2011,2542,21.5833333333333,2925.93507226461,2302.64550687532,747.240146975103,1404.25847820501,243.294212856343,300.455796314802,170.434317658965,407.149445338955,0,0,0,0,0,0,0,0,0,0,1.27064639553941,2.43484571788425,0.484790190817973,0.5985802513009,0.346468040748853,0.824514456829103,0,0,0,0,0,0,0,0,6320.38093000737,4588.92778231941,1219.09167957444,2423.87615058724,610.987212001191,811.136151314349,901.094013329741,2338.58549520661,242.839142689795,176.31394386897,46.9945160656122,93.449964409874,23.5458913136136,31.2597965181706,34.7728351790749,90.2456789611688,20007.1844006943,14371.5436546018,4139.97604121657,8005.91409024835,2293.56989740749,2923.49472367455,2710.6413084812,6874.5404316369,768.705975771438,552.177740633414,161.120183299359,312.308662656615,89.9239715629049,114.767368421089,106.616340416087,270.615247024327,0,0,8.65085399857779,17.1598150180122,4.9828467587497,6.40159391333697,6.306031607152,16.0596159530113,0,0,0,0,0,0,0,0,420.839919577194,321.07058647442,428.408491487787,896.931298277574,385.624340212467,541.587318179595,207.204215033285,565.514577273542,16.1693394056,12.3360454669158,16.4588120137082,34.4511600877004,14.7913728414159,20.7728492420546,7.95462035975033,21.7095815641079,255.651594040518,194.171157791194,356.103511386588,770.692321371199,341.854800174226,478.13397069046,230.841978297903,632.46680636801,9.82254056166989,7.46036646232767,13.6796240592628,29.5987750282839,13.112230729452,18.3380756355579,8.85766750903212,24.2671257767286,0,0,50.1191698546627,115.201615203987,41.6574928059863,56.3787078571354,59.8669737327802,156.364167281539,0,0,0,0,0,0,0,0,723.513298495826,332.801146811684,2311.69912746658,2360.02904959542
"261",2011,2542,21.6666666666667,2909.2895480819,2289.00874011275,741.072266939246,1389.69640648307,242.763278922006,299.751723143605,170.336779006213,410.239099674771,0,0,0,0,0,0,0,0,0,0,1.25953364901809,2.40769251689187,0.483894592152381,0.597356056597553,0.34619814919081,0.830484723681394,0,0,0,0,0,0,0,0,6327.13679272444,4589.55300530237,1215.92754337491,2411.55804121505,614.288112948151,813.888013380822,910.516594762712,2369.57679146693,243.098713739153,176.337965935813,46.8726500181188,92.9752303467183,23.6731345921744,31.3659094695383,35.1370401376106,91.4429211992223,19989.967553065,14345.2592827127,4120.34294827843,7948.43134415485,2300.81138678442,2927.64791557989,2735.52750277824,6959.69346427142,768.044510806552,551.167852111377,160.356003407563,310.063662240848,90.2049800072384,114.924590844534,107.591942708049,273.951305085259,0,0,8.61386852006812,17.0429845566088,5.00132828039992,6.41392806510066,6.36758380768133,16.2658082260355,0,0,0,0,0,0,0,0,421.714769213415,321.376016615722,427.582093780699,892.812895775061,388.168355788772,543.911166848644,208.369579063726,570.481902265191,16.2029525782072,12.3477805798717,16.4271984064273,34.2933092046125,14.8891834303868,20.8623599695112,7.99963361573851,21.9010315132561,255.74220335528,194.017611122699,354.984823861746,766.054215630472,343.536356642297,479.193716396872,230.997079301326,634.955113230342,9.82602196151552,7.45446695245107,13.6367864161629,29.420997599347,13.1769775212021,18.3791343759695,8.8639621687028,24.3636065524058,0,0,49.9061495527281,114.369726365652,41.7545420263041,56.377324826416,60.4102323369513,158.115514196507,0,0,0,0,0,0,0,0,726.929060131624,334.204366289675,2323.98896661445,2370.65336327268
"262",2011,2542,21.75,2892.96725720968,2275.66096546473,735.083632399194,1375.58826027814,242.177513389366,298.950386350484,170.212593397782,413.144537044727,0,0,0,0,0,0,0,0,0,0,1.24863623471165,2.38118394549605,0.482884626003598,0.595933318542156,0.345901512506358,0.83618520294205,0,0,0,0,0,0,0,0,6333.57400131824,4589.95008601072,1212.77968136055,2399.31959350954,617.496292044393,816.475123832409,919.79645193112,2400.23431785307,243.346041587513,176.353222411627,46.7513998248333,92.5035476096246,23.7968012145185,31.4656659619001,35.4957394172751,92.6272992368136,19972.8997425484,14319.1787299003,4101.06771807759,7891.90785458128,2307.73707653711,2931.26292481077,2760.3553540504,7044.43052985154,767.388771565906,550.16579465986,159.605600753381,307.855800259812,90.4737366492373,115.060928800618,108.565326575891,277.271302481608,0,0,8.57711162847371,16.9273596615419,5.01907458453762,6.42500341443303,6.42885958533373,16.4709419821254,0,0,0,0,0,0,0,0,422.55772889218,321.661876129903,426.727961167488,888.670956439553,390.634292737555,546.123016394769,209.604121538287,575.557254117989,16.2353404870853,12.3587637580582,16.3945159611905,34.1345451399225,14.9839934067106,20.9475627743433,8.04729476696158,22.0966106720996,255.83446235751,193.866032487122,353.861773229408,761.440234618487,345.196047680362,480.22398543903,231.209364707653,637.529846305385,9.82956674407722,7.44864305757519,13.593777855235,29.2441367079033,13.2408806958612,18.4190517453076,8.87244680885199,24.4633917977098,0,0,49.6929928282855,113.542720184037,41.8485271226331,56.3701371205379,60.9538564053974,159.865611258671,0,0,0,0,0,0,0,0,730.351785263616,335.608877123253,2336.32796918299,2381.28637582628
"263",2011,2542,21.8333333333333,2876.96150482357,2262.59557604797,729.268412354395,1361.91895702318,241.540835674614,298.059366857465,170.062686951624,415.871455141252,0,0,0,0,0,0,0,0,0,0,1.23796601371472,2.35533375792698,0.481766886087785,0.594324945097882,0.345575040275138,0.841608981412987,0,0,0,0,0,0,0,0,6339.70800509066,4590.13192454798,1209.64972267452,2387.16626647791,620.615160030407,818.905446140173,928.944961166032,2430.57605237572,243.581719821759,176.360208939019,46.6308291279674,92.0351277404909,23.9170227062657,31.5593731921078,35.8493697595264,93.7995021162488,19955.9706182191,14293.2931831334,4082.14186390592,7836.32282210455,2314.35582120622,2934.35846653902,2785.1188170085,7128.7410403538,766.738360357171,549.171229667878,158.86865297018,305.684282207656,90.7305814014557,115.177103804206,109.536256935375,280.57482492249,0,0,8.54064503167822,16.8130143982678,5.03610548159286,6.43486412702164,6.48984419130261,16.6749692744528,0,0,0,0,0,0,0,0,423.369625960497,321.928519720556,425.849603820159,884.510964492049,393.024450489931,548.224249732134,210.89905943301,580.724593888535,16.266534920224,12.3690086297546,16.3608995687435,33.9750787001721,15.0758909755694,21.0285108625753,8.09726688017831,22.2957039658754,255.926973545923,193.715596717162,352.733668127318,756.848954212111,346.829948934048,481.219642671802,231.479283892353,640.191695917788,9.83312121515377,7.4428630734518,13.5505718441129,29.0681378304416,13.3037896379291,18.4576307280609,8.88313838129826,24.5665072830442,0,0,49.4797678604158,112.720708311069,41.9394268957179,56.3571987150936,61.4977657609523,161.614216757777,0,0,0,0,0,0,0,0,733.781218676074,337.014594587103,2348.71418930778,2391.9266461642
"264",2011,2542,21.9166666666667,2861.26590672701,2249.80625047917,723.621016713109,1348.67399919397,240.856987720759,297.085854523504,169.887983362449,418.425477219534,0,0,0,0,0,0,0,0,0,0,1.22753124748846,2.33014928652703,0.480548031609178,0.592543764636662,0.345216454408215,0.846752030235029,0,0,0,0,0,0,0,0,6345.55230534459,4590.10988991935,1206.53873179304,2375.10213276823,623.647421242537,821.185734274226,937.972644415239,2460.61853071269,243.806267183541,176.35936233335,46.5109797966921,91.5701289100679,24.0339034428823,31.6472918387661,36.198335228614,94.9601637824906,19939.1712840523,14267.5949662253,4063.55730626722,7781.65641595323,2320.67637728859,2936.95293460701,2809.81254192737,7212.6157509972,766.09293538748,548.183862203823,158.144853230496,303.548350610887,90.9758506471119,115.273825336981,110.504525502557,283.86151000547,0,0,8.50451776016189,16.7000056886697,5.05244116252183,6.44355412195347,6.55052696342275,16.877852740264,0,0,0,0,0,0,0,0,424.151291039217,322.17632784312,424.950214580707,880.338004149328,395.341107795471,550.216604738932,212.246577992925,585.96957074481,16.2965677914007,12.3785298126671,16.3264719425315,33.8151053494104,15.1649635874701,21.1052711213493,8.14925017716078,22.4977610699766,256.01856714956,193.565616363729,351.600229859432,752.279654369103,348.434790601002,482.176316018823,231.80659018553,642.940134651042,9.83664043030422,7.43710058718667,13.5071577067236,28.8929734883096,13.3655788524246,18.4947036050004,8.89602716505068,24.6729321537462,0,0,49.266551295089,111.903812637631,42.0272265202387,56.3385721001725,62.0418819888644,163.361094113545,0,0,0,0,0,0,0,0,737.217111869948,338.421435557459,2361.14576068575,2402.5727758767
"265",2012,2542,22,2845.82146612565,2237.17408177239,717.936364664548,1335.69953768388,240.118513531062,295.940509706035,169.722287350682,420.90738274736,0,0,0,0,0,0,0,0,0,0,1.21733814483646,2.30567171894523,0.479213342361169,0.590410887817806,0.344886919416379,0.851805697330927,0,0,0,0,0,0,0,0,6351.4609994748,4590.14209284415,1203.13465189993,2362.93141860342,626.567587664591,823.055228550328,946.968903211653,2490.65943585531,244.033288661026,176.360599621219,46.3798636002529,91.1010364787947,24.1464613504088,31.719372978034,36.5460803737334,96.12075359943,19923.3998339362,14242.6609400153,4044.27462960844,7727.23647455553,2326.60199957629,2938.10907608643,2834.71400335987,7297.04301981046,765.48700276311,547.225856186038,157.394281560932,301.422270752483,91.2057464965745,115.314296664579,111.480995790431,287.170164559998,0,0,8.46877468485354,16.5886589750587,5.06787608002248,6.44902225842761,6.6115147165888,17.0817615326995,0,0,0,0,0,0,0,0,424.949121784533,322.430544934779,424.030439214504,876.176631835048,397.620990212593,551.963954005874,213.692518541558,591.48303552603,16.327221772403,12.3882972384497,16.2912579073982,33.6555683380913,15.2526200850702,21.1726221568297,8.20500391114309,22.7101032351375,256.122281785433,193.426244054847,350.450851246679,747.735852593637,349.992528611961,482.933347327926,232.228104734235,645.939419697821,9.8406253539461,7.43174567898686,13.4631279181818,28.7187788076491,13.425556119904,18.5241079484756,8.91252568887583,24.7889661077505,0,0,49.053768333015,111.094312154458,42.1100380377378,56.2960303578277,62.5909453727628,165.125466338403,0,0,0,0,0,0,0,0,740.63027583731,339.816799317847,2373.51586189467,2413.12840132635
"266",2012,2542,22.0833333333333,2830.51014004058,2224.47821568533,711.857428201405,1322.72876823538,239.303664483702,294.459359781109,169.622558012653,423.485434908788,0,0,0,0,0,0,0,0,0,0,1.20725689674512,2.28185738789669,0.477730669470963,0.587604412645455,0.344697855671859,0.857108919997787,0,0,0,0,0,0,0,0,6358.12040079713,4590.72044257779,1198.90668647229,2350.34279687544,629.331113301274,824.05158595347,956.104235375614,2521.27855102111,244.289153509339,176.382820742864,46.2170801284913,90.6158944395252,24.2529795307106,31.7577980292506,36.8991748405238,97.3036103735656,19910.2673083997,14219.5219059515,4022.42738586282,7671.85372247153,2331.92019672843,2936.1160296708,2860.32202467448,7383.78896864468,764.982461067204,546.336816658794,156.545218669268,299.259707507482,91.4119542221874,115.231366161302,112.485203475523,290.570142809227,0,0,8.43255693808641,16.4788295351526,5.0820160117091,6.44755814424139,6.67394054508811,17.2906810223373,0,0,0,0,0,0,0,0,425.844584014827,322.736205040045,423.064203619049,872.047052467732,399.917155472861,553.208053840492,215.321179409336,597.596189515906,16.3616269096414,12.4000411871221,16.2542556272064,33.4972435157833,15.3408958993932,21.2206583502423,8.26776321037582,22.9454359713313,256.262030166409,193.314628321623,349.262309784001,743.215302574303,351.476855103808,483.202724553378,232.810229234964,649.481567383772,9.84599475056538,7.42745722284546,13.4175902785634,28.5454674718529,13.4827122158028,18.534796119,8.93518155149625,24.9258095356056,0,0,48.8419431404909,110.295903416171,42.1843621575532,56.1966744000847,63.1536669978076,166.942104936858,0,0,0,0,0,0,0,0,743.967843460277,341.177764082782,2385.62981897099,2423.41333600527
"267",2012,2542,22.1666666666667,2815.47215105829,2212.03303144545,705.957232066243,1310.1521879457,238.444496215951,292.925485830023,169.49362729986,425.886442124721,0,0,0,0,0,0,0,0,0,0,1.19724058601217,2.25855157570424,0.476163813885733,0.584688400294825,0.344466744864113,0.862101429219056,0,0,0,0,0,0,0,0,6364.5781924179,4591.15212503433,1194.76338365094,2337.92236197317,632.018130312796,824.945587837965,965.165320842423,2551.70158305791,244.537272190511,176.399406673178,46.0575327614062,90.1372040741379,24.3565463599671,31.7922724484082,37.2493956924426,98.4788917037205,19897.173947104,14196.4992900176,4000.97033198965,7617.36515587586,2336.92363971993,2933.72429240823,2885.82202449611,7469.98082246466,764.479423655399,545.452250116292,155.711140938125,297.131750684389,91.6059476356677,115.132977366274,113.485262842806,293.948651473565,0,0,8.39555285708552,16.3694951708395,5.09550158500684,6.44520316805867,6.73605262209853,17.4983131906305,0,0,0,0,0,0,0,0,426.707218625459,323.022483029474,422.050147966978,867.888617202422,402.127130173789,554.341853784784,216.973946055684,603.704383278155,16.3947707567274,12.4110404439282,16.215412892243,33.3378018718611,15.4258603243243,21.2644530632447,8.33144145508024,23.1805652054203,256.397240164944,193.199305884564,348.062333276539,738.704213077513,352.931171712941,483.430859328736,233.443859416703,653.085906757453,9.85118977452532,7.42302634923861,13.3716101983052,28.3725103614191,13.5387119563946,18.5438912102536,8.95980848329267,25.0650254990656,0,0,48.6299415416596,109.502337680829,42.2555177447414,56.0930215618726,63.7162520447551,168.755038894707,0,0,0,0,0,0,0,0,747.312306899699,342.539977270436,2397.78464751273,2433.69400113951
"268",2012,2542,22.25,2800.7050040696,2199.83527142165,700.230508584005,1297.95805097458,237.544847491555,291.344681560413,169.336726202073,428.116607825858,0,0,0,0,0,0,0,0,0,0,1.18732649522463,2.23577513060506,0.474515912707754,0.581671766048211,0.344191968548248,0.866784960271963,0,0,0,0,0,0,0,0,6370.82635366903,4591.43278522279,1190.6958689058,2325.65676097103,634.627380693422,825.735874152763,974.155967970832,2581.92885725582,244.777336537647,176.410190086442,45.9008828994226,89.6644550630813,24.4571138037809,31.8227448753163,37.5968895434343,99.6466099849574,19884.127111488,14173.5971251401,3979.8987690648,7563.75925283882,2341.62360394791,2930.95249462848,2911.21305026786,7555.62062043357,763.97817337082,544.572311509851,154.891873864312,295.0379650574,91.7881606297474,115.019849872035,114.481135611498,297.305765795,0,0,8.35802667444511,16.2608576810832,5.10833415515068,6.44198628744319,6.79784444974888,17.7046452095507,0,0,0,0,0,0,0,0,427.538311899224,323.289998478342,420.995823746503,863.709782153035,404.254682623669,555.37020224042,218.646859371091,609.803034033769,16.4267027346979,12.4213188139407,16.1750198017057,33.1775684152784,15.5076580286842,21.3041927229324,8.39588685338673,23.4153154163361,256.528040063494,193.0807439461,346.850939241609,734.205271907448,354.353166890456,483.616215611027,234.127237040337,656.748649862105,9.8562153546569,7.41847100883046,13.325188365359,28.2000108646688,13.5934666680388,18.5513344488082,8.98633887150108,25.2064683502669,0,0,48.4177121878458,108.7136855394,42.3235236432661,55.9851740129399,64.2786564586129,170.564138353508,0,0,0,0,0,0,0,0,750.663413729155,343.903358441651,2409.97815820177,2443.96902924217
"269",2012,2542,22.3333333333333,2786.20595729866,2187.88151803621,694.672102759687,1286.13486276745,236.608345313117,289.722382029628,169.153052203036,430.181994693325,0,0,0,0,0,0,0,0,0,0,1.17754406192754,2.21354210545924,0.472790957782592,0.578563582764051,0.343872628556797,0.871162924052339,0,0,0,0,0,0,0,0,6376.8587571105,4591.55941938419,1186.69642490162,2313.53478644558,637.157880424475,826.421662858158,983.079763692553,2611.96075029048,245.009111124702,176.415055573432,45.7468361029097,89.1972191448236,24.5546443322091,31.8491860613812,37.941794533463,100.806779625014,19871.1327293004,14150.818457963,3959.20754364706,7511.02378393657,2346.03087035996,2927.81837735711,2936.49430127529,7640.71045905836,763.478937972029,543.697117896213,154.087225207198,292.977887637739,91.9590082027454,114.892669149585,115.472789302865,300.641563207258,0,0,8.32019253133284,16.1530768644075,5.12052000583715,6.43793734198302,6.8593121091901,17.9096684304467,0,0,0,0,0,0,0,0,428.339038518363,323.539317599976,419.907744408283,859.51776675301,406.303193404441,556.297448665119,220.336412736237,615.888068553196,16.4574679767189,12.4308980519811,16.13332660986,33.0168206738256,15.5864188103217,21.3400445995779,8.46096497657027,23.6495306209412,256.65452665531,192.95933083709,345.628571592362,729.721188252879,355.740958177906,483.757658063924,234.858347347882,660.465786766501,9.86107520992573,7.41380612191319,13.2783418510512,28.0280732033323,13.6469041527002,18.5570824646305,9.01469529032791,25.3499839995029,0,0,48.2052422864836,107.930037707388,42.3883965807412,55.8732328639834,64.840834140662,172.369271751074,0,0,0,0,0,0,0,0,754.020921210481,345.267829663894,2422.20829765219,2454.23714157476
"270",2012,2542,22.4166666666667,2771.97207115992,2176.16823221716,689.276979104478,1274.67139457203,235.638416405055,288.063684114316,168.943770749306,432.088525692746,0,0,0,0,0,0,0,0,0,0,1.16791637098696,2.19186109335869,0.470993495302939,0.575372890831615,0.343508395067225,0.875240039629976,0,0,0,0,0,0,0,0,6382.67084073973,4591.53012720796,1182.75835002721,2301.5470364444,639.608892149769,827.002663538528,991.94004112148,2641.79761735349,245.232420672243,176.413930121178,45.5951366976273,88.7351371100869,24.6491098726047,31.8715855661019,38.2842390780237,101.959414239019,19858.1955440881,14128.1655305238,3938.89114482576,7459.14599353595,2350.15575876561,2924.33885822643,2961.66512692768,7725.25250929643,762.981899718763,542.826755417866,153.296988723874,290.951034673326,92.1188877375009,114.752089076745,116.460197193416,303.956124030521,0,0,8.28222422138001,16.0462788987658,5.13206882227995,6.43308645240869,6.9204536683933,18.1133774585376,0,0,0,0,0,0,0,0,429.110476749144,323.770962122245,418.791536151244,855.318753616726,408.275705416326,557.127524718471,222.039499805896,621.955862690623,16.4871079115008,12.4397982036682,16.0905495109606,32.8557963628044,15.6622595136809,21.37215991715,8.52655675558138,23.8830720551401,256.776774894757,192.83539043313,344.395987892874,725.254631605701,357.093036231301,483.854390914422,235.634999012127,664.233188143813,9.86577222021277,7.40904413230467,13.2310997808702,27.8568000857175,13.6989665390362,18.5611049396544,9.04479356570097,25.4954138422838,0,0,47.9925483641736,107.151498366013,42.4501527097721,55.7572988691362,65.4027378873366,174.170307545093,0,0,0,0,0,0,0,0,757.384595447459,346.633315299149,2434.47313160639,2464.49713699217
"271",2012,2542,22.5,2758.00024774539,2164.69178369928,684.040223641284,1263.55668744849,234.638300310558,286.37336962686,168.710016939325,433.841987620343,0,0,0,0,0,0,0,0,0,0,1.15846134041902,2.1707362878595,0.469128420045917,0.572108580762911,0.343099388380566,0.879022047797289,0,0,0,0,0,0,0,0,6388.25933863871,4591.34391003393,1178.8758263143,2289.68562237633,641.97990044329,827.479003333982,1000.73986842015,2671.43975069201,245.447139698476,176.406775359559,45.4455627365506,88.2779076283072,24.7404908619745,31.8899489244288,38.6243414345056,103.104525050811,19845.3193201542,14105.6399278915,3918.94378409989,7408.11274227807,2354.0081632848,2920.53009904716,2986.72501872176,7809.24902262743,762.487203246714,541.961284975515,152.520947248791,288.956907160793,92.2681803596574,114.598734529482,117.44333802051,307.249531730995,0,0,8.24426283746975,15.9405628666756,5.14299266213683,6.42746366249747,6.98126872322697,18.3157694432597,0,0,0,0,0,0,0,0,429.853621615939,323.985416584014,417.652069813112,851.118056301303,410.174969783172,557.864012785453,223.753365003127,628.003185064064,16.5156607694684,12.4480378857601,16.04687569973,32.6946998230405,15.7352857893864,21.4006764812363,8.59255658141615,24.1158160138693,256.894844781423,192.709193860179,343.154172745176,720.808193420412,358.408212886898,483.905905170297,236.454885573978,668.046679478923,9.8703086908123,7.40419545709745,13.1835000080073,27.6862912326482,13.7496082883984,18.56338257761,9.07654512979965,25.6425975983272,0,0,47.7796692766345,106.378180369864,42.508808561083,55.6374728310681,65.9643200587769,175.96711539153,0,0,0,0,0,0,0,0,760.754210556553,347.999741800286,2446.77082969561,2474.74788221487
"272",2012,2542,22.5833333333333,2744.28725672552,2153.44847151423,678.957047608497,1252.78006022127,233.611055679995,284.655916922561,168.452896040983,435.448030540558,0,0,0,0,0,0,0,0,0,0,1.14919246980035,2.15016815955886,0.467200846311708,0.568779316738093,0.342646103581156,0.882515525351682,0,0,0,0,0,0,0,0,6393.62211016853,4591.00054181077,1175.04383482901,2277.94398118012,644.270597393894,827.851179516967,1009.48204074799,2700.88735524707,245.653185956631,176.393582603321,45.2979227723766,87.8252800623221,24.8287756948578,31.9042958330492,38.9622093883085,104.242119952674,19832.5069727114,14083.2426724524,3899.3594501142,7357.91060439624,2357.59757069984,2916.40754143044,3011.67360461384,7892.70233405698,761.994960568217,541.100745850692,151.758874799564,286.994994602914,92.4072516409876,114.43320274628,118.422195776951,310.521873056791,0,0,8.20642155998681,15.8360048389697,5.15330533833873,6.42109872299272,7.04175810071288,18.5168436290685,0,0,0,0,0,0,0,0,430.569392972447,324.183132856525,416.493545070886,846.920225524344,412.003475411943,558.510189573951,225.475571977274,634.027161545227,16.5431618928694,12.4556344598723,16.0024666017685,32.5337060969019,15.8055932272773,21.425720350971,8.65887109469524,24.3476524889672,257.008785679883,192.580966943081,341.904280380668,716.384361084224,359.685587116325,483.911944618654,237.315627633524,671.902092366447,9.87468651840442,7.39926877284273,13.1355869083397,27.5166423763966,13.7987948875973,18.5639057958308,9.10985863820229,25.7913752745152,0,0,47.5666617308885,105.610202107748,42.5643816298585,55.5138558104401,66.5255330397631,177.759566999488,0,0,0,0,0,0,0,0,764.129548213689,349.367037608423,2459.09965611286,2484.98830612335
"273",2012,2542,22.6666666666667,2730.82976381528,2142.43454581215,674.022788483494,1242.33111151846,232.559570333945,282.915518883868,168.173484590476,436.912169950454,0,0,0,0,0,0,0,0,0,0,1.14011968848013,2.13015421733451,0.465215970435141,0.565393461939323,0.34214932659776,0.88572767979112,0,0,0,0,0,0,0,0,6398.75794564528,4590.50042416004,1171.25805500182,2266.31666172056,646.480862826319,828.120003624108,1018.16907799631,2730.14052479975,245.850512968718,176.374367283408,45.152052017067,87.3770462976927,24.9139599654956,31.9146580134739,39.2979401609471,105.372202584249,19819.7607159931,14060.9743298766,3880.13196790425,7308.5259704887,2360.93308748072,2911.98595734916,3036.5106407433,7975.61486461724,761.505256762912,540.24515977716,151.01053886115,285.064778985372,92.5364526338212,114.256065265423,119.396759403816,313.773238153793,0,0,8.16879108186708,15.7326624874807,5.16302173899299,6.41402086520935,7.10192353554696,18.7166008600579,0,0,0,0,0,0,0,0,431.2586451658,324.364535347847,415.319588553443,842.729171201604,413.763484292105,559.069076177194,227.203965416069,640.025232455704,16.5696441070851,12.4626042324414,15.9574616381914,32.3729656119369,15.8732687096557,21.4474077593741,8.72541772019581,24.5784835274084,257.118640877643,192.450898627478,340.647573702373,711.985493580959,360.924505133626,483.872466457843,238.214816363567,675.795315775724,9.87890736617824,7.39427133913372,13.0874090389235,27.3479443245584,13.8465013171385,18.5626732109277,9.14464163730714,25.941589125482,0,0,47.3535953704069,104.847684182345,42.6168909678625,55.3865493379348,67.0863297088551,179.547536973805,0,0,0,0,0,0,0,0,767.510397046262,350.735133010671,2471.45795837088,2495.21739279738
"274",2012,2542,22.75,2717.62435293918,2131.64622481756,669.232910381787,1232.19972053617,231.486569718814,281.156098198406,167.872831158281,438.239788170281,0,0,0,0,0,0,0,0,0,0,1.13124999095327,2.11068958094957,0.463178980350022,0.561959034683334,0.341610072016753,0.888666195579879,0,0,0,0,0,0,0,0,6403.66641721815,4589.84447553718,1167.51478089452,2254.79915552069,648.610748103703,828.286556861798,1026.80322935609,2759.19923215971,246.039104296024,176.349164688345,45.0078091468389,86.9330342674996,24.9960458472871,31.921077506116,39.6316205812025,106.494771951465,19807.082176824,14038.8350898987,3861.25504609473,7259.94512688802,2364.02346194678,2907.27949011988,3061.236002154,8057.98911955014,761.018154341291,539.394534044648,150.275702206041,283.165737849747,92.6561207182164,114.067869493892,120.36702244227,317.003720510469,0,0,8.13144362273195,15.6305784786872,5.17215739331167,6.40625867528885,7.16176743176669,18.9150432201766,0,0,0,0,0,0,0,0,431.922174605998,324.530024934724,414.133332141816,838.548257138749,415.457060482893,559.54347692658,228.936639213978,645.995117342661,16.5951380114599,12.468962605793,15.9119812301915,32.2126078153553,15.9383915227528,21.4658466041453,8.7921234452052,24.8082218801374,257.224450614705,192.319147363626,339.385379522576,707.613807131494,362.124527245817,483.787609917384,239.150045912236,679.722332400816,9.88297278023273,7.38920924388231,13.0390174182138,27.1802824070118,13.892710778272,18.5596904315279,9.18080180575211,26.0930850429144,0,0,47.1405492073109,104.090747081443,42.6663575123486,55.2556554856552,67.6466637702927,181.330903407312,0,0,0,0,0,0,0,0,770.896552151277,352.10396003328,2483.84415838232,2505.43417619142
"275",2012,2542,22.8333333333333,2704.66754492897,2121.07970901818,664.583003721137,1222.37604624331,230.394624874746,279.381321795147,167.551957003162,439.436135681771,0,0,0,0,0,0,0,0,0,0,1.12258796208199,2.09176745493924,0.461094989178958,0.558483680807632,0.341029532276609,0.891339107758352,0,0,0,0,0,0,0,0,6408.34775356918,4589.03403861627,1163.81084636198,2243.38775150407,650.660461225452,828.352151223855,1035.38648208888,2788.0633267092,246.21896872488,176.318026405817,44.8650734461277,86.4931023954393,25.0750415218469,31.9236051826955,39.9633274181512,107.609822328472,19794.4724899986,14016.8248336664,3842.72231715213,7212.15432153225,2366.87710460398,2902.30169150532,3085.84967296002,8139.82768443318,760.53369690928,538.548864086471,149.554124447621,281.297346846329,92.7665803786078,113.869140126989,121.332982662474,320.213416820449,0,0,8.09443621863489,15.5297832419566,5.18072815669271,6.39784001636858,7.22129267063519,19.1121737451611,0,0,0,0,0,0,0,0,432.56072629202,324.679982237736,412.937480794082,834.380381336323,417.086095814085,559.936012289973,230.671907930217,651.934783678728,16.6196722300455,12.4747242039781,15.8661294018038,32.0527442565998,16.0010343423176,21.481137710311,8.85892372406431,25.0367898013854,257.326254289714,192.18584640907,338.119052934236,703.271366502811,363.285398416377,483.657669115465,240.11893923003,683.679246228088,9.88688427434028,7.38408760705598,12.9904641569429,27.0137361406068,13.9374135625562,18.5549690139969,9.21824794367001,26.2457136083675,0,0,46.9276087619153,103.339509378475,42.7128042808813,55.1212768688257,68.2064900081764,183.109548329026,0,0,0,0,0,0,0,0,774.287814669344,353.473452350284,2496.25674473682,2515.63773562358
"276",2012,2542,22.9166666666667,2691.95581351064,2110.73119319169,660.068784332232,1212.85052541364,229.286159979711,277.594614525167,167.211856648291,440.506332463936,0,0,0,0,0,0,0,0,0,0,1.11413622158727,2.0733795295646,0.458968983979423,0.55497465583981,0.340409035131885,0.893754695674051,0,0,0,0,0,0,0,0,6412.80273294464,4588.07080169806,1160.14355809197,2232.07941033917,652.630352792506,828.318295135976,1043.92057279782,2816.73253638292,246.390136156751,176.281017303041,44.7237422518991,86.0571347887352,25.1509606412435,31.9222994316729,40.2931278106773,108.717343330469,19781.9323796641,13994.9431907806,3824.52737191396,7165.1398191644,2369.50210698311,2897.06555563625,3110.35173650636,8221.13322035267,760.051912295085,537.708135671122,148.845563373639,279.459081875576,92.8681439226232,113.660380445705,122.294641691058,323.402426806035,0,0,8.05781349069933,15.430297291189,5.18874996561646,6.38879197513455,7.28050245292016,19.3079961864454,0,0,0,0,0,0,0,0,433.174999524439,324.814770401046,411.734371742781,830.228044966852,418.652332797707,560.249147079023,232.408281189296,657.842419000743,16.6432736310877,12.4799029795761,15.8199960517581,31.8934712353181,16.0612641123386,21.4933759130645,8.92576149559827,25.2641179798858,257.424092094897,192.051108306197,336.849948618027,698.960080111414,364.407022154393,483.483069360788,241.119168753754,687.662303538791,9.89064339276358,7.37891075271279,12.9418013553145,26.8483790396869,13.9806060491045,18.5485255506966,9.25689076472294,26.3993308946137,0,0,46.7148637033624,102.594086297245,42.7562564885552,54.9835166101531,68.765764484212,184.883358048877,0,0,0,0,0,0,0,0,777.683991403251,354.843545203722,2508.69426596533,2525.82719189597
"277",2013,2542,23,2679.59740884392,2100.58014570879,655.34038813279,1203.30469589628,228.137669166364,275.578381485837,166.917441330076,441.775442828296,0,0,0,0,0,0,0,0,0,0,1.10585154352071,2.05535678582134,0.456755840970007,0.55099793313695,0.339870203979688,0.896536334236793,0,0,0,0,0,0,0,0,6417.61009614313,4587.40019716616,1155.94032874118,2220.27932366202,654.449444174266,827.524354981951,1052.56599187494,2846.07619736373,246.574842738625,176.255251604515,44.5618121055686,85.6022567225763,25.2210679478728,31.8917004414191,40.6272078077164,109.850840942184,19771.1208880719,13974.3580061808,3804.80792634702,7117.0210382103,2371.64193777607,2889.26364155013,3135.28832645006,8304.85132420566,759.636543421985,536.917219272243,148.078426962817,277.57839463973,92.9507558137007,113.351059203391,123.273360877984,326.68618378525,0,0,8.02129373969932,15.3309325867507,5.19566975982175,6.37402920878197,7.34059202166675,19.5089998377393,0,0,0,0,0,0,0,0,433.829287239585,324.97000215591,410.493279387667,826.014314382356,420.166887071809,560.063277012014,234.238646502654,664.247264742518,16.6684124516293,12.4858672306805,15.7724007611698,31.7318332927076,16.1195073637899,21.4864636698094,8.99620199920587,25.5105144457932,257.540993330639,191.933548191712,335.549939038749,694.612846990722,365.449680135612,482.876069005732,242.220650715315,692.119446802508,9.89513495789781,7.374393904178,12.8919483717522,26.6816336345762,14.0207644933022,18.5254846865356,9.29941349838933,26.5711248350155,0,0,46.5014307424452,101.847358026664,42.7920453457086,54.7984824765373,69.3334457938521,186.705598937201,0,0,0,0,0,0,0,0,781.054904304424,356.205725864126,2521.0450224248,2535.93759720938
"278",2013,2542,23.0833333333333,2667.5971229253,2090.60499421608,650.320541304728,1193.66004801954,226.93941728262,273.288670111009,166.681263779957,443.308894801293,0,0,0,0,0,0,0,0,0,0,1.09757917428073,2.03755197890428,0.4544471389636,0.54646945485136,0.339442785613494,0.899825212369776,0,0,0,0,0,0,0,0,6422.96767821506,4587.16576171993,1151.09064882023,2207.88271454538,656.100173200466,825.821649060828,1061.38037860417,2876.37731827577,246.780689609509,176.246244219769,44.3750270451106,85.1244301020776,25.2846867077636,31.8260780758763,40.9677887415937,111.021221068411,19762.4408016611,13955.3485877364,3783.10937713276,7067.32986673724,2373.20341511601,2878.34598454817,3160.78628602616,8391.66108822611,759.303065967912,536.186846345345,147.235204812854,275.637196225819,93.0107823539026,112.919600991462,124.274109451336,330.091315909504,0,0,7.98382004946201,15.230617662226,5.20134738290183,6.35237280664886,7.40188924169138,19.7168236663743,0,0,0,0,0,0,0,0,434.538942197325,325.155037448869,409.181518654201,821.700681319541,421.624164381674,559.270378197177,236.178846670158,671.231122492108,16.6956785691853,12.4929765814071,15.7220877397888,31.5663510551548,16.1755495668313,21.4562568743694,9.07085350753682,25.7791187875901,257.682261395667,191.836234041387,334.208191095452,690.205244887349,366.405011963004,481.737925450392,243.439026734485,697.152128380922,9.90056273478996,7.37065493798704,12.8404890479888,26.5125619203161,14.0575681810199,18.482058151209,9.34641653668647,26.7649886525996,0,0,46.2869622950547,101.097364757393,42.8189169137202,54.5557294849365,69.9118410704454,188.589141075046,0,0,0,0,0,0,0,0,784.392942304976,357.557870909958,2533.27708576934,2545.94244084457
"279",2013,2542,23.1666666666667,2655.80406712314,2080.82079219446,645.452903408344,1184.30770519167,225.724894733828,271.013836773658,166.420949694556,444.695136353163,0,0,0,0,0,0,0,0,0,0,1.0893526306336,2.02014419580738,0.452107937065922,0.541964900369391,0.33897222553572,0.902831725647131,0,0,0,0,0,0,0,0,6428.14350553782,4586.80357946156,1146.32922660337,2195.65254011081,657.672213048971,824.060786206123,1070.16434006515,2906.53580538921,246.979553172273,176.232328598211,44.1916197227968,84.6529961350531,25.3452729544715,31.7582142173239,41.3071858423498,112.186085025591,19753.7753449106,13936.4217357222,3761.80969733017,7018.45325577352,2374.52048976352,2867.30059623227,3186.14499686194,8477.78228069374,758.970150215664,535.459645764207,146.407310275779,273.727570775658,93.0613107502025,112.483227554606,125.269482992148,333.469676900064,0,0,7.94565169100648,15.1307699001584,5.20650104242559,6.33040437175051,7.46287523380744,19.9231698942026,0,0,0,0,0,0,0,0,435.222898671378,325.325207237799,407.836723616782,817.386038922201,423.010381522661,558.411900544864,238.10556938162,678.100105070024,16.7219573094171,12.4995147757134,15.6705028758965,31.4008238682285,16.2288620054672,21.4235280790727,9.14498335830982,26.0433059764094,257.819020029501,191.73562325849,332.861156419942,685.824938119834,367.324525437099,480.566579915872,244.679896400672,702.174323604934,9.90581725155738,7.3667893099185,12.7888239465045,26.344531653213,14.0929933148167,18.4373495207798,9.39427714811015,26.9584365200052,0,0,46.0725820967996,100.353302097822,42.8428764433006,54.3118435473548,70.4894533242254,190.465501594405,0,0,0,0,0,0,0,0,787.736336716491,358.910754553426,2545.52880514073,2555.91913692584
"280",2013,2542,23.25,2644.21767198191,2071.22607317443,640.733009915988,1175.23926481574,224.49673024366,268.756129028528,166.137773522129,445.940443656575,0,0,0,0,0,0,0,0,0,0,1.08120525425031,2.00314551707936,0.449739824345155,0.537487542692311,0.338458756232779,0.90556276833945,0,0,0,0,0,0,0,0,6433.12457019216,4586.30549195816,1141.64704998973,2183.57525817568,659.164252422985,822.239080353711,1078.91510045414,2936.53784264199,247.170933641859,176.213191279805,44.0112459784084,84.1874364675228,25.4027763318288,31.6880058360895,41.6452928656851,113.344902252681,19745.1356418714,13917.5843742515,3740.90406683393,6970.38138210056,2375.60316509396,2856.13911738709,3211.36714572037,8563.22755911937,758.638223573295,534.735883564185,145.594564199971,271.849146640521,93.1027270482661,112.042389606949,126.2595842736,336.821755421534,0,0,7.90704027186856,15.0315737011853,5.21112893581286,6.30813473782643,7.52354702223787,20.1280402468797,0,0,0,0,0,0,0,0,435.882046102974,325.480912944117,406.465085187233,813.076028842133,424.327784032522,557.491189956162,240.018864373949,684.860268380134,16.7472828460785,12.5054972368521,15.6178840124076,31.2354685884871,16.2795308884622,21.3884059153818,9.21859361133934,26.3033086986699,257.95203411269,191.632546757725,331.509526331522,681.474848475721,368.208401979831,479.364159550387,245.941326377605,707.18129827175,9.91092789613959,7.36282894504388,12.7369796705722,26.177655247094,14.1270469484258,18.391440716059,9.44292122406981,27.1512870121045,0,0,45.8582461240697,99.61519366376,42.8639690382181,54.0669254181409,71.0662728517638,192.334693303387,0,0,0,0,0,0,0,0,791.084893449508,360.264315813864,2557.79845345124,2565.86695775345
"281",2013,2542,23.3333333333333,2632.8369948694,2061.81910403996,636.156470407812,1166.44644764934,223.257375560321,266.517581631862,165.832960969879,447.050885692618,0,0,0,0,0,0,0,0,0,0,1.07316340539196,1.98656361919015,0.447345137561845,0.533040756520427,0.33790303234407,0.908025993453754,0,0,0,0,0,0,0,0,6437.90066353416,4585.6653511075,1137.03647231472,2171.63979421529,660.575568756554,820.354949560775,1087.63019095296,2966.3708596125,247.35443878584,176.188596044629,43.8336138352466,83.7273272461791,25.457169110156,31.6153922947773,41.9820153150212,114.497189897042,19736.5306975016,13898.841945431,3720.38714494778,6923.1035611172,2376.4609077606,2844.8723685795,3236.4551673878,8648.00862061226,758.307632030054,534.015768839567,144.796767102194,270.001518458326,93.1353966728094,111.597506204504,127.244506324267,340.14800309088,0,0,7.86818925785958,14.9331747603253,5.2152343097248,6.28557653306451,7.58390281015181,20.3314370514193,0,0,0,0,0,0,0,0,436.517169951637,325.622502431105,405.071889372385,808.77532883365,425.57838425473,556.511153949848,241.918767864233,691.517020373479,16.7716853577802,12.5109373302867,15.5644342537709,31.07046505666,16.3276334683216,21.351002156534,9.29168580027244,26.5593347501158,258.081918023411,191.527681272939,330.154192268192,677.157576948404,369.056828782115,478.132583768443,247.221455943966,712.168999738611,9.91591827393564,7.35879984455952,12.6849905100591,26.0120327933398,14.1597363567964,18.3444056839035,9.49227745217335,27.3433848777494,0,0,45.6439458968068,98.8830802487127,42.882235254558,53.8210695532347,71.6422864337493,194.196722737304,0,0,0,0,0,0,0,0,794.438424932335,361.61849528812,2570.08439602832,2575.78523486548
"282",2013,2542,23.4166666666667,2621.66079161092,2052.5979409809,631.718978261398,1157.92111852608,222.009120473409,264.300037068815,165.507692947531,448.032335541842,0,0,0,0,0,0,0,0,0,0,1.0652479065644,1.97040270647002,0.444926684452006,0.528627898225358,0.337306019037829,0.91022958147915,0,0,0,0,0,0,0,0,6442.46384900047,4584.87862749728,1132.49098524341,2159.83705373399,661.905899373672,818.407667309103,1096.30738925802,2996.0233965511,247.529763668762,176.15836886542,43.6584748202193,83.2723204447936,25.5084412388637,31.5403458072419,42.3172681245432,115.642507652951,19727.9677977669,13880.1986984472,3700.25319781617,6876.6084794024,2377.10271391491,2833.51046490911,3261.41128637502,8732.13632895507,757.97865552884,533.299464850745,144.013704084407,268.184256149621,93.1596669809367,111.148969173503,128.224334051104,343.44883940234,0,0,7.8292642494888,14.8356885712021,5.21882390689682,6.26274356194145,7.64394164998999,20.5333629997128,0,0,0,0,0,0,0,0,437.128971806581,325.750282516592,403.661675366576,804.487850802759,426.764018009506,555.474378589164,243.805304443702,698.07519799155,16.795191800702,12.5158468444487,15.5103280327193,30.9059636997552,16.3732402179846,21.3114162106805,9.36426100546297,26.8115699891437,258.209165647358,191.421578276554,328.796172386783,672.875424018828,369.870005565835,476.873589035997,248.518506398106,717.133967117777,9.92080736083137,7.3547231969176,12.6328956236764,25.8477528399739,14.1910692943875,18.296311344405,9.54227767510308,27.5345975880427,0,0,45.4296991677988,98.1570138073555,42.8977129711384,53.5743655302705,72.2174783293123,196.051591951439,0,0,0,0,0,0,0,0,797.796749212694,362.973234906609,2582.38507690856,2585.67334884223
"283",2013,2542,23.5,2610.68756117752,2043.56046460919,627.416317402628,1149.65530061903,220.754101940593,262.105158446726,165.163107694715,448.890475934344,0,0,0,0,0,0,0,0,0,0,1.05747490685543,1.95466407709064,0.442487594610508,0.524252245243702,0.336668926447717,0.912182101451152,0,0,0,0,0,0,0,0,6446.80813917558,4583.94216997015,1128.0050728828,2148.15961779654,663.155365891866,816.397211313774,1104.94468637336,3025.485028221,247.696678244545,176.122388669674,43.4856183875192,82.8221322032996,25.5565974428515,31.4628656367373,42.6509743872071,116.780454851959,19719.4527544776,13861.6578666281,3680.49617970493,6830.88433948521,2377.5371477455,2822.06288393956,3286.23754079335,8815.62079162558,757.651517373235,532.58709582719,143.245147968538,266.396910517596,93.1758687478706,110.697145731855,129.199145169034,346.724654709715,0,0,7.79039902663757,14.7392053862535,5.22190713735747,6.23965046824385,7.70366325683833,20.7338210493152,0,0,0,0,0,0,0,0,437.718081662809,325.864526505558,402.238334436263,800.216859520875,427.88637614398,554.38319331541,245.678488249206,704.539119632063,16.81782638026,12.5202362801523,15.455714904878,30.7420900882596,16.4164160430189,21.2697376132871,9.43631989903651,27.0601803506935,258.334168628736,191.314681873886,327.436568480997,668.630408678619,370.648148752608,475.588749128082,249.830785259649,722.073266947596,9.92561020443184,7.35061606535421,12.5807373847399,25.6848931218493,14.2210541545065,18.2472183660168,9.59285705037327,27.7248128635855,0,0,45.2155444811494,97.437054034443,42.9104383756088,53.3268988307478,72.7918308553415,197.899299540823,0,0,0,0,0,0,0,0,801.159689431123,364.32847779974,2594.69901095059,2595.53072383059
"284",2013,2542,23.5833333333333,2599.91558516956,2034.70441094365,623.244367918549,1141.64118741268,219.494312474055,259.934441332711,164.800302664695,449.630804318774,0,0,0,0,0,0,0,0,0,0,1.04985664710328,1.93934662567719,0.440031191631938,0.51991694564391,0.335993152199414,0.913892388537168,0,0,0,0,0,0,0,0,6450.92920865256,4582.85399238917,1123.57408132225,2136.60147480907,664.324407191285,814.324130384832,1113.54025710541,3054.74629150199,247.855016324138,176.080579146832,43.3148669321052,82.3765325552339,25.6016546477089,31.3829729864344,42.9830642246349,117.910667696684,19710.9901232055,13843.221824546,3661.10980505865,6785.91898677544,2377.77237596826,2810.53852587543,3310.93580406264,8898.47143184539,757.326392600183,531.878753003615,142.49086207584,264.639018158844,93.184317496162,110.24238081096,130.169011046124,349.975813015676,0,0,7.75170087557695,14.6437945784313,5.22449536423353,6.21631244208639,7.76306784719792,20.9328143451554,0,0,0,0,0,0,0,0,438.285068817935,325.965480806736,400.805198329868,795.965077143751,428.947031939857,553.239726601752,247.538324093011,710.912633942467,16.8396109697797,12.5241151048149,15.400722941476,30.5789489485476,16.4572213346748,21.2260481668302,9.50786278836594,27.3053137193253,258.457232657248,191.207344822945,326.076528596337,664.424286507064,371.39149508303,474.279493914128,251.156689374931,726.984434448303,9.93033854983312,7.34649200339595,12.528559945581,25.5235212545351,14.2497001077317,18.1971818846777,9.64395416818952,27.9139364165233,0,0,45.001536396469,96.7232653786224,42.9204468021615,53.0787515085498,73.3653249051248,199.73984157199,0,0,0,0,0,0,0,0,804.527073359146,365.684168184643,2607.02477691001,2605.356822829
"285",2013,2542,23.6666666666667,2589.3429657389,2026.02740089519,619.199109972364,1133.87115148079,218.231609405861,257.789226487726,164.420336616855,450.258639315271,0,0,0,0,0,0,0,0,0,0,1.04240219165081,1.92444732344348,0.437560877711364,0.515624975701413,0.335280227917074,0.915369430892693,0,0,0,0,0,0,0,0,6454.82411681618,4581.61306885179,1119.19409108759,2125.15776518578,665.413715510116,812.18941914209,1122.09243152861,3083.79860636479,248.004664924401,176.032900880079,43.1460709146186,81.9353356487209,25.643639524759,31.3007061908098,43.313473694408,119.032816240037,19702.5834137083,13824.892238897,3642.08761615401,6741.70002703057,2377.81620323441,2798.94577367719,3335.50780657001,8980.69706342254,757.003416064827,531.174500416995,141.750602839112,262.910106012615,93.1853148592057,109.784999374871,131.133997546104,353.202654867245,0,0,7.71325566138925,14.5495087806613,5.22660124592001,6.19274494970821,7.82215599122944,21.1303461532712,0,0,0,0,0,0,0,0,438.830452344104,326.053371133115,399.365125267046,791.7347824602,429.947466823619,552.045956951822,249.384808682817,717.19917048256,16.8605655128442,12.5274919906903,15.3454620293719,30.416627973197,16.4957129576595,21.1804239016682,9.57888966308548,27.5471018743612,258.578593140236,191.099844057763,324.71721350737,660.258569558948,372.100304438054,472.947128097608,252.494706350928,731.865414593342,9.93500144177083,7.34236165129091,12.4764079501588,25.3636954978225,14.2770172098707,18.1462522216612,9.69551110523163,28.101889685799,0,0,44.7877410314201,96.0157143181054,42.9277734764993,52.8300028122428,73.9379404343926,201.573212468742,0,0,0,0,0,0,0,0,807.89873294108,367.040251256741,2619.36101059183,2615.15114313818
"286",2013,2542,23.75,2578.96765556665,2017.52696351276,615.276626318989,1126.33775037943,216.967722880522,255.67071087875,164.024231272829,450.779126034441,0,0,0,0,0,0,0,0,0,0,1.03511798524252,1.90996158711509,0.435080058752091,0.511379117236217,0.33453178008786,0.916622285872574,0,0,0,0,0,0,0,0,6458.49109121234,4580.21917411437,1114.86181310826,2113.82458138778,666.424188673671,809.99442282039,1130.59967459188,3112.63421124575,248.145555944815,175.979345215194,42.979104884793,81.4983920875484,25.682586655321,31.2161170608617,43.6421440094671,120.146601915543,19694.2352542377,13806.6701858535,3623.42303641596,6698.21491630459,2377.67610006063,2787.29254014023,3359.95515221094,9062.30595208214,756.682688753468,530.474379415433,141.0241218625,261.209694847501,93.179149655831,109.325308236232,132.094165671523,356.405499725948,0,0,7.67513162095371,14.4563869518767,5.22823830248325,6.16896355164944,7.88092850989494,21.3264198356212,0,0,0,0,0,0,0,0,439.354709200694,326.12840714619,397.920568501951,787.527886202351,430.889088327421,550.80374767441,251.217931658413,723.401784089427,16.8807083349971,12.5303749933083,15.2900265024259,30.2552007126049,16.5319449403422,21.1329364137792,9.64940023507678,27.7856621934613,258.698427323452,190.992392918755,323.35977326136,656.13454669303,372.774861552534,471.592848528331,253.843413857065,736.714510247196,9.93960569031956,7.33823320591871,12.4243256329917,25.2054655360175,14.3030164675983,18.0944755472732,9.74747339678647,28.2886078440622,0,0,44.5742328103887,95.3144674691996,42.932453974121,52.5807296089787,74.509656817144,203.399405657123,0,0,0,0,0,0,0,0,811.274503944979,368.396673115412,2631.70639967902,2624.91321317574
"287",2013,2542,23.8333333333333,2568.78748358131,2009.20055583564,611.473103852825,1119.03373059281,215.70426330161,253.579957879162,163.61297279996,451.197241097586,0,0,0,0,0,0,0,0,0,0,1.02800832300491,1.8958835912071,0.432592087040126,0.50718194319783,0.333749497974527,0.917660011152522,0,0,0,0,0,0,0,0,6461.92934220727,4578.67274758329,1110.57449791966,2102.59879832965,667.356890068579,807.740757903975,1139.06056926236,3141.2461034011,248.277659046385,175.919929034872,42.8138640107012,81.0655824352146,25.7185369923474,31.1292678365276,43.9690208931268,121.25175525774,19685.947532085,13788.5562510038,3605.10941559395,6655.451035736,2377.35922740084,2775.58630868503,3384.27933268329,9143.30587077088,756.364283183553,529.778412498019,140.311167668047,259.537302162999,93.1660988349815,108.863597629326,133.049572119214,359.584648103755,0,0,7.63738253732696,14.3644569305635,5.22942057531982,6.14498375811217,7.93938639351171,21.5210388388771,0,0,0,0,0,0,0,0,439.858281128703,326.19078629492,396.473635482701,783.34599411683,431.773244602766,549.514874136251,253.037676574367,729.523195520792,16.9000564086357,12.5327716989736,15.2344974120844,30.0947289968563,16.5659690324939,21.0836539134,9.71939397639792,28.0210992134806,258.816864603209,190.885151663555,322.005328940755,652.053303150325,373.415476991568,470.217759748252,255.2014779335,741.530335524368,9.94415626710201,7.33411282463355,12.3723561184216,25.0488732294634,14.3277098759121,18.0418944771286,9.79978997088291,28.474038005342,0,0,44.3610917966974,94.6195900844908,42.9345245552283,52.3310067177788,75.0804531389463,205.218414102764,0,0,0,0,0,0,0,0,814.654225666979,369.753380705777,2644.05967934465,2634.64258987859
"288",2013,2542,23.9166666666667,2558.80017692533,2001.04557976084,607.784834335142,1111.95202982236,214.442728269209,251.517906713782,163.187513142112,451.51779737838,0,0,0,0,0,0,0,0,0,0,1.0210757441392,1.88220653028086,0.430100218558878,0.503035809936814,0.332935107631249,0.918491608863765,0,0,0,0,0,0,0,0,6465.138905373,4576.97477814086,1106.32985678624,2091.47793056884,668.213015401568,805.430246657879,1147.47380275236,3169.62798401566,248.400975595847,175.854690333553,42.6502610636045,80.6368117446767,25.7515365825897,31.0402286722585,44.2940540522815,122.34803380406,19677.7215130504,13770.5506138946,3587.14006770659,6613.39575307541,2376.87245823346,2763.83416860941,3408.48173976699,9223.70414927553,756.048247993854,529.086606563061,139.611487163925,257.892444579245,93.1464283049622,108.400142569252,134.000269757145,362.74038347812,0,0,7.60005037579994,14.2737375442249,5.23016236422587,6.12082091541187,7.99753073857687,21.714206693703,0,0,0,0,0,0,0,0,440.341580466299,326.240696949409,395.026138571895,779.190459322992,432.601236001292,548.181044657331,254.844021829669,735.565828495008,16.9186255764539,12.5346893451665,15.1789444741914,29.9352649464002,16.597835150309,21.0326420292791,9.78887015518797,28.2535060531191,258.933995230047,190.77823643844,320.654958952654,648.015739239374,374.02248745612,468.822887763564,256.567650503752,746.311774118968,9.94865663969776,7.33000496996088,12.3205408936682,24.8939533318108,14.3511104299341,17.9885486006624,9.85241305200976,28.6581376238354,0,0,44.1484015300138,93.9311448851407,42.9340223972042,52.0809071663381,75.6503084349578,207.030230751777,0,0,0,0,0,0,0,0,818.037740682731,371.110321774356,2656.41962854758,2644.3388566002
"289",2014,2542,24,2549.45991567807,1993.29191393842,603.745056599565,1104.565205974,213.129248481174,249.038555306919,162.860768207466,452.51210968325,0,0,0,0,0,0,0,0,0,0,1.01419045276127,1.86833605076424,0.427499421195308,0.498049131215332,0.332298373630075,0.92056675374702,0,0,0,0,0,0,0,0,6468.87677446896,4575.76313872559,1101.29374437991,2079.20378232404,668.823673416364,801.623022021253,1156.12140908683,3199.84290935494,248.544590504,175.808137209602,42.4562316149973,80.1636517203327,25.7750767764864,30.8935089767039,44.6281141600013,123.51495472116,19671.9514538089,13754.5154697139,3566.844321152,6568.20281553181,2375.6124676445,2747.09359803228,3433.51944741826,9310.33910115647,755.826574215377,528.47051013165,138.822298456998,256.126187411888,93.096496994674,107.741092531539,134.983675095882,366.140472376511,0,0,7.56218877604285,14.179690287126,5.22915283715087,6.08553613041369,8.05745245271376,21.9210000467578,0,0,0,0,0,0,0,0,440.862093181928,326.315775229212,393.486624911888,774.765159945665,433.271603943683,545.795064617374,256.785968596884,742.701791482501,16.9386245410349,12.537573971793,15.1198538685677,29.7654319336713,16.6236505822672,20.9412565815325,9.86354790651575,28.5278654537418,259.079085844261,190.69761144995,319.249521217667,643.797481403586,374.500628146357,466.566076219273,258.068228222155,752.080660161267,9.95423127906821,7.32690722824203,12.2666076285659,24.7320863275589,14.3695628994756,17.9021247196651,9.9101903550168,28.8801233045047,0,0,43.9321424180988,93.2206971812785,42.9200968629673,51.7372632750915,76.2345993915421,208.954751999667,0,0,0,0,0,0,0,0,821.421091549686,372.475218054707,2668.76977209031,2654.05248034555
"290",2014,2542,24.0833333333333,2540.55366848939,1985.82354287678,599.552596195437,1097.09197982784,211.782896562775,246.341560034804,162.582902822594,453.839512356314,0,0,0,0,0,0,0,0,0,0,1.0072684055947,1.85444121367134,0.424836259431151,0.492620915246047,0.331754242545145,0.92327372307481,0,0,0,0,0,0,0,0,6472.88088996397,4574.8065624165,1095.83236278043,2066.32853366895,669.253363935132,796.928021530352,1164.90287585854,3231.12673618774,248.698435024576,175.771384018079,42.2458425477611,79.6673449037367,25.7916436867733,30.7125768425738,44.9673274540809,124.723065517998,19667.6687541808,13739.6940654618,3545.31601710952,6521.44991750293,2373.79696865177,2727.44504408472,3458.99566956393,9400.33334141313,755.662046748727,527.901047541353,137.985665754395,254.299590740976,93.0248537370672,106.968044069506,135.984285792908,369.672272621964,0,0,7.52318275375791,14.0833395659797,5.22692224660629,6.04375977849202,8.11833441759627,22.135273763492,0,0,0,0,0,0,0,0,441.397431158204,326.402038782877,391.868886852473,770.171854583789,433.823926134702,542.775972368224,258.793861622512,750.364498069304,16.959193115221,12.5408883545474,15.0577555368246,29.5891392859063,16.6449338086313,20.8255752777581,9.94075385782427,28.8224341702173,259.239682453555,190.631542114109,317.809064891934,639.482698773145,374.885707507247,463.789637184315,259.650183507684,758.407074537555,9.96040168300546,7.32436873799215,12.21132670249,24.5665057267102,14.384441272439,17.7957571830596,9.97108668441428,29.1234960910449,0,0,43.7138673058684,92.4997010002878,42.8970790993356,51.3392319692663,76.8272359295238,210.942548901627,0,0,0,0,0,0,0,0,824.806159334391,373.845211310697,2681.11097482935,2663.74630644203
"291",2014,2542,24.1666666666667,2531.79508760439,1978.49275486785,595.49270036189,1089.85040345137,210.438434647728,243.706352166633,162.284845026289,455.025891324705,0,0,0,0,0,0,0,0,0,0,1.00038863755936,1.84087763109217,0.422177583746101,0.487309630141441,0.33117407629258,0.925721327366011,0,0,0,0,0,0,0,0,6476.68165868012,4573.70997029568,1090.4581259997,2053.62504901329,669.604764722478,792.236503594693,1173.64224558342,3262.20250964766,248.844466636723,175.729251195161,42.0387909143268,79.1776392581015,25.8051944018073,30.5317804655574,45.3049126958966,125.923150213002,19663.4094635922,13724.9452386426,3524.19757490124,6475.50003586986,2371.80183798764,2707.95966411445,3484.32208305268,9489.46737424777,755.49841836499,527.334373501458,137.164797623409,252.504155241449,92.9462258871181,106.201447203124,136.979101682858,373.170561320456,0,0,7.48363349342719,13.9874868748597,5.22427747602425,6.00228151217659,8.17888855243877,22.3477248603718,0,0,0,0,0,0,0,0,441.912938392813,326.476801751714,390.229523424946,765.593731346043,434.321512972139,539.749209378597,260.774735283753,757.823371294581,16.978999760144,12.5437608664561,14.9948241110419,29.4134248911666,16.6641138915129,20.7095952722061,10.0169198650851,29.1091748338122,259.398559289111,190.564606004082,316.370008829991,635.210343803602,375.2374647892,461.016276750626,261.233918612931,764.652678503018,9.96650601003503,7.32179694490568,12.156097456778,24.4025497138659,14.3980377874445,17.6895022774965,10.0320470144574,29.3637580037557,0,0,43.4960092037488,91.7856631891614,42.8717041787508,50.9446291103804,77.418778658048,212.919648875016,0,0,0,0,0,0,0,0,828.195258687492,375.215542482605,2693.45035189617,2673.3850048449
"292",2014,2542,24.25,2523.18499538781,1971.2994242474,591.561398425422,1082.8338232672,209.097587310494,241.132407337624,161.967855592594,456.078176564467,0,0,0,0,0,0,0,0,0,0,0.993579778641723,1.82765193257436,0.419523984795288,0.482114175363841,0.330558311995307,0.927916190991882,0,0,0,0,0,0,0,0,6480.26673917256,4572.46563268966,1085.16341797234,2041.08170708206,669.877556691489,787.546141759314,1182.33465013204,3293.04987735954,248.982211162393,175.681441754431,41.8347859724814,78.6940899674499,25.8157166204509,30.351030275163,45.6406828690566,127.114426306838,19659.1840741346,13710.2755595558,3503.48330594004,6430.34237272195,2369.63563688574,2688.64068163034,3509.50226466043,9577.76184468998,755.33609219097,526.770740453252,136.359481071292,250.739469864189,92.8609444082393,105.441425730058,137.968260815531,376.636140506942,0,0,7.44376928048074,13.892309526852,5.22121696287721,5.96109687382163,8.23910914328389,22.5583549956825,0,0,0,0,0,0,0,0,442.409046471937,326.540210165674,388.573588829057,761.035052196417,434.765135327883,536.716097681402,262.729719785124,765.091829962101,16.9980610580378,12.5461971182233,14.9312537470157,29.2384525278639,16.6812204006401,20.593367385672,10.0920893994434,29.3886025989239,259.556583659347,190.497584367953,314.933011490993,630.982229837706,375.557436518501,458.248872507853,262.81853975819,770.813784808819,9.97257758353679,7.31922186578327,12.1009452299342,24.2402880859531,14.410411463642,17.5834706306421,10.0930371838745,29.6007678854329,0,0,43.2785309116985,91.0785557322035,42.8440247930641,50.5534736566013,78.0092410373671,214.886213998138,0,0,0,0,0,0,0,0,831.588239121113,376.586163610619,2705.78659643387,2682.96856983188
"293",2014,2542,24.3333333333333,2514.72380845054,1964.2431267258,587.754786404755,1076.03567068503,207.76193568728,238.6191222166,161.633138934616,457.003016730092,0,0,0,0,0,0,0,0,0,0,0.986864376132207,1.81476773756722,0.416876681015018,0.477033529488012,0.329907757589971,0.929865819479843,0,0,0,0,0,0,0,0,6483.6266828854,4571.0678750486,1079.94185714222,2028.68907275826,670.072050858593,782.855682934244,1190.97581813954,3323.65052903362,249.111305572959,175.627737670611,41.6335841650115,78.2163359409095,25.8232222744171,30.170277956481,45.974473838087,128.296189578862,19655.000887666,13695.6900785899,3483.16708469939,6385.96539947556,2367.30642533437,2669.49075549167,3534.53938662841,9665.23576995235,755.175387201307,526.2103424406,135.569485978409,249.005094917161,92.7693209540086,104.688081585805,138.951885580678,380.069749311867,0,0,7.40377414967069,13.7979472632405,5.21774385034723,5.92020376602114,8.29899174807521,22.7671666509726,0,0,0,0,0,0,0,0,442.886115085826,326.592374106701,386.905383542446,756.499299857951,435.155538365628,533.677736208575,264.659792210628,772.181869718238,17.0163908287797,12.548201339373,14.8672096689011,29.0643560571259,16.6962819145577,20.4769338520116,10.1663000445782,29.6611779622384,259.714426426645,190.431087268292,313.498842257387,626.799860453451,375.846879719441,455.489788408247,264.403222004536,776.88785922124,9.97864217912108,7.31666694020419,12.0458996175757,24.0797787345713,14.4216105916124,17.4777531501545,10.1540256694582,29.8344288177231,0,0,43.0614271602456,90.3783688379502,42.8140884054881,50.1657778410485,78.5986313725825,216.842393389567,0,0,0,0,0,0,0,0,834.984953262471,377.95702728868,2718.1184562616,2692.4970274728
"294",2014,2542,24.4166666666667,2506.41161673455,1957.32320086342,584.069034756355,1069.44948054106,206.432933816469,236.165828803518,161.28184888855,457.806802301152,0,0,0,0,0,0,0,0,0,0,0.980260273722743,1.80222635290736,0.414237272064762,0.472066684126307,0.329223481668539,0.931578313278908,0,0,0,0,0,0,0,0,6486.75433405108,4569.51263964523,1074.78805419297,2016.43940461229,670.189010019697,778.164645772273,1199.56197355957,3353.9879811784,249.231474932388,175.567983039329,41.4349798570524,77.7440809510515,25.8277406777481,29.9895048688747,46.3061404617057,129.467805855797,19650.8664715609,13681.1926510823,3463.24247417805,6342.35708218387,2364.82184230471,2650.51209815516,3559.43628795643,9751.90676856295,755.016555729075,525.653327591605,134.794569948993,247.300570793011,92.67165096574,103.941499419371,139.930085472822,383.472072820095,0,0,7.36379822190674,13.7045112429187,5.21386447116509,5.87960173351569,8.35853287061143,22.9741628802429,0,0,0,0,0,0,0,0,443.344451232313,326.633379684436,385.2286039615,751.989359958846,435.493475817697,530.635094437104,266.56580338656,779.104267539407,17.0340008677204,12.5497768383754,14.8028339115903,28.891246413996,16.7093273390633,20.3603319197888,10.2395845287357,29.927314613904,259.872603950639,190.365589515824,312.068329874065,622.664469572292,376.106838269931,452.740973942139,265.987203306136,782.87328391413,9.98471963615633,7.31415041115569,11.9909924942006,23.9210691885218,14.4316752793214,17.3724248279491,10.2149833573194,30.0646790382922,0,0,42.8447154860087,89.6851046347387,42.781939212861,49.781548947985,79.1869540504265,218.788325734785,0,0,0,0,0,0,0,0,838.385256188766,379.328086494417,2730.44472532762,2701.97042846708
"295",2014,2542,24.5,2498.24821864102,1950.53877601345,580.500395322802,1063.06890520206,205.111914349328,233.771801190629,160.915090249382,458.495670067117,0,0,0,0,0,0,0,0,0,0,0.973781213979904,1.7900270879233,0.411607636826171,0.467212619990071,0.32850676393245,0.933062232086643,0,0,0,0,0,0,0,0,6489.64456427275,4567.7972897326,1069.69750090697,2004.32642905832,670.229570664384,773.473183960541,1208.08979547599,3384.04750698936,249.342522199472,175.502076552551,41.2388010859388,77.2770849824436,25.8293155261207,29.8087167952891,46.6355550540423,130.628708339851,19646.7858601034,13666.7860821576,3443.70278870215,6299.50499240184,2362.18913465914,2631.70652464709,3584.19550363498,9837.79115142343,754.859791203624,525.0998036835,134.034480732069,245.625422255837,92.568214789879,103.201748489877,140.902958224842,386.843745585084,0,0,7.32396213289656,13.6120878722431,5.20958772641602,5.83929165539142,8.4177298264771,23.1793472582086,0,0,0,0,0,0,0,0,443.784318049122,326.663294664053,383.546408636733,747.507599905302,435.779720650735,527.589046789592,268.448490215642,785.868672665847,17.0509012850351,12.5509262188765,14.7382478621469,28.7192146348238,16.7203863182957,20.2435951766746,10.3119711985576,30.1873829289001,260.031496972095,190.301446953721,310.642338814798,618.577043317668,376.338175521413,450.004014918399,267.569781184133,788.769238558738,9.99082458331786,7.31168595070121,11.9362571062236,23.7641974538807,14.4406387039036,17.2675466883782,10.2758834146963,30.2914873749984,0,0,42.6284321896666,88.9987743984229,42.7476189509322,49.400790071336,79.7742100701764,220.724140248647,0,0,0,0,0,0,0,0,841.789005183303,380.699294533224,2742.76424142422,2711.3888459246
"296",2014,2542,24.5833333333333,2490.23316494024,1943.88880666514,577.045206451669,1056.88772619699,203.800097499994,231.436263979136,160.533921595449,459.075514217232,0,0,0,0,0,0,0,0,0,0,0.967437583909282,1.77816763969606,0.408989813585944,0.462470279621453,0.327759036676671,0.934326438000032,0,0,0,0,0,0,0,0,6492.29394084739,4565.92036721385,1064.66643300222,1992.34506928422,670.195149574436,768.781926625323,1216.55636257378,3413.81601184026,249.444315484271,175.429962187864,41.0449043167586,76.815153848677,25.8280013073922,29.6279378121784,46.962605257576,131.778392850972,19642.7628063634,13652.4723061488,3424.54116571979,6257.39643287791,2359.41519784191,2613.07551402594,3608.81930422166,9922.90405404547,754.705237828053,524.54984503632,133.288958995393,243.979163309674,92.4592792491252,102.468885046171,141.870591342394,390.185356736079,0,0,7.2843625192788,13.5207435412682,5.20492433524506,5.79927537502988,8.47658057775759,23.3827237998627,0,0,0,0,0,0,0,0,444.20594529012,326.682174910873,381.861501404046,743.055965567128,436.015077372612,524.540413440889,270.308491463441,792.483729343173,17.0671009082379,12.551651627311,14.673555449831,28.548335568483,16.7294897087803,20.1267551200323,10.3834846256613,30.4417146801208,260.191374109192,190.238916687992,309.221742713597,614.538346970445,376.541612754057,447.280193627951,269.150308460911,794.575558992602,9.99696734135252,7.30928343726459,11.8817270523837,23.6091930501385,14.4485285874696,17.163168096759,10.336701125882,30.5148478201647,0,0,42.4126275053469,88.3193952868142,42.7111678425967,49.0235010228889,80.3603977155024,222.64995801658,0,0,0,0,0,0,0,0,845.19605942399,382.070604971007,2755.07588255138,2720.7523722804
"297",2014,2542,24.6666666666667,2482.36579571554,1937.37210128734,573.69989678119,1050.89986313426,202.498598990888,229.15839958092,160.139357725019,459.551996267374,0,0,0,0,0,0,0,0,0,0,0.961237030712334,1.76664441319896,0.406385907513681,0.45783854859418,0.326981837594929,0.935379967983111,0,0,0,0,0,0,0,0,6494.70044918572,4563.88139035062,1059.69171441147,1980.49122163139,670.087368902461,764.09185066814,1224.95910567485,3443.2819174376,249.536777383044,175.351621436109,40.8531700177771,76.3581306266969,25.8238604217839,29.447205384989,47.28719222499,132.916413398932,19638.7999929584,13638.2525362942,3405.75062523156,6216.01854013433,2356.5066096352,2594.62025942622,3633.30972967608,10007.2595537765,754.552998676985,524.003498264487,132.557740622826,242.361301174205,92.3450989453645,101.742954264718,142.833063415406,393.497454503872,0,0,7.24507651336773,13.4305284894129,5.19988624329542,5.75955540239576,8.53508360101833,23.5842969101322,0,0,0,0,0,0,0,0,444.609537876764,326.690069548153,380.176201036885,738.636059944513,436.200389648417,521.489989706897,272.146361422183,798.957185642161,17.0826076107422,12.551954951073,14.6088458189455,28.3786708960567,16.7366698730295,20.0098422884092,10.4541461317312,30.690607217221,260.352411592741,190.17817411543,307.807403816875,610.548949369368,376.717761068985,444.57053999576,270.728189286191,800.292617052031,10.003154681337,7.30694960987083,11.8274354951037,23.4560779480013,14.4553684212021,17.0593287224865,10.3974137394518,30.7347749174713,0,0,42.197361693198,87.6469877416649,42.6726253260734,48.649679056824,80.9455131110436,224.565893120679,0,0,0,0,0,0,0,0,848.606279746104,383.441971590426,2767.37856408948,2730.06111695659
"298",2014,2542,24.75,2474.64527042356,1930.98734573271,570.460987631362,1045.09937979985,201.208437100388,226.937354487381,159.732371721067,459.930553934301,0,0,0,0,0,0,0,0,0,0,0.955184940152433,1.75545277332639,0.403798030697297,0.453316247548638,0.326176774884458,0.936231937905379,0,0,0,0,0,0,0,0,6496.86327046986,4561.68069222944,1054.77074199872,1968.76157845725,669.908001294242,759.404185794471,1233.29576909902,3472.43505607464,249.619876435498,175.267067095005,40.6634990172253,75.9058888711574,25.8169610714656,29.2665667180088,47.6092291391233,134.042378140472,19634.8992007425,13624.1273841104,3387.32411696591,6175.35836382134,2353.46965659256,2576.34170637832,3657.66861701943,10090.8707714294,754.403142177876,523.460786863313,131.840558539608,240.771339363946,92.2259172794518,101.023991734285,143.790445189692,396.780550141622,0,0,7.20616516936827,13.3414797249317,5.19448622022688,5.72013470199408,8.5932377918736,23.7840713737518,0,0,0,0,0,0,0,0,444.995282437234,326.687024752894,378.492497562516,734.249203245527,436.336541689906,518.438562019006,273.962581528083,805.295989907909,17.0974285631047,12.5518379643566,14.544195489981,28.2102714371489,16.7419607338436,19.8928868774599,10.5239742350555,30.9343271707974,260.514709120571,190.119326691606,306.400159102354,606.609246173863,376.867147126893,441.875875355215,272.302875000608,805.921219183649,10.0093904338288,7.3046885971346,11.7734146275612,23.3048674631969,14.4611784534523,16.9560602194525,10.4580003093232,30.9512998698584,0,0,41.982702148436,86.9815736534418,42.6320305229018,48.2793193942238,81.5295506509255,226.47205351374,0,0,0,0,0,0,0,0,852.019528484507,384.813348373379,2779.67123692668,2739.31520492585
"299",2014,2542,24.8333333333333,2467.07059413247,1924.73312360017,567.325094543498,1039.48048856602,199.930539203677,224.77224489672,159.313896843547,460.216409584426,0,0,0,0,0,0,0,0,0,0,0.949284846439758,1.74458726141183,0.401228254608291,0.448902127535296,0.325345498207295,0.936891462388008,0,0,0,0,0,0,0,0,6498.78258870739,4559.31928106973,1049.90136255917,1957.15347737635,669.658924476022,754.720336456977,1241.56437616954,3501.26656866642,249.693619711499,175.176337901953,40.4758093298122,75.4583268392329,25.8073755137824,29.0860757537303,47.9286398916015,135.155945479621,19631.0614551731,13610.0969625782,3369.2545604375,6135.40293319349,2350.31035715479,2558.24058537454,3681.8976249628,10173.7499646622,754.25570773464,522.921715173565,131.137144263558,239.208780270064,92.101967342539,100.312024717802,144.74280052093,400.035121526833,0,0,7.16767638167677,13.2536235041904,5.18873752978079,5.68101651625489,8.65104238556198,23.9820523515722,0,0,0,0,0,0,0,0,445.363352791506,326.673086850518,376.812101083921,729.896483562691,436.424458042312,515.386919224813,275.757570693857,811.506378448954,17.1115704437703,12.5513024470582,14.4796702332356,28.0431790953732,16.7453977668198,19.7759191759035,10.5929850477333,31.1731138203846,260.678303628627,190.062425906262,305.000809540809,602.719480939364,376.99023479235,439.196850087417,273.873860354748,811.462518649243,10.0156760179735,7.3025023773739,11.7196952613429,23.1555710662061,14.4659765207516,16.8533876711807,10.5184415495401,31.1644671694624,0,0,41.7687209831452,86.3231748574597,42.589422603257,47.9124156548027,82.1125033680514,228.368541791992,0,0,0,0,0,0,0,0,855.435669354063,386.184689495038,2791.95288588738,2748.51477554526
"300",2014,2542,24.9166666666667,2459.64063998301,1918.6079335988,564.28892801725,1034.03755319327,198.665747805359,222.662161720061,158.884828243408,460.414578208068,0,0,0,0,0,0,0,0,0,0,0.943538772138761,1.73404177569527,0.398678576018175,0.44459486911838,0.324489675663049,0.937367590774229,0,0,0,0,0,0,0,0,6500.45942742693,4556.79872245774,1045.08180177439,1945.66477619021,669.342085553479,750.041820494493,1249.76319920065,3529.76880800679,249.758046536653,175.07949400928,40.2900334403635,75.0153626993867,25.7951786875392,28.9057908132408,48.2453579331112,136.256820366534,19627.2871501271,13596.1609730516,3351.53487804747,6096.13931098663,2347.03448131946,2540.3174386832,3705.99825530007,10255.9086123852,754.11071048486,522.386271720659,130.44722918828,237.673127255658,91.9734726740064,99.6070731915842,145.690187203041,403.261616416284,0,0,7.12964727973058,13.1669773553703,5.18265367867334,5.64220422694884,8.7084968941802,24.1782453857856,0,0,0,0,0,0,0,0,445.713914374336,326.648304704171,375.136483154869,725.578798110511,436.465101463609,512.335858855986,277.531694360085,817.593954586877,17.1250396090106,12.550350276578,14.4153266567257,27.8774284415684,16.7470179193984,19.6589698077907,10.6611926236879,31.4071821308767,260.843180944334,190.007477449734,303.610112582785,598.87976438218,377.087442839655,436.533975646585,275.440679958468,816.91794055337,10.0220108892458,7.30039116922022,11.6663065378297,23.0081931223717,14.4697787277157,16.7513308206631,10.5787196979617,31.3743317199633,0,0,41.5554930980964,85.6718119806071,42.5448410411657,47.5489601943156,82.6943632400753,230.255455852017,0,0,0,0,0,0,0,0,858.854567368607,387.555949329579,2804.22252849944,2757.65998169799
"301",2015,2542,25,2452.58873301581,1912.61450443287,560.561090511441,1027.16150256173,197.334786039828,219.683174522466,158.65151604037,462.623745747853,0,0,0,0,0,0,0,0,0,0,0.937692609247284,1.72184568248185,0.3959964949628,0.438551160894747,0.323989075285363,0.941513038220638,0,0,0,0,0,0,0,0,6502.92746407612,4555.00718879133,1039.1523070702,1931.32871276172,668.702025522619,742.248194221579,1258.4306558865,3563.43226650778,249.852872451523,175.010660420851,40.0615824934109,74.4627191483743,25.7705252514551,28.6054528747036,48.5801358878809,137.556636191614,19626.459403629,13584.6073646376,3330.33203499142,6048.22912515392,2342.71788354723,2511.97251598051,3731.73571820498,10355.0576931126,754.078924279379,521.942363172621,129.623214833866,235.8017752223,91.8042260115394,98.4935167011727,146.701597481561,407.152985868451,0,0,7.09029469820709,13.0666585051031,5.1742296429259,5.58017525028445,8.76947837324933,24.4117534495326,0,0,0,0,0,0,0,0,446.145580320682,326.697714465259,373.332414579212,720.470159658745,436.355106913021,507.236874691592,279.569589018017,826.553251644717,17.1416249327815,12.5522486778521,14.3460456572812,27.6812841512244,16.742855113306,19.4634349217678,10.7395236860634,31.7514792862801,261.047799162017,189.989934684227,302.129833508731,594.390373323361,377.010461841295,432.060760849885,277.234421435459,824.821609806708,10.0298726689562,7.29971714755098,11.6094739346306,22.8358510184495,14.466894077421,16.5798006772786,10.6477056814967,31.6781680293093,0,0,41.3352436813422,84.9331420276479,42.4817000261303,46.990525361188,83.303281117829,232.433268982444,0,0,0,0,0,0,0,0,862.240279844858,388.895114411398,2816.34858098242,2766.52747203787
"302",2015,2542,25.0833333333333,2445.69669831348,1906.72052287331,556.760022126898,1020.1164063787,195.991862651379,216.573991772537,158.448711519038,465.161508190893,0,0,0,0,0,0,0,0,0,0,0.931747181786856,1.70936679320787,0.393300178660577,0.432246851489229,0.323552590420106,0.946319665869275,0,0,0,0,0,0,0,0,6505.4886483223,4553.3241822947,1033.04140777593,1916.49547365377,667.941731550944,733.808771868336,1267.18707664895,3598.20650253834,249.951277246028,174.945996619838,39.8261441002,73.8909070396162,25.7412375716761,28.2802262924119,48.9183386779891,138.899264433767,19626.3293962893,13573.6536036894,3308.5881681421,5998.8921665586,2338.03052676443,2481.52538508431,3757.74021063183,10457.3325766122,754.073946013615,521.521501732272,128.778351678417,233.875006810882,91.6204972952527,97.2975669622357,147.723506773431,411.16682267504,0,0,7.04984045028273,12.9631256897517,5.16499808674954,5.5134370273722,8.83106436298843,24.652437719635,0,0,0,0,0,0,0,0,446.582398283819,326.75568937036,371.474411494076,715.178442439288,436.16641198681,501.678430689199,281.63922737722,835.886873821039,17.1584082047809,12.5544761656717,14.274690407459,27.4781011606166,16.7356696064027,19.2502660300652,10.8190712517896,32.1101430359112,261.259254276706,189.98021218793,300.626972310329,589.775566672509,376.868825626956,427.198656589739,279.07432475304,833.19001434228,10.0379971327858,7.29934359314279,11.5517718746237,22.6586860830329,14.4615256515832,16.3933431705021,10.7184606440285,31.9998384221625,0,0,41.1137188416568,84.1792938251105,42.4125307938229,46.3927369011693,83.917796392236,234.668837817311,0,0,0,0,0,0,0,0,865.620340891168,390.226517485715,2828.42450519639,2775.25696439474
"303",2015,2542,25.1666666666667,2438.90542018879,1900.92436461111,553.082559370015,1013.30367843726,194.657753478127,213.567588233911,158.225204835122,467.502321357216,0,0,0,0,0,0,0,0,0,0,0.925785991395958,1.69711328494563,0.390626333212713,0.426145383158311,0.323083989835382,0.950812842260418,0,0,0,0,0,0,0,0,6507.86819258435,4551.51624717805,1027.03390616877,1901.90029482953,667.122782193365,725.507682639669,1275.89167801992,3632.69092757909,250.04270314187,174.876532861462,39.5946691340498,73.3282492414571,25.7096892703181,27.9603311933106,49.2545408588767,140.230722443555,19626.1884279337,13562.7348607944,3287.26335694778,5950.47280174056,2333.20993669078,2451.6557144768,3783.57198295615,10558.2905163008,754.068546336733,521.101985749042,127.949611372639,231.983855031267,91.4315904551854,96.1242930182404,148.738727661662,415.129299634591,0,0,7.0088700309088,12.8602471893834,5.15545761035108,5.44792656544978,8.89227710461432,24.8904556731367,0,0,0,0,0,0,0,0,447.000069839602,326.801105929833,369.598683770347,709.914454148449,435.9260718393,496.180364698677,283.669626747422,844.848183867903,17.1744558407989,12.5562211417813,14.2026521539692,27.2759789262752,16.7264995333609,19.0394101410833,10.8971104833978,32.4545135147483,261.469193271041,189.970361207065,299.126590651192,585.21267743911,376.7015724648,422.410519697656,280.902143619799,841.376652306535,10.0460633444956,7.29896510216263,11.4941633541887,22.4835113474914,14.4551714794764,16.2097198977605,10.7887487826931,32.3145268003753,0,0,40.8927975976552,83.4339108199855,42.341557483599,45.8057347322504,84.5309024365154,236.886764638636,0,0,0,0,0,0,0,0,869.003636851508,391.558131106603,2840.4812456624,2783.90174226982
"304",2015,2542,25.25,2432.21839699326,1895.22813629896,549.525224324853,1006.71665093563,193.3338855805,210.661042670343,157.982403545541,469.656439338447,0,0,0,0,0,0,0,0,0,0,0.919845099467074,1.68510955960315,0.387973882252435,0.420239860075411,0.322582942745182,0.954994872242422,0,0,0,0,0,0,0,0,6510.04407414638,4549.56888824083,1021.11980770259,1887.52613780143,666.242646531648,717.336861566575,1284.53623765576,3666.85021852434,250.126303991086,174.801712216937,39.3667754895389,72.7740929458225,25.6757831517821,27.6454571648877,49.5884263612956,141.549652096627,19626.0545967903,13551.8630307157,3266.35271883194,5902.95887198964,2328.26495818996,2422.35458684315,3809.23667950538,10657.9739931989,754.063420614634,520.684272238648,127.136812184593,230.127856283762,91.2378478537477,94.9733439020461,149.74747934348,419.042071118238,0,0,6.96761372831452,12.758220712374,5.14560656866515,5.38361245613588,8.95310944864378,25.1258192760887,0,0,0,0,0,0,0,0,447.399051133978,326.834224046907,367.710379109704,704.683271768366,435.635735909563,490.744682384062,285.66278986698,853.464954568476,17.1897853666953,12.5574935920786,14.1301286531381,27.0751125596018,16.7154082072597,18.8309443302717,10.9737183079995,32.7856568653877,261.679078952175,189.961431952948,297.629948312716,580.704051928546,376.5106347647,417.697083862004,282.718171072295,849.378547270194,10.0541275074754,7.29862202540864,11.436696805891,22.310417053635,14.4479057509494,16.0289591660748,10.8585814666918,32.6221191941208,0,0,40.672448580021,82.6969407119215,42.2688479702927,45.2293460790002,85.142654066839,239.087525549536,0,0,0,0,0,0,0,0,872.390024536575,392.889904652963,2852.51761838661,2792.46262729016
"305",2015,2542,25.3333333333333,2425.63846067045,1889.63343629301,546.084550889258,1000.34868501051,192.021541431887,207.851463916882,157.721640515639,471.633640870559,0,0,0,0,0,0,0,0,0,0,0.913953326068938,1.67337389665015,0.385342643797507,0.414523999699156,0.322049668951905,0.958870535178392,0,0,0,0,0,0,0,0,6511.99900659076,4547.47096072623,1015.29090967797,1873.35920152433,665.299957271056,709.289997883699,1293.11371958555,3700.65298857009,250.201415621867,174.721106486885,39.1421496352605,72.2279093939673,25.6394667204239,27.3353611971072,49.9197246274556,142.854846183873,19625.9423900711,13541.0475009571,3245.85068061442,5856.33708180859,2323.20372384499,2393.61265254115,3834.73920102151,10756.4221180131,754.059125472351,520.268721883898,126.339745429174,228.306502556355,91.039584335095,93.844351960012,150.749952164031,422.906661021256,0,0,6.92625684224383,12.6572007975201,5.13544754181083,5.3204660797036,9.01355547329044,25.3585413003074,0,0,0,0,0,0,0,0,447.779689718104,326.855235761203,365.813814078383,699.48894645735,435.296815079351,485.372744435406,287.620448304701,861.762103141746,17.2044101359445,12.5583008950327,14.057285754148,26.875657780997,16.7024497760135,18.6249208894737,11.0489612312522,33.1045295625784,261.890038077848,189.954222467151,296.138257822214,576.251531189674,376.297552142781,413.058659529338,284.522646572534,857.194651532643,10.0622329135604,7.29834502491412,11.3794188424053,22.1394740300079,14.4397875830948,15.8510730353337,10.9279679997992,32.9225756477699,0,0,40.4526704233938,81.9683492677008,42.1944621893565,44.6633929941195,85.7530961422056,241.271564476141,0,0,0,0,0,0,0,0,875.779363879746,394.221788449099,2864.5325103374,2800.94048042236
"306",2015,2542,25.4166666666667,2419.16790347668,1884.14145388395,542.757102982302,994.193204881967,190.721878311998,205.135999258498,157.444182915293,473.443273068363,0,0,0,0,0,0,0,0,0,0,0.908133897669084,1.66191985685491,0.382733010600385,0.408991947597452,0.321484781016326,0.962446387500304,0,0,0,0,0,0,0,0,6513.71944225634,4545.21395086444,1009.54041283857,1859.3881597782,664.294195261473,701.362062806431,1301.61806087463,3734.0713489891,250.267517511407,174.634388558655,38.9205317469461,71.6892646572943,25.6007200710083,27.0298495553084,50.2482024342616,144.145231651014,19625.8634447595,13530.2956898601,3225.75117075673,5810.59334590025,2318.03378903269,2365.4202928675,3860.0838439472,10853.6711045531,754.056108024685,519.855619709227,125.558182900869,226.519254862815,90.8370924464475,92.7369391717969,151.746313019814,426.724481074415,0,0,6.88495043403234,12.5573094634375,5.12498600587791,5.25846095945,9.07361022312431,25.5886350497038,0,0,0,0,0,0,0,0,448.142255325554,326.864285903694,363.912656159148,694.334759491801,434.910580251538,480.065470115212,289.54411301788,869.76210533521,17.2183405121453,12.5586486152811,13.9842643862412,26.677740745023,16.6876730093717,18.421375148196,11.1228972794539,33.4119943130806,262.102934380404,189.949334334689,294.652666405985,571.856536065239,376.063557536002,408.495219763312,286.315767089354,864.825406766876,10.0704127487314,7.29815721453733,11.3223735658869,21.9707369607522,14.4308643234481,15.6760606104988,10.9969160461431,33.2159133536211,0,0,40.2334828792042,81.2481137158678,42.1184545379381,44.1076946213065,86.3622656304626,243.439298302528,0,0,0,0,0,0,0,0,879.171516993923,395.553733452735,2876.52486510166,2809.33618878325
"307",2015,2542,25.5,2412.80852581571,1878.75300741964,539.539485903458,988.243719341199,189.435934301707,202.511840938674,157.151234340874,475.094257687203,0,0,0,0,0,0,0,0,0,0,0.902405082560077,1.65075683352985,0.38014583131021,0.403638219275527,0.320889220670181,0.965730472473817,0,0,0,0,0,0,0,0,6515.19518415795,4542.79169323601,1003.8627639674,1845.60385009225,663.225563113454,693.549117411664,1310.04409558646,3767.08079396986,250.324217875227,174.54132154697,38.7017096812032,71.1578077164497,25.5595510364324,26.72877040374,50.573660980915,145.41986521237,19625.8268432007,13519.6132576083,3206.04770387228,5765.71294286093,2312.76217760319,2337.76769274868,3885.27435129977,10949.7544239353,754.054717233237,519.445183187836,124.791880132286,224.765549184808,90.6306442053377,91.6507199705132,152.736707330536,430.496836790045,0,0,6.84381538710558,12.4586402052699,5.11422983508899,5.1975725272286,9.13326961952147,25.8161143507639,0,0,0,0,0,0,0,0,448.486952792172,326.861480850998,362.0099939692,689.223319936326,434.478196028749,474.823409533672,291.43509473944,877.485149250558,17.2315843654216,12.5585408399835,13.9111832534875,26.4814617899989,16.671122593728,18.2203282523459,11.1955767826935,33.7088259621367,262.318397764509,189.947195147281,293.174249414057,567.520107695452,375.809617180019,404.006446078291,288.097689492705,872.272540632195,10.0786912149364,7.29807502303569,11.2656023162269,21.8042459416753,14.4211730836754,15.5039097996165,11.06543172188,33.5021988423619,0,0,40.014923289413,80.5362201798193,42.0408747794452,43.5620682561311,86.9701923633719,245.591118357343,0,0,0,0,0,0,0,0,882.566347834495,396.885691148812,2888.49367925679,2817.65066093312
"308",2015,2542,25.5833333333333,2406.56170919785,1873.46860160341,536.428357556026,982.493842790466,188.164639419658,199.976231661798,156.843939646323,476.595114440608,0,0,0,0,0,0,0,0,0,0,0.896781125597921,1.63989085584829,0.377582243539194,0.398457609464566,0.32026417055825,0.968731921697475,0,0,0,0,0,0,0,0,6516.41880965853,4540.19995531637,998.253431040915,1831.99883957827,662.094808865048,685.848052246082,1318.38743004231,3799.65992975887,250.371231523744,174.44174283147,38.4855103686445,70.6332538251341,25.5159884176171,26.4320038074209,50.8959311083161,146.677922995085,19625.8395526939,13509.0044169183,3186.73349278235,5721.68071498528,2307.39545571509,2310.64493217091,3910.3139941815,11044.7030892737,754.055220796214,519.037574178926,124.040580725373,223.044804210651,90.4204939543384,90.5853047850765,153.721262200371,434.224938463288,0,0,6.80294839027379,12.3612638743143,5.10318859000567,5.13777776696245,9.19253031904221,26.0409934765337,0,0,0,0,0,0,0,0,448.813939646762,326.846900259368,360.108440644352,684.156705599257,434.0007685033,469.646847852737,293.294534513304,884.949390553174,17.2441477482853,12.5579806296602,13.8381428027225,26.2869008494107,16.652840968661,18.0217911691927,11.2670435479889,33.9957212936196,262.536867056872,189.948091079242,291.704002870058,563.2429622585,375.536484271639,399.591784117567,289.868536615319,879.538797512492,10.087085172604,7.2981094456839,11.2091433860619,21.6400285836922,14.4107427983787,15.3345994496853,11.1335198280646,33.7815376460015,0,0,39.797041655813,79.832660113957,41.9617693261546,43.0263306349893,87.5769002275506,247.72739328848,0,0,0,0,0,0,0,0,885.963721724573,398.217613399909,2900.43799558551,2825.88482003506
"309",2015,2542,25.6666666666667,2400.42847307386,1868.28847214037,533.420436956092,976.937311148896,186.908824557686,197.526468826568,156.523388685274,477.953979621616,0,0,0,0,0,0,0,0,0,0,0.89127296066238,1.6293252042266,0.375043556082527,0.393445130596365,0.319610988473533,0.971460653697912,0,0,0,0,0,0,0,0,6517.38522415063,4537.43611620872,992.70872939995,1818.56709467359,660.903094656129,678.256395219062,1326.64434447494,3831.79024356547,250.408362713991,174.335551713108,38.2717931597073,70.1153718547019,25.4700769404209,26.1394543542496,51.214869529982,147.918691702616,19625.9067658957,13498.4721732491,3167.80153446049,5678.48121970994,2301.93978734148,2284.04205366401,3935.20563583755,11138.5458884222,754.057818227279,518.632908156929,123.304019674349,221.356427203856,90.206880507279,89.5403026563292,154.700088901915,437.909910161416,0,0,6.76242643227773,12.2652330652979,5.09187300175977,5.07905494606065,9.25138960798912,26.2632871260794,0,0,0,0,0,0,0,0,449.123339384094,326.820605846797,358.210212641077,679.136567460347,433.479376600648,464.535877662037,295.123428129107,892.171163177882,17.2560354056066,12.5569703556152,13.7652282480809,26.0941214612259,16.6328695317453,17.8257674694343,11.3373357981695,34.2733071218577,262.75862329146,189.952192206057,290.242839967276,559.025536451614,375.244741761094,395.250489134675,291.62840187985,886.627724630552,10.0956054195137,7.29826701705383,11.1530318869008,21.4781017602607,14.3995958670949,15.1681010918809,11.2011840284387,34.0540660867153,0,0,39.5798969856414,79.1374277384271,41.8811821631469,42.5002988970286,88.1824080843135,249.848471286281,0,0,0,0,0,0,0,0,889.363505034957,399.549452350708,2912.35689851134,2834.03959902993
"310",2015,2542,25.75,2394.40952204899,1863.2126227708,530.512510512736,971.567993501605,185.669229399521,195.159907611331,156.190619545026,479.178623317506,0,0,0,0,0,0,0,0,0,0,0.885888776098405,1.61906090170166,0.372531169308377,0.388595974001495,0.318931157520179,0.973927140332299,0,0,0,0,0,0,0,0,6518.09129659136,4534.49890497581,987.22567947506,1805.30371732904,659.651896472687,670.772164727558,1334.81171069609,3863.45588693195,250.435491146293,174.222699360441,38.0604443782047,69.6039741839881,25.4218734043507,25.851045512076,51.5303556764487,149.141560328775,19626.0321787335,13488.0185203959,3149.24467854462,5636.0988480436,2296.40097830627,2257.94911277108,3959.95178499904,11231.3095909075,754.062651533396,518.231261726533,122.581926017001,219.699818597529,89.9900288520837,88.5153231950677,155.673284944263,441.552797712911,0,0,6.72231028176441,12.1705854711405,5.08029460584555,5.02138341141065,9.30984532064621,26.4830104504371,0,0,0,0,0,0,0,0,449.415251736958,326.782648090339,356.317192862785,674.164209517668,432.915090395107,459.490448181362,296.92264701889,899.165169558084,17.2672511692822,12.5555119572575,13.6925119939801,25.9031738338199,16.6112493430795,17.6322552190944,11.406486974956,34.5421475977312,262.983816963594,189.959573184612,288.791591420931,554.868029085642,374.934838874553,390.981666923224,293.37735270659,893.543490824844,10.1042577379421,7.29855060558232,11.0972997629938,21.3184732052109,14.3877495559314,15.0043805126472,11.2684269804301,34.3199443197415,0,0,39.3635545621748,78.450518245352,41.7991555056212,41.983791302526,88.7867305142246,251.954681916732,0,0,0,0,0,0,0,0,892.76556497856,400.881160373486,2924.24951109444,2842.11593733062
"311",2015,2542,25.8333333333333,2388.50528736179,1858.24085774621,527.701436953571,966.379901180527,184.446509673891,192.873963325485,155.846621498168,480.276465826987,0,0,0,0,0,0,0,0,0,0,0.880634502619773,1.60909713833087,0.370046510286847,0.383905478323668,0.318226244210053,0.976142209011888,0,0,0,0,0,0,0,0,6518.53554167743,4531.38817307776,981.801884101683,1792.20472099408,658.342920196311,663.393748434724,1342.88691837618,3894.64346627723,250.452559752923,174.103180066331,37.8513726248644,69.0989081141784,25.3714434572163,25.5667149706848,51.8422888694977,150.346012143292,19626.2182328085,13477.6446106149,3131.05568547726,5594.51792392397,2290.78451445968,2232.35621939379,3984.55464337084,11323.0191389462,754.069814528327,517.832679159155,121.874025086164,218.074375851767,89.770151626769,87.5099781863108,156.640935914096,445.154576082166,0,0,6.68264746968708,12.0773467490355,5.06846543519025,4.96474341334212,9.36789576816099,26.70017907734,0,0,0,0,0,0,0,0,449.689761304099,326.733071793322,354.430984937977,669.240656020375,432.308984829455,454.510405028002,298.692956728769,905.94465389324,17.2777982897348,12.5536071560024,13.620055718555,25.7140974276376,16.5880216530367,17.4412485085262,11.4745264489242,34.8027508637482,263.212491794455,189.970231230366,287.351006851372,550.77043758701,374.607122259991,386.784308258282,295.115433876363,900.290731243715,10.1130438077328,7.29896010428262,11.0419758446805,21.1611429149562,14.3752171929878,14.8433990759935,11.335250464488,34.5793503715452,0,0,39.1480836482073,77.771926322365,41.7157303396253,41.4766278212141,89.3898784734869,254.046337788776,0,0,0,0,0,0,0,0,896.169769461227,402.212690032933,2936.11499254038,2850.1147780651
"312",2015,2542,25.9166666666667,2382.71596238351,1853.37280956824,524.984150904779,961.367194288052,183.241243721746,190.666113056195,155.492337644627,481.254593118693,0,0,0,0,0,0,0,0,0,0,0.875514216368691,1.59943162281412,0.36759098598421,0.379369107591935,0.317497865342021,0.978116883905747,0,0,0,0,0,0,0,0,6518.71785182022,4528.10470305221,976.435425762744,1779.26684709185,656.978035231668,656.119808100824,1350.86781115368,3925.34184447634,250.459564400154,173.977023897125,37.644504843688,68.6000488350457,25.3188590444211,25.2864109837031,52.1505858729068,151.531617097216,19626.4663198076,13467.3508976367,3113.22727399264,5553.72278396716,2285.09559342605,2207.25356965924,4009.01614652607,11413.697820303,754.079360686468,517.437177887748,121.180040350561,216.479496553651,89.547450346778,86.5238828264211,157.603117061044,448.716156042279,0,0,6.64347471405813,11.9855328318962,5.05639778588693,4.90911596325468,9.42553967971744,26.9148091436065,0,0,0,0,0,0,0,0,449.946944415198,326.671920440922,352.552958136162,664.366705053126,431.662147711726,449.595518958441,300.435032905235,912.5215585442,17.2876796996764,12.5512576226197,13.5479120978127,25.526923012943,16.5632282100736,17.2527385576,11.5414801340385,35.0555750615155,263.444604758661,189.984101219309,285.921757659101,546.732590305944,374.261862101606,382.657318273858,296.842670470429,906.874416444925,10.121961975788,7.29949301098589,10.9870859588823,21.0061043895326,14.362009170799,14.6851148516624,11.4016554972174,34.832475115126,0,0,38.9335556832977,77.1016450600983,41.6309468270849,40.9786305842418,89.991859848412,256.123736007941,0,0,0,0,0,0,0,0,899.575986994052,403.543994072241,2947.95253637495,2858.03706600838
"313",2016,2542,26,2376.93358422144,1848.28205678938,521.745794017254,956.772785334107,183.017992146432,191.943654317544,153.857864566399,477.65064965946,0,0,0,0,0,0,0,0,0,0,0.87107266472979,1.59186508411768,0.367111659263501,0.381788800275328,0.314303510741304,0.971277253704833,0,0,0,0,0,0,0,0,6519.85985902841,4525.66032526051,970.671063447406,1767.52878816298,659.046994974206,660.778712776781,1354.67232710382,3941.45416369662,250.503442143355,173.883106993394,37.4224442238084,68.1475855464712,25.3986115880789,25.4659914722115,52.2979253085092,152.155068157945,19630.3072008342,13459.774666525,3094.1078518857,5516.83086684665,2291.53214519519,2222.50251842043,4019.66672491015,11457.5690700242,754.226947322864,517.146086626672,120.437724605435,215.03867508654,89.7999684405466,87.119649657442,158.024688942237,450.444473925563,0,0,6.60928282027557,11.9089554444998,5.07111909359232,4.94319739933422,9.45257161540485,27.0250672197836,0,0,0,0,0,0,0,0,450.406877498927,326.719456981266,350.927022687667,660.321715002376,433.570299316627,453.061302854891,299.847875584714,910.441881805221,17.3053510867036,12.5530840519118,13.4854548702186,25.3715961531628,16.6364685243916,17.385823504453,11.5190470978605,34.9761751972281,263.743081306806,190.052926623278,284.687765658649,543.382062534461,375.926307879054,385.559493899798,296.460682355393,905.813372619192,10.1334299383125,7.30213739263339,10.9396979688133,20.8774699994238,14.4259194322617,14.7965834153178,11.3871090915034,34.7921893304984,0,0,38.7505984986639,76.5327273649402,41.7679078740713,41.2312827815586,90.3551207132148,257.365038353131,0,0,0,0,0,0,0,0,902.827061446971,404.813054412537,2959.24099995378,2865.56258665352
"314",2016,2542,26.0833333333333,2371.35239267623,1843.36527093927,518.629008061979,952.374663033921,182.791046790008,193.214964671474,152.230849220461,474.03216906033,0,0,0,0,0,0,0,0,0,0,0.866521200804792,1.58437968648656,0.36663950260843,0.384234268903404,0.311096834516764,0.964311123543853,0,0,0,0,0,0,0,0,6520.6307739386,4522.95935504762,964.946069145839,1755.90795143676,661.057104245177,665.467385416157,1358.14963482083,3956.44169786466,250.533061927028,173.779331398507,37.2018860912474,67.6996326427804,25.4760989659394,25.6467191850081,52.4326541480196,152.735179390315,19634.4327054125,13452.439501489,3075.35627747939,5480.71998888326,2297.97034150146,2238.09229224102,4030.03866109878,11500.48410826,754.385469415555,516.864257516085,119.709582819105,213.628221238274,90.052638791002,87.7289226147655,158.435371009351,452.13543134302,0,0,6.57434048665329,11.8327167634144,5.08582363677585,4.97802684564223,9.47862410912435,27.1320416081869,0,0,0,0,0,0,0,0,450.846326457376,326.755535884765,349.274972917246,656.295103728465,435.447881903849,456.618472521254,299.329472688474,908.632409020948,17.3222354405557,12.5544702604837,13.4219925715678,25.2169718629528,16.7085320350931,17.5224099739614,11.4992496396046,34.9071371580795,264.061272778651,190.134099492523,283.477573894771,540.11276813606,377.639613395531,388.599664855712,296.053528386995,904.617728118503,10.145655379376,7.30525618365231,10.8932231373626,20.7519534413858,14.4917018015389,14.9133445197795,11.3715954965823,34.7467344429992,0,0,38.5689915587424,75.9726552131528,41.9066477178417,41.4932560572257,90.7131045497433,258.589030079443,0,0,0,0,0,0,0,0,906.078212034554,406.081027344896,2970.5444671985,2873.10305385603
"315",2016,2542,26.1666666666667,2365.96572211175,1838.62140349428,515.640486621218,948.159105199834,182.542333662067,194.413452344582,150.636548480768,470.489123886033,0,0,0,0,0,0,0,0,0,0,0.861902614237787,1.57698037055396,0.366132769992184,0.386564194281685,0.307930639132908,0.95740735347075,0,0,0,0,0,0,0,0,6521.05561735288,4520.01786937011,959.279985294536,1744.40304548948,662.953074399942,669.964267283482,1361.40291399661,3970.65415019446,250.549385090401,173.666314814843,36.9835809164734,67.2561358132824,25.5491884607834,25.8200535263627,52.5587452780288,153.2854165283,19638.7354228141,13445.2661075339,3056.99317948652,5445.30352458017,2304.16517570482,2253.21654797876,4040.39610751977,11543.3345452151,754.550800080767,516.588643915256,118.996384612052,212.244727019678,90.2958556947154,88.3200875787639,158.845508223259,453.82396879037,0,0,6.53881187082319,11.7567372655437,5.09995128469155,5.01179356547973,9.50429391480032,27.2377483596392,0,0,0,0,0,0,0,0,451.260865994721,326.777529857066,347.596537797269,652.274279306113,437.24270778785,460.092939346096,298.913677820292,907.219704763526,17.3381627343062,12.5553153034842,13.3575146424381,25.0625662261795,16.7774160428646,17.655817020526,11.4833865326157,34.8533169139524,264.393404535549,190.223653412132,282.281222712614,536.901463320639,379.351785364536,391.629152457956,295.668954189334,903.466047013109,10.1584164281553,7.30869698803807,10.8472787573031,20.6286617185492,14.5574378005674,15.0296922694426,11.3569469224366,34.7029631527486,0,0,38.3879350889034,75.4192596419207,42.04260043741,41.7494553173036,91.0704668723099,259.81200694833,0,0,0,0,0,0,0,0,909.332443162502,407.349113002382,2981.87213703122,2880.66509009042
"316",2016,2542,26.25,2360.76451433167,1834.04258632284,512.774368908214,944.117539878775,182.273597208962,195.542724519712,149.074198075675,467.019604682638,0,0,0,0,0,0,0,0,0,0,0.857262530945681,1.5697013639897,0.365590891713858,0.388778712480684,0.304807321178708,0.950576721199305,0,0,0,0,0,0,0,0,6521.17854192705,4516.8684068303,953.68060675305,1733.0294788681,664.747872616236,674.286527696189,1364.45291907404,3984.15665781346,250.554108049118,173.54530742754,36.7678298192411,66.8176883097142,25.6183783659986,25.9866548567979,52.676995451056,153.808279344531,19643.1828586606,13438.2310110203,3039.00631818952,5410.55995451573,2310.12026574245,2267.88343664017,4050.7278238709,11586.0837390856,754.721690837125,516.318343929296,118.297661706634,210.887361918949,90.5297561546796,88.8934580148859,159.254664107687,455.508665496063,0,0,6.50292000673666,11.6811927896257,5.11349972214884,5.0445056323111,9.52957402183942,27.3421550395377,0,0,0,0,0,0,0,0,451.650789402654,326.785420146399,345.896587634917,648.263044575131,438.956270078267,463.481351233004,298.587874527562,906.15790504468,17.3531442366922,12.5556184604406,13.2922081422827,24.9085252992112,16.8431777022716,17.7859156662773,11.4709733051714,34.812953173244,264.735489755727,190.319033239197,281.093681640602,533.739382235899,381.05467271428,394.640962302607,295.310927858176,902.379221923661,10.1715599046032,7.31236163311351,10.8016715299889,20.5072580824158,14.6228146004473,15.1453581161701,11.343315450736,34.6616766711841,0,0,38.2072992389536,74.8723070432772,42.1757187651404,41.9998937164791,91.4270802694883,261.033592904079,0,0,0,0,0,0,0,0,912.589576037,408.617256633957,2993.22218965712,2888.24781787196
"317",2016,2542,26.3333333333333,2355.74055438635,1829.62164155241,510.025170225103,940.241981093429,181.986509634712,196.606238271233,147.543087055269,463.621854122886,0,0,0,0,0,0,0,0,0,0,0.852637140421274,1.56256868875422,0.365014282961279,0.39087915490502,0.301728806998213,0.943827983492627,0,0,0,0,0,0,0,0,6521.03707454128,4513.53868720809,948.153519790094,1721.79855932419,666.451871069551,678.448506550528,1367.31847302441,3997.00924180951,250.548672645926,173.417374274869,36.5548489926452,66.3847258637312,25.6840674082324,26.1470749335786,52.7881274801158,154.306071945958,19647.7475188727,13431.3143260966,3021.38455847997,5376.46979243393,2315.83980846046,2282.10166221097,4061.02410223267,11628.6996953504,754.897085322509,516.052593511855,117.612988369169,209.555373957334,90.7544997706082,89.44936894394,159.662461471467,457.188280275667,0,0,6.4668472149018,11.6062261487693,5.1264734040983,5.07617765265176,9.55446175143056,27.4452434915521,0,0,0,0,0,0,0,0,452.01653355643,326.779309490434,344.179698465353,644.265230648975,440.590660193973,466.781678055963,298.34090258553,905.406119527439,17.3671967331612,12.555383678698,13.2262488562052,24.7549962587599,16.9058971916426,17.9126277826226,11.4615814072023,34.7844756378269,265.084177510966,190.418106153974,279.911114034926,530.619554294368,382.741349926044,397.628836321043,294.982358140673,901.373558874847,10.1849570607165,7.31616817253288,10.7562540245223,20.3874747511262,14.6875663932402,15.2601017556722,11.3308125115304,34.6235001714082,0,0,38.0269981081212,74.3316102053419,42.3059612458999,42.2445893300085,91.7828301352861,262.253446121937,0,0,0,0,0,0,0,0,915.849434548364,409.885403654283,3004.59287806058,2895.85034600511
"318",2016,2542,26.4166666666667,2350.88631761213,1825.35195909036,507.387728355157,936.524941804523,181.682672374908,197.60730975345,146.042547153007,460.294236330829,0,0,0,0,0,0,0,0,0,0,0.848055357858961,1.55560211613104,0.364404020414522,0.39286768931584,0.298696638745175,0.937168282680941,0,0,0,0,0,0,0,0,6520.66343463459,4510.05256604545,942.702665941227,1710.71850426221,668.073441873414,682.462286284041,1370.01672224261,4009.26735668635,250.534316803198,173.283431924903,36.3447913514763,65.9575654595788,25.7465775563835,26.3017788393714,52.8927999838161,154.780923738783,19652.4059133826,13424.4990426427,3004.11762961816,5343.01514334772,2321.32840071941,2295.88030437427,4071.2765202415,11671.1543741398,755.076081015135,515.790739106804,116.941972141029,208.2480726211,90.9702618180187,89.9881700895553,160.068572854309,458.861724738553,0,0,6.43074385091727,11.5319539084639,5.1388810976785,5.10682843020823,9.57895765036453,27.5470065820899,0,0,0,0,0,0,0,0,452.358638346971,326.759391026262,342.450126363073,640.284566767796,442.148326285344,469.992859671353,298.162840921401,904.927731710743,17.3803409671876,12.5546183788925,13.1598003044041,24.6021223995626,16.9656684313971,18.0359125619226,11.4548298773116,34.7664781405327,265.436633318515,190.519080297738,278.730627554602,527.536441150715,384.405948986468,400.587213471899,294.685306269021,900.461639286627,10.1984989911505,7.32004776021811,10.7109150931918,20.2690989662459,14.7514679503303,15.3737096311754,11.319517014248,34.5889158780472,0,0,37.8469790461163,73.7970175654823,42.4332924639931,42.483565383154,92.1376128584173,263.471254330931,0,0,0,0,0,0,0,0,919.111846171572,411.15350009545,3015.98253411324,2903.47178379186
"319",2016,2542,26.5,2346.19490881154,1821.22744844006,504.857184949504,932.959402812109,181.363614642976,198.549114626258,144.571948376728,457.035224148392,0,0,0,0,0,0,0,0,0,0,0.84353972976701,1.54881598767697,0.363761709252005,0.394747167537599,0.295712011579535,0.930603319716954,0,0,0,0,0,0,0,0,6520.08508122424,4506.43043046362,937.330589586914,1699.79488367175,669.619220916759,686.337944408748,1372.56322413126,4020.98204330358,250.512095540287,173.144263683441,36.1377560370126,65.5364223301083,25.8061641371509,26.4511546631095,52.9916107295472,155.234795239724,19657.1381429809,13417.7707307688,2987.19602820731,5310.17952284089,2326.59095663592,2309.2287317391,4081.47784323396,11713.4234248463,755.257913359576,515.532226294585,116.284250089215,206.964821876947,91.177230051155,90.5102225290901,160.472716742292,460.52805303037,0,0,6.39473199293689,11.4584692931473,5.15073491786304,5.13648000943135,9.60306499664067,27.6474467251416,0,0,0,0,0,0,0,0,452.677727935858,326.725934193142,340.711795842317,636.324624474282,443.631967996366,473.11464971814,298.044919926554,904.690122861055,17.3926009200594,12.553332913311,13.0930132937749,24.4500409871034,17.0225950394633,18.1557605127341,11.450381977154,34.75770805038,265.790489445889,190.620470792701,277.550157998423,524.485768210774,386.04358129814,403.511213244941,294.421084989663,899.652715697573,10.2120947238497,7.3239433447897,10.6655754099944,20.1519665219729,14.8143316295263,15.4859943067933,11.3094791496533,34.5582782609015,0,0,37.6672179610177,73.2684084695475,42.5576831128893,42.716850321976,92.4913351928691,264.686733312267,0,0,0,0,0,0,0,0,922.376642559727,412.421492872966,3027.38957144571,2911.11124757753
"320",2016,2542,26.5833333333333,2341.65997204571,1817.24246663725,502.428954543028,929.538762166809,181.030794080902,199.434692868327,143.130692872898,453.843381315136,0,0,0,0,0,0,0,0,0,0,0.839107706175843,1.54222036068642,0.363089302411757,0.396520919642495,0.292775826835097,0.924137599692054,0,0,0,0,0,0,0,0,6519.32550187727,4502.68976977073,932.038767195927,1689.03121253908,671.094467135741,690.083908225632,1374.97210220949,4032.20026080605,250.482911287081,173.000541517671,35.9338010602786,65.1214326921113,25.8630296111459,26.5955271019187,53.0851025616867,155.669490733492,19661.9273027247,13411.1171146456,2970.61088107272,5277.94760305983,2331.63260080827,2322.15649172353,4091.62187205611,11755.4857566828,755.441932844757,515.276583418094,115.639483512827,205.705030357525,91.375600570843,91.0158944362165,160.874651680003,462.186445231543,0,0,6.35891065532068,11.3858462895073,5.16204900528266,5.16515639292953,9.62678913629177,27.7465738803233,0,0,0,0,0,0,0,0,452.974486298266,326.679265946976,338.968293481003,632.388752901291,445.044402897462,476.147408619135,297.979384868614,904.66422996948,17.4040028711991,12.551539844122,13.0260256696479,24.2988807684841,17.0767851977761,18.2721855019547,11.4479399479907,34.7570493042796,266.143772397693,190.721050554101,276.36831353833,521.464298082156,387.650221956067,406.39659773471,294.190393373788,898.953261384881,10.2256684339766,7.32780777968842,10.6201814873467,20.0359530636137,14.8760029382279,15.5967930189507,11.3007255647711,34.5318351349443,0,0,37.4877129421684,72.7456867370234,42.6791099678082,42.94447778392,92.8439131623274,265.899624119691,0,0,0,0,0,0,0,0,925.643660096186,413.689330064385,3038.81248705999,2918.7678684139
"321",2016,2542,26.6666666666667,2337.27562192348,1813.39176332746,500.098700666776,926.256796215303,180.685597609785,200.26695288505,141.718210328966,450.717349090949,0,0,0,0,0,0,0,0,0,0,0.834772584604654,1.5358218525052,0.362388975940283,0.398192607537053,0.289888733871048,0.917774620056673,0,0,0,0,0,0,0,0,6518.40481384169,4498.84561026419,926.827849170948,1678.42938893825,672.503334462609,693.70723101206,1377.25617077696,4042.96515876638,250.447536980418,172.852842761968,35.7329525918235,64.7126705628179,25.9173340026337,26.7351680541843,53.173768165825,156.086668649402,19666.7590274808,13404.5277476538,2954.35384531795,5246.3050263364,2336.45858987844,2334.67322726892,4101.70332228237,11797.3231940291,755.627587543015,515.023409101409,115.00735408312,204.468144157409,91.565574786607,91.5055578589545,161.274171600135,463.83619404194,0,0,6.3233597185304,11.3141427913293,5.17283865561532,5.19288267715758,9.65013698725041,27.8444040112111,0,0,0,0,0,0,0,0,453.249638950311,326.619756607211,337.222871920258,628.480042505838,446.388476483341,479.091951852642,297.959384904172,904.82418340645,17.4145746960982,12.5492533995909,12.9589624661271,24.148760575683,17.1283481916593,18.3852189201347,11.4472407497462,34.7635084971417,266.494846716127,190.819812359282,275.184252223576,518.469651644485,389.222609411458,409.239730063768,293.99342441443,898.367412082114,10.2391572846371,7.33160236580893,10.5747009706392,19.9209672149432,14.9363566857545,15.7059660854682,11.2932634933363,34.5097446185562,0,0,37.3084794917408,72.2287758043451,42.7975557127038,43.166486430869,93.1952711969269,267.109690916403,0,0,0,0,0,0,0,0,928.912740268294,414.95696110814,3050.24986049518,2926.44079693016
"322",2016,2542,26.75,2333.03638662704,1809.67043511996,497.862315387346,923.10762640566,180.329342753255,201.048675790845,140.333954244076,447.65583539744,0,0,0,0,0,0,0,0,0,0,0.83054425884768,1.52962430383685,0.361663040609248,0.399766116176843,0.287051165922428,0.911517026630282,0,0,0,0,0,0,0,0,6517.34025912686,4494.91087354754,921.697848973473,1667.99003997386,673.849092019069,697.213823256328,1379.42704615796,4053.31632888857,250.406635085871,172.701663885004,35.5352122293367,64.3101610430919,25.9692033463893,26.8703054909623,53.2580543203826,156.48785116058,19671.6211178016,13397.9937446495,2938.41703004907,5215.23825813722,2341.07425199821,2346.78861066823,4111.71771936481,11838.920172555,755.814408735682,514.772361962983,114.387560819417,203.253641146892,91.7473570691092,91.9795861571759,161.671101771014,465.476693048114,0,0,6.28814311077444,11.2434031963535,5.18311974505885,5.21968446136086,9.67311664509541,27.9409578150686,0,0,0,0,0,0,0,0,453.503938511506,326.547808510573,335.478462379105,624.601308744129,447.667000764503,481.94943237416,297.978874234013,905.146980456208,17.4243453116047,12.5464890381379,12.89193638344,23.9997886944528,17.177392047021,18.4949051583946,11.4480522659103,34.7762023482806,266.842367720809,190.915937151959,273.997578227378,515.500155492213,390.758151161683,412.037527345909,293.829957522341,897.897349548237,10.2525096110691,7.33529563369868,10.5291186525832,19.8069447183752,14.9952933660241,15.8133951035523,11.2870843065993,34.4920898596431,0,0,37.1295467234623,71.7176148014377,42.9130086360405,43.3829196617753,93.5453413802747,268.316719102417,0,0,0,0,0,0,0,0,932.183729899825,416.224336943816,3061.70035095864,2934.12920627274
"323",2016,2542,26.8333333333333,2328.93715827169,1806.07388576613,495.715901100975,920.085689843243,179.963279179336,201.782519655493,138.977398761326,444.657605557533,0,0,0,0,0,0,0,0,0,0,0.82642985860375,1.52362934292945,0.360913869626871,0.401245463110437,0.284263371530334,0.905366748801341,0,0,0,0,0,0,0,0,6516.14663482849,4490.89668791713,916.648300409525,1657.71281132352,675.134310970025,700.608653220346,1381.4952496598,4063.29004596787,250.36077413152,172.547432453721,35.3405630432363,63.9138914368592,26.0187368565253,27.0011311519887,53.3383658321684,156.874433376756,19676.503214662,13391.5075492013,2922.79293063905,5184.73446318799,2345.48493679259,2358.51228799895,4121.66130424708,11880.2634623893,756.001998415947,514.523151672541,113.779817549296,202.061026181215,91.9211528076526,92.4383518488412,162.065295149182,467.107426037292,0,0,6.25331154616396,11.1736606542733,5.19290827519092,5.2455873772958,9.69573704907256,28.0362596277642,0,0,0,0,0,0,0,0,453.73815255847,326.463846368309,333.737689614718,620.755084065596,448.882707426689,484.721243487877,298.032522716365,905.612187715332,17.4333442092424,12.543263077848,12.8250483595783,23.8520625531246,17.2240217273318,18.6012978713034,11.4501698713486,34.7943462751648,267.185239945787,191.008766275259,272.808252429915,512.554710126535,392.254837822833,414.787413759845,293.699439187744,897.543638940805,10.2656833237267,7.33886227670707,10.4834330380339,19.6938433718017,15.0527358612725,15.9189811509594,11.2821666097882,34.4788919881172,0,0,36.950954131569,71.2121552103869,43.0254623114876,43.5938253029479,93.8940627621146,269.52051359395,0,0,0,0,0,0,0,0,935.456481305278,417.491410118698,3073.16269390736,2941.83229412906
"324",2016,2542,26.9166666666667,2324.97315080886,1802.59779231081,493.655754588814,917.185713633651,179.588590485187,202.471023775969,137.648036050789,441.721474628593,0,0,0,0,0,0,0,0,0,0,0.822434271147186,1.51783684187853,0.360143845452289,0.402634728923227,0.281525441640769,0.899325113425136,0,0,0,0,0,0,0,0,6514.8366555249,4486.81265071645,911.67838239492,1647.59659940632,676.361017280268,703.895916049988,1383.47030134186,4072.91949504389,250.310442631798,172.390517213405,35.148974374292,63.5238201697529,26.0660127884102,27.1278070364459,53.4150691211915,157.247692013055,19681.3965255981,13385.062737451,2907.47437597873,5154.78140547622,2349.69597636496,2369.8538346869,4131.5309500325,11921.341920199,756.190018766698,514.275531415082,113.18385087016,200.889827232067,92.0871668937622,92.8822248853946,162.456629160093,468.727957431009,0,0,6.2189047928426,11.1049389538259,5.20222006439672,5.27061676063661,9.71800771196046,28.1303365101355,0,0,0,0,0,0,0,0,453.953053888833,326.368309408179,332.002890098084,616.943619484897,450.03821673379,487.408942879833,298.115635947537,906.201672374281,17.4416010811348,12.5395923945544,12.7583882656764,23.7056687794966,17.2683379353946,18.7044570529454,11.4534133633883,34.8172440752786,267.52258150811,191.097777795854,271.616516803383,509.632677857036,393.711164711069,417.487273251782,293.601052108625,897.305521137784,10.2786445392633,7.34228224132086,10.4376534388429,19.5816387222953,15.1086264333328,16.0226429719174,11.2784788957995,34.4701213387641,0,0,36.7727489614443,70.7123581223663,43.1349152412453,43.7992552611658,94.2413807443096,270.720897283189,0,0,0,0,0,0,0,0,938.730852361264,418.758134858785,3084.63569688173,2949.54928374416
"325",2017,2542,27,2321.21225688529,1799.26995249602,491.707914928678,914.929321638254,179.258428267279,203.251128441058,136.151060855612,438.118883606403,0,0,0,0,0,0,0,0,0,0,0.818795660402751,1.51323840113729,0.359459842747974,0.404205593844917,0.278495401532589,0.892142543809909,0,0,0,0,0,0,0,0,6513.52471982253,4482.7820897702,906.944617016434,1638.60294102344,677.727602357469,707.547379136665,1384.89965439751,4080.70471566906,250.260035964105,172.235656616301,34.9664956765408,63.177035820329,26.1186771101814,27.2685151999276,53.4707192566546,157.549800926468,19686.6363451005,13378.9881688222,2892.91706576074,5128.37643167818,2354.39695271161,2382.3998962454,4139.80197380428,11957.2606315144,756.391352330563,514.042136495883,112.617597492543,199.857056915136,92.2724215259058,93.3733858010079,162.785568990535,470.147184133277,0,0,6.18673895802537,11.0445035587207,5.21258613178091,5.29830532953861,9.73662859062593,28.2125776148103,0,0,0,0,0,0,0,0,454.157626141953,326.274148509379,330.363444053204,613.569029843244,451.268035791292,490.352735564561,297.998576195014,906.192719149044,17.4494610930555,12.5359745817472,12.6953910078625,23.5760585863087,17.3155019801337,18.8174384120137,11.4489658019432,34.8171419138052,267.857972695323,191.187588475962,270.497239879051,507.062477987261,395.241066809943,420.413963276513,293.340643149167,896.577201125603,10.2915308180442,7.34573291092781,10.3946569443995,19.4829497419499,15.1673373386274,16.1350060110954,11.2685662602124,34.4425130655828,0,0,36.6056199465782,70.2643905270481,43.2539491912001,44.0284186044757,94.5640675236514,271.843409261029,0,0,0,0,0,0,0,0,942.00628067592,420.019697597933,3096.1170120014,2957.25071778042
