"","year","sim_id","time","N_1_1_1_1","N_1_1_1_2","N_1_1_2_1","N_1_1_2_2","N_1_1_3_1","N_1_1_3_2","N_1_1_4_1","N_1_1_4_2","N_1_2_1_1","N_1_2_1_2","N_1_2_2_1","N_1_2_2_2","N_1_2_3_1","N_1_2_3_2","N_1_2_4_1","N_1_2_4_2","N_2_1_1_1","N_2_1_1_2","N_2_1_2_1","N_2_1_2_2","N_2_1_3_1","N_2_1_3_2","N_2_1_4_1","N_2_1_4_2","N_2_2_1_1","N_2_2_1_2","N_2_2_2_1","N_2_2_2_2","N_2_2_3_1","N_2_2_3_2","N_2_2_4_1","N_2_2_4_2","N_3_1_1_1","N_3_1_1_2","N_3_1_2_1","N_3_1_2_2","N_3_1_3_1","N_3_1_3_2","N_3_1_4_1","N_3_1_4_2","N_3_2_1_1","N_3_2_1_2","N_3_2_2_1","N_3_2_2_2","N_3_2_3_1","N_3_2_3_2","N_3_2_4_1","N_3_2_4_2","N_4_1_1_1","N_4_1_1_2","N_4_1_2_1","N_4_1_2_2","N_4_1_3_1","N_4_1_3_2","N_4_1_4_1","N_4_1_4_2","N_4_2_1_1","N_4_2_1_2","N_4_2_2_1","N_4_2_2_2","N_4_2_3_1","N_4_2_3_2","N_4_2_4_1","N_4_2_4_2","N_5_1_1_1","N_5_1_1_2","N_5_1_2_1","N_5_1_2_2","N_5_1_3_1","N_5_1_3_2","N_5_1_4_1","N_5_1_4_2","N_5_2_1_1","N_5_2_1_2","N_5_2_2_1","N_5_2_2_2","N_5_2_3_1","N_5_2_3_2","N_5_2_4_1","N_5_2_4_2","N_6_1_1_1","N_6_1_1_2","N_6_1_2_1","N_6_1_2_2","N_6_1_3_1","N_6_1_3_2","N_6_1_4_1","N_6_1_4_2","N_6_2_1_1","N_6_2_1_2","N_6_2_2_1","N_6_2_2_2","N_6_2_3_1","N_6_2_3_2","N_6_2_4_1","N_6_2_4_2","N_7_1_1_1","N_7_1_1_2","N_7_1_2_1","N_7_1_2_2","N_7_1_3_1","N_7_1_3_2","N_7_1_4_1","N_7_1_4_2","N_7_2_1_1","N_7_2_1_2","N_7_2_2_1","N_7_2_2_2","N_7_2_3_1","N_7_2_3_2","N_7_2_4_1","N_7_2_4_2","N_8_1_1_1","N_8_1_1_2","N_8_1_2_1","N_8_1_2_2","N_8_1_3_1","N_8_1_3_2","N_8_1_4_1","N_8_1_4_2","N_8_2_1_1","N_8_2_1_2","N_8_2_2_1","N_8_2_2_2","N_8_2_3_1","N_8_2_3_2","N_8_2_4_1","N_8_2_4_2","HIV_neg_male","HIV_neg_female","HIV_pos_male","HIV_pos_female"
"1",1990,2304,0,8504.96370459404,8557.82313901564,388.42266255158,736.256788733506,163.080153770236,231.911905558036,0,0,0,0,0,0,0,0,0,0,0,0,0.600703198795361,1.15446418667622,0.293081983433152,0.417439344136373,0,0,0,0,0,0,0,0,0,0,2212.67355240419,2242.67218359271,66.5996644350377,125.669745685797,21.4057113699078,30.4250411371087,0,0,85.0144563229022,86.1670517060545,2.56593562216118,4.84209393037128,0.824880614501294,1.17246208247301,0,0,33118.4427751747,33638.9149372026,1179.90834032306,2222.96013756865,426.495863782013,603.851902093761,0,0,1272.40386241796,1292.46277405347,45.6778279877548,86.1010804248794,16.6223715318415,23.5426452559603,0,0,0,0,1.8306865331838,3.49356834450609,0.75232279884474,1.06705914318744,0,0,0,0,0,0,0,0,0,0,226.39358194492,229.495133012337,28.7310006382957,55.0525847315555,19.6288082582899,27.9130833827511,0,0,8.69830464030082,8.81757311132191,1.09913642648703,2.10558189113758,0.747483499824365,1.06281201331081,0,0,782.167965536904,794.711080449919,64.1564239177246,125.704642158107,48.5636372831378,69.5787920351665,0,0,30.0516769278773,30.5340855969818,2.4581192061054,4.81537581246354,1.8541968205294,2.65636755562407,0,0,0,0,7.08455978463452,14.2864576836189,4.96077957814553,7.18577962701409,0,0,0,0,0,0,0,0,0,0,0,0,0,0
"2",1990,2304,0.0833333333333333,8494.40979227562,8538.37044901477,399.898223001251,757.584432277453,165.525076985178,235.955352374571,0,0,0,0,0,0,0,0,0,0,0,0,0.608869893348887,1.17132497022323,0.297508866809495,0.424772374759993,0,0,0,0,0,0,0,0,0,0,2214.2550927552,2241.88381995829,69.4689240938131,130.968892200366,21.9222052039457,31.2344657221777,0,0,85.0752216323386,86.1367615144933,2.67632808474781,5.04600309335034,0.844782812145732,1.20365249468668,0,0,33050.8761760132,33534.7973918431,1224.03225333016,2304.85592672183,435.654830545666,618.284228482695,0,0,1269.80822424521,1288.46239768115,47.380884837391,89.2643328485708,16.9805549381834,24.1071570515648,0,0,0,0,1.86607805174388,3.56485081299518,0.768628527212389,1.09279647534718,0,0,0,0,0,0,0,0,0,0,224.767674060324,228.333604109622,29.3255946716536,56.3488027309627,19.6853577042645,28.3117465746943,0,0,8.63583601246332,8.77294527747573,1.12189423933815,2.15517039722252,0.749613234008248,1.0779556478468,0,0,779.393301198433,791.061227330441,65.9946075263664,129.36348264731,49.7866198578285,71.5204113911505,0,0,29.9450735562618,30.3938522661912,2.52855884081504,4.95553669787141,1.90082152787931,2.73038887857586,0,0,0,0,7.24930747456502,14.6409277972433,5.09376011179198,7.39726423206583,0,0,0,0,0,0,0,0,0,0,1.89838063697932,1.10427353838852,0.82592541923767,0.748145282121506
"3",1990,2304,0.166666666666667,8484.06887644702,8519.22151557603,411.143864356969,778.540815195197,168.065846949251,240.135987627707,0,0,0,0,0,0,0,0,0,0,0,0,0.618791845448457,1.1912406614261,0.302005741024409,0.432220895585535,0,0,0,0,0,0,0,0,0,0,2215.43224522034,2240.69039687128,72.2373927018039,136.098832073942,22.4543284196604,32.0668782218306,0,0,85.1204497125156,86.0909082910048,2.78286616390904,5.24344345579202,0.865286868579964,1.23572832422291,0,0,32983.9569430043,33431.5696106884,1267.35416115102,2385.47831493739,445.206186283271,633.28616511967,0,0,1267.23745637596,1284.49620757838,49.0534958277119,92.3793675340648,17.3539434537349,24.6937830551399,0,0,0,0,1.9081611624475,3.64789600157062,0.785296606342536,1.11911524671019,0,0,0,0,0,0,0,0,0,0,223.247902454715,227.232447267261,29.9773366366928,57.741474554223,19.7858460024367,28.7513162687762,0,0,8.57744525469407,8.73063703580613,1.14684393411398,2.20845831160959,0.753416759019631,1.0946570488458,0,0,776.598810164366,787.436730926376,67.8244056887364,133.026795595852,51.0090226465153,73.4881001306357,0,0,29.8377084053691,30.2545931820574,2.59867449752961,5.09586239495616,1.94742579597589,2.80540491757486,0,0,0,0,7.41722792271767,15.0025505103223,5.2293931442602,7.61348690214681,0,0,0,0,0,0,0,0,0,0,3.78353104440632,2.20309175871125,1.65959674824996,1.51002863000737
"4",1990,2304,0.25,8473.92133107372,8500.35556000005,422.163850987185,799.131542946963,170.698604579465,244.449129188485,0,0,0,0,0,0,0,0,0,0,0,0,0.630114236421601,1.21361100885844,0.306602834396153,0.439824334364113,0,0,0,0,0,0,0,0,0,0,2216.29109073121,2239.18074508606,74.91339320226,141.073970219673,23.0017341374921,32.9222994202191,0,0,85.1534479304826,86.0329050552279,2.88586704353141,5.4349640715181,0.886379658883914,1.26869063426348,0,0,32917.6257022686,33329.1691302397,1309.88448032188,2464.83913251296,455.137240603823,648.842810611374,0,0,1264.68927766126,1280.56180379453,50.6960457513072,95.4466149069718,17.7420562051549,25.3019606155215,0,0,0,0,1.95554918050187,3.74034175155977,0.802435208020554,1.14615803802707,0,0,0,0,0,0,0,0,0,0,221.825945420067,226.186501050521,30.6772200698493,59.2158945139438,19.9275152812002,29.2306339534908,0,0,8.5228126370784,8.69045007567801,1.17363918010034,2.2648799495329,0.758789244448623,1.11287234302377,0,0,773.783590339925,783.833240826898,69.6498093555083,136.700789391469,52.2338841707495,75.4841322570222,0,0,29.7295468165704,30.1161411947414,2.66861930027146,5.23659118456807,1.99412526709895,2.88150214590463,0,0,0,0,7.58923665656022,15.3729386883997,5.36774393034946,7.83455670333786,0,0,0,0,0,0,0,0,0,0,5.65630870389456,3.29673315559959,2.50271206620015,2.28676864418154
"5",1990,2304,0.333333333333333,8463.94962733884,8481.75399348884,432.962298069235,819.362022486541,173.419604836401,248.89021424432,0,0,0,0,0,0,0,0,0,0,0,0,0.642542805499993,1.2379358263017,0.311321225959368,0.447610439705695,0,0,0,0,0,0,0,0,0,0,2216.90623701425,2237.43167160509,77.5047083533511,145.907791264321,23.5641388751358,33.8007700899339,0,0,85.1770828343999,85.9657028550245,2.98562745999483,5.62107914452052,0.908050444170291,1.30254119702124,0,0,32851.8312306384,33227.542006726,1351.63368120907,2542.95045824549,465.43555892935,664.939511876655,0,0,1262.16172010605,1276.65711372085,52.3089217758336,98.4665152689278,18.1444217871967,25.931136200424,0,0,0,0,2.00709847929743,3.84023078436623,0.820118145239505,1.17402342248195,0,0,0,0,0,0,0,0,0,0,220.494343041939,225.191257092634,31.41737956215,60.7591683587307,20.1077845935957,29.7485321285241,0,0,8.47165154097451,8.65221117837536,1.20197758628563,2.3239394040641,0.765632507497334,1.13255720760139,0,0,770.947103611684,780.247040846335,71.4740075123325,140.390384647045,53.4640092103548,77.510703786971,0,0,29.6205681156265,29.9783535223644,2.73851554506779,5.37791182457061,2.04102671006931,2.9587641026391,0,0,0,0,7.76602167211912,15.7533212778818,5.50890083699274,8.06061336117575,0,0,0,0,0,0,0,0,0,0,7.51750472111001,4.38545289642933,3.35681789195209,3.07939538891513
"6",1990,2304,0.416666666666667,8454.13809129453,8463.40016280871,443.543186886652,839.237486493772,176.225211228723,253.45479313066,0,0,0,0,0,0,0,0,0,0,0,0,0.655833599537631,1.26379840814757,0.316174934806066,0.455597900569727,0,0,0,0,0,0,0,0,0,0,2217.34222586414,2235.50945056575,80.0185862707898,150.612867588455,24.1413165442244,34.7023531539715,0,0,85.1938342232325,85.8918480487361,3.08242388434889,5.80226828849546,0.930290649852262,1.33728258686118,0,0,32786.5294395779,33126.6417428011,1392.61227989123,2619.82460726534,476.088965395202,681.561867488962,0,0,1259.65308983086,1272.78035085242,53.8925131443213,101.439518355538,18.5605783774272,26.5807655244769,0,0,0,0,2.06186631044471,3.94594184327689,0.838393102318468,1.2027763268867,0,0,0,0,0,0,0,0,0,0,219.246400126378,224.242774761694,32.1909634142647,62.3600193291349,20.3242470019076,30.3038508171333,0,0,8.42370472932147,8.61576893846656,1.23159578632698,2.3852030571391,0.773854921819633,1.15366752130723,0,0,768.08912210365,776.674973714788,73.2995009290747,144.099390973064,54.7019778318341,79.5699207151523,0,0,29.5107635478173,29.841108857499,2.80845907858835,5.51997035721567,2.08822835333146,3.03727092125105,0,0,0,0,7.94808526269031,16.1446117705547,5.65296749625413,8.29181723977542,0,0,0,0,0,0,0,0,0,0,9.36785039467008,5.46948569876847,4.22332319105879,3.88885859904952
"7",1990,2304,0.5,8444.47265677523,8445.2790913626,453.910381147242,858.763017973402,179.111887666294,258.138520199912,0,0,0,0,0,0,0,0,0,0,0,0,0.669783715223438,1.29085045426728,0.321172660784518,0.463798540562684,0,0,0,0,0,0,0,0,0,0,2217.65493858159,2233.47130695129,82.4617646115957,155.200899296434,24.7330917073534,35.6271342318154,0,0,85.2058491459177,85.8135393117318,3.17651341844865,5.97897800898133,0.953093614728315,1.37291821061953,0,0,32721.6823648221,33026.4282231582,1432.83083217659,2695.47411665125,487.085535098519,698.695719618694,0,0,1257.16192825321,1268.92997389269,55.4472109431311,104.366082788514,18.9900734509175,27.2503132513829,0,0,0,0,2.11907298973572,4.05612757744838,0.857288389456351,1.23245658104297,0,0,0,0,0,0,0,0,0,0,218.076087103703,223.337597493716,32.9920019934819,64.0085849643297,20.574661442493,30.895450031228,0,0,8.37874053921979,8.58099054918679,1.26226436230135,2.44829174121036,0.783371124649798,1.17615985825788,0,0,765.209676762652,773.114365261865,75.1282118224217,147.830678837586,55.9501595509098,81.6637924944723,0,0,29.4001343025644,29.7043044541849,2.87852351774381,5.66287672461559,2.13582041570153,3.11709907066725,0,0,0,0,8.13578103042612,16.5474692510402,5.80005664898091,8.52834142164304,0,0,0,0,0,0,0,0,0,0,11.2080242154127,6.5490487125905,5.10351483153124,4.71603680289342
"8",1990,2304,0.583333333333333,8434.94070521079,8427.37731124799,464.067636554409,877.94356522518,182.076194452954,262.937149197939,0,0,0,0,0,0,0,0,0,0,0,0,0.684225399517522,1.31880244234377,0.32631886402339,0.472218683990701,0,0,0,0,0,0,0,0,0,0,2217.89251381737,2231.36638678328,84.8404830440819,159.682734093419,25.33933452679,36.5752211189658,0,0,85.2149771663995,85.7326649127533,3.26813425249447,6.15162243218711,0.976454402401063,1.40945229394521,0,0,32657.25750529,32926.8670171615,1472.29992733465,2769.91173482254,498.413593850177,716.327153753012,0,0,1254.68698668841,1265.1046599595,56.9734078665795,107.246675680647,19.432463773645,27.9392529837874,0,0,0,0,2.17807786664693,4.16967497278018,0.876817081887004,1.26308417889861,0,0,0,0,0,0,0,0,0,0,216.9779768,222.472698383542,33.8153216625335,65.6962844864378,20.8569485378309,31.5222192301439,0,0,8.33655045259965,8.54775971195316,1.2937845266298,2.51287562489907,0.794101868268132,1.19999186066192,0,0,762.309022202803,769.562974488247,76.9615572329861,151.586294713329,57.2107214059391,83.794226187484,0,0,29.2886901627354,29.5678542095972,2.9487630729616,5.80670920096973,2.18388540815473,3.19832112535517,0,0,0,0,8.32933758326878,16.9623375359279,5.95028626199985,8.77036667501969,0,0,0,0,0,0,0,0,0,0,13.0386562204815,7.62434336014095,5.99856753950276,5.56174323161757
"9",1990,2304,0.666666666666667,8425.53088545966,8409.68267493262,474.01861114482,896.783957296968,185.114782814372,267.846527139217,0,0,0,0,0,0,0,0,0,0,0,0,0.699019805333416,1.34741340631969,0.33161485899041,0.480860542920387,0,0,0,0,0,0,0,0,0,0,2218.09636948841,2229.23683358617,87.1605082751996,164.068408862111,25.9599553047093,37.5467431895014,0,0,85.2228096272803,85.6508440734043,3.35750660148784,6.32058486151105,1.00036959720644,1.44688986496475,0,0,32593.2270891419,32827.9286072098,1511.03017881895,2843.15040307545,510.061713805514,734.442494474779,0,0,1252.22719815105,1261.30327493752,58.4714978605674,110.081771932845,19.8873152433212,28.6470671085016,0,0,0,0,2.23835397688553,4.28566349500101,0.896981193368648,1.29466459150776,0,0,0,0,0,0,0,0,0,0,215.947172746869,221.645420268663,34.656446694076,67.4156663329068,21.169183121575,32.1830854530203,0,0,8.29694634177885,8.51597433428956,1.32598434219448,2.57866833534709,0.805973746505679,1.22512256138599,0,0,759.387599031584,766.018938057859,78.8005285150457,155.367586534836,58.485639551704,85.9630227422835,0,0,29.1764480571893,29.4316865313452,3.01921560609893,5.95151922079622,2.23249857000281,3.28100561666518,0,0,0,0,8.52888331370843,17.3894862816793,6.10377577507378,9.01807656550905,0,0,0,0,0,0,0,0,0,0,14.860333057668,8.69555738008382,6.90955564383261,6.426732779045
"10",1990,2304,0.75,8416.23295752837,8392.18419199599,483.766873659748,915.288916429532,188.224390323828,272.862589233225,0,0,0,0,0,0,0,0,0,0,0,0,0.714051955968352,1.37648265192965,0.337059634497351,0.489723263319181,0,0,0,0,0,0,0,0,0,0,2218.30208602886,2227.1187180471,89.4271595420068,168.367191983286,26.5948991874657,38.541849885112,0,0,85.23071358574,85.569462687168,3.44483366224989,6.48621936695688,1.02483710547431,1.48523670179133,0,0,32529.567440212,32729.5877231987,1549.03221414002,2915.20323599064,522.018709954355,753.028302381266,0,0,1249.78165301306,1257.52484790718,59.9418757337128,112.871853487642,20.3542027626206,29.3732466848228,0,0,0,0,2.29946772755637,4.40333137251975,0.917774745575481,1.32719270040242,0,0,0,0,0,0,0,0,0,0,214.979247380519,220.85342467073,35.5115132008869,69.1602736115021,21.5095865354091,32.8770195449434,0,0,8.25975809498364,8.4855445680774,1.35871540709811,2.64542177409807,0.818918910160785,1.25151263134148,0,0,756.446001116722,762.480721716518,80.6457596852874,159.175312262084,59.7767105650113,88.1718749625748,0,0,29.0634308031508,29.2957424708982,3.08990525920676,6.09733555615863,2.2817282955421,3.36521695037736,0,0,0,0,8.73446621003344,17.8290440452932,6.26064340546029,9.27165389441023,0,0,0,0,0,0,0,0,0,0,16.6736023669292,9.76286655807526,7.83746359388679,7.31170824703866
"11",1990,2304,0.833333333333333,8407.03767280658,8374.87190417398,493.3159094478,933.463066660407,191.401837381706,277.981355042285,0,0,0,0,0,0,0,0,0,0,0,0,0.729227230642043,1.40584393764107,0.342650369872478,0.498803589044003,0,0,0,0,0,0,0,0,0,0,2218.540079087,2225.04274494356,91.6453327969359,172.587623633617,27.2441417098265,39.5607087843002,0,0,85.2398576596252,85.4897004806976,3.53030252489127,6.64885230426373,1.04985598769555,1.52449926236139,0,0,32466.2584964472,32631.8228374981,1586.3166650854,2986.08350253119,534.27363704371,772.071371616106,0,0,1247.34958050192,1253.76855174093,61.384936780973,115.617408607214,20.8327101284268,30.1172913561018,0,0,0,0,2.36106482978861,4.52205209804692,0.939185651053331,1.3606552319075,0,0,0,0,0,0,0,0,0,0,214.070194890348,220.094653608419,36.3772022391058,70.9245387108503,21.8765192670247,33.6030397993611,0,0,8.2248318047251,8.45639134234476,1.3918502792624,2.71292205855393,0.832874792520447,1.2791245252717,0,0,753.484950757698,758.947082781155,82.4975788268974,163.009722218857,61.0855615509736,90.4223674209921,0,0,28.9496661522836,29.1599742823599,3.16084443110076,6.24416748409451,2.33163651667834,3.45101540026926,0,0,0,0,8.94606750100328,18.2810212362242,6.4210045805746,9.53127857840932,0,0,0,0,0,0,0,0,0,0,18.4789761565963,10.8264360143979,8.78319437372335,8.21732535284034
"12",1990,2304,0.916666666666667,8397.93664956974,8357.73675566235,502.669126385209,951.310942321989,194.644023461609,283.198924381929,0,0,0,0,0,0,0,0,0,0,0,0,0.744467669274919,1.43535936444687,0.34838298933578,0.508096572577622,0,0,0,0,0,0,0,0,0,0,2218.83629837878,2223.03498668926,93.8195276184648,176.737560888249,27.9076844347704,40.6035039873833,0,0,85.2512388785199,85.4125591978222,3.61408518822523,6.80878401734078,1.07542629444376,1.56468462649602,0,0,32403.2833096757,32534.6156409258,1622.89415671216,3055.80460471245,546.81578608906,791.558727011753,0,0,1244.9303294815,1250.03368296923,62.8010763596964,118.318931057844,21.3224299059386,30.8787092469487,0,0,0,0,2.42285548181526,4.64130971524832,0.961197756431443,1.39503338790704,0,0,0,0,0,0,0,0,0,0,213.216381994044,219.367289887092,37.2506700947247,72.7036733622987,22.268472985425,34.360215395193,0,0,8.19202787650913,8.42844483753157,1.42527979232956,2.78098528788276,0.847783812264861,1.30792262011332,0,0,750.505273197476,755.417031402749,84.3560612121594,166.870644192526,62.413660785068,92.7159765032834,0,0,28.8351858114141,29.024343934128,3.23203582014141,6.39200806050186,2.38227910589321,3.53845710659884,0,0,0,0,9.16361601977125,18.7453342443451,6.58497023419916,9.79712535678198,0,0,0,0,0,0,0,0,0,0,20.27693434032,11.8864215453201,9.74757830105608,9.14419796889733
"13",1991,2304,1,8386.22437390476,8336.37349199227,514.355475340159,973.260170149506,197.944765042216,288.553668931111,0,0,0,0,0,0,0,0,0,0,0,0,0.759967107063124,1.46547709266645,0.354229323354175,0.51764900982364,0,0,0,0,0,0,0,0,0,0,2218.67389047488,2220.24772614561,96.4624289300637,181.708383683106,28.5857145014979,41.6773148675934,0,0,85.2449989071346,85.3054681904335,3.71588098948683,7.00026621485364,1.10155498560064,1.6060652761194,0,0,32332.5950775283,32424.9542118715,1666.40520242763,3137.71620337462,559.627999048802,811.599216465567,0,0,1242.21474147079,1245.82030213455,64.4838491499686,121.48942160868,21.8226842761595,31.6617362557248,0,0,0,0,2.48543218805373,4.7624874420838,0.983728668541101,1.43045203168139,0,0,0,0,0,0,0,0,0,0,212.330869565035,218.593843617008,38.1922182692028,74.6213149125044,22.6766895397259,35.1647633936878,0,0,8.15800599956303,8.3987277674996,1.46132151165716,2.85436004920552,0.863312486016797,1.33852415780855,0,0,747.337973455483,751.617123842201,86.3819401814399,171.047101866777,63.7583392720608,95.0647564592912,0,0,28.7134968186862,28.8783452755886,3.30965512404218,6.55196070294796,2.43355421909181,3.62800207301978,0,0,0,0,9.38671264437273,19.2228494471636,6.75217368114161,10.0703566660149,0,0,0,0,0,0,0,0,0,0,22.0907120894708,12.9097909960098,10.7442309661994,10.0635092315753
"14",1991,2304,1.08333333333333,8373.85456026624,8313.97313662328,526.513712042347,996.061268324861,201.33364914256,294.052225770168,0,0,0,0,0,0,0,0,0,0,0,0,0.776226945927067,1.49698131587662,0.360213558808968,0.527435500896138,0,0,0,0,0,0,0,0,0,0,2218.46204214274,2217.32666904829,99.1935984413951,186.841242591513,29.2841676529722,42.7855109958431,0,0,85.2368593554323,85.1932365054898,3.82107697523249,7.19799087119561,1.12847035554491,1.64877048308822,0,0,32259.9699901435,32312.2184161838,1711.24571974008,3222.05066469186,572.796219919279,832.216716872919,0,0,1239.42473787056,1241.48879913422,66.2180185123403,124.753668157566,22.3367949874424,32.4672662356697,0,0,0,0,2.5503809508591,4.88804746493368,1.00684457708804,1.46684365206523,0,0,0,0,0,0,0,0,0,0,211.473686177627,217.827445574562,39.1711934042177,76.6104449715649,23.1069031139292,36.004367108285,0,0,8.1250725486387,8.36928150204495,1.49879717744329,2.93047259335095,0.87967930945104,1.37046056488264,0,0,744.103968535854,747.743847412792,88.4596703674444,175.333282136974,65.1248511476377,97.4665006963495,0,0,28.5892449288858,28.7295276671059,3.38926262847112,6.71611803562166,2.48566267517267,3.71956627940092,0,0,0,0,9.61574774609209,19.7132689725601,6.92302782989929,10.3504748900369,0,0,0,0,0,0,0,0,0,0,23.9035824849259,13.9200856733896,11.7654378169538,10.9970319194616
"15",1991,2304,1.16666666666667,8361.59535585794,8291.79279745391,538.416994602344,1018.44092009978,204.81151725472,299.682843353561,0,0,0,0,0,0,0,0,0,0,0,0,0.793077769724464,1.52954925927135,0.366351541656298,0.537453487955531,0,0,0,0,0,0,0,0,0,0,2218.37954260542,2214.54524959348,101.870276787647,191.888183252396,30.003492394823,43.9270634672898,0,0,85.2336895912779,85.0863699220754,3.92418700374444,7.3924289113354,1.15618980564543,1.69276074122356,0,0,32187.7005326091,32200.1284635011,1755.22132924088,3304.97054076757,586.321527241641,853.377292849162,0,0,1236.64839606138,1237.18211054909,67.9192681619556,127.964196574013,22.8648153967988,33.2939911139516,0,0,0,0,2.61713200981735,5.01690547224835,1.03059038352447,1.50420398608974,0,0,0,0,0,0,0,0,0,0,210.666331461854,217.088664924351,40.1675231000769,78.6311226468835,23.5607466399874,36.8742933087054,0,0,8.09405356754674,8.34089634151384,1.5369353216896,3.00778863120475,0.896946475598825,1.40355171975899,0,0,740.852127035161,743.874332015746,90.5438674239997,179.647401521075,66.5156362955094,99.9198185073926,0,0,28.4643077239687,28.5808545642092,3.46911436007678,6.88133778645235,2.5386974613118,3.81309647778428,0,0,0,0,9.85104231265714,20.2167581912581,7.09777810291479,10.6373854058885,0,0,0,0,0,0,0,0,0,0,25.7093345869524,14.9268963688352,12.8085081330488,11.953888677949
"16",1991,2304,1.25,8349.43845930211,8269.82332732319,550.069762017716,1040.40505079471,208.37438242127,305.440570109625,0,0,0,0,0,0,0,0,0,0,0,0,0.8103517909903,1.56289218658147,0.372647609843978,0.547708982999898,0,0,0,0,0,0,0,0,0,0,2218.44667679769,2211.92345745724,104.497796005462,196.858397534862,30.7434286558518,45.1018803452817,0,0,85.2362689943037,84.9856364755117,4.02541472163361,7.58393143285235,1.1847034193658,1.73803263796294,0,0,32115.774093351,32088.6700080801,1798.34494128594,3386.49227957266,600.191123075623,875.065573719228,0,0,1233.88523152452,1232.89968519131,69.5880785765421,131.121613445861,23.4062588248707,34.1413284764146,0,0,0,0,2.68512856767323,5.14810131360747,1.05497710265953,1.54254946004594,0,0,0,0,0,0,0,0,0,0,209.906121545648,216.376415437137,41.1774282459254,80.6770887605066,24.0375292967817,37.7745579790621,0,0,8.06484593926099,8.31353055121507,1.57559072418786,3.08606755499515,0.915087660520172,1.43779821572859,0,0,737.582958526265,740.007524760914,92.6350095685458,183.989937090988,67.9317374013317,102.425762990575,0,0,28.3387047823966,28.4322855131527,3.54922852715236,7.04763800087087,2.59269822812122,3.90863267894097,0,0,0,0,10.0927134217405,20.7335536949498,7.27653615812154,10.931268160039,0,0,0,0,0,0,0,0,0,0,27.5083831327064,15.9303483952062,13.8742684161446,12.9347018883359
"17",1991,2304,1.33333333333333,8337.37632848517,8248.05637414351,561.476342092209,1061.95945007592,212.018356009755,311.320551811249,0,0,0,0,0,0,0,0,0,0,0,0,0.82791100788216,1.59677117090563,0.379102733301063,0.558203629600499,0,0,0,0,0,0,0,0,0,0,2218.68014176124,2209.47758142887,107.081045643027,201.760325272499,31.5037701330211,46.309922281573,0,0,85.2452390915533,84.891662007132,4.12494693631181,7.77282090778809,1.21400332339694,1.78458475272569,0,0,32044.1805014619,31977.8312150349,1840.6294454679,3466.63246208243,614.392482028181,897.266448714031,0,0,1231.13485351229,1228.64106834429,71.2249298211442,134.226530940211,23.9606486934891,35.008705439607,0,0,0,0,2.75391600004787,5.28084620237502,1.08000513902903,1.58188276576577,0,0,0,0,0,0,0,0,0,0,209.190627092068,215.689753588814,42.1976780986374,82.7429687000776,24.5365708933847,38.7051086368191,0,0,8.03735632629561,8.28714787941843,1.61463927649573,3.16510282382416,0.934076912667945,1.47319799728418,0,0,734.297102092406,736.142626325357,94.7332727556024,188.360867032174,69.3741209588347,104.985362434811,0,0,28.2124606585403,28.283789802653,3.62961172981247,7.21501755826227,2.64770172351293,4.00621394727245,0,0,0,0,10.3407904534162,21.2637403378173,7.45941379609403,11.2323038216038,0,0,0,0,0,0,0,0,0,0,29.3011205443318,16.930562269133,14.9634926848591,13.9400650891173
"18",1991,2304,1.41666666666667,8325.40205394628,8226.48424881127,572.640963319896,1083.10978822552,215.73963989182,317.318023483937,0,0,0,0,0,0,0,0,0,0,0,0,0.845640711497711,1.63098644157057,0.38571555762693,0.568936025464432,0,0,0,0,0,0,0,0,0,0,2219.09370383221,2207.22089450377,109.624520546634,206.601734221857,32.2843562991687,47.5511961618757,0,0,85.2611288076756,84.8049564866452,4.22295542686016,7.95939421383101,1.24408338619465,1.83241741958566,0,0,31972.9115653452,31867.6022804962,1882.08769739126,3545.40777075321,628.913338453293,919.965056005836,0,0,1228.39694732248,1224.40588332643,72.8303010240774,137.279565578544,24.5275180566881,35.8955582538079,0,0,0,0,2.82311906740005,5.41448519354127,1.10566776102975,1.62219725882822,0,0,0,0,0,0,0,0,0,0,208.517632197257,215.02784919191,43.2254986911662,84.8241287599765,25.0572094838571,39.665844112565,0,0,8.0114995915098,8.26171642896983,1.65397445155733,3.24471642461805,0.953888953207413,1.50974712565517,0,0,730.995297075497,732.279047061916,96.8385954199157,192.759773904086,70.8436777864498,107.599609625481,0,0,28.0856037588046,28.1353447775094,3.71026145091491,7.38346014640988,2.70374180862913,4.10587798873375,0,0,0,0,10.595236838634,21.8072873947438,7.64652027660132,11.5406702645691,0,0,0,0,0,0,0,0,0,0,31.087919920912,17.927654540614,16.0769096271671,14.9705472136176
"19",1991,2304,1.5,8313.50930383539,8205.09986777198,583.567757962639,1103.86162110552,219.534525591608,323.428308429745,0,0,0,0,0,0,0,0,0,0,0,0,0.863446687135909,1.66537278022151,0.392482838807263,0.579902277147692,0,0,0,0,0,0,0,0,0,0,2219.69849729566,2205.16396728956,112.132336461767,211.389745335834,33.0850682384272,48.8257515025751,0,0,85.2843659397084,84.7259260537008,4.3195975324997,8.14392358767944,1.27493906068766,1.88153259215642,0,0,31901.9608604527,31757.9752095615,1922.73250727685,3622.83497140256,643.741690161056,943.146787570526,0,0,1225.67126614316,1220.19382295962,74.4046699453633,140.281337552914,25.106409743413,36.8013324868737,0,0,0,0,2.89243212874577,5.54848101944558,1.13195251420503,1.66347876276745,0,0,0,0,0,0,0,0,0,0,207.885117392875,214.389972099659,44.2585324008545,86.9166131194139,25.5988060293354,40.6566247084999,0,0,7.98719814503743,8.23720814644052,1.69350574569028,3.3247564428939,0.974499358476688,1.5474401716321,0,0,727.678368000861,728.416386697537,98.9507099713752,197.18589491389,72.3412214498048,110.269454573971,0,0,27.9581657624233,27.9869350585803,3.79116726810926,7.55293619718022,2.76084939592972,4.20766087142537,0,0,0,0,10.8559597570221,22.3640646523112,7.8379610093325,11.8565408074994,0,0,0,0,0,0,0,0,0,0,32.8691361180046,18.9217381168582,17.2152056176472,16.0266944725227
"20",1991,2304,1.58333333333333,8301.69225248768,8183.89667872829,594.260767577089,1124.2203977504,223.399390693504,329.646814515334,0,0,0,0,0,0,0,0,0,0,0,0,0.881251739473577,1.69979379356265,0.399399964201213,0.591096664105986,0,0,0,0,0,0,0,0,0,0,2220.50339714415,2203.31505617304,114.608258733323,216.130880722516,33.9058237711512,50.13367639864,0,0,85.3152914790586,84.6548879318822,4.41501724068942,8.3266584438773,1.30656720008055,1.93193369172413,0,0,31831.3234672844,31648.9435442144,1962.57662885109,3698.93089060915,658.865794068037,966.797286178362,0,0,1222.95762098655,1216.00463911542,75.9485125447589,143.232469855766,25.6968762009249,37.7254829185024,0,0,0,0,2.96160701380159,5.6823940282516,1.15884292506296,1.70570773909641,0,0,0,0,0,0,0,0,0,0,207.291236866291,213.77547599416,45.2947853276966,89.0170609519726,26.1607483066086,41.6772832690019,0,0,7.96438106905633,8.21359819924215,1.73315665107906,3.40509386805997,0.99588471440374,1.5862706439375,0,0,724.347207486798,724.55440905538,101.069179951357,201.63818157246,73.8674887953572,112.995798328066,0,0,27.8301809648301,27.8385515715661,3.8723122832525,7.72340518255848,2.81905246780641,4.31159678756211,0,0,0,0,11.1228217764877,22.9338618511353,8.03383623976329,12.1800824469265,0,0,0,0,0,0,0,0,0,0,34.6451073706675,19.9129226962249,18.3790289466252,17.1090328888025
"21",1991,2304,1.66666666666667,8289.94550849654,8162.86858587552,604.723948171724,1144.19146743842,227.330695488004,335.969030739629,0,0,0,0,0,0,0,0,0,0,0,0,0.898992337892447,1.73413636566026,0.406461428290488,0.60251224768377,0,0,0,0,0,0,0,0,0,0,2221.51539403156,2201.68049358055,117.055732575797,220.831114202068,34.7465722743459,51.4750930442062,0,0,85.3541740178271,84.5920854231363,4.50934633516905,8.50782729280276,1.33896586188663,1.98362543890341,0,0,31760.9957080431,31540.502090082,2001.63274664403,3773.7123907037,674.274162653993,990.902443412586,0,0,1220.25587057112,1211.83813221669,77.4623024896153,146.133587318988,26.2984793689816,38.6674734732298,0,0,0,0,3.03044136258417,5.81586283080613,1.18632003693721,1.74886125202511,0,0,0,0,0,0,0,0,0,0,206.734295737846,213.183782443419,46.3325738135589,91.1226218604867,26.7424543319877,42.7276360001573,0,0,7.94298324475074,8.19086436307265,1.77286259567894,3.4856193350118,1.01802275223655,1.62623140787165,0,0,721.002758857757,720.693016267659,103.19343741942,206.11536004742,75.4231409981895,115.779487111439,0,0,27.7016856096409,27.6901905562244,3.95367456052737,7.89481793731651,2.87837611511957,4.41771782835214,0,0,0,0,11.3956520430137,23.5164074540876,8.23423989993046,12.5114542800769,0,0,0,0,0,0,0,0,0,0,36.4161569093266,20.90131518368,19.5689942342804,18.2180709511992
"22",1991,2304,1.75,8278.26406765414,8142.00990100159,614.961173474043,1163.78008402304,231.324980642638,342.390524925813,0,0,0,0,0,0,0,0,0,0,0,0,0.916616669748494,1.76830740586248,0.413661060347942,0.614141167509665,0,0,0,0,0,0,0,0,0,0,2222.739836261,2200.2649394097,119.477905506092,225.495908817769,35.6072908906919,52.8501541443064,0,0,85.4012190463726,84.5376975681818,4.60270524767846,8.68763916515865,1.37213416407079,2.03661371804235,0,0,31690.9749775389,31432.6467414091,2039.91346692655,3847.19635154192,689.955560960197,1015.44839796649,0,0,1217.56591482492,1207.69414451276,78.9465108026724,148.98531591232,26.9107905729431,39.6267771626538,0,0,0,0,3.09877194527633,5.94859309855052,1.21436310849148,1.79291387896487,0,0,0,0,0,0,0,0,0,0,206.212735353713,212.614371172043,47.3704889813349,93.2308992560213,27.3433735769684,43.8074888119124,0,0,7.9229447872439,8.16898664810085,1.81256957806007,3.56624094374208,1.04089239775866,1.66731493063562,0,0,717.64600495766,716.832231586523,105.322806647659,210.615969945751,77.008765459861,118.621309674087,0,0,27.5727174588514,27.5418529059366,4.03522803748077,8.06711815098733,2.93884260920516,4.52605388256133,0,0,0,0,11.6742526073342,24.1113794138818,8.43925920571036,12.8508068926002,0,0,0,0,0,0,0,0,0,0,38.1825940340005,21.8870199366296,20.7856855739315,19.354301491219
"23",1991,2304,1.83333333333333,8266.6432664913,8121.31529530535,624.976238090585,1182.99141001964,235.378864796791,348.906941343494,0,0,0,0,0,0,0,0,0,0,0,0,0.934082712340382,1.80223063045571,0.420992253177391,0.625974938064917,0,0,0,0,0,0,0,0,0,0,2224.18066785628,2199.07162791187,121.877650725579,230.130256089187,36.4879808947352,54.2590395354844,0,0,85.4565781003971,84.491848632128,4.69520394618611,8.86628510342933,1.40607214715896,2.09090544956479,0,0,31621.2595770138,31325.3743094158,2077.43130831565,3919.39965147326,705.899003269579,1040.42153364767,0,0,1214.88768850103,1203.57255348468,80.4016054965977,151.788282010289,27.5333904051198,40.6028760168833,0,0,0,0,3.16646803842301,6.08034646717978,1.24295032424793,1.83783863162339,0,0,0,0,0,0,0,0,0,0,205.725118704976,212.066770567036,48.4073615353836,95.3398940357106,27.9629879083167,44.9166433250114,0,0,7.90421048538063,8.14794693418363,1.85223281223918,3.64688209036208,1.06447380996783,1.70951351384363,0,0,714.277957293901,712.972182471703,107.456527274184,215.138402280939,78.6248779085268,121.521994894557,0,0,27.4433153757392,27.3935435179074,4.11694341527754,8.24024382850721,3.00047148168992,4.63663254482153,0,0,0,0,11.9584046821057,24.7184158192021,8.64897425456344,13.1982817490521,0,0,0,0,0,0,0,0,0,0,39.944715190094,22.8701390050451,22.0296596890296,20.518203569276
"24",1991,2304,1.91666666666667,8255.07873751673,8100.77975300962,634.772860559228,1201.83052048076,239.489042141241,355.513998336078,0,0,0,0,0,0,0,0,0,0,0,0,0.951356403698603,1.8358435058717,0.428448174849558,0.638004723388263,0,0,0,0,0,0,0,0,0,0,2225.84065686443,2198.10260416061,124.257590677425,234.738715646447,37.388664199715,55.7019529261629,0,0,85.5203575326935,84.4546171899714,4.78694283012121,9.04393966839122,1.44078064162752,2.1465084667649,0,0,31551.8485550498,31218.6823582184,2114.19869246906,3990.33914827115,722.093749511378,1065.80847713927,0,0,1212.22115506518,1199.47326554101,81.8280512114642,154.543111657046,28.1658685959526,41.5952610071123,0,0,0,0,3.23342514926288,6.21093001278219,1.27205945090152,1.88360780716048,0,0,0,0,0,0,0,0,0,0,205.270116342674,211.54054870208,49.4422277024837,97.4479499365651,28.6008121760014,46.0549023755015,0,0,7.88672926056532,8.12772862600475,1.8918154164694,3.72747936274599,1.08874840614296,1.75281950667817,0,0,710.899645742898,709.113084275469,109.593776309375,219.680935683691,80.2719247594737,124.482209811248,0,0,27.3135189293415,27.2452706663148,4.19878900478226,8.41412868321561,3.06327961440076,4.74947904052218,0,0,0,0,12.2478745430338,25.3371249597955,8.8634576864027,13.5540106635386,0,0,0,0,0,0,0,0,0,0,41.7028050206804,23.8507723580875,23.3014490408883,21.7102443296677
"25",1992,2304,2,8243.38824097701,8080.04823942707,644.596663084073,1220.70704030921,243.648657373521,362.199662499158,0,0,0,0,0,0,0,0,0,0,0,0,0.968406149027901,1.86907993117759,0.43601518697406,0.650207172992786,0,0,0,0,0,0,0,0,0,0,2227.67399367345,2197.2779628486,126.666935289219,239.402676422034,38.3088189676533,57.1778970370471,0,0,85.5907972647118,84.422933152023,4.87981224740957,9.22372918619229,1.47623951832802,2.20338431430855,0,0,31482.0688220617,31111.4081155353,2150.90783711501,4061.15471357347,738.518353228548,1091.57258679299,0,0,1209.54045444313,1195.35160505533,83.2524265338985,157.293566347456,28.807396677854,42.6025142915577,0,0,0,0,3.299544898573,6.34013500938387,1.30164828799416,1.93015112916618,0,0,0,0,0,0,0,0,0,0,204.837656259202,211.020059040979,50.4788696333231,99.5604237124448,29.2541445069708,47.2168717518195,0,0,7.87011413432388,8.10773055844484,1.93146304349916,3.8082393768522,1.11361322514742,1.79702746851775,0,0,707.497034815552,705.230190832572,111.746792621341,224.262755965741,81.9490371897981,127.499766251534,0,0,27.1827888613115,27.0960835634975,4.28123507429863,8.58951003447046,3.12723369566857,4.86450965177295,0,0,0,0,12.5423237443831,25.9668120338365,9.08263714347718,13.9178127967727,0,0,0,0,0,0,0,0,0,0,43.4620214931922,24.8362124127392,24.6052515729816,22.9399953674631
"26",1992,2304,2.08333333333333,8229.55165905092,8055.13935380981,657.194394168718,1244.21691036283,247.830828326858,368.8920167644,0,0,0,0,0,0,0,0,0,0,0,0,0.985649720666838,1.9025506095132,0.443611369918027,0.662409663111732,0,0,0,0,0,0,0,0,0,0,2229.11173915054,2195.64523819589,129.631717221459,244.989966195446,39.2445037851172,58.6757334693148,0,0,85.6460377451399,84.3602012598627,4.99402578853812,9.43899993249393,1.51229655712034,2.26110336453628,0,0,31404.2482291864,30990.3133042427,2195.28552517643,4144.61197296329,755.08536233897,1117.4889485825,0,0,1206.55082276082,1190.69893562394,84.9715881821325,160.530038515997,29.4545375008771,43.6158248759896,0,0,0,0,3.36604972687243,6.4696775445344,1.33146933067082,1.97695196201319,0,0,0,0,0,0,0,0,0,0,204.327471626095,210.333977907727,51.5792042856986,101.770469053564,29.8980738994967,48.3448500881326,0,0,7.85051273215156,8.08137020007416,1.97355682495439,3.89274779799657,1.13812008335398,1.83994148272993,0,0,703.899769766805,701.037748775096,114.064631876503,229.121777141068,83.6418695483325,130.541082829114,0,0,27.0445799603244,26.9350031033397,4.37000962661733,8.77553254185393,3.19178655245102,4.9804436009701,0,0,0,0,12.8404435500019,26.6037912099575,9.30490484260142,14.2861440668179,0,0,0,0,0,0,0,0,0,0,45.2781029731162,25.9084863014827,25.9840055073346,24.3133864486592
"27",1992,2304,2.16666666666667,8215.81165898977,8030.45866000441,669.516684458051,1267.26298603781,252.093828103977,375.705006757201,0,0,0,0,0,0,0,0,0,0,0,0,1.00343638036663,1.93694803774973,0.451328927934611,0.674800922300921,0,0,0,0,0,0,0,0,0,0,2230.73985429807,2194.20611979538,132.559257804543,250.523271760325,40.2052767832836,60.21394923116,0,0,85.7085925327399,84.3049080295214,5.10681525138001,9.65220916154822,1.54931992036333,2.32037782577401,0,0,31326.825043587,30869.9652058,2238.76853540165,4226.56723572767,771.967284157989,1143.89527895624,0,0,1203.57645809923,1186.074956189,86.6566260531681,163.709328040475,30.1140048279612,44.6483542910793,0,0,0,0,3.43402052643108,6.60171004874302,1.36179519681167,2.02456668364406,0,0,0,0,0,0,0,0,0,0,203.851125947924,209.675781194687,52.6928603930197,104.005734519598,30.5619858501538,49.5062347243148,0,0,7.83221146128437,8.05608120612681,2.01615904327023,3.97821755480568,1.16338777358027,1.8841268664022,0,0,700.29766316783,696.849180747718,116.383337512345,233.99499997011,85.3666596713369,133.64098177373,0,0,26.9061850267575,26.7740714903682,4.45881211678401,8.9620877145071,3.25755798669306,5.09860973045607,0,0,0,0,13.1435420865912,27.2517683760485,9.53204846572077,14.6628930272806,0,0,0,0,0,0,0,0,0,0,47.0898078241976,26.9773403977967,27.3930449832787,25.7186775463534
"28",1992,2304,2.25,8202.1614809544,8005.99853358406,681.56817301102,1289.85162941413,256.433442064785,382.633267063134,0,0,0,0,0,0,0,0,0,0,0,0,1.02160074606052,1.97199427986949,0.459174656830657,0.687389522492377,0,0,0,0,0,0,0,0,0,0,2232.56984967185,2192.97130790666,135.453914777181,256.010035710516,41.1910854016445,61.7927449032977,0,0,85.7789038814727,84.2574645820835,5.21834711210594,9.86364126070761,1.58730767937046,2.38121553661574,0,0,31249.7923039738,30750.3546738898,2281.37081475777,4307.03951028562,789.151416992753,1170.77584142719,0,0,1200.61709302328,1181.47931533319,88.3080610061768,166.832139946432,30.7853139957668,45.6995037729016,0,0,0,0,3.50295451550947,6.73539255690214,1.39264455755937,2.07301918480779,0,0,0,0,0,0,0,0,0,0,203.407210152708,209.044551751458,53.8169396768935,106.261473885111,31.2457414792163,50.701037397941,0,0,7.81515618377483,8.03182833819961,2.05915834412973,4.06446629599049,1.18941105829167,1.92958413055634,0,0,696.690932858408,692.664305024307,118.703116837185,238.882427993202,87.1237647426534,136.800184956941,0,0,26.7676124304165,26.6132817423622,4.54765048339041,9.14917561114034,3.32456146586817,5.21903532674827,0,0,0,0,13.451707439481,27.9108815537026,9.76412824501029,15.048171655347,0,0,0,0,0,0,0,0,0,0,48.8974290850852,28.042913479424,28.8330972829724,27.1565843518017
"29",1992,2304,2.33333333333333,8188.59487237518,7981.75185433478,693.353451304396,1311.98917364183,260.845536663799,389.671505615454,0,0,0,0,0,0,0,0,0,0,0,0,1.04000632062629,2.00745863011505,0.467151558920874,0.700179229462752,0,0,0,0,0,0,0,0,0,0,2234.61086145563,2191.94910129401,138.31967657897,261.457069875378,42.2018961080039,63.4123332889102,0,0,85.857322818129,84.2181897693442,5.3287737821462,10.0735565836178,1.62625861687688,2.4436247817685,0,0,31173.1445127588,30631.473973511,2323.10644846281,4386.04819058476,806.625271721141,1198.11507786674,0,0,1197.6725163339,1176.91171586424,89.9264195436902,169.899194458633,31.4679881152434,46.7686808840493,0,0,0,0,3.57244002734846,6.870033428583,1.42402475690788,2.12231915573124,0,0,0,0,0,0,0,0,0,0,202.994442193984,208.439462770109,54.9489660404393,108.533612967803,31.9491681925904,51.9292221650176,0,0,7.79929764214827,8.00857982899277,2.10245963617818,4.1513375636397,1.21618338898491,1.97631193940928,0,0,693.079913284342,688.483091874333,121.023953938234,243.783700921519,88.913510544627,140.019371311794,0,0,26.6288750212273,26.4526327170182,4.6365240933212,9.33678232282031,3.39280926809932,5.34174604905365,0,0,0,0,13.7649487554875,28.5811363821774,10.0012051186546,15.4420919673146,0,0,0,0,0,0,0,0,0,0,50.7012488671144,29.1053406620337,30.3048537356256,28.6277922838401
"30",1992,2304,2.41666666666667,8175.10605037597,7957.71199550135,704.877006394853,1333.68182655633,265.326076383899,396.81452954214,0,0,0,0,0,0,0,0,0,0,0,0,1.05854091373613,2.04315032170311,0.47525977249086,0.713170159020986,0,0,0,0,0,0,0,0,0,0,2236.87001123127,2191.14576873251,141.160177915396,266.870583599015,43.2376982225716,65.0729476498092,0,0,85.944122965272,84.1873244476668,5.43823419480383,10.282192519025,1.66617237781524,2.50761461319238,0,0,31096.8774973805,30513.3167121246,2363.98944475768,4463.61269532339,824.376645646257,1225.89772273705,0,0,1194.74256773966,1172.3719121695,91.5122256054097,172.911213272059,32.1615609615274,47.8553039875771,0,0,0,0,3.64214156759181,7.00506562174626,1.45593475888709,2.17246573640862,0,0,0,0,0,0,0,0,0,0,202.611658549396,207.859769977295,56.086839495522,110.818679881704,32.6720730757746,53.1907229383768,0,0,7.78459113276425,7.98630708231801,2.14598231118188,4.23869809755609,1.2436974233556,2.02430778624632,0,0,689.465036218943,684.305643319438,123.34564729857,248.69815595273,90.7361921188173,143.299180776064,0,0,26.4899893885343,26.2921283341637,4.72542518935438,9.5248823320649,3.46231250469885,5.46676607629637,0,0,0,0,14.0832124999595,29.2624327685899,10.2433391633616,15.8447645274209,0,0,0,0,0,0,0,0,0,0,52.5015382781245,30.1647530103818,31.8089785722469,30.1329656193985
"31",1992,2304,2.5,8161.68962695537,7933.87274608495,716.143229725873,1354.93568207397,269.871117186201,404.057238398069,0,0,0,0,0,0,0,0,0,0,0,0,1.07711162317645,2.07891043360814,0.483497403314519,0.726359813223907,0,0,0,0,0,0,0,0,0,0,2239.35277703939,2190.56592957004,143.978739896524,272.256251773539,44.2985011059056,66.7748399564616,0,0,86.0395147979828,84.1650460997836,5.54685533040866,10.4897660774052,1.70704936484283,2.57319478703209,0,0,31020.9881535677,30395.8775765014,2404.03372453684,4539.75244218526,842.393609374932,1254.10879075418,0,0,1191.82712799287,1167.85970010521,93.0660001534314,175.86891854467,32.8655764897687,48.9588017952755,0,0,0,0,3.71178371682075,7.14002083251441,1.48836770288005,2.22345067099885,0,0,0,0,0,0,0,0,0,0,202.257794788429,207.304795892617,57.228774866705,113.113709298719,33.4142511773287,54.4854534825233,0,0,7.7709957592024,7.96498406828003,2.18965788048615,4.32643414304581,1.27194534738564,2.07356838173548,0,0,685.846810497052,680.132168559235,125.667850596287,253.62489206932,92.5920704364967,146.640209242158,0,0,26.3509750824625,26.131776631578,4.81434046001602,9.71344098733076,3.53308099102042,5.59411791205753,0,0,0,0,14.406397695012,29.9545896066477,10.4905876885099,16.2562960366751,0,0,0,0,0,0,0,0,0,0,54.2985587816409,31.2212780660926,33.3461125832794,31.6727507659692
"32",1992,2304,2.58333333333333,8148.34057409739,7910.22827479968,727.156419056932,1375.75672301064,274.476805815886,411.394623443479,0,0,0,0,0,0,0,0,0,0,0,0,1.09564247351373,2.11460807602035,0.491860907906006,0.739743560422643,0,0,0,0,0,0,0,0,0,0,2242.06317729912,2190.21274364271,146.778386291825,277.619242082758,45.3843324778235,68.5182796381477,0,0,86.1436527103502,84.1514761316515,5.65475283278745,10.6964749248304,1.74889067559309,2.64037571776238,0,0,30945.4743159132,30279.1521996716,2443.253109985,4614.48682876898,860.664508914153,1282.7335800785,0,0,1188.92611391698,1163.37491188443,94.5882607393778,178.773032173159,33.5795889173294,50.0786134892955,0,0,0,0,3.78114357701206,7.27451733358807,1.52131206115264,2.27525974578608,0,0,0,0,0,0,0,0,0,0,201.931876678869,206.773922312275,58.3732723593579,115.416196700478,34.1754901252672,55.8133130513105,0,0,7.75847409056043,7.9445870344859,2.23342884030131,4.41444968685575,1.30091905456265,2.12408987271073,0,0,682.225811199391,675.962971285373,127.99009424933,258.562804021038,94.4813695632473,150.043004120764,0,0,26.2118541983696,25.9715892775768,4.90325186882489,9.90241581148431,3.60512313748507,5.72382221447932,0,0,0,0,14.7343633784386,30.6573568614606,10.7430041999893,16.6767879691708,0,0,0,0,0,0,0,0,0,0,56.0925627158597,32.2750400433639,34.9168748389242,33.2477778875567
"33",1992,2304,2.66666666666667,8135.05417723919,7886.77308198571,737.920782932304,1396.15082677344,279.139376425619,418.821764188023,0,0,0,0,0,0,0,0,0,0,0,0,1.11407139427554,2.15013550047466,0.500345569123003,0.75331523029598,0,0,0,0,0,0,0,0,0,0,2245.00400367201,2190.08814958938,149.561870178454,282.964260186217,46.4952365519918,70.3035524252559,0,0,86.256643962476,84.1466890288756,5.76203202219136,10.9024991014371,1.79169803320786,2.70916843629616,0,0,30870.3345964315,30163.136996047,2481.66131478403,4687.83521187172,879.177959864937,1311.75766736106,0,0,1186.03947220386,1158.91740974219,96.0795211210389,181.624274991168,34.3031625115381,51.2141885427295,0,0,0,0,3.85004112125814,7.40824441743638,1.55475308365336,2.32787457962572,0,0,0,0,0,0,0,0,0,0,201.633008277199,206.266580736602,59.5190785485808,117.724037231492,34.9555751003323,57.1741925483349,0,0,7.74699170387087,7.92509413825603,2.27724716791313,4.5026640997343,1.33061033926933,2.1758680815019,0,0,678.602666702696,671.798434012771,130.311811327877,263.51062337741,96.4042746282782,153.508060919663,0,0,26.0726508792997,25.8115809689936,4.99213765123228,10.0917580816397,3.67844587113156,5.855897664707,0,0,0,0,15.0669377958507,31.3704305405922,11.0006373255958,17.1063351783973,0,0,0,0,0,0,0,0,0,0,57.8837941016021,33.3261601310668,36.5218650987054,34.8586630681828
"34",1992,2304,2.75,8121.82599275008,7863.50195568007,748.440444483891,1416.12377015943,283.855147685885,426.33382549015,0,0,0,0,0,0,0,0,0,0,0,0,1.13234759389584,2.1854038310484,0.508945880355948,0.767067597406932,0,0,0,0,0,0,0,0,0,0,2248.17703352114,2190.19308214284,152.331699392163,288.295592783309,47.6312720381939,72.1309588907416,0,0,86.3785568434912,84.1507207053843,5.86878886291466,11.1080026595269,1.83547371154211,2.77958453626402,0,0,30795.568237489,30047.8290114562,2519.27193402368,4759.81688675818,897.922842661317,1341.16690400479,0,0,1183.16717376335,1154.48708017364,97.5402908687512,184.423365968611,35.0358714168642,52.3649865856815,0,0,0,0,3.91833085625104,7.54094889408641,1.58867394575399,2.38127405494536,0,0,0,0,0,0,0,0,0,0,201.360361225398,205.782243902839,60.6651502970524,120.035468910527,35.7542930642324,58.5679799389098,0,0,7.73651677287009,7.90648512129942,2.32107293127572,4.59100994776334,1.36101106119405,2.22889871613021,0,0,674.978046680713,667.639003499495,132.632361188954,268.466956235615,98.3609303777933,157.035820448619,0,0,25.9333908549698,25.6517688709876,5.08097322370565,10.2814142799792,3.75305457984821,5.99036085970336,0,0,0,0,15.4039263266302,32.0934656822966,11.2635300132992,17.5450248272258,0,0,0,0,0,0,0,0,0,0,59.672489366176,34.3747567532119,38.1616661310733,36.5060103801943
"35",1992,2304,2.83333333333333,8108.6518190358,7840.40994174962,758.719444042296,1435.68123254376,288.620520650896,433.926055479092,0,0,0,0,0,0,0,0,0,0,0,0,1.15042994800062,2.22034041944376,0.517655743444868,0.780992634189724,0,0,0,0,0,0,0,0,0,0,2251.58317206639,2190.52761713748,155.090155555601,293.617139749465,48.7925104605521,74.0008129928419,0,0,86.5094261333917,84.1635740748564,5.97511068715088,11.3131348865893,1.88022047178943,2.85163611951222,0,0,30721.1750140438,29933.2258238057,2556.09843709112,4830.4510721108,916.888298590447,1370.94741306664,0,0,1180.30920996725,1150.08383011721,98.9710750867774,187.171021629182,35.777299510464,53.5304772945278,0,0,0,0,3.9858967684152,7.67242682736319,1.62305631429536,2.43543503525521,0,0,0,0,0,0,0,0,0,0,201.113167659271,205.320420396067,61.8106298685304,122.34903314968,36.5714351400999,59.9945635349671,0,0,7.72701979552716,7.88874110265722,2.36487333059239,4.67943147161669,1.39211323790254,2.28317749782199,0,0,671.352653987145,663.48518072874,134.951045044502,273.430308389543,100.351440921784,160.62666768991,0,0,25.7941011299042,25.4921722321352,5.16973178220345,10.4713270616236,3.82895310268705,6.12722626924301,0,0,0,0,15.7451162133829,32.8260842172087,11.5317192422373,17.992935961798,0,0,0,0,0,0,0,0,0,0,61.4588778379249,35.4209457355652,39.8368454319614,38.1904133848703
"36",1992,2304,2.91666666666667,8095.52766740579,7817.49231384452,768.761741774038,1454.82879903223,293.431976501177,441.593783356737,0,0,0,0,0,0,0,0,0,0,0,0,1.16828534185819,2.25488613083478,0.526468680884147,0.795081780400113,0,0,0,0,0,0,0,0,0,0,2255.22259529032,2191.0911169197,157.839314001537,298.932447888077,49.979034614191,75.913440842081,0,0,86.6492585937089,84.1852246376211,6.08107695312938,11.5180315902217,1.92594150441393,2.92533575019915,0,0,30647.1551354647,29819.325443581,2592.15416030403,4899.75689430187,936.063725439345,1401.08558579705,0,0,1177.46558887716,1145.70758313177,100.372374124305,189.867955441196,36.5270402439115,54.7101402677954,0,0,0,0,4.05264711010504,7.80251503090045,1.65788096642345,2.49033314321072,0,0,0,0,0,0,0,0,0,0,200.890713024123,204.880649227692,62.9548197090077,124.66353470061,37.4067989060691,61.4538351573394,0,0,7.71847331801292,7.87184437039927,2.40862172696757,4.7678830435674,1.42390913416948,2.33870028392344,0,0,667.727216579898,659.337510899671,137.267121531299,278.399110506679,102.375869548742,164.280930737481,0,0,25.6548096731561,25.3328119998618,5.25838490075172,10.661436222849,3.90614372278404,6.26650619557174,0,0,0,0,16.0902814341557,33.5678830487419,11.8052356963303,18.4501390418919,0,0,0,0,0,0,0,0,0,0,63.2431822530014,36.4648404756491,41.5479569753623,39.912456661955
"37",1993,2304,3,8081.30346093417,7793.13338661445,779.339840465008,1474.89318218609,298.305734389702,449.388918557857,0,0,0,0,0,0,0,0,0,0,0,0,1.18595277281403,2.28918085676493,0.53541153315827,0.809425755112297,0,0,0,0,0,0,0,0,0,0,2258.93739386132,2191.640655012,160.738339459357,304.511369010044,51.1944633507149,77.8791913826296,0,0,86.7919870953984,84.2063387699316,6.192803550318,11.7330629374453,1.97277622326922,3.00108217291155,0,0,30571.1621969428,29702.5833637106,2629.66198087343,4971.53403946838,955.501476807718,1431.74777393345,0,0,1174.54616052767,1141.22215345725,101.82960791374,192.660243304758,37.2871417670932,55.9104801161801,0,0,0,0,4.11872567609095,7.93171369443347,1.69323441185347,2.54625686556656,0,0,0,0,0,0,0,0,0,0,200.685208974958,204.461468673153,64.1209190443614,127.031658957886,38.2720156914876,62.9839773792451,0,0,7.71057809805007,7.85573876289039,2.45320866582104,4.85838513650311,1.45684148522059,2.39692014540846,0,0,664.064786029808,655.136029892791,139.625861684263,283.457849195169,104.440916997449,168.019939304844,0,0,25.5140968856504,25.171384255854,5.34867151047622,10.8549857566233,3.98488197641269,6.40901402030019,0,0,0,0,16.4397043189821,34.3205602387027,12.0848622629945,18.9190282933694,0,0,0,0,0,0,0,0,0,0,65.00638600921,37.4679761062672,43.2766484929684,41.6070944267476
"38",1993,2304,3.08333333333333,8063.77321869776,7764.24603216098,791.899593513661,1498.36566691732,303.296097993648,457.442409382622,0,0,0,0,0,0,0,0,0,0,0,0,1.20403676988977,2.32438170142849,0.544549130484174,0.824220136920792,0,0,0,0,0,0,0,0,0,0,2262.45476594155,2191.73785595744,164.084831898503,310.861358715054,52.4515775968042,79.9260659535274,0,0,86.9271301555942,84.210073385696,6.32173015878568,11.9777374140114,2.0212164789788,3.07995353399548,0,0,30488.6675865243,29576.196283676,2672.80189971357,5052.95053564121,975.370645766789,1463.34710434614,0,0,1171.37693348424,1136.36614716133,103.503476803279,195.823583272119,38.06417358045,57.1475962316359,0,0,0,0,4.18602287617632,8.06366322343597,1.72932481316248,2.60382956663767,0,0,0,0,0,0,0,0,0,0,200.481256350415,204.057282239075,65.364603738904,129.571928151487,39.1887276860595,64.6554063443214,0,0,7.70274247262227,7.84020925416633,2.50077162482353,4.95548421948555,1.49173436137353,2.46051718921927,0,0,660.290820674771,650.764577458319,142.115506952239,288.77398963491,106.562188534715,171.89269619419,0,0,25.3690987941041,25.0034259357585,5.44398099551132,11.0584052485576,4.06576326093643,6.55661843605375,0,0,0,0,16.7943018249973,35.0881626731115,12.3721272172927,19.4043622575663,0,0,0,0,0,0,0,0,0,0,66.7114021238402,38.3560374208109,44.987172492098,43.1463119587331
"39",1993,2304,3.16666666666667,8046.30461628391,7735.57301883661,804.162331786362,1521.3320530926,308.353313707959,465.59926286731,0,0,0,0,0,0,0,0,0,0,0,0,1.22251242509854,2.36021827400443,0.553791621104737,0.839185121377102,0,0,0,0,0,0,0,0,0,0,2266.25736636889,2192.11038900484,167.415218855943,317.198267786203,53.743544226381,82.0301097092146,0,0,87.0732321450146,84.2243867011207,6.450045178976,12.2219227580292,2.07099884396737,3.16102655379121,0,0,30406.5659172813,29450.5912250009,2715.03644859945,5132.82860748262,995.511653259179,1495.39113148678,0,0,1168.22280202963,1131.54018746704,105.142750739043,198.928235264847,38.851903105195,58.4022545477166,0,0,0,0,4.25442589948156,8.19737971198821,1.76587061061635,2.66217764034954,0,0,0,0,0,0,0,0,0,0,200.298938595488,203.669313295041,66.6203676375915,132.133445578827,40.1223124940747,66.3550947741274,0,0,7.69573808677251,7.82530284750422,2.5487966400469,5.0533947655236,1.527270126325,2.52519043335605,0,0,656.514991980984,646.401221818576,144.600953956072,294.095901969577,108.721654279543,175.842236125135,0,0,25.2240290960493,24.8357787082556,5.53912405820686,11.2620330918757,4.14809960827498,6.70714628174708,0,0,0,0,17.152700129427,35.864763249214,12.6648850091154,19.8995330886276,0,0,0,0,0,0,0,0,0,0,68.4147767493765,39.2423766564238,46.7359372389958,44.7224008550887
"40",1993,2304,3.25,8028.89321544611,7707.10901226607,816.13293819672,1543.7991129404,313.47296634644,473.853735616231,0,0,0,0,0,0,0,0,0,0,0,0,1.24123360773283,2.39644850177369,0.563143159282759,0.854325337029233,0,0,0,0,0,0,0,0,0,0,2270.34411603055,2192.75626824194,170.732587484946,323.52720074328,55.0701184723564,84.1914191147365,0,0,87.23025160242,84.2492024142804,6.57786645732838,12.4658138945209,2.12211404998569,3.24430514475328,0,0,30324.8583762476,29325.7665804104,2756.38058562746,5211.18943793087,1015.91225203923,1527.86450199492,0,0,1165.08381178981,1126.74421261943,106.747990154899,201.974988449617,39.6498614991297,59.6738688438033,0,0,0,0,4.32349603272799,8.33214523839745,1.80288645951712,2.72131886800399,0,0,0,0,0,0,0,0,0,0,200.138004502174,203.297699648695,67.886049516545,134.713032598682,41.0735002939275,68.084546285776,0,0,7.68955528897438,7.81102483769169,2.5972006906968,5.15199466956897,1.5634767569392,2.59099737218036,0,0,652.737801443339,642.046101830934,147.082317952544,299.423139312498,110.918986964623,179.867967248816,0,0,25.078907059621,24.668447908462,5.63410524658762,11.4658523811975,4.2318784663329,6.86057489854095,0,0,0,0,17.5149508547894,36.6504107042241,12.9631604412719,20.4046055498255,0,0,0,0,0,0,0,0,0,0,70.1166926769982,40.1270646064234,48.5235467452881,46.3358861768977
"41",1993,2304,3.33333333333333,8011.53481167668,7678.84892820981,827.816186428116,1565.77348666227,318.650737083757,482.200177809436,0,0,0,0,0,0,0,0,0,0,0,0,1.26008019640712,2.43287220534576,0.572604654916051,0.869641388434305,0,0,0,0,0,0,0,0,0,0,2274.71327710395,2193.67286920399,174.039755502559,329.852815709653,56.4311092816969,86.4101383451238,0,0,87.3981217578879,84.2844196890423,6.70530158497078,12.7095887469623,2.17455486832663,3.32979502369761,0,0,30243.5465137337,29201.7211041661,2796.84915342743,5288.05415703977,1036.56046136767,1560.75213302224,0,0,1161.96002234744,1121.9781747544,108.3197514339,204.964630473939,40.4575898345314,60.9618628602861,0,0,0,0,4.39287544139756,8.46737089398953,1.84037706235831,2.78125886095217,0,0,0,0,0,0,0,0,0,0,199.998214191676,202.942560789796,69.1598058018411,137.307976105057,42.0428942177017,69.8450868774841,0,0,7.68418486296999,7.79737981571396,2.64591299901599,5.25117978124465,1.60037735894107,2.65798870267508,0,0,648.95981085664,637.699445167379,149.559541702104,304.755008754981,113.153903953376,183.969384005431,0,0,24.9337542697412,24.5014422838956,5.72892248288462,11.6698367630119,4.31708899892373,7.0168849353731,0,0,0,0,17.8810375301179,37.4450425671625,13.2669794507009,20.9196449211576,0,0,0,0,0,0,0,0,0,0,71.8173306398848,41.0101726478615,50.3506071700386,47.9873011862045
"42",1993,2304,3.41666666666667,7994.22540402555,7650.78790172058,839.216745853883,1587.26168893254,323.882401090456,490.633031231525,0,0,0,0,0,0,0,0,0,0,0,0,1.27895331389447,2.46932359931662,0.582174640180023,0.885130906077306,0,0,0,0,0,0,0,0,0,0,2279.36259106809,2194.85706856859,177.33929522298,336.179364537352,57.82637418013,88.6864563622906,0,0,87.5767558354304,84.3299185223653,6.83244880963193,12.9534097614792,2.22831591683687,3.41750360432218,0,0,30162.6321499275,29078.4538190169,2836.45686497502,5363.44381567538,1057.44456656752,1594.03921335991,0,0,1158.85150365347,1117.24203632358,109.858586360834,207.897946457644,41.2746390906611,62.2656703503997,0,0,0,0,4.4622719486666,8.6025730377577,1.87833993303435,2.84199437063333,0,0,0,0,0,0,0,0,0,0,199.879335775706,202.603996665049,70.4400679865901,139.915967454188,43.0309918518062,71.6378897813417,0,0,7.67961789949296,7.78437162168097,2.69487338478386,5.35086154306381,1.63799099365493,2.72620927904868,0,0,645.181630864396,633.361554378834,152.03242718139,310.090616550071,115.426152611687,188.146046447883,0,0,24.7885941881503,24.3347734590437,5.82356828511453,11.8739521773154,4.40372152494757,7.17605955767206,0,0,0,0,18.2508904598678,38.2485085163105,13.5763667303265,21.444714078331,0,0,0,0,0,0,0,0,0,0,73.5168693646083,41.8917726378475,52.217725753004,49.6771866198967
"43",1993,2304,3.5,7976.96116751853,7622.92125857102,850.339187805106,1608.27011702186,329.163823449634,499.146825347651,0,0,0,0,0,0,0,0,0,0,0,0,1.29777147905696,2.50566518499707,0.591849891922188,0.900789306775589,0,0,0,0,0,0,0,0,0,0,2284.28939292214,2196.3053590825,180.633557928651,342.51073320564,59.2558138410742,91.0206031813248,0,0,87.766051441453,84.3855641599715,6.95939796117775,13.1974254424646,2.28339345491749,3.50743985794518,0,0,30082.1172994378,28955.9639406682,2875.21829681815,5437.37936919567,1078.55311222851,1627.71119743634,0,0,1155.75833312806,1112.53576719233,111.365041851162,210.77571835479,42.1005699061739,63.5847348640341,0,0,0,0,4.531446866579,8.73735415490159,1.91676734691986,2.90351564386378,0,0,0,0,0,0,0,0,0,0,199.781142914922,202.282087526055,71.7255039641921,142.535046618798,44.0382036239731,73.4639979223059,0,0,7.67584570246104,7.77200333898536,2.74403077275482,5.45096483323244,1.67633338439733,2.79569897446214,0,0,641.403911114661,629.032794493849,154.500662665875,315.428906838681,117.735498867734,192.397563004851,0,0,24.643451775184,24.1684554588854,5.9180308095453,12.0781583491177,4.49176708003218,7.33808378808111,0,0,0,0,18.6243983322629,39.0605888048606,13.8913442415073,21.9798716491601,0,0,0,0,0,0,0,0,0,0,75.2154856557527,42.7719368188468,54.1255102332056,51.4060901527033
"44",1993,2304,3.58333333333333,7959.73843644713,7595.24449814531,861.187987911165,1628.80505399245,334.490958179618,507.736176454212,0,0,0,0,0,0,0,0,0,0,0,0,1.31646823238033,2.54178397588457,0.601625808050789,0.916610255082208,0,0,0,0,0,0,0,0,0,0,2289.49068683549,2198.01392602954,183.924688303582,348.850465676357,60.7193686284405,93.4128475736183,0,0,87.965893471353,84.4512100343644,7.0862309994037,13.4417712588331,2.33978525306345,3.59961422797208,0,0,30002.0041199779,28834.2508266454,2913.14788016878,5509.88166171117,1099.87490305021,1661.75380711222,0,0,1152.680593689,1107.85934267498,112.839659608878,213.598724352222,42.9349526154774,64.9185098186278,0,0,0,0,4.60020750454098,8.87139105076523,1.95564750817416,2.96580783877637,0,0,0,0,0,0,0,0,0,0,199.703413339409,201.976893705571,73.0149936962578,145.163567057076,45.064864568384,75.3243381634608,0,0,7.67285973213125,7.76027728570603,2.79334225354704,5.55142660879659,1.71541736850027,2.86649322776781,0,0,637.627333596309,624.713584861242,156.963840641909,320.768687428928,120.081719333067,196.723578560327,0,0,24.4983532337458,24.002504395472,6.01229454020367,12.282409781522,4.58121711497377,7.50294405101495,0,0,0,0,19.0014155468877,39.8810059014194,14.2119302330158,22.5251707530888,0,0,0,0,0,0,0,0,0,0,76.9133544000699,43.6507377413266,56.074568522099,53.1745661789363
"45",1993,2304,3.66666666666667,7942.5536842356,7567.75327268234,871.767530323645,1648.87267409002,339.8598454531,516.395785080053,0,0,0,0,0,0,0,0,0,0,0,0,1.33498938409856,2.5775871149631,0.611496829964749,0.932586180996489,0,0,0,0,0,0,0,0,0,0,2294.96322942488,2199.97873057065,187.214643876782,355.201796147917,62.2170144108105,95.8634941652112,0,0,88.1761573091595,84.5267009668888,7.21302275277579,13.6865708705499,2.39749043471825,3.69403852150249,0,0,29922.2948575375,28713.313921928,2950.25989427198,5580.97141143926,1121.39899949286,1696.15302819448,0,0,1149.61837164516,1103.21274144602,114.282975864402,216.367738300183,43.777367091785,66.2664583753562,0,0,0,0,4.66839850294,9.00442117230323,1.99496586375675,3.02885261681079,0,0,0,0,0,0,0,0,0,0,199.645927293222,201.688455853406,74.3075999657993,147.800153293852,46.1112477942003,77.2197381444299,0,0,7.67065154533757,7.74919502367148,2.84277195513752,5.65219426778306,1.75525341464889,2.9386236894541,0,0,633.85260523022,620.404389763875,159.421478015529,326.108658840214,122.464593038649,201.123761462508,0,0,24.3533257246509,23.8369381072939,6.1063410665287,12.4866568740288,4.67206317933157,7.67062767618331,0,0,0,0,19.3817704785466,40.7094376708181,14.5381382784646,23.0806577829332,0,0,0,0,0,0,0,0,0,0,78.6106486072443,44.5282481760181,58.0655083827646,54.9831754665333
"46",1993,2304,3.75,7925.40350666316,7540.44336995125,882.082111140009,1668.47904707915,345.266609350982,525.120433966752,0,0,0,0,0,0,0,0,0,0,0,0,1.35329083495046,2.61299838280946,0.621456745682537,0.948708654577036,0,0,0,0,0,0,0,0,0,0,2300.70359838183,2202.19557831335,190.505212251539,361.567677511343,63.7487586552239,98.3728804983505,0,0,88.3967114643069,84.6118758022784,7.33984157316718,13.931937210848,2.45650932840506,3.7907257990203,0,0,29842.9918015571,28593.1527147219,2986.56846017816,5650.66919723382,1143.1147142645,1730.89510789579,0,0,1146.57175497436,1098.59594384077,115.695521129006,219.083529189448,44.6274026213585,67.6280533503768,0,0,0,0,4.7358950215154,9.13623179049303,2.0347060284367,3.0926292735438,0,0,0,0,0,0,0,0,0,0,199.60846647139,201.416795482287,75.6025433354808,150.443664452335,47.1775756411959,79.1509406547338,0,0,7.66921275465009,7.73875737943321,2.892290077157,5.75322424191761,1.7958500511825,3.01211877278395,0,0,630.080451500411,616.105710282025,161.873033120882,331.447438925212,124.883894867561,205.597792649477,0,0,24.2083971219284,23.6717758466572,6.20014973756864,12.6908468701245,4.7642966702197,7.84112248336715,0,0,0,0,19.7652719403735,41.5455277707687,14.8699766667156,23.6463716027891,0,0,0,0,0,0,0,0,0,0,80.3075394278358,45.4045410251877,60.0989372645914,56.8324849000879
"47",1993,2304,3.83333333333333,7908.28460958828,7513.31070053583,892.135941041319,1687.63014151618,350.70745604011,533.904986482178,0,0,0,0,0,0,0,0,0,0,0,0,1.37133707867494,2.64795577989595,0.631498870909334,0.964968612350398,0,0,0,0,0,0,0,0,0,0,2306.70824094472,2204.66016750324,193.798024900807,367.950804061433,65.3146372226717,100.941374432775,0,0,88.6274194340131,84.7065692602491,7.46674986030733,14.1779733502218,2.51684334618531,3.88969027642836,0,0,29764.0972538357,28473.7667060312,3022.08753616278,5718.99544823099,1165.01160905846,1765.96655246748,0,0,1143.54083212871,1094.00893068631,117.077820012986,221.746860748296,45.4846577863494,69.0027771318709,0,0,0,0,4.80259810209683,9.26665257939547,2.07485032265463,3.15711540477346,0,0,0,0,0,0,0,0,0,0,199.59081346425,201.161915730978,76.8991832493064,153.093166588192,48.2640277032958,81.1186144095146,0,0,7.66853500702597,7.72896447358556,2.94187216254002,5.85448092968101,1.83721417397864,3.08700406676213,0,0,626.311611721483,611.818078136778,164.317918120753,336.783580960443,127.339391183284,210.145357834164,0,0,24.0635958309899,23.5070380431378,6.29369813866182,12.8949245530663,4.85790866527647,8.01441648429626,0,0,0,0,20.1517135244193,42.3888927158258,15.2074481339828,24.2223431656623,0,0,0,0,0,0,0,0,0,0,82.0041961586916,46.2796892454018,62.1754622769264,58.7230673079854
"48",1993,2304,3.91666666666667,7891.19379682479,7486.35128528325,901.93314799074,1706.33182806903,356.178671870201,542.74438497029,0,0,0,0,0,0,0,0,0,0,0,0,1.389099690727,2.68240909129841,0.641616238367672,0.981356592631108,0,0,0,0,0,0,0,0,0,0,2312.9735213284,2207.368136007,197.094571242351,374.353634718092,66.9147112412045,103.569371646312,0,0,88.8681415255978,84.8106137406636,7.5938045969823,14.4247733800156,2.57849486506783,3.9909472308618,0,0,29685.6134982557,28355.1553801771,3056.83091319587,5785.97043340015,1187.07949099055,1801.35412455795,0,0,1140.52569087151,1089.45168216874,118.430391045287,224.358491035302,46.3487403365475,70.3901215870198,0,0,0,0,4.8684299763943,9.39554812370556,2.11538034337812,3.2222876082986,0,0,0,0,0,0,0,0,0,0,199.592751232715,200.923802187562,78.1969991753026,155.747905054687,49.3707487358881,83.123364717268,0,0,7.66860996364926,7.71981575239783,2.99149837066059,5.95593563043389,1.8793513499348,3.16330274501647,0,0,622.546834383422,607.542049594348,166.755511250297,342.115591508421,129.830835561041,214.766139780873,0,0,23.9189506097719,23.3427460693753,6.38696256210013,13.0988329328828,4.95288975957836,8.19049758805687,0,0,0,0,20.5408779850394,43.2391289981328,15.550549574847,24.8085951090791,0,0,0,0,0,0,0,0,0,0,83.7007862502914,47.1537657697538,64.295690175476,60.6555012946127
"49",1994,2304,4,7873.04620331874,7457.67079184044,912.751953725722,1726.6697330978,361.661174647065,551.6101879291,0,0,0,0,0,0,0,0,0,0,0,0,1.40660285400226,2.71638615131828,0.651768572521631,0.997813867258171,0,0,0,0,0,0,0,0,0,0,2319.2419481048,2209.91400858189,200.640532588067,381.166120925597,68.5460308051838,106.25257953693,0,0,89.1089845066225,84.9084302362719,7.73044511729642,14.687319478656,2.64135017842465,4.09433121862114,0,0,29604.2514150727,28232.0312492886,3094.09597226175,5856.8503689821,1209.25448120607,1836.96377478509,0,0,1137.39996237107,1084.72104433854,119.879892559705,227.120314184692,47.2171565094383,71.7864139361056,0,0,0,0,4.93343397915057,9.5229443227576,2.15616767429301,3.28796049110806,0,0,0,0,0,0,0,0,0,0,199.574164690032,200.642851687312,79.5209430471968,158.448494434694,50.4852464423551,85.1451582764987,0,0,7.66789634972954,7.7090211665065,3.0421285484086,6.05915122113085,1.92178612812651,3.24025260349158,0,0,618.723130724077,603.177539677884,169.241488715468,347.531218765081,132.351198366311,219.448941642276,0,0,23.7720413589347,23.1750544990367,6.48208286842807,13.3059450105418,5.0489718394431,8.3689388787754,0,0,0,0,20.9320106476797,44.0947403498851,15.8984605570168,25.4038922582798,0,0,0,0,0,0,0,0,0,0,85.4131727658959,48.0420901192462,66.4804781047474,62.6652327549981
"50",1994,2304,4.08333333333333,7853.54323853956,7426.74505824424,924.936350892611,1749.20939187793,367.169036760754,560.517709358438,0,0,0,0,0,0,0,0,0,0,0,0,1.42440988482415,2.7508053181349,0.661945241483242,1.01432338489544,0,0,0,0,0,0,0,0,0,0,2325.41501159725,2212.15301733761,204.497969382729,388.487038064223,70.2109355527956,108.993366226503,0,0,89.346163477776,84.9944565332208,7.8790601097609,14.9694134357695,2.70549910277187,4.19993312309811,0,0,29519.0688873393,28102.8910796422,3134.78227763482,5933.07452367882,1231.5671382147,1872.82537086589,0,0,1134.12745021056,1079.75926049471,121.460931695572,230.087695637789,48.0910656764999,73.192779865154,0,0,0,0,4.99916857161652,9.65132060648662,2.19717624570884,3.35407779859179,0,0,0,0,0,0,0,0,0,0,199.524998306488,200.303955409889,80.8900906235711,161.225621358853,51.6057035115406,87.1806728780347,0,0,7.66600781846227,7.69600021075828,3.09449592949431,6.16530742389129,1.96444964248235,3.3177276798916,0,0,614.822860360091,598.696004838011,171.792328854389,353.05642146922,134.897779468034,224.188953268028,0,0,23.6221903141397,23.0028666429366,6.57969261723973,13.5172591259835,5.14605235716181,8.54955757350755,0,0,0,0,21.3248603604765,44.9551756956666,16.2508642462073,26.0077643909609,0,0,0,0,0,0,0,0,0,0,87.1457187918022,48.9488937193543,68.7369754238853,64.764403621019
"51",1994,2304,4.16666666666667,7834.10239243384,7396.05300433798,936.811565968168,1771.21778859675,372.726924954783,569.502666808685,0,0,0,0,0,0,0,0,0,0,0,0,1.44254887336968,2.78572570255097,0.672196683974944,1.0309569800114,0,0,0,0,0,0,0,0,0,0,2331.82088330095,2214.60393174469,208.34633525185,395.80809544411,71.9149285951199,111.800112341785,0,0,89.5922873127055,85.0886245841677,8.02733461314807,15.2515276716749,2.77115370942398,4.30807588745842,0,0,29434.374408641,27974.660170195,3174.57953505664,6007.77005986231,1254.0992411898,1909.0574826722,0,0,1130.87368783986,1074.83241197258,123.007939579064,232.996635807809,48.9736602372193,74.6138534348547,0,0,0,0,5.06574363275972,9.78090059576812,2.23856941038583,3.42087297949199,0,0,0,0,0,0,0,0,0,0,199.497748504365,199.98563958254,82.2739757456218,164.029918491631,52.7496284368639,89.2584824673616,0,0,7.66496135211817,7.68376998898451,3.14742865217044,6.27250475590133,2.00800861771248,3.39681574536704,0,0,610.929742504658,594.229380291436,174.334808336169,358.574735569419,137.479143485848,228.999819284948,0,0,23.4726140619087,22.8312516650302,6.67697803084627,13.7282995295505,5.24445814784843,8.73287420084763,0,0,0,0,21.7202111506498,45.8219293258254,16.6087995270545,26.6218376435587,0,0,0,0,0,0,0,0,0,0,88.877933473083,49.8542110879552,71.039897214592,66.9088713453354
"52",1994,2304,4.25,7814.71839691416,7365.58840624029,948.38251453702,1792.70183411509,378.330271470206,578.558999268634,0,0,0,0,0,0,0,0,0,0,0,0,1.46088032816827,2.82092033276649,0.682526633667256,1.04771843963563,0,0,0,0,0,0,0,0,0,0,2338.46385701241,2217.2701350652,212.188873205318,403.134692142333,73.6582071010328,114.673561393554,0,0,89.8475209859391,85.1910643794522,8.17539247153633,15.5338684598204,2.8383216811746,4.41878824581467,0,0,29350.1645406425,27847.3316686765,3213.50266491838,6080.95871401424,1276.83899449384,1945.64504568401,0,0,1127.63854317208,1069.94023549603,124.521476215872,235.847946378648,49.8644870269809,76.0490568091378,0,0,0,0,5.13277228190077,9.91106727427205,2.280358188625,3.48835820861925,0,0,0,0,0,0,0,0,0,0,199.49194942497,199.68752129214,83.6704055954248,166.858091589891,53.9172602069959,91.3792365209081,0,0,7.66473905184701,7.67231578904742,3.20084252067603,6.38061678471948,2.05247233090051,3.47754181554556,0,0,607.044014628244,589.777829687969,176.869119839485,364.085921767504,140.095095066688,233.881285956328,0,0,23.3233217262747,22.6602158529987,6.77394672110088,13.939057494473,5.34418178898351,8.9188791513104,0,0,0,0,22.1180932569394,46.6949906677984,16.9722554788276,27.2461180872661,0,0,0,0,0,0,0,0,0,0,90.6100050339774,50.7581344332614,73.3900749838709,69.099422739008
"53",1994,2304,4.33333333333333,7795.38631352083,7335.34538307761,959.654010501986,1813.66832270296,383.974612874657,587.680751129229,0,0,0,0,0,0,0,0,0,0,0,0,1.47928976413395,2.85620184583685,0.692935657516709,1.06460766705939,0,0,0,0,0,0,0,0,0,0,2345.34699695505,2220.15381133653,216.028517729555,410.471703678224,75.4409700688084,117.614435677732,0,0,90.1119822298408,85.301859833283,8.32334577290489,15.8166221082211,2.9070107545467,4.53209809937979,0,0,29266.4366291474,27720.8995115589,3251.56648327904,6152.66218366372,1299.77489052227,1982.57330472978,0,0,1124.42191424696,1065.08249809373,126.002097981647,238.642438060489,50.7631036518654,77.4978236300883,0,0,0,0,5.19993988363105,10.0413162327818,2.32254496015967,3.55653535755442,0,0,0,0,0,0,0,0,0,0,199.507181342294,199.409253463689,85.0775139525829,169.707332278897,55.1087884984823,93.5435241227264,0,0,7.66532479127898,7.66162427576737,3.25466591609358,6.48953579274803,2.09784816020248,3.55992858797234,0,0,603.165994534628,585.341602522685,179.39528410921,369.58949378369,142.745442734979,238.833110054809,0,0,23.1743255177527,22.489768792837,6.87059969452575,14.1495148098062,5.44521602169247,9.10756324070403,0,0,0,0,22.5184770767333,47.5742542670946,17.3412220645501,27.8806116058133,0,0,0,0,0,0,0,0,0,0,92.3421178208561,51.6607542996462,75.7883283113839,71.3368399784748
"54",1994,2304,4.41666666666667,7776.10148515575,7305.31834802505,970.630772033726,1834.1239388665,389.655585139384,596.862067285011,0,0,0,0,0,0,0,0,0,0,0,0,1.49768268844713,2.89141471668563,0.703422061292232,1.08162176650454,0,0,0,0,0,0,0,0,0,0,2352.47236830604,2223.25617555726,219.867930419683,417.823543811558,77.2634202419761,120.623443111941,0,0,90.385750391821,85.421057627849,8.47129620459927,16.0999573130225,2.97722879654075,4.64803278226855,0,0,29183.188645748,27595.3582663273,3288.78568799118,6222.90209814632,1322.89570010209,2019.82780388307,0,0,1121.223723147,1060.25899103893,127.450357078737,241.380919455978,51.6690781335307,78.9595986447566,0,0,0,0,5.26698916888591,10.1712329500254,2.36512605842088,3.62539902937059,0,0,0,0,0,0,0,0,0,0,199.543061750811,199.15051704932,86.4937111064667,172.575244688997,56.3243640065806,95.7518838825651,0,0,7.6667038741047,7.65168319081221,3.30883786389532,6.59916994604725,2.14414198418001,3.64399682541204,0,0,599.296065231621,580.921018016509,181.913184440924,375.084767450386,145.429990833132,243.855048095921,0,0,23.0256401520586,22.3199227495207,6.96693267970542,14.3596456706311,5.5475534406016,9.29891729671788,0,0,0,0,22.9212874585746,48.4595417433933,17.715687996882,28.5253213678952,0,0,0,0,0,0,0,0,0,0,94.0744527481654,52.5621597471967,78.2354664462533,73.6219019465128
"55",1994,2304,4.5,7756.85950499418,7275.50197664867,981.317424981122,1854.07526136969,395.368921098648,606.097190632576,0,0,0,0,0,0,0,0,0,0,0,0,1.51598156103464,2.92643051652355,0.713982392741431,1.09875565110305,0,0,0,0,0,0,0,0,0,0,2359.84118697126,2226.57762365247,223.709523079129,425.194204220291,79.1257645664915,123.701280643853,0,0,90.668872188927,85.5486729752248,8.61933593181125,16.3840266691296,3.04898382427131,4.76661919457216,0,0,29100.4190846882,27470.7030286081,3325.1748483349,6291.69999817828,1346.1904681048,2057.39438205013,0,0,1118.04391203484,1055.46952589691,128.866801133565,244.064196272287,52.581988748183,80.4338375425508,0,0,0,0,5.3337112901145,10.300479043876,2.40809318030414,3.69493822309375,0,0,0,0,0,0,0,0,0,0,199.599239837497,198.911016224752,87.917650993965,175.459797239605,57.5641052404294,98.0048108227129,0,0,7.66886282168181,7.64248116813718,3.36330676684163,6.70944143470462,2.191358444125,3.72976562158088,0,0,595.434664723116,576.516454196777,184.422589422594,380.570893349403,148.14853433127,248.946848971962,0,0,22.8772824579093,22.1506922474627,7.06293700229081,14.5694179341391,5.65118629446164,9.4929318766674,0,0,0,0,23.3264123199446,49.3506151310726,18.095639598042,29.1802464331229,0,0,0,0,0,0,0,0,0,0,95.8071875628888,53.4624384521988,80.732289501974,75.9553852476059
"56",1994,2304,4.58333333333333,7737.65618962023,7245.89117965498,991.718505568468,1873.5287663093,401.110448352557,615.380460035057,0,0,0,0,0,0,0,0,0,0,0,0,1.53412318297842,2.96114383254471,0.724611864474964,1.11600255463254,0,0,0,0,0,0,0,0,0,0,2367.45394939305,2230.1178620066,227.555478760313,432.587290663566,81.0282146727826,126.848637408408,0,0,90.9613666952676,85.6846945942306,8.76754839799117,16.6689680473784,3.12228402528453,4.88788392551325,0,0,29018.1268734754,27346.9293334204,3360.74839503529,6359.07731651278,1369.64850989802,2095.25916949598,0,0,1114.88243971894,1050.71393111518,130.251972809587,246.693070575799,53.5014238968415,81.920006827488,0,0,0,0,5.39993815016141,10.4287804627194,2.45143456634432,3.76513772905161,0,0,0,0,0,0,0,0,0,0,199.675391751591,198.690474309923,89.3482022696768,178.359280123298,58.8281043881531,100.302762413394,0,0,7.67178919129197,7.63400757724918,3.41802928966204,6.82028483328181,2.23950117045562,3.81725263398157,0,0,591.58227711976,572.128338395355,186.923172788537,386.046885327779,150.900854323206,254.108247368607,0,0,22.7292710354854,21.9820937054359,7.15860034881334,14.7787942169878,5.7561063132171,9.68959701538499,0,0,0,0,23.7337100395409,50.2471883470514,18.4810598582794,29.8453805892198,0,0,0,0,0,0,0,0,0,0,97.5404970666253,54.3616767891011,83.2795895409097,78.338065123575
"57",1994,2304,4.66666666666667,7718.4875506875,7216.48107411699,1001.83846380248,1892.49083092654,406.876086303378,624.706307441302,0,0,0,0,0,0,0,0,0,0,0,0,1.55205602100563,2.99546807877866,0.73530477278813,1.13335453888994,0,0,0,0,0,0,0,0,0,0,2375.31056591878,2233.87603990596,231.407775439239,440.006063604461,82.9709873751243,130.06619805203,0,0,91.2632304662459,85.8290897990866,8.91600922585079,16.9549061421083,3.19713777857301,5.01185338306305,0,0,28936.3112817336,27224.0330649246,3395.52061128547,6425.05535902589,1393.25940516529,2133.4085816028,0,0,1111.73927815169,1045.99204855583,131.606409455304,249.268340058415,54.4269818773301,83.4175835878851,0,0,0,0,5.46553456284655,10.5559153946814,2.49513616717542,3.83597950849032,0,0,0,0,0,0,0,0,0,0,199.771215792674,198.488629694227,90.7844176145274,181.272260059862,60.1164331960897,102.646164793515,0,0,7.67547139126,7.62625236664775,3.47296917606704,6.93164535635989,2.28857300963722,3.90647432377833,0,0,587.739423484301,567.757137466586,189.414533762856,391.511649757601,153.686713849253,259.338957426433,0,0,22.5816259047004,21.8141450607311,7.25390754917024,14.9877330209761,5.86230454752508,9.88890198236897,0,0,0,0,24.1430169079809,51.1489387861509,18.8719275803436,30.5207113010001,0,0,0,0,0,0,0,0,0,0,99.2745533566537,55.2599599196684,85.8781517577049,80.7707163897154
"58",1994,2304,4.75,7699.34977313031,7187.26696128444,1011.68166611476,1910.96773652921,412.661843856757,634.069255747359,0,0,0,0,0,0,0,0,0,0,0,0,1.5697382835206,3.02933246018095,0.746054763480007,1.15080281950246,0,0,0,0,0,0,0,0,0,0,2383.4104625183,2237.85085042345,235.268205259403,447.453470973963,84.9543045798335,133.354644650569,0,0,91.5744414467054,85.9818083755635,9.06478694982042,17.2419537193776,3.27355365245071,5.13855386912347,0,0,28854.971852059,27102.0103881474,3429.50562553357,6489.65528940804,1417.01299286485,2171.8293140084,0,0,1108.6144097728,1041.3037308723,132.930642820958,251.790797443446,55.3582706989968,84.9260553179266,0,0,0,0,5.5303926712658,10.6817055915469,2.53918236206358,3.90744355391688,0,0,0,0,0,0,0,0,0,0,199.886428916615,198.305232953174,92.2255095749467,184.197544558158,61.4291474218083,105.035417786541,0,0,7.67989854670693,7.61920595304265,3.52809631800134,7.04347748140768,2.33857619585754,3.99744614892988,0,0,583.906654613212,563.403350055564,191.89621271167,396.964008237437,156.505855069324,264.638668040269,0,0,22.4343682278631,21.6468654720911,7.34884117834866,15.1961896059033,5.96977126025603,10.0908351018834,0,0,0,0,24.5541523821969,52.0555155873536,19.2682169319165,31.2062191350591,0,0,0,0,0,0,0,0,0,0,101.009525998922,56.1573718526493,88.5287554767734,83.2541141892798
"59",1994,2304,4.83333333333333,7680.2391974317,7158.24430850736,1021.25239761606,1928.96567093845,418.463817396667,643.463916961325,0,0,0,0,0,0,0,0,0,0,0,0,1.58713641400108,3.0626795840704,0.756855022811801,1.16833800159435,0,0,0,0,0,0,0,0,0,0,2391.75266263789,2242.04061132125,239.138391181486,454.932176416944,86.9783930366414,136.714658051339,0,0,91.8949621158901,86.1427856893939,9.21394364991792,17.5302126932511,3.35154039612285,5.26801163230401,0,0,28774.1083446847,26980.8576945729,3462.71740559212,6552.89811631172,1440.89936650644,2210.50833813087,0,0,1105.50782538334,1036.64883941893,134.225198826153,254.261229985839,56.2949079092041,86.4449197537096,0,0,0,0,5.59442760288924,10.806009583805,2.58355646601101,3.97950850050003,0,0,0,0,0,0,0,0,0,0,200.020764016129,198.140044661885,93.6708305038662,187.134152152633,62.7662903497532,107.47089904627,0,0,7.68506039506538,7.61285913734479,3.58338598314578,7.15574380222085,2.38951248650435,4.09018272371524,0,0,580.084545111978,559.067500246304,194.367703801373,402.402716049555,159.357997256746,270.00703920819,0,0,22.2875200820445,21.4802750756638,7.44338204287954,15.4041166989507,6.078495849529,10.2953836133148,0,0,0,0,24.96692313091,52.9665460451938,19.6698971890398,31.9018774142676,0,0,0,0,0,0,0,0,0,0,102.745582164662,57.0539954885237,91.2321750237485,85.7890346288125
"60",1994,2304,4.91666666666667,7661.15230232063,7129.40873160657,1030.554864377,1946.49073093998,424.278188702612,652.88499033099,0,0,0,0,0,0,0,0,0,0,0,0,1.60422360144467,3.09546310139555,0.767698470246898,1.18595031662794,0,0,0,0,0,0,0,0,0,0,2400.3358667881,2246.44334349813,243.019803741801,462.444587748503,89.0434841767925,140.146919317476,0,0,92.2247425453373,86.3119457003435,9.36353558987213,17.8197752102761,3.43110693454268,5.4002529245798,0,0,28693.7206837826,26860.5715495056,3495.16975288108,6614.80468057636,1464.90886914635,2249.43289641999,0,0,1102.4195220826,1032.02724222851,135.490597332194,256.68041897483,57.2365204093664,87.9736846992117,0,0,0,0,5.65757316645419,10.9287159704246,2.62824124763903,4.05215224708741,0,0,0,0,0,0,0,0,0,0,200.173967280265,197.99283329161,95.1198528134676,190.081283064621,64.1278961408795,109.95296802764,0,0,7.69094718462711,7.60720302384707,3.63881805437065,7.26841389865534,2.44138329130194,4.18469797157638,0,0,576.27368762798,554.750131381773,196.828467307677,407.826480116754,162.242834928614,275.443698528311,0,0,22.1411042374983,21.314394747557,7.537509653861,15.6114651847921,6.18846677696601,10.5025335371816,0,0,0,0,25.3811270288007,53.8816419345258,20.076932477818,32.6076518736029,0,0,0,0,0,0,0,0,0,0,104.482886765807,57.9499126636582,93.9891805959492,88.3762554094121
"61",1995,2304,5,7640.28527516315,7098.41244571076,1040.80252114827,1965.85318061509,430.042270827034,662.483202729922,0,0,0,0,0,0,0,0,0,0,0,0,1.62097384645655,3.12818897038122,0.778464011335344,1.20390465212552,0,0,0,0,0,0,0,0,0,0,2408.8809832135,2250.73811165987,247.121404717577,470.39823165486,91.13755753017,143.686314219766,0,0,92.5530595834888,86.476957561179,9.52159003400168,18.1263060679454,3.51178997247073,5.53662184074688,0,0,28610.1012283318,26736.7930859952,3529.53235874544,6680.72872501968,1488.82306848333,2289.12315758447,0,0,1099.20705011382,1027.2714645381,136.829319285704,259.254354674787,58.17457057796,89.5326943781107,0,0,0,0,5.71963663380145,11.0514395438283,2.67282800781429,4.12629409848178,0,0,0,0,0,0,0,0,0,0,200.265867332673,197.873930327813,96.582465750622,193.154532365174,65.4673874842122,112.607017914828,0,0,7.69447861981605,7.6026345650931,3.69477610923796,7.38591757159599,2.49241551719231,4.28576459019479,0,0,572.418259404336,550.391181649135,199.309619260524,413.35591125805,165.13484285791,281.014944930556,0,0,21.9929759186913,21.1469168160573,7.63242172080283,15.8228628111522,6.29871067852246,10.7148128771494,0,0,0,0,25.7946622857543,54.806679542192,20.4862700167267,33.3311080816516,0,0,0,0,0,0,0,0,0,0,106.266688221265,58.7758377506714,96.873692979192,90.8118492426707
"62",1995,2304,5.08333333333333,7618.32331968992,7066.15470521958,1051.50891847646,1986.13776093215,435.790654397948,672.219965534578,0,0,0,0,0,0,0,0,0,0,0,0,1.63780741046566,3.16134563880093,0.789191328423531,1.22210415214205,0,0,0,0,0,0,0,0,0,0,2417.50084758556,2255.04910003645,251.363665054241,478.642264831948,93.2692929007792,147.328455914109,0,0,92.8842485572855,86.642592628607,9.68505471531846,18.4440119167851,3.59392357712004,5.6769487915092,0,0,28524.6487521632,26611.1791028094,3564.75108589365,6748.58719141236,1512.74472772634,2329.43117301775,0,0,1095.92415117019,1022.44516325365,138.200923221094,261.902947678516,59.1130509088012,91.1161442057299,0,0,0,0,5.78169027163467,11.1751958524559,2.71745069414521,4.20161241884832,0,0,0,0,0,0,0,0,0,0,200.330971316356,197.775985399777,98.0633491351053,196.318875583892,66.8064351588524,115.380160672535,0,0,7.69698051286074,7.59887134790401,3.75143854733746,7.50691437094269,2.54343446493967,4.39137035823954,0,0,568.534723059314,546.015423743849,201.797238214976,418.950393649226,168.038362179025,286.708494019076,0,0,21.8437676372643,20.9787930880914,7.72758330215284,16.0367512918957,6.40939374142996,10.9317529170332,0,0,0,0,26.2080672371164,55.7393852852354,20.8988342752585,34.06970750256,0,0,0,0,0,0,0,0,0,0,108.079504567088,59.5577502115722,99.859379363498,93.1699937859342
"63",1995,2304,5.16666666666667,7596.39801457398,7034.11076615844,1061.90884510703,2005.88734635711,441.559998576314,681.997314507655,0,0,0,0,0,0,0,0,0,0,0,0,1.65472812980917,3.1945947825348,0.799954095662607,1.24037982745653,0,0,0,0,0,0,0,0,0,0,2426.37265722422,2259.57799081432,255.617159553007,486.924739753292,95.4474724771496,151.054770249688,0,0,93.2251176711279,86.8165998547557,9.84895794682913,18.7632085549041,3.67784621498604,5.82051809712691,0,0,28439.6970276793,26486.4724386805,3599.15136375987,6815.02001970785,1536.80335480577,2370.024452772,0,0,1092.6604901739,1017.65372270312,139.541119731317,264.496902839868,60.0570240489222,92.7110359573621,0,0,0,0,5.84382823288344,11.2989300366627,2.76236008626692,4.27753106570657,0,0,0,0,0,0,0,0,0,0,200.420190345777,197.691684315747,99.5568108153826,199.502028155461,68.1752701181388,118.194058355401,0,0,7.70040893951495,7.59563234910487,3.80858453715481,7.62863470321152,2.59559131649466,4.49853427244137,0,0,564.658165323343,541.661531830616,204.271104516645,424.533659797546,170.968188375576,292.484210837778,0,0,21.6948274661553,20.811509487437,7.82221664961145,16.2502051277928,6.52108047103295,11.1518236630753,0,0,0,0,26.6224998431368,56.6757932542288,21.3164440828874,34.8187282407677,0,0,0,0,0,0,0,0,0,0,109.893019718329,60.3393024713159,102.90144552183,95.5793677045419
"64",1995,2304,5.25,7574.50546939797,7002.27581128514,1072.00711442535,2025.10868111235,447.345959503649,691.809227496566,0,0,0,0,0,0,0,0,0,0,0,0,1.67163798860891,3.22777504664874,0.810752143014288,1.25873008592483,0,0,0,0,0,0,0,0,0,0,2435.49585548907,2264.32372532978,259.883650649371,495.248651178992,97.6721604620812,154.866180150598,0,0,93.5756455380018,86.9989385640725,10.0133669936156,19.084010374241,3.76356045270973,5.96736540628202,0,0,28355.2452215523,26362.6686342908,3632.74780506056,6880.04878150913,1560.98873123464,2410.889618043,0,0,1089.4160351209,1012.89697155165,140.850459140319,267.037028248132,61.0060953735493,94.3168537007223,0,0,0,0,5.90581731147787,11.4222685206752,2.80755650554922,4.35404894106767,0,0,0,0,0,0,0,0,0,0,200.532967795543,197.621113982294,101.061529226097,202.702683365332,69.5737276248101,121.05052002339,0,0,7.70474251352492,7.59292090778699,3.86616342171127,7.75102849311927,2.64888003374279,4.60732561067284,0,0,560.789484174759,537.329651132778,206.731286817426,430.104546921366,173.924374866396,298.340535092509,0,0,21.5461899068566,20.6450715938043,7.91632463883219,16.4631803738853,6.63377303561964,11.3749660370031,0,0,0,0,27.0379022851244,57.615738958197,21.7390520010219,35.5781239879454,0,0,0,0,0,0,0,0,0,0,111.707449421579,61.120548630844,106.000933841895,98.0406153281982
"65",1995,2304,5.33333333333333,7552.64195405559,6970.64519361293,1081.80844047463,2043.80839632977,453.144293671339,701.649779414035,0,0,0,0,0,0,0,0,0,0,0,0,1.68845707682189,3.260753955546,0.821583202822563,1.27715076630841,0,0,0,0,0,0,0,0,0,0,2444.86949720403,2269.28486322258,264.164739950368,503.616705755684,99.9434506969638,158.763584183422,0,0,93.93579584273,87.189553415613,10.178342997962,19.4065207819864,3.85106998138822,6.11752541728811,0,0,28271.2927116808,26239.7634636803,3665.5548461233,6943.69488572621,1585.29089820818,2452.01357189679,0,0,1086.19076212217,1008.17474743038,142.129485345063,269.524126234905,61.9598799911745,95.9330919649861,0,0,0,0,5.96746974363381,11.5449086855778,2.85303524931305,4.43115905410567,0,0,0,0,0,0,0,0,0,0,200.668782383789,197.564350102849,102.576378539136,205.91976252578,71.0016406807432,123.951210619509,0,0,7.70996120658013,7.59073993259916,3.9241320782824,7.87405446260484,2.70329447302432,4.7178081555836,0,0,556.929577350685,533.019976581108,209.177746920097,435.66180914647,176.90692846795,304.276003511549,0,0,21.3978894515805,20.4794868967435,8.00990604402915,16.6756298890636,6.74747184494725,11.6011246798068,0,0,0,0,27.4541818975632,58.5590022492676,22.166609440499,36.3478453216211,0,0,0,0,0,0,0,0,0,0,113.523004439758,61.9015431198948,109.158869644204,100.554400254244
"66",1995,2304,5.41666666666667,7530.80387531695,6939.21441237434,1091.31744579179,2061.99301942169,458.950851621681,711.513136415277,0,0,0,0,0,0,0,0,0,0,0,0,1.70511958011454,3.29342165559359,0.832443580664138,1.29563593893254,0,0,0,0,0,0,0,0,0,0,2454.49234281166,2274.45967641143,268.461889869367,512.031362195889,102.261462724273,162.747864153823,0,0,94.3055209595343,87.3883780137308,10.3439418019479,19.7308337311855,3.94037946831879,6.2710321724193,0,0,28187.8390251368,26117.7528719245,3697.58674736214,7005.97957033691,1609.70014297773,2493.38348324771,0,0,1082.98465301965,1003.48689454194,143.37873581489,271.958993034035,62.9180022369437,97.5592551462249,0,0,0,0,6.02863288976961,11.6666030882808,2.89878828180989,4.50885046163571,0,0,0,0,0,0,0,0,0,0,200.827142831679,197.521456813638,104.100395461115,209.152374563501,72.4588445540468,126.897671110962,0,0,7.71604614312398,7.58909188775935,3.98245363752051,7.997678568191,2.75882856291399,4.83004096440173,0,0,553.079338125999,528.732743137009,211.610363035015,441.204141164492,179.91580970168,310.289229184408,0,0,21.2499604210846,20.3147644238462,8.10295643235493,16.8875042481693,6.86217555870521,11.8302471621853,0,0,0,0,27.8712207844842,59.5053221626067,22.5990654795576,37.1278383681321,0,0,0,0,0,0,0,0,0,0,115.33989105358,62.6823406391262,112.376263599367,103.121403611418
"67",1995,2304,5.5,7508.9877677427,6907.97910377063,1100.53866277901,2079.66897595911,464.761577765996,721.393556077144,0,0,0,0,0,0,0,0,0,0,0,0,1.72157202814979,3.32568817049886,0.843328434744292,1.31417824204727,0,0,0,0,0,0,0,0,0,0,2464.36290448696,2279.84619561648,272.776432252895,520.49484726077,104.626339541886,166.81988813068,0,0,94.6847637237981,87.5953366955448,10.5102142750315,20.0570343289321,4.03149447216542,6.42791917529933,0,0,28104.8838063768,25996.6329439932,3728.85758660759,7066.92389018129,1634.20699974334,2534.98678740777,0,0,1079.79769416489,998.833262463928,144.598741335697,274.342418315999,63.8800957099602,99.194857529121,0,0,0,0,6.08918474984123,11.7871525699887,2.94480492280793,4.5871090669919,0,0,0,0,0,0,0,0,0,0,201.007585758239,197.492486355904,105.632764207091,212.399797475183,73.9451793083457,129.891327447365,0,0,7.72297951947019,7.5879787804611,4.04109690388986,8.12187328413746,2.81547640303194,4.94407871149803,0,0,549.239652443827,524.468220938705,214.028941272839,446.73019088896,182.950931944648,316.378891035385,0,0,21.1024368544219,20.1509145542547,8.19546860568492,17.0987522294955,6.97788105290432,12.0622835829444,0,0,0,0,28.2888802226459,60.4544037544303,23.0363663076576,37.9180440869945,0,0,0,0,0,0,0,0,0,0,117.158311206128,63.4629961200601,115.654112881858,105.742323574453
"68",1995,2304,5.58333333333333,7487.19028162549,6876.93502860267,1109.47653706895,2096.84259375492,470.572508083196,731.285385528923,0,0,0,0,0,0,0,0,0,0,0,0,1.73777118669599,3.35748009205955,0.854232101197853,1.33276927325477,0,0,0,0,0,0,0,0,0,0,2474.47949864344,2285.44226289621,277.109580509212,529.00917812401,107.038244986319,170.980514258968,0,0,95.0734594494366,87.8103465494909,10.6772067750836,20.3851996880838,4.12442134411354,6.58821953884712,0,0,28022.4267822024,25876.3998700748,3759.38125603959,7126.5487079492,1658.80224498214,2576.81118061597,0,0,1076.62987507279,994.213704816619,145.790025885104,276.675184834466,64.8458031019765,100.839423085135,0,0,0,0,6.14902857739104,11.9063979672752,2.99107265134076,4.66591855081445,0,0,0,0,0,0,0,0,0,0,201.20967288396,197.477479016363,107.172797692067,215.661455376459,75.4604922337683,132.933502265698,0,0,7.73074449636155,7.58740215858583,4.10003563047635,8.24661671553254,2.87323235948463,5.05997213569081,0,0,545.411396218177,520.226709591578,216.433229064196,452.238573420052,186.012161599959,322.543721401063,0,0,20.9553524053056,19.9879487992869,8.28743311637356,17.3093213526446,7.09458342477483,12.2971860946758,0,0,0,0,28.7070057447439,61.4059260182902,23.4784546843288,38.7183976127136,0,0,0,0,0,0,0,0,0,0,118.97846274983,64.2435646783105,118.993402666178,108.417874490964
"69",1995,2304,5.66666666666667,7465.40817173784,6846.07806068069,1118.13543077908,2113.52010679088,476.379767907824,741.183059738295,0,0,0,0,0,0,0,0,0,0,0,0,1.75368211150726,3.38873751627099,0.865148382193651,1.35139993709642,0,0,0,0,0,0,0,0,0,0,2484.84029475597,2291.24558046847,281.46244154185,537.576184263785,109.497361090027,175.230594194325,0,0,95.4715378047465,88.0333192911043,10.8449616020573,20.7153997610458,4.21916712791443,6.75196611863024,0,0,27940.467729334,25757.0499135879,3789.17145923675,7184.8746853391,1683.47689269989,2618.84461467707,0,0,1073.48118717583,989.628078033941,146.953106511882,278.958068079338,65.8147760234822,102.49248527513,0,0,0,0,6.20808792224238,12.0242124621927,3.03757781285473,4.74526119209491,0,0,0,0,0,0,0,0,0,0,201.432988391385,197.476463229762,108.719919437551,218.936896461621,77.004639897478,136.025426359454,0,0,7.73932509756009,7.58736311464315,4.15924782156571,8.37189174683495,2.93209114557871,5.1777684784593,0,0,541.59543282463,516.008532648633,218.822927915647,457.727884237765,189.099318610167,328.782494011049,0,0,20.8087402456992,19.8258795903677,8.37883875734719,17.5191583864353,7.21227601087569,12.5349084448663,0,0,0,0,29.1254317915246,62.3595491631973,23.9252695014796,39.5288277132277,0,0,0,0,0,0,0,0,0,0,120.800539686565,65.0241015634367,122.395107637643,111.14878602174
"70",1995,2304,5.75,7443.63828954022,6815.40417869139,1126.51962498954,2129.70765818825,482.179570256345,751.081100324033,0,0,0,0,0,0,0,0,0,0,0,0,1.76927688104096,3.41941202770203,0.87607070476595,1.37006063984952,0,0,0,0,0,0,0,0,0,0,2495.44334854608,2297.2537439754,285.836024731224,546.197523698717,112.003885795124,179.570974958405,0,0,95.8789240874403,88.2641625411107,11.0135173394353,21.0476979580726,4.31573947314098,6.91919158520009,0,0,27859.0064526731,25638.579389766,3818.24170933936,7241.92227682944,1708.22219044097,2661.07529278181,0,0,1070.35162298885,985.076240540633,148.088493259209,281.191836031191,66.7866748577635,104.153586896226,0,0,0,0,6.26630344036218,12.1404966085289,3.08430599375148,4.82511831115016,0,0,0,0,0,0,0,0,0,0,201.677137067927,197.489455904837,110.273650356432,222.225777014179,78.5774892576083,139.168247558591,0,0,7.74870613849155,7.58786229829481,4.21871522367086,8.49768542469346,2.99204786590859,5.29751182304586,0,0,537.792611392578,511.814033510634,221.19770248522,463.196708461242,192.212177424743,335.09401515126,0,0,20.6626330002033,19.6647201215044,8.46967291049864,17.728209704929,7.33095042305453,12.7754056385806,0,0,0,0,29.5439846497346,63.3149192833145,24.376745634394,40.3492565837656,0,0,0,0,0,0,0,0,0,0,122.624732348633,65.8046621143763,125.860193204288,113.935802463342
"71",1995,2304,5.83333333333333,7421.87757617064,6784.90945884226,1134.63332212925,2145.41130304735,487.968214197839,760.974114435608,0,0,0,0,0,0,0,0,0,0,0,0,1.78453345642883,3.44946488335529,0.886992259405939,1.38874145961402,0,0,0,0,0,0,0,0,0,0,2506.2866315312,2303.46427206423,290.231250456608,554.874698346513,114.558030794694,184.00250054513,0,0,96.2955403599733,88.5027809619692,11.1829091782577,21.3821517322245,4.41414655322829,7.08992848676642,0,0,27778.0427660825,25520.9846467867,3846.60532753842,7297.71172401127,1733.02961519903,2703.49166532915,0,0,1067.24117537063,980.558052027219,149.196689100309,283.377248937073,67.7611686112138,105.822279928842,0,0,0,0,6.3236300287848,12.255173858487,3.13124234749038,4.90547065543726,0,0,0,0,0,0,0,0,0,0,201.941742598585,197.516462823582,111.833596528034,225.527846647255,80.1789184973209,142.363039051847,0,0,7.75887316064942,7.58889993169515,4.27842285476222,8.62398838831786,3.05309804960179,5.41924341223632,0,0,534.003765315614,507.643571632231,223.557188848666,468.643629194183,195.350468146089,341.477115496456,0,0,20.5170626888226,19.5044842035214,8.5599218639324,17.9364216081811,7.45059659130461,13.0186336266743,0,0,0,0,29.9624850671168,64.2716725299705,24.8328138397546,41.1795996986286,0,0,0,0,0,0,0,0,0,0,124.451227571247,66.5853017156106,129.389616658666,116.779682104004
"72",1995,2304,5.91666666666667,7400.12305578523,6754.5900678364,1142.48064839281,2160.63701131605,493.7420832029,770.856793646561,0,0,0,0,0,0,0,0,0,0,0,0,1.79943458520704,3.47886526638945,0.897906133392554,1.40743230960586,0,0,0,0,0,0,0,0,0,0,2517.36805891015,2309.87463427961,294.64895849629,563.609069135915,117.160019424792,188.526013421792,0,0,96.7213065209509,88.7490773295386,11.3531692365566,21.718813154977,4.51439698540554,7.26420930778688,0,0,27697.576474347,25404.2620481038,3874.27544179555,7352.26305021298,1757.89086910828,2746.08242559023,0,0,1064.14983683083,976.073372771176,150.278189882663,285.515059097145,68.7379347554975,107.498125378026,0,0,0,0,6.38003406967913,12.3681862609059,3.17837190986163,4.98629877151793,0,0,0,0,0,0,0,0,0,0,202.226445905623,197.557479088527,113.399437346589,228.842934017288,81.8088177009296,145.610807492368,0,0,7.76981236780324,7.59047582667648,4.33835854788483,8.75079431811757,3.11523767747648,5.54300195785502,0,0,530.229710872984,503.497518842988,225.901002418573,474.067235454796,198.513877808267,347.930642223964,0,0,20.3720606740018,19.3451861227068,8.64957111584034,18.1437406269335,7.57120281170379,13.2645490047099,0,0,0,0,30.3807507519267,65.2294391044432,25.2934006704938,42.0197656852523,0,0,0,0,0,0,0,0,0,0,126.280208864801,67.3660757533118,132.984328326507,119.681196587877
"73",1996,2304,6,7377.20982676866,6722.85805625676,1150.78368689387,2176.79777901284,499.481180191209,780.832954656371,0,0,0,0,0,0,0,0,0,0,0,0,1.81401570844246,3.50796984229114,0.908770327438363,1.42631582978199,0,0,0,0,0,0,0,0,0,0,2528.64800414638,2316.47209119807,299.09985628416,572.469332907093,119.806064762698,193.169454294983,0,0,97.1547000554683,89.0025621747962,11.5247082148728,22.0603260270011,4.61634479644242,7.44311055933285,0,0,27616.6849823143,25287.5750779352,3901.64863120871,7406.89517699437,1782.73002435504,2789.21463313169,0,0,1061.04215959424,971.590062528229,151.348198477489,287.656135942804,69.7140044728959,109.195495466195,0,0,0,0,6.43541849831575,12.4804284078804,3.22555422413599,5.06826707254084,0,0,0,0,0,0,0,0,0,0,202.498522271782,197.621112574905,114.977904901533,232.239745152211,83.4514784262332,149.00971820274,0,0,7.7802664265002,7.59292071190348,4.39878218663817,8.88073493908756,3.17786876294318,5.67252484846783,0,0,526.473115038072,499.39123280591,228.219234924706,479.491261448872,201.693550550829,354.503573870583,0,0,20.2277294238205,19.1874159452263,8.73824090519981,18.3510744509226,7.69243159348619,13.5150194182731,0,0,0,0,30.7979914572835,66.1923195293401,25.7574211569911,42.8754465426672,0,0,0,0,0,0,0,0,0,0,128.123925990623,68.1060409361422,136.66956475301,122.486036969718
"74",1996,2304,6.08333333333333,7354.00133290198,6690.89490573101,1158.99496217787,2192.82537325779,505.20251688278,790.829162243628,0,0,0,0,0,0,0,0,0,0,0,0,1.82844264335433,3.53684487711983,0.919607394933168,1.44524765883074,0,0,0,0,0,0,0,0,0,0,2540.16004136576,2323.26490857857,303.58406650908,581.419604233255,122.500828132201,197.917388847969,0,0,97.5970109351331,89.2635530814196,11.6975313517989,22.4053086330397,4.72016948579964,7.62603734338292,0,0,27536.0436344221,25171.5269252506,3928.44391382713,7460.64957455261,1807.59304233341,2832.61188119547,0,0,1057.94409165396,967.131296758911,152.395935010445,289.763494186977,70.6911727212583,110.903571164929,0,0,0,0,6.48995712856428,12.5914333639345,3.27286753171945,5.15087004429623,0,0,0,0,0,0,0,0,0,0,202.783731435693,197.700118463914,116.563381839509,235.664471811914,85.1196641126282,152.483932148021,0,0,7.79122506518176,7.59595622958172,4.45947721467656,9.01174967284897,3.24147753710657,5.8049256641113,0,0,522.72991374853,495.312507739374,230.518962320802,484.900290963214,204.893454330303,361.165114810904,0,0,20.0839127917134,19.030704705284,8.8262030549273,18.5578347342837,7.81443456325979,13.768871048069,0,0,0,0,31.2144644707637,67.1567830205101,26.225490807576,43.7424402823596,0,0,0,0,0,0,0,0,0,0,129.973307955016,68.8356467390383,140.428224964683,125.307983924749
"75",1996,2304,6.16666666666667,7330.79682424058,6659.10934094273,1166.93010793713,2208.3570670745,510.907592660492,800.813116747305,0,0,0,0,0,0,0,0,0,0,0,0,1.84267733790499,3.565347999728,0.930423698687338,1.46417346163577,0,0,0,0,0,0,0,0,0,0,2551.91173792732,2330.25283355872,308.099811526413,590.443957561405,125.245739056255,202.764254909718,0,0,98.04852990998,89.532040334032,11.8715704947013,22.7531479616255,4.82592616443354,7.81277537782466,0,0,27455.8917797144,25056.3304797607,3954.57283564534,7513.20602725008,1832.49024092472,2876.16739224013,0,0,1054.8648292443,962.7052550179,153.418000254413,291.824761511523,71.6698441913149,112.618175402031,0,0,0,0,6.54364844749343,12.7009209301344,3.32033283340814,5.23391810946296,0,0,0,0,0,0,0,0,0,0,203.090301874999,197.792220854424,118.154120540534,239.099652499713,86.8174714209983,156.009369561972,0,0,7.80300443457083,7.59949493586359,4.52037633809028,9.14317003055275,3.30622020364631,5.9392882194117,0,0,519.0002816555,491.257770997684,232.802237604232,490.28656454157,208.115345554773,367.901536018888,0,0,19.9406174880024,18.8749151360721,8.91353656733509,18.7637253838271,7.93727896872247,14.0255811404176,0,0,0,0,31.6301646072394,68.1213540709827,26.6977862846277,44.6191747050394,0,0,0,0,0,0,0,0,0,0,131.825390687639,69.5655683299678,144.255085869058,128.187777276324
"76",1996,2304,6.25,7307.5938465472,6627.49804201699,1174.59339694443,2223.39901844795,516.592764167283,810.779393729683,0,0,0,0,0,0,0,0,0,0,0,0,1.85667666532064,3.59340431875397,0.941215429502887,1.48308694501298,0,0,0,0,0,0,0,0,0,0,2563.89985043745,2337.43247549754,312.64704545403,599.542315187002,128.04096803605,207.710949572834,0,0,98.5091323636403,89.8078936587841,12.0468238554657,23.1038410040438,4.93362142914058,8.00335926882046,0,0,27376.2298046131,24941.9826574842,3980.04821152032,7564.58423000551,1857.41407507856,2919.87065962817,0,0,1051.80438722052,958.311818813178,154.414878951929,293.840678825131,72.6497247201117,114.338899040836,0,0,0,0,6.59646527064733,12.8088392683813,3.36793816443203,5.31739557656573,0,0,0,0,0,0,0,0,0,0,203.417806920742,197.897444201192,119.750218667335,242.545958118749,88.544773764896,159.587565501506,0,0,7.81558814146726,7.60353777034198,4.58148344806819,9.27502199867433,3.37209213728068,6.07567140604792,0,0,515.285230534048,487.227463746362,235.068632259632,495.64838301643,211.35892987121,374.711139281499,0,0,19.7978823863394,18.720064187878,9.00022524986599,18.9686819149593,8.06095384799873,14.285085627917,0,0,0,0,32.044930483189,69.085694699239,27.1742193973616,45.5055362613826,0,0,0,0,0,0,0,0,0,0,133.680367206807,70.2958541011508,148.151131428934,131.126122593583
"77",1996,2304,6.33333333333333,7284.38996095946,6596.05771379716,1181.98901411296,2237.95728177791,522.254472971035,820.722652008125,0,0,0,0,0,0,0,0,0,0,0,0,1.8704060575956,3.62095317428043,0.951977990508511,1.50198078596981,0,0,0,0,0,0,0,0,0,0,2576.12138009488,2344.80066699919,317.225750331818,608.714636431085,130.886707852739,212.758375549453,0,0,98.9787030773733,90.0909913592629,12.2232907194648,23.45738617338,5.04326272953901,8.19782383379881,0,0,27297.0578875958,24828.4802117746,4004.88261361865,7614.80357094019,1882.35720521233,2963.71139920884,0,0,1048.76277244821,953.950863402858,155.387046799188,295.811975665388,73.6305278784886,116.065341201822,0,0,0,0,6.64838872803764,12.9151509002647,3.41567134422506,5.40128639168319,0,0,0,0,0,0,0,0,0,0,203.765836821719,198.01579778087,121.351769098593,246.004004868447,90.3014608414492,163.219955079079,0,0,7.82896044267149,7.60808508944261,4.64280225199079,9.40732947235257,3.4390893310408,6.21413031420527,0,0,511.585724060229,483.222016230359,237.317731941853,500.98412230217,214.623862554327,381.592274472119,0,0,19.6557445123473,18.5661683914031,9.0862534568781,19.1726427247435,8.18544632653362,14.5473222893672,0,0,0,0,32.4585997900813,70.0494638091704,27.6546985500804,46.4014052989777,0,0,0,0,0,0,0,0,0,0,135.538426631675,71.0265525096627,152.117342706376,134.123747362927
"78",1996,2304,6.41666666666667,7261.18274948458,6564.78509007756,1189.12106419822,2252.03781809586,527.889240936905,830.637629968946,0,0,0,0,0,0,0,0,0,0,0,0,1.88383756501721,3.64794498642799,0.962706284200219,1.52084699005528,0,0,0,0,0,0,0,0,0,0,2588.57353122198,2352.35442626733,321.835929460055,617.960907700356,133.783168102315,217.907439585097,0,0,99.4571346367738,90.3812188700844,12.4009711900548,23.8137829234876,5.15485815881063,8.39620404122131,0,0,27218.3760303409,24715.8197608792,4029.08838759731,7663.88315146309,1907.31248574116,3007.67953739529,0,0,1045.73998499992,949.622258854071,156.334971049555,297.73937094639,74.6119745445146,117.797108824565,0,0,0,0,6.69940629897433,13.0198294063686,3.46352018210636,5.48557440281004,0,0,0,0,0,0,0,0,0,0,204.133997840258,198.147278240032,122.958861488028,249.474362880299,92.0874375958796,166.907887533994,0,0,7.84310621024347,7.61313676432324,4.70433633203559,9.54011458352832,3.50720835794824,6.3547167685368,0,0,507.902682856563,479.241848703607,239.549135817195,506.292225616792,217.909753851075,388.543328942229,0,0,19.514239237474,18.413243893478,9.17160606377092,19.3755487932473,8.31074181987176,14.8122303446817,0,0,0,0,32.8710107692424,71.012319826753,28.1391288979891,47.3066562994241,0,0,0,0,0,0,0,0,0,0,137.399754497674,71.757712017847,156.154698464947,137.181398599234
"79",1996,2304,6.5,7237.96981959552,6533.6769377101,1195.99357261654,2265.64649677635,533.49367141632,840.519147473759,0,0,0,0,0,0,0,0,0,0,0,0,1.8969491125222,3.67434004532811,0.973394821328911,1.53967702827908,0,0,0,0,0,0,0,0,0,0,2601.25369603248,2360.09094349393,326.477604428714,627.281137760048,136.730572646456,223.159051538643,0,0,99.9443268465232,90.6784682339308,12.5798660746367,24.1730315677173,5.26841635604009,8.59853497549656,0,0,27140.1840679485,24603.9977980334,4052.67765145214,7711.84178434271,1932.27296720271,3051.76521403594,0,0,1042.73601854784,945.325870430796,157.259110470439,299.623572888864,75.5937929875291,119.533816777803,0,0,0,0,6.74951105297689,13.122858150316,3.51147255801125,5.57024346442162,0,0,0,0,0,0,0,0,0,0,204.521912311419,198.291870550853,124.571582842864,252.957559150345,93.902623957186,170.652631052357,0,0,7.85801093377761,7.61869221759239,4.76608916675393,9.67339781196932,3.57644636143296,6.4974795119119,0,0,504.236985518727,475.287371373029,241.762456944904,511.571202044547,221.216170400484,395.562722493938,0,0,19.373400318439,18.2613064549112,9.25626848114944,19.5773436278738,8.43682408752735,15.0797502633413,0,0,0,0,33.2820029905985,71.9739220724091,28.6274123522462,48.2211578125683,0,0,0,0,0,0,0,0,0,0,139.264532795283,72.4893810556501,160.264175527838,140.299842299336
"80",1996,2304,6.58333333333333,7214.74880857474,6502.73006009644,1202.61048928902,2278.78910087543,539.064447677645,850.362105129393,0,0,0,0,0,0,0,0,0,0,0,0,1.90972340358835,3.70010672242677,0.984037872423434,1.5584620277921,0,0,0,0,0,0,0,0,0,0,2614.15943039245,2368.00755913307,331.150810955688,636.675351394984,139.729156115276,228.514123116563,0,0,100.440185799087,90.9826372667951,12.7599767249657,24.5351330357936,5.38394637224748,8.80485178876985,0,0,27062.4816866638,24493.0107075101,4075.66230241132,7758.69800191207,1957.23189166925,3095.95877808779,0,0,1039.75086104479,941.06155921051,158.159915600041,301.465279326015,76.5757186998503,121.275087702747,0,0,0,0,6.79870054185771,13.2242284091328,3.55951652620449,5.65527757298431,0,0,0,0,0,0,0,0,0,0,204.929218148026,198.449549528462,126.190018316118,256.454082465588,95.7469540418837,174.455381145676,0,0,7.87366070138554,7.62475048160843,4.82806416078367,9.80719817240299,3.6468010256002,6.64246452455851,0,0,500.589471305898,471.358984685709,243.957322190958,516.819622493079,224.54263845325,402.648900560513,0,0,19.2332600006004,18.1103714615226,9.34022665092552,19.7779731076821,8.56367535517085,15.3498235040764,0,0,0,0,33.691418235483,72.9339323596168,29.1194476898916,49.1447725806877,0,0,0,0,0,0,0,0,0,0,141.132940139927,73.2216079784841,164.446749239946,143.479862139454
"81",1996,2304,6.66666666666667,7191.51738729876,6471.94130021335,1208.97569161339,2291.47133131384,544.598331923677,860.161484118334,0,0,0,0,0,0,0,0,0,0,0,0,1.92214708548471,3.72522010271426,0.994629575965665,1.5771929089334,0,0,0,0,0,0,0,0,0,0,2627.28843459156,2376.10174680848,335.855595517403,646.14358422761,142.779161030836,233.973566692127,0,0,100.944623135917,91.2936289012603,12.9413049078149,24.9000886749846,5.50145756016895,9.01518965589071,0,0,26985.2684378204,24382.8547773186,4098.05402194001,7804.47006183338,1982.18268936912,3140.25078464287,0,0,1036.78449525991,936.829182572087,159.03782893348,303.265177918368,77.5574942736811,123.020551906365,0,0,0,0,6.84697595849475,13.3239379476804,3.6076403851948,5.74066095984807,0,0,0,0,0,0,0,0,0,0,205.355568391755,198.620281048675,127.814251744912,259.964387260622,97.6203753534039,178.317267449259,0,0,7.89004218244866,7.63131024526697,4.89026466500915,9.94153336104566,3.71827054514772,6.78971528298527,0,0,496.960942239428,467.457079446106,246.133372252486,522.036116590248,227.888646592727,409.800328587064,0,0,19.0938490985887,17.9604539286469,9.4234670466567,19.977385363629,8.691276417902,15.6223923003145,0,0,0,0,34.099101163744,73.8920162224174,29.6151306650005,50.0773576567416,0,0,0,0,0,0,0,0,0,0,143.005151911733,73.9544410317052,168.703393885102,146.722258446382
"82",1996,2304,6.75,7168.27326351586,6441.30754315632,1215.09298717155,2303.69881064314,550.092164359474,869.912346076767,0,0,0,0,0,0,0,0,0,0,0,0,1.93421008836023,3.74966089319726,1.00516401264288,1.59586048094516,0,0,0,0,0,0,0,0,0,0,2640.63853687587,2384.37109878398,340.59201249235,655.685878311345,145.880835331407,239.538294175458,0,0,101.457555414753,91.6113506282524,13.123852695262,25.2679000809221,5.6209594793671,9.22958373128939,0,0,26908.5437498093,24273.526210061,4119.86428042898,7849.17595240241,2007.11897523181,3184.63199192048,0,0,1033.83689923851,932.628594612936,159.893285096916,305.023946351031,78.5388692749139,124.769847253237,0,0,0,0,6.89434147602519,13.4219898892601,3.65583271805124,5.82637814773399,0,0,0,0,0,0,0,0,0,0,205.800630709358,198.804023103779,129.444365995185,263.488896883475,99.5228478773443,182.2393597708,0,0,7.90714260826255,7.63836989456576,4.95269398946086,10.0764198797963,3.79085359116598,6.93927299028038,0,0,493.352164979231,463.582036852601,248.29026170002,527.219369944264,231.253648325788,417.015487116315,0,0,18.9551970684,17.8115685025381,9.50597667453506,20.1755306726221,8.81960673859968,15.8973994724532,0,0,0,0,34.5048998032538,74.8478438480814,30.1143541428794,51.0187645539358,0,0,0,0,0,0,0,0,0,0,144.881340391489,74.6879283199285,173.035083086134,150.027847276465
"83",1996,2304,6.83333333333333,7145.01418480144,6410.82571837413,1220.96611628389,2315.47708657244,555.542862296248,879.609833008171,0,0,0,0,0,0,0,0,0,0,0,0,1.94590505528298,3.7734144794468,1.01563526650087,1.61445552111418,0,0,0,0,0,0,0,0,0,0,2654.20767874791,2392.81331307813,345.360121612247,665.302278185946,149.034430134865,245.209215879486,0,0,101.978903544831,91.9357140019635,13.3076223667605,25.6385689461126,5.74246181048748,9.44806910565885,0,0,26832.30693878,24165.0211326027,4141.10434167475,7892.83339756201,2032.03454541482,3229.09335826013,0,0,1030.90804671323,928.459646520533,160.726711013805,306.742252519902,79.5196001160987,126.522619057348,0,0,0,0,6.94080367921333,13.5183917413295,3.70408242329194,5.91241399490449,0,0,0,0,0,0,0,0,0,0,206.264086870803,199.000726750235,131.080443210267,267.028006483563,101.454343157759,186.222673578097,0,0,7.92494975198665,7.64592754901674,5.01535541259708,10.2118731460966,3.86454927614157,7.09117678502225,0,0,489.763872540569,459.734228485918,250.427659012862,532.36812164911,234.637064556398,424.2928674159,0,0,18.8173320733576,17.6637294599243,9.58774307411681,20.3723613609326,8.94864454180512,16.174788260715,0,0,0,0,34.9086659507092,75.8010908574688,30.6170082382853,51.9688394034654,0,0,0,0,0,0,0,0,0,0,146.761674891719,75.4221177796278,177.442790176082,153.397459572024
"84",1996,2304,6.91666666666667,7121.73794118484,6380.49280159201,1226.59875439563,2326.81163523292,560.947419293172,889.249167232815,0,0,0,0,0,0,0,0,0,0,0,0,1.95722687184718,3.79647014293105,1.02603747004103,1.63296883395476,0,0,0,0,0,0,0,0,0,0,2667.99390207674,2401.42618224777,350.159985747552,674.992827435023,152.240197762068,250.987239402255,0,0,102.50859229163,92.2666342088965,13.4926163240157,26.0120969276692,5.86597427946043,9.67068076322809,0,0,26756.5572180392,24057.3356045332,4161.78526713656,7935.45986160275,2056.92337380744,3273.62603910637,0,0,1027.99790746518,924.322186897532,161.538526062704,308.420754705972,80.4994499283662,128.278519973463,0,0,0,0,6.98637109758121,13.6131545909937,3.75237873315647,5.99875372332827,0,0,0,0,0,0,0,0,0,0,206.745632207118,199.210336945147,132.722564954432,270.582085508001,103.414843346163,190.268174916252,0,0,7.94345190781391,7.65398109378485,5.07825218663934,10.3479075879479,3.93935711783811,7.24546392842555,0,0,486.196765849545,455.914016252127,252.545246608945,537.481162040302,238.038285936733,431.630967648825,0,0,18.6802810438764,17.5169507058182,9.6687543188409,20.5678317171587,9.07836690294501,16.4545021786518,0,0,0,0,35.3102554740208,76.7514389181113,31.1229804605869,52.9274231238201,0,0,0,0,0,0,0,0,0,0,148.646321882922,76.157057155114,181.927488542002,156.831940396249
"85",1997,2304,7,7100.34872725318,6351.60755729915,1232.78483559002,2339.26599296167,565.963378910191,898.422166506677,0,0,0,0,0,0,0,0,0,0,0,0,1.96772656382005,3.81822531821076,1.03573010422514,1.65063130813016,0,0,0,0,0,0,0,0,0,0,2681.99649183067,2410.29113538278,354.810325654495,684.502087647386,155.395094706437,256.741811387176,0,0,103.046594182487,92.6072398849043,13.6718569298916,26.3786507990294,5.98752735209276,9.89238979238771,0,0,26682.8217696828,23952.3669661026,4180.65803468776,7975.58169802549,2080.50585229124,3316.69780617331,0,0,1025.16515855502,920.289114625372,162.280229839052,310.002001369084,81.4283332648246,129.977499784672,0,0,0,0,7.02887796258974,13.7031501170042,3.79837821372606,6.08257550753657,0,0,0,0,0,0,0,0,0,0,207.106893308095,199.334838702895,134.267961892334,273.998512064156,105.095741705025,193.946606464802,0,0,7.95733258670834,7.65876463557325,5.13745491013455,10.4786922250692,4.00352133797737,7.38578825052434,0,0,482.648450643334,452.141740680678,254.540510220767,542.396585090629,241.300906756273,438.816488988088,0,0,18.5439519890602,17.372013756123,9.74508276690066,20.755741193141,9.20280956990079,16.7284113041288,0,0,0,0,35.6985707701739,77.6806979726281,31.6127602433511,53.8695464046416,0,0,0,0,0,0,0,0,0,0,150.73066424045,77.034299340642,186.957627826436,161.003012407824
"86",1997,2304,7.08333333333333,7079.01648103071,6322.92421192893,1238.75754394646,2351.32857180189,570.932116763354,907.535202260307,0,0,0,0,0,0,0,0,0,0,0,0,1.97812838637841,3.83978266257875,1.04532724773659,1.66817473394112,0,0,0,0,0,0,0,0,0,0,2696.09332564293,2419.21380771772,359.473537792568,694.04709532635,158.581581269131,262.572080952165,0,0,103.588217080777,92.950063224876,13.8515947124167,26.7465859224755,6.11029898934553,10.1170175917837,0,0,26609.6913653263,23848.3199525853,4198.99823809425,8014.72283880135,2104.00702394189,3359.77057042983,0,0,1022.35565480637,916.291452729516,163.001315366943,311.545327765072,82.3541853597312,131.676833384371,0,0,0,0,7.07042311193453,13.7914864057559,3.84430456945033,6.16654151510673,0,0,0,0,0,0,0,0,0,0,207.491087748207,199.476171262036,135.818571653528,277.428356044291,106.816827773812,197.697473800572,0,0,7.97209439640021,7.66419484379654,5.19686068183099,10.6099980970957,4.0692232820165,7.52888589491238,0,0,479.126422968714,448.402648893524,256.51399121106,547.275165886789,244.558942385423,446.031331178991,0,0,18.4086329160325,17.228351781509,9.82058145146233,20.9422490684253,9.32708437141729,17.0034512623245,0,0,0,0,36.0840174559559,78.6058005660346,32.104711163232,54.8186107827665,0,0,0,0,0,0,0,0,0,0,152.82393116348,77.9158741891994,192.075641847641,165.264155454638
"87",1997,2304,7.16666666666667,7057.68654637847,6294.40361540866,1244.49908593935,2362.96261430171,575.859753245372,916.594361028916,0,0,0,0,0,0,0,0,0,0,0,0,1.98839818867106,3.86107555944312,1.05484625991695,1.68561878987714,0,0,0,0,0,0,0,0,0,0,2710.29476185921,2428.2015292118,364.156193090079,703.63830400516,161.80400235636,268.48460990526,0,0,104.133858970707,93.2953858575666,14.03208241959,27.1163042536174,6.23445628168967,10.3448164779246,0,0,26537.1164619289,23745.1327557397,4216.84835846605,8052.93679540862,2127.45470929146,3402.87555808506,0,0,1019.56749269986,912.326826436974,163.703423473936,313.052800090673,83.2780936007396,133.377743285197,0,0,0,0,7.1110873832566,13.8782653589914,3.89020801027024,6.25071005609741,0,0,0,0,0,0,0,0,0,0,207.900675727748,199.636115448878,137.376675159766,280.874953935468,108.583284593277,201.529600666134,0,0,7.98783186089883,7.67034014066839,5.25655680757935,10.7419528307966,4.13666033286731,7.67509288850996,0,0,475.631158126803,444.696199926646,258.468082124472,552.119818872105,247.817634059266,453.281532071646,0,0,18.2743420864913,17.0859439972636,9.89534220211894,21.1274674572366,9.45139136265609,17.279852822593,0,0,0,0,36.4667482707112,79.5269219799275,32.5992221948188,55.7750929477074,0,0,0,0,0,0,0,0,0,0,154.921206993539,78.7981153568274,197.270898509527,169.599091352427
"88",1997,2304,7.25,7036.35473711562,6266.04093474866,1250.01283019168,2374.1730814261,580.743370589226,925.594965527335,0,0,0,0,0,0,0,0,0,0,0,0,1.99849507321667,3.88203004365916,1.06428643184873,1.70296132316978,0,0,0,0,0,0,0,0,0,0,2724.6109981881,2437.26367365751,368.859932148431,713.279164050377,165.063964430306,274.482439041174,0,0,104.683911664548,93.6435679390736,14.2133830690824,27.4879382421302,6.36006085835254,10.5759031867101,0,0,26465.0874894178,23642.7933266652,4234.21750120832,8090.23792346336,2150.84342272696,3446.00410202365,0,0,1016.80030455076,908.394772809091,164.386899675334,314.524959038708,84.199841519408,135.079888026904,0,0,0,0,7.15089424581338,13.9635085476581,3.93607847549647,6.33506675800542,0,0,0,0,0,0,0,0,0,0,208.334437527391,199.813841015069,138.941899464279,284.337732430512,110.392244423518,205.440487824026,0,0,8.00449811687058,7.67716862671614,5.31652912979141,10.8745346997937,4.20572323979191,7.82431414318575,0,0,472.162993472119,441.022339138519,260.4024842514,556.929217951378,251.078044565585,460.56752249598,0,0,18.1410924620543,16.9447883039681,9.96935372120511,21.311346031257,9.57577123226669,17.5576329802682,0,0,0,0,36.8466372724603,80.4437790183888,33.0961696097654,56.7388087538486,0,0,0,0,0,0,0,0,0,0,157.022741934407,79.68110327013,202.545008877859,174.009119421221
"89",1997,2304,7.33333333333333,7015.01721233692,6237.83166385462,1255.30211450047,2384.96492796072,585.580147828729,934.532452845928,0,0,0,0,0,0,0,0,0,0,0,0,2.00838604627844,3.90258585319605,1.07364599326616,1.72019871759303,0,0,0,0,0,0,0,0,0,0,2739.05066107788,2446.40813031965,373.586120646975,722.972554801766,168.362872510207,280.568275404464,0,0,105.238706604238,93.994912587567,14.3955491323133,27.8615984404958,6.48716663543294,10.8103816719215,0,0,26393.5959573174,23541.2906660405,4251.11472258126,8126.64061272455,2174.16793152578,3489.14786571739,0,0,1014.05376415312,904.494869233749,165.052087816841,315.962346989611,85.1192223155612,136.782938698078,0,0,0,0,7.18986602642241,14.0472387651095,3.98190678640308,6.41959826550008,0,0,0,0,0,0,0,0,0,0,208.79127524066,200.008606269238,140.513960377706,287.816278994361,112.241245890939,209.428036953357,0,0,8.02205098121112,7.68465180496827,5.37676688790442,11.0077281388093,4.27631827447747,7.9764699095694,0,0,468.722281411181,437.38105413256,262.316915909861,561.702099774129,254.340975009564,467.889482477007,0,0,18.0088975826392,16.8048842253226,10.0426053647436,21.4938368611045,9.70025469021149,17.8367991618587,0,0,0,0,37.2235656210126,81.3560979175964,33.5954285221081,57.7095708881292,0,0,0,0,0,0,0,0,0,0,159.12877425982,80.5649148132324,207.899485566375,178.495500810162
"90",1997,2304,7.41666666666667,6993.67041950032,6209.77156940939,1260.37024464485,2395.34309685113,590.36735345065,943.402365905807,0,0,0,0,0,0,0,0,0,0,0,0,2.018044303606,3.92269352887973,1.08292244243526,1.73732633206338,0,0,0,0,0,0,0,0,0,0,2753.62110103714,2455.6415846577,378.33590258784,732.720891622001,171.701963231484,286.744549046949,0,0,105.798526208073,94.3496766690912,14.5786245752843,28.2373776058788,6.61582108002062,11.0483452765339,0,0,26322.6342495194,23440.6146281362,4267.54901270587,8162.15924522109,2197.42322983132,3532.29880733624,0,0,1011.32757889472,900.626725895225,165.699329405853,317.365506378016,86.0360378634305,138.486577567926,0,0,0,0,7.22802406758752,14.1294796078753,4.02768445838558,6.50429203218394,0,0,0,0,0,0,0,0,0,0,209.270193510581,200.219743058971,142.09264135532,291.310302397346,114.128160122423,213.490477159664,0,0,8.04045221091849,7.69276400393762,5.43726190926595,11.141522229888,4.34836440833841,8.13149296470957,0,0,465.309380899588,433.772363314217,264.211113945144,566.437263766731,257.60701222644,475.247384095855,0,0,17.877771239775,16.6662324684911,10.1150871993546,21.6748944177477,9.82486427761179,18.1173508632282,0,0,0,0,37.5974209027953,82.2636138834407,34.0968731125789,58.6871891674197,0,0,0,0,0,0,0,0,0,0,161.239531975339,81.449623846117,213.335761300562,183.059466682256
"91",1997,2304,7.5,6972.31107240046,6181.85666968846,1265.2204923734,2405.3125154242,595.102344991317,952.20035330478,0,0,0,0,0,0,0,0,0,0,0,0,2.02744849793597,3.94231317361193,1.0921126870148,1.7543386893302,0,0,0,0,0,0,0,0,0,0,2768.32851869467,2464.96963896244,383.110222737251,742.526170509365,175.082317846437,293.01343534278,0,0,106.363608714125,94.7080754326172,14.7626457185145,28.615352409045,6.74606570691855,11.2898775858089,0,0,26252.195536022,23340.7558372132,4283.52928251887,8196.80816937566,2220.60453231593,3575.44917059449,0,0,1008.621486366,896.789982562084,166.328963109048,318.734978698764,86.9500984709835,140.190497735932,0,0,0,0,7.26538878571795,14.2102552844817,4.07340362810116,6.58913623918688,0,0,0,0,0,0,0,0,0,0,209.770291826966,200.446650589357,143.677784138308,294.819614862318,116.05115891968,217.626333268909,0,0,8.0596672071425,7.70148214012015,5.4980082502576,11.2759100172764,4.42179209605782,8.28932739849993,0,0,461.924652681215,430.196310207843,266.084834942143,571.133573990795,260.876549306923,482.641009658529,0,0,17.747727293688,16.5288347057471,10.1867900482346,21.8544756432783,9.94961515044668,18.3992803444124,0,0,0,0,37.9680969845001,83.166071167608,34.6003767363117,59.6714706126479,0,0,0,0,0,0,0,0,0,0,163.355233433589,82.3353013988941,218.855196950936,187.702221964525
"92",1997,2304,7.58333333333333,6950.93611993883,6154.0832048381,1269.85609421829,2414.87809161962,599.782565708783,960.922165663424,0,0,0,0,0,0,0,0,0,0,0,0,2.03658178226011,3.96141282706309,1.10121322032778,1.77122971202374,0,0,0,0,0,0,0,0,0,0,2783.1781321055,2474.39697129401,387.909857185975,752.390029686765,178.50488131247,299.37688766635,0,0,106.934154608415,95.0702886166961,14.9476424084648,28.9955857943767,6.87793680853932,11.5350536774144,0,0,26182.2736562177,23241.7055766182,4299.06435220674,8230.60167316775,2243.7072603184,3618.59146563335,0,0,1005.93524987591,892.984304326031,166.94132430026,320.071303464593,87.8612223513143,141.894402402889,0,0,0,0,7.30197975992463,14.2895903851236,4.11905695353871,6.67411968339008,0,0,0,0,0,0,0,0,0,0,210.290753493338,200.688786840901,145.269276902255,298.344109740343,118.008671973221,221.834383167046,0,0,8.07966459127759,7.71078538825746,5.55900174202891,11.410887650978,4.4965416404679,8.44992698098802,0,0,458.568454457367,426.652956949109,267.937855823657,575.789958829916,264.149813025631,490.069976291032,0,0,17.6187794876968,16.3926933244408,10.2577055135952,22.0325399386695,10.074516126437,18.6825735695509,0,0,0,0,38.3354936587513,84.0632228630535,35.1058120613112,60.6622196101141,0,0,0,0,0,0,0,0,0,0,165.476088279516,83.2220159640282,224.459092191759,192.424950099297
"93",1997,2304,7.66666666666667,6929.54271708445,6126.4476091533,1274.28025032348,2424.04471041124,604.40554171952,969.563652670657,0,0,0,0,0,0,0,0,0,0,0,0,2.04543092746968,3.97996695989813,1.11022027547521,1.78799293064272,0,0,0,0,0,0,0,0,0,0,2798.17433465396,2483.92748560251,392.73544206701,762.313807652066,181.970480451667,305.836668269463,0,0,107.510332691793,95.4364662173341,15.1336391184094,29.3781292044016,7.01146614932101,11.7839413026765,0,0,26112.8630085594,23143.455684051,4314.16293996315,8263.55395812937,2266.72702879434,3661.71845118088,0,0,1003.26865421278,889.209377577941,167.536744621267,321.375017197025,88.7692351256422,143.5980041911,0,0,0,0,7.33781581691489,14.3675096763476,4.16463752524287,6.75923167715821,0,0,0,0,0,0,0,0,0,0,210.83083503504,200.945660383154,146.867043344641,301.883740873814,119.999345893799,226.113616920626,0,0,8.10041579800617,7.72065486680335,5.62023957220082,11.5464535949557,4.57256162686282,8.61325359777452,0,0,455.24113642044,423.1423781562,269.769974147575,580.405410229251,267.426890138172,497.533759573764,0,0,17.4909412766123,16.257811191521,10.3278259874719,22.2090491341708,10.1995706885838,18.9672111098747,0,0,0,0,38.6995163098283,84.9548307116448,35.6130512088224,61.6592380722161,0,0,0,0,0,0,0,0,0,0,167.602298361932,84.1098337751967,230.148695621458,197.228817558182
"94",1997,2304,7.75,6908.12820716863,6098.9464940771,1278.49612397279,2432.81723189337,608.968880102027,978.120761299955,0,0,0,0,0,0,0,0,0,0,0,0,2.05398581274005,3.99795559310795,1.11912990032877,1.80462158739118,0,0,0,0,0,0,0,0,0,0,2813.3207923084,2493.56440431691,397.587490914545,772.298578617908,185.479835416869,312.394367394891,0,0,108.092283816626,95.8067320454055,15.3206556140362,29.7630239381265,7.14668140429641,12.036601617921,0,0,26043.9584824831,23045.9984868804,4328.83365584935,8295.6791241573,2289.65963744739,3704.82312276897,0,0,1000.62150302871,885.464907522558,168.115551740439,322.646652835403,89.6739694861103,145.301024696408,0,0,0,0,7.37291508709192,14.4440379970928,4.21013881915978,6.84446199368334,0,0,0,0,0,0,0,0,0,0,211.389859313428,201.216825157913,148.471036493401,305.438510839136,122.022018270556,230.46321093516,0,0,8.1218948107355,7.73107343748595,5.68172004754724,11.682608175966,4.64980793161858,8.77927626092171,0,0,451.943038847697,419.664657312622,271.581007790947,584.978982205232,270.707744110747,505.031708762302,0,0,17.3642257342888,16.1241915145566,10.3971446391387,22.3839674316677,10.3247776233217,19.2531687248263,0,0,0,0,39.0600756801526,85.8406649313214,36.1219658511895,62.6623255597419,0,0,0,0,0,0,0,0,0,0,169.734058341374,84.9988189886948,235.925211051116,202.114976605684
"95",1997,2304,7.83333333333333,6886.69010371943,6071.57663079649,1282.50684110795,2441.20048926825,613.47026687448,986.589533915054,0,0,0,0,0,0,0,0,0,0,0,0,2.06223889326778,4.01536338065031,1.12793803892614,1.82110874799096,0,0,0,0,0,0,0,0,0,0,2828.62054366202,2503.31036338044,402.466412810001,782.345189608551,189.033571738102,319.051423451217,0,0,108.680124730524,96.1811873780648,15.5087076492439,30.1503025729297,7.28360661989795,12.2930899564841,0,0,25975.5553882947,22949.3267356735,4343.08499546178,8326.99115372203,2312.50106133046,3747.89870022393,0,0,997.993616145837,881.750615624602,168.678069103577,323.886739122149,90.5752648384255,147.003194012603,0,0,0,0,7.40729506204939,14.5192001475116,4.25555464626196,6.92980080915584,0,0,0,0,0,0,0,0,0,0,211.967208383116,201.501875079664,150.081232270654,309.00845875736,124.075690887618,234.882501191206,0,0,8.1440778871624,7.74202549784813,5.74344234730333,11.8193531158275,4.7282426986522,8.94797008455331,0,0,448.674489728983,416.219883131016,273.37079457998,589.509789154079,273.992232349975,512.563062412303,0,0,17.2386454624795,15.9918377020283,10.4656554004238,22.5572613392837,10.4501316776962,19.5404179585151,0,0,0,0,39.417087623557,86.7205040316925,36.6324273161962,63.6712794124057,0,0,0,0,0,0,0,0,0,0,171.871556321646,85.8890338715827,241.78980397552,207.084568139653
"96",1997,2304,7.91666666666667,6865.22607381955,6044.33493425888,1286.31549000769,2449.19928712694,617.907465052808,994.966106528668,0,0,0,0,0,0,0,0,0,0,0,0,2.07018471759667,4.03217877497421,1.13664060196899,1.83744739915719,0,0,0,0,0,0,0,0,0,0,2844.07609207095,2513.16749978081,407.372529033953,792.454294642406,192.632231565346,325.809141741943,0,0,109.273951616433,96.5599143217964,15.697807604706,30.5399902748497,7.42226264406976,12.553456545459,0,0,25907.6493925178,22853.4335429132,4356.92533443826,8357.50389765235,2335.24744176263,3790.93861569181,0,0,995.384827072285,878.066237254192,169.224615716939,325.095800048552,91.4729669567301,148.704250276618,0,0,0,0,7.44097264870638,14.5930207920439,4.30087910766339,7.01523865103114,0,0,0,0,0,0,0,0,0,0,212.562316758174,201.800438986111,151.697623717775,312.593649369272,126.159504822879,239.370958337185,0,0,8.16694330055049,7.75349678723876,5.80540630183687,11.9566911122011,4.80783338782679,9.11931533150928,0,0,445.435802738052,412.80814628439,275.139191775165,593.997003901743,277.280122246032,520.126962991343,0,0,17.1142125128936,15.8607532377374,10.53335294546,22.7288995960072,10.5756241711406,19.8289266972781,0,0,0,0,39.7704728645409,87.5941346215822,37.1443066903391,64.6858948821351,0,0,0,0,0,0,0,0,0,0,174.014974450532,86.780538979023,247.743607535973,212.138724289614
"97",1998,2304,8,6843.84034153073,6017.2814140739,1289.96929574528,2456.95674455857,622.246019331111,1003.23048960428,0,0,0,0,0,0,0,0,0,0,0,0,2.07776720884661,4.04836393707477,1.14517391276428,1.85360030110588,0,0,0,0,0,0,0,0,0,0,2859.71422875174,2523.18531391087,412.265426897135,802.578133351846,196.266001614425,332.663210455613,0,0,109.874793835737,96.9448147608537,15.886401561484,30.9302512594402,7.5622713482338,12.8175352246473,0,0,25840.490988457,22758.7216276119,4370.05880046884,8386.92516328532,2357.77238095151,3833.87422035571,0,0,992.804759939523,874.42724553495,169.743773295748,326.262568092363,92.3621214119579,150.401496327805,0,0,0,0,7.47376383000598,14.6653972466814,4.34588070281454,7.1006513280644,0,0,0,0,0,0,0,0,0,0,213.161959834671,202.110584205223,153.308671589559,316.187565972829,128.239704951606,243.908604910176,0,0,8.1899829431958,7.76541304930304,5.867170448125,12.0943733004785,4.88729377956684,9.2925513539747,0,0,442.230851020874,409.437899678744,276.873014862913,598.42607535629,280.556376686584,527.713898409039,0,0,16.9910756966945,15.7312628959323,10.5997318637805,22.8983244084031,10.7006817850023,20.1183329116174,0,0,0,0,40.1191109453282,88.4606287431586,37.655520064203,65.7049063170503,0,0,0,0,0,0,0,0,0,0,176.181479338735,87.6784225726509,253.835742844155,217.307765199511
"98",1998,2304,8.08333333333333,6823.01219680234,5990.69695427779,1293.67164923475,2465.09951399632,626.343191028106,1011.31278298153,0,0,0,0,0,0,0,0,0,0,0,0,2.08482989194999,4.06394685217758,1.15326725614921,1.86942648524962,0,0,0,0,0,0,0,0,0,0,2875.61549364127,2533.54892966277,416.963624909319,812.498922091393,199.882283492013,339.579942174989,0,0,110.485745861606,97.3430014512175,16.0675098346966,31.3127125280967,7.70160669496614,13.0840289763609,0,0,25775.2281641032,22667.0163171941,4381.15856013778,8413.9351019946,2379.51313449569,3876.41329197363,0,0,990.297521264647,870.903772534014,170.184338086455,327.336169805729,93.2206818885299,152.083467110747,0,0,0,0,7.50456189340559,14.735505132966,4.389529971163,7.18550426952031,0,0,0,0,0,0,0,0,0,0,213.712053881539,202.425943032303,154.860778542253,319.756052809523,130.175952746175,248.410635345615,0,0,8.21111884263654,7.77752962663444,5.92668322779994,12.231093142201,4.96127539880404,9.46444739677528,0,0,439.075310704341,406.14729739899,278.513961571409,602.738488495863,283.747308461788,535.281717743501,0,0,16.8698373104853,15.6048326179425,10.66255685759,23.0632911203787,10.8224943917347,20.4070302491805,0,0,0,0,40.4582164739042,89.3165925965344,38.1570416023259,66.7232764306175,0,0,0,0,0,0,0,0,0,0,178.447101030726,88.605294049207,260.279876724631,222.723749208712
"99",1998,2304,8.16666666666667,6802.15827309719,5964.23549328233,1297.18265520888,2472.87021367455,630.376432401811,1019.30202756019,0,0,0,0,0,0,0,0,0,0,0,0,2.09169991398721,4.07917002414507,1.16124497038178,1.88508735787796,0,0,0,0,0,0,0,0,0,0,2891.62650965582,2543.97888340463,421.691083696628,822.481392809971,203.533732466575,346.585160911061,0,0,111.10091470121,97.7437369532412,16.249743322489,31.6975487621921,7.84229772184214,13.3539330856014,0,0,25710.4720659638,22576.0699341426,4391.91755715856,8440.24441270012,2401.13169436498,3918.88585276001,0,0,987.809750321847,867.409458800699,170.61160780145,328.382499265525,94.0745778927264,153.763106461109,0,0,0,0,7.5343643686501,14.8039138238837,4.43304554623317,7.2704072993096,0,0,0,0,0,0,0,0,0,0,214.284137133056,202.75568849083,156.416278641214,323.332605833756,132.153659347997,252.986150232909,0,0,8.23309959751787,7.7901989614815,5.98632957944837,12.3681304438443,5.03684424386187,9.63916011824807,0,0,435.949814845257,402.891253890086,280.133436676438,607.01101736396,286.929013790963,542.875169423024,0,0,16.7497532513596,15.4797301441968,10.7245661715536,23.2267456532411,10.9439646203688,20.6967252805479,0,0,0,0,40.7933577424863,90.1657028305415,38.6593801159103,67.7466019219594,0,0,0,0,0,0,0,0,0,0,180.718679676107,89.5336438394866,266.813036028711,228.228709244441
"100",1998,2304,8.25,6781.27617925493,5937.8939505716,1300.50520614637,2480.27342706995,634.343749827426,1027.19459331653,0,0,0,0,0,0,0,0,0,0,0,0,2.09835737416876,4.09399050199667,1.1691057736327,1.90057994244391,0,0,0,0,0,0,0,0,0,0,2907.75266495828,2554.4802411535,426.447819629585,832.52616876568,207.22138364578,353.681165231187,0,0,111.720507376383,98.1472159114015,16.4331028972825,32.0847841870879,7.98438412401274,13.627335808524,0,0,25646.2161499033,22485.873737232,4402.34288936826,8465.86522300454,2422.62516453561,3961.28611604768,0,0,985.341195682512,863.943968482704,171.025853768054,329.40201619615,94.9236919625891,155.440181933147,0,0,0,0,7.56325757255662,14.8707344103263,4.47641650944468,7.35534545174907,0,0,0,0,0,0,0,0,0,0,214.877219106707,203.09925026093,157.975570979563,326.918014007291,134.170133785065,257.633501881853,0,0,8.25588715211722,7.80339914124012,6.04612497035893,12.5055157149232,5.1138978197988,9.81662694792139,0,0,432.854760521217,399.669718752342,281.731155525696,611.242233840692,290.102490606576,550.493725930907,0,0,16.6308387755739,15.3559535382555,10.7857489425292,23.3886335812548,11.0651306493408,20.9873984335906,0,0,0,0,41.1244265691852,91.0077142267747,39.1624047880854,68.7746680219451,0,0,0,0,0,0,0,0,0,0,182.996443350551,90.4635365379148,273.436733140948,233.823837489632
"101",1998,2304,8.33333333333333,6760.36371152993,5911.66941713172,1303.64216541373,2487.31372187278,638.243227292064,1034.9869498853,0,0,0,0,0,0,0,0,0,0,0,0,2.10478652853651,4.10837368456718,1.17684786770507,1.91590044200928,0,0,0,0,0,0,0,0,0,0,2923.99854579679,2565.05731122766,431.233762385021,842.633625709183,210.946135606715,360.869985861625,0,0,112.344700098111,98.553603858176,16.6175860780297,32.4744334988821,8.12790037186591,13.9043151421875,0,0,25582.4544213221,22396.4195305367,4412.44155306978,8490.80956753832,2443.9908174067,4003.60853841364,0,0,982.891627031535,860.506986679029,171.427343554914,330.395177035257,95.7679131305868,157.114470361213,0,0,0,0,7.59131483647243,14.9360626977571,4.51963409335854,7.44030607392274,0,0,0,0,0,0,0,0,0,0,215.490396593084,203.456112871585,159.539015268616,330.513012911546,136.223048722886,262.351328154016,0,0,8.27944680387118,7.81711036068713,6.10608334242494,12.6432774033836,5.19234751755388,9.99679624593847,0,0,429.790516809108,396.482646594939,283.306901087842,615.430867433698,293.26848980992,558.136697056522,0,0,16.5131080635563,15.2335010561276,10.8460969047381,23.5489065167098,11.1860212348485,21.2790239205214,0,0,0,0,41.4513308974911,91.8424037767774,39.6659840322226,69.807257545685,0,0,0,0,0,0,0,0,0,0,185.280610076028,91.3950342516944,280.152392142845,239.510305991569
"102",1998,2304,8.41666666666667,6739.41883571558,5885.55913880706,1306.59636553507,2493.99564626804,642.073024978824,1042.67566560024,0,0,0,0,0,0,0,0,0,0,0,0,2.11097506800054,4.12229191987477,1.18446908892131,1.93104446628372,0,0,0,0,0,0,0,0,0,0,2940.36804462611,2575.71374651925,436.048773594256,852.803934255415,214.708764242257,368.1534163598,0,0,112.973642420733,98.9630411435225,16.8031877477748,32.8665034914808,8.27287623904085,14.1849399966183,0,0,25519.1813603106,22307.6995936078,4422.22043453095,8515.08936669817,2465.22608402764,4045.84780455477,0,0,980.460832291699,857.098216757261,171.816340639692,331.362434110146,96.6071365527449,158.78575728568,0,0,0,0,7.6185987343886,14.999981725841,4.56269118682477,7.52527831096088,0,0,0,0,0,0,0,0,0,0,216.122845089622,203.825809537346,161.106933140039,334.118281818437,138.310391465094,267.13850958131,0,0,8.30374687424679,7.83131468517687,6.16621716359395,12.7814417842137,5.27211674132615,10.1796256604853,0,0,426.757423492383,393.32999380418,284.860515823673,619.575791849833,296.427550336326,565.803255285942,0,0,16.39657417024,15.1123710221022,10.9056040765865,23.7075215937283,11.3066570494826,21.5715707090596,0,0,0,0,41.7739924162354,92.6695679268847,40.1699860256461,70.8441514676459,0,0,0,0,0,0,0,0,0,0,187.571388623426,92.3281968184033,286.961360633816,245.289270422331
"103",1998,2304,8.5,6718.43966718463,5859.56049754097,1309.37060848418,2500.32372766493,645.831375371797,1050.25740311744,0,0,0,0,0,0,0,0,0,0,0,0,2.11691343828373,4.13572316893766,1.19196703040467,1.94600721836766,0,0,0,0,0,0,0,0,0,0,2956.86447059379,2586.45264921735,440.892663334419,863.037099893147,218.509938456135,375.533046278822,0,0,113.607461486989,99.3756469585066,16.9899007891425,33.2609945941768,8.41933740166379,14.4692714630647,0,0,25456.3918445454,22219.706607876,4431.68630857048,8538.71641609958,2486.32854013974,4087.99880622981,0,0,978.048614661257,853.717377525864,172.193104345124,332.304235216646,97.4412629744801,160.453836150127,0,0,0,0,7.64516318236158,15.0625641799061,4.60558191939765,7.61025266723706,0,0,0,0,0,0,0,0,0,0,216.773808825773,204.207915336205,162.679611184623,337.734444510424,140.430412657855,271.994125945386,0,0,8.32875832549385,7.84599578852414,6.2265375460457,12.9200329920348,5.3531389486625,10.3650804648371,0,0,423.755791341751,390.211715998848,286.391892728454,623.676008246468,299.58003519502,573.492461002127,0,0,16.2812490358493,14.9925617309792,10.9642664158172,23.8644408251223,11.4270520575808,21.8650034858559,0,0,0,0,42.0923442327247,93.4890197325396,40.6742790933321,71.8851293813532,0,0,0,0,0,0,0,0,0,0,189.86897954504,93.2630820754775,293.86492217547,251.161873841573
"104",1998,2304,8.58333333333333,6697.42446255226,5833.67100330013,1311.96766500335,2506.30247132018,649.516583033954,1057.72891979015,0,0,0,0,0,0,0,0,0,0,0,0,2.12259448221753,4.14865030298291,1.19933910748604,1.96078359508788,0,0,0,0,0,0,0,0,0,0,2973.49060565063,2597.2766243075,445.76519893176,873.332983935469,222.350227709775,383.010277349014,0,0,114.246264183877,99.7915213908384,17.1777164234631,33.6579016765476,8.56730572615439,14.7573634323223,0,0,25394.081109592,22132.4336194138,4440.84583445844,8561.70237584415,2507.29590097491,4130.05663430989,0,0,975.654791088759,850.364201803436,172.557889678719,333.221023204172,98.2701985337801,162.118507999325,0,0,0,0,7.67105452962493,15.1238736455685,4.64830145384335,7.69522078574905,0,0,0,0,0,0,0,0,0,0,217.442595871256,204.602043755571,164.257302524024,341.362069214426,142.581598956763,276.917432648708,0,0,8.35445457269662,7.8611388202951,6.28705430716184,13.0590730188582,5.43535660585557,10.5531326521355,0,0,420.785901677963,387.127766411008,287.900970487548,627.730637023362,302.726150940264,581.20327635043,0,0,16.1671434691021,14.8740713858568,11.0220816327846,24.0196307865736,11.5472142582249,22.1592831863705,0,0,0,0,42.4063297109111,94.3005875072988,41.1787319503651,72.9299697529734,0,0,0,0,0,0,0,0,0,0,192.173575650879,94.1997459862026,300.864302790792,257.129248789952
"105",1998,2304,8.66666666666667,6676.37160749366,5807.88828253374,1314.39027463921,2511.9363593727,653.127022546437,1065.08706567573,0,0,0,0,0,0,0,0,0,0,0,0,2.12801299989131,4.16106023604552,1.20658263368072,1.97536830386916,0,0,0,0,0,0,0,0,0,0,2990.24877635727,2608.18784772551,450.666115521404,883.691329698339,226.230112592859,390.586345663156,0,0,114.890139901577,100.210748043451,17.3666246178701,34.05721505469,8.71679967282654,15.049263443145,0,0,25332.244698378,22045.873990967,4449.70555438873,8584.05876237543,2528.12601217911,4172.01656521313,0,0,973.279190331744,847.038434575665,172.910947267956,334.113235653479,99.0938544148247,163.77958096285,0,0,0,0,7.69631290936139,15.1839661674111,4.69084573198995,7.78017517839845,0,0,0,0,0,0,0,0,0,0,218.128571396596,205.007842104389,165.840229187505,345.001669751854,144.762638492199,281.907831453707,0,0,8.38081122483363,7.87673022953344,6.34777606171215,13.1985817588256,5.5187198683697,10.7437598145875,0,0,417.848006746369,384.078094328332,289.387727235003,631.73890611246,305.865971978217,588.934582103703,0,0,16.0542671616022,14.7568980382834,11.0790489500883,24.173062166704,11.6671466126112,22.4543676392627,0,0,0,0,42.7159009756441,95.104113003428,41.6832139572097,73.9784502250412,0,0,0,0,0,0,0,0,0,0,194.48536270198,95.1382428186154,307.960679193825,263.192519737829
"106",1998,2304,8.75,6655.27960671954,5782.21006857426,1316.64114583491,2517.22985012764,656.661136900985,1072.32878222146,0,0,0,0,0,0,0,0,0,0,0,0,2.13316538205483,4.17294319761122,1.2136948792724,1.98975595401132,0,0,0,0,0,0,0,0,0,0,3007.1409153321,2619.18812490343,455.59512452013,894.111784220139,230.149994119986,398.262340826559,0,0,115.53916289438,100.633396283932,17.5566144122018,34.4589213263394,8.86783465090268,15.3450134146326,0,0,25270.8784177207,21960.0213606598,4458.27189238888,8605.79694162475,2548.81684179227,4213.87404912076,0,0,970.921651286518,843.73983140875,173.252523312937,334.98130460534,99.9121465424927,165.436869807272,0,0,0,0,7.72097335840876,15.2428915509653,4.73321128050816,7.8651090178233,0,0,0,0,0,0,0,0,0,0,218.831151635244,205.424987445239,167.428584609379,348.653707375631,146.972390521906,286.964844932236,0,0,8.40780585279335,7.89275760846519,6.40871031850141,13.3385770791421,5.60318542126417,10.9369441647094,0,0,414.942330257395,381.062643846585,290.852174927515,635.70014026402,308.999461914093,596.685192418081,0,0,15.942628708606,14.6410395403258,11.1351688858624,24.3247093552852,11.7868478582869,22.7502121298344,0,0,0,0,43.0210176657649,95.8994498887974,42.1875953277805,75.0303478727631,0,0,0,0,0,0,0,0,0,0,196.804520033956,96.0786253040056,315.15518590801,269.352805132762
"107",1998,2304,8.83333333333333,6634.14707735554,5756.63419522146,1318.7229561951,2522.18737780872,660.11743630397,1079.45110140745,0,0,0,0,0,0,0,0,0,0,0,0,2.13804937396164,4.18429225903024,1.22067310349356,2.00394110820147,0,0,0,0,0,0,0,0,0,0,3024.1686029464,2630.27893069614,460.551918668648,904.593912139135,234.110200403271,406.039219257808,0,0,116.193393882676,101.059522778564,17.7476741138835,34.8630039048247,9.02042327343709,15.6446501550477,0,0,25209.9783086314,21874.8696136672,4466.55115436396,8626.92812533887,2569.36647420457,4255.62470133168,0,0,968.582021847208,840.468157360966,173.582859583778,335.825656413156,100.724995352374,167.090195608249,0,0,0,0,7.74506653369794,15.3006942069253,4.7753951040651,7.95001602069936,0,0,0,0,0,0,0,0,0,0,219.54979944534,205.853183666861,169.02253583838,352.318593058762,149.209864152249,292.088098818711,0,0,8.43541781885071,7.90920958002057,6.46986356569483,13.4790749081516,5.68871566617581,11.1326718592923,0,0,412.069068109594,378.081353180843,292.294355252202,639.613752929252,312.126488467421,604.453865028408,0,0,15.8322356368033,14.5264935181054,11.1904430961363,24.4745501311995,11.9063130778151,23.0467697889555,0,0,0,0,43.3216461201989,96.6864627345154,42.6917472525013,76.085439372138,0,0,0,0,0,0,0,0,0,0,199.131221022223,97.020944752315,322.448920148079,275.611218700868
"108",1998,2304,8.91666666666667,6612.97274228647,5731.15859029668,1320.6383527825,2526.81335232247,663.49449692424,1086.45114486035,0,0,0,0,0,0,0,0,0,0,0,0,2.14266383478536,4.19510285218351,1.22751458859713,2.0179183366456,0,0,0,0,0,0,0,0,0,0,3041.3331093922,2641.46144961243,465.536177175769,915.137209865383,238.110993459241,413.917817803553,0,0,116.852881669275,101.489173038069,17.939791496729,35.2694435643444,9.1745756174,15.9482058826881,0,0,25149.5406162871,21790.4128536125,4474.54952821441,8647.46336742733,2589.77310390785,4297.26429331971,0,0,966.26015775205,837.22318588374,173.902193420664,336.646711596046,101.532325552995,168.739385411443,0,0,0,0,7.76861944423732,15.3574140107178,4.81739457107256,8.03489032421507,0,0,0,0,0,0,0,0,0,0,220.284019788891,206.29215851113,170.622225714764,355.996689766169,151.47419691604,297.277304209397,0,0,8.46362810297045,7.92607568360527,6.53124135493883,13.6200893228071,5.77527790282123,11.330932317466,0,0,409.22838919019,375.13415401184,293.714335513636,643.479238008172,315.246838488397,612.239311470606,0,0,15.7230944350768,14.4132573466834,11.2448742163855,24.6225653452103,12.0255342712404,23.3439919829116,0,0,0,0,43.6177585436404,97.4650259788122,43.1955420296034,77.1435011786918,0,0,0,0,0,0,0,0,0,0,201.465633555427,97.9652511691321,329.842946715172,281.968870735214
"109",1999,2304,9,6591.82206582715,5705.73254109692,1322.39361884241,2531.08286754554,666.830775512227,1093.28507435391,0,0,0,0,0,0,0,0,0,0,0,0,2.14707091562486,4.20529384749483,1.23429050493565,2.03160593598967,0,0,0,0,0,0,0,0,0,0,3058.7604307645,2652.87627861579,470.455473897611,925.57479329428,242.166927891002,421.882938419741,0,0,117.522467225635,101.927749022621,18.1294168969796,35.6718261146939,9.33085249257978,16.2550950313101,0,0,25090.472691385,21707.5913421704,4481.6412627246,8666.2177579123,2610.18994416011,4338.62465917333,0,0,963.990919752117,834.04104337393,174.186541286425,337.398854508713,102.340141050784,170.377829630123,0,0,0,0,7.79184586000783,15.412737790127,4.8594983511137,8.11942202059387,0,0,0,0,0,0,0,0,0,0,221.057208870748,206.735824251845,172.238196790948,359.661696171292,153.80999460059,302.476438143541,0,0,8.49333562028965,7.94312201904985,6.59324663903898,13.7606131532501,5.86457307318188,11.5295905580286,0,0,406.438639482991,372.243041121867,295.105639863129,647.260266844781,318.379811027997,620.016320223239,0,0,15.6159099803882,14.3021761009558,11.2982122645734,24.7673614242665,12.1452477646873,23.6409179268602,0,0,0,0,43.9106451173726,98.2331707402076,43.7014740175979,78.2013810088282,0,0,0,0,0,0,0,0,0,0,203.787624404069,98.9234841903107,337.273370564813,288.508321496944
"110",1999,2304,9.08333333333333,6570.75591984541,5680.30251725931,1323.99826185238,2534.97746523417,670.163962293741,1099.91000276799,0,0,0,0,0,0,0,0,0,0,0,0,2.15131529327233,4.21479788846066,1.24107191185371,2.0449229093833,0,0,0,0,0,0,0,0,0,0,3076.57215332855,2664.65655900886,475.227933678066,935.754832258508,246.290649857956,429.915358553497,0,0,118.206822090505,102.380366233985,18.3134038066189,36.0643124526834,9.48974140259549,16.5645772603021,0,0,25033.6610959052,21627.3159877823,4487.23611924531,8682.06348078487,2630.75539716016,4379.51957878251,0,0,961.808369917521,830.95672842798,174.413268510682,338.03863981951,103.153880061279,171.99821966675,0,0,0,0,7.81449498168732,15.465720945863,4.90199297111426,8.20329026762328,0,0,0,0,0,0,0,0,0,0,221.89066761151,207.180149651631,173.872593379842,363.279944063947,156.254866929032,307.63571892032,0,0,8.52535878233733,7.96019369977939,6.65595997286709,13.8993557650345,5.95803546128811,11.7267491420222,0,0,403.719009121671,369.427240678583,296.464440425626,650.920073837314,321.550473804267,627.751631940127,0,0,15.5114195834618,14.1939884811921,11.3503087240886,24.9075282382755,12.2664097453807,23.9362798298663,0,0,0,0,44.2015956015659,98.9888635587645,44.2121138209834,79.255816810908,0,0,0,0,0,0,0,0,0,0,206.077532806817,99.9074843444083,344.678020725985,295.311666969189
"111",1999,2304,9.16666666666667,6549.6389257667,5654.96318844484,1325.44848970207,2538.56165553586,673.412968478874,1106.4049846285,0,0,0,0,0,0,0,0,0,0,0,0,2.15526818392805,4.22377496106063,1.2477083039847,2.05801544757251,0,0,0,0,0,0,0,0,0,0,3094.51687817244,2676.52025568641,480.040377559461,946.012832419893,250.453129198916,438.04527482307,0,0,118.89628711566,102.836188432396,18.4989266842156,36.4597968275027,9.65012379963123,16.8778161305697,0,0,24977.2841086453,21547.6898264495,4492.61295561888,8697.41530066784,2651.15238942534,4420.26255875098,0,0,959.64251705272,827.897356574796,174.631385060244,338.659000710455,103.961110783648,173.612862145841,0,0,0,0,7.83607897803044,15.5169103698854,4.94428597578496,8.28707930212592,0,0,0,0,0,0,0,0,0,0,222.735704360723,207.63741335348,175.501910641675,366.90229623655,158.715256500275,312.868336632464,0,0,8.55782678746532,7.97776249087818,6.7184827519006,14.0382649268835,6.05209803518813,11.9267227893583,0,0,401.033965241264,366.641900602137,297.804395899515,654.528929282798,324.721671735564,635.488535972902,0,0,15.4082580247828,14.0869711983709,11.4016907642579,25.0457621739515,12.387602991818,24.2317287313541,0,0,0,0,44.4878837436908,99.7355079651143,44.7221607450465,80.3123666057842,0,0,0,0,0,0,0,0,0,0,208.376118773847,100.893628044227,352.187949455989,302.218383244807
"112",1999,2304,9.25,6528.47095756967,5629.71353675674,1326.74684554201,2541.83987116174,676.576737457714,1112.76772244334,0,0,0,0,0,0,0,0,0,0,0,0,2.15893628191764,4.23222640691995,1.25419682336572,2.07087885663718,0,0,0,0,0,0,0,0,0,0,3112.59290662693,2688.46601611609,484.89081748338,956.345282846648,254.654614160261,446.272639546002,0,0,119.59079703551,103.295163651397,18.685909596481,36.8581449619111,9.81200918155482,17.1948097985443,0,0,24921.33992029,21468.7087807634,4497.77738106668,8712.28377492389,2671.38031674281,4460.85090414134,0,0,957.493291642474,824.862771153564,174.841107406947,339.260341078739,104.761803828029,175.221642719581,0,0,0,0,7.85673205846077,15.5664934735333,4.98636595570037,8.37077428473994,0,0,0,0,0,0,0,0,0,0,223.592115455218,208.107180089825,177.127756490674,370.530468558441,161.191468610828,318.17292724727,0,0,8.59073181065028,7.99581166866813,6.78087676493919,14.1774067226969,6.14677252530986,12.1294598501466,0,0,398.383532456082,363.887343409407,299.124810398182,658.086268098423,327.8920713627,643.226985204896,0,0,15.3064262500777,13.981136644105,11.4523317056117,25.1820416275198,12.5087768046881,24.5272632602781,0,0,0,0,44.7694163706669,100.472902885668,45.2314882838824,81.3708076085947,0,0,0,0,0,0,0,0,0,0,210.683500942634,101.881975761308,359.803671790311,309.229690298312
"113",1999,2304,9.33333333333333,6507.25186776936,5604.55252180673,1327.89582870872,2544.81648727193,679.654263070119,1118.99599026847,0,0,0,0,0,0,0,0,0,0,0,0,2.16232584909296,4.2401545778452,1.26053485533501,2.08350857365991,0,0,0,0,0,0,0,0,0,0,3130.79881189135,2700.49273014744,489.777453365173,966.749004273815,258.895294608998,454.59745987557,0,0,120.290297030093,103.757249237233,18.8742837715899,37.2592352322649,9.97540481420624,17.5155585327559,0,0,24865.8265266889,21390.3686352005,4502.73479641604,8726.67911913827,2691.43863951708,4501.28199027949,0,0,955.360616685743,821.852810196873,175.04264408293,339.843051863494,105.55593234925,176.824449733837,0,0,0,0,7.8765660712183,15.6146277239395,5.02822460600027,8.45436344114991,0,0,0,0,0,0,0,0,0,0,224.45970462392,208.589037707972,178.751517114024,374.165911772421,163.683800480892,323.548265522473,0,0,8.6240663108823,8.01432539758169,6.84319527970682,14.3168370377791,6.24207036830836,12.3349139655388,0,0,395.767694516479,361.163832166935,300.425140924413,661.591676567546,331.060379035337,650.966747957154,0,0,15.2059236350326,13.8764949258299,11.5022107351298,25.3163508047724,12.6298819921263,24.8228749969271,0,0,0,0,45.0461231197001,101.200879767511,45.7399689772423,82.4309147700802,0,0,0,0,0,0,0,0,0,0,212.999795885951,102.872585942068,367.525730084642,316.346794725665
"114",1999,2304,9.41666666666667,6485.98150311232,5579.47909467798,1328.89789820524,2547.49582747855,682.644589874902,1125.08763523132,0,0,0,0,0,0,0,0,0,0,0,0,2.16544278405112,4.24756262784987,1.26671999450833,2.09590017340657,0,0,0,0,0,0,0,0,0,0,3149.1333712409,2712.59946942158,494.698647851633,977.221100454871,263.175304487402,463.019776095702,0,0,120.994740120367,104.222409520871,19.0639866376143,37.6629568118521,10.1403158230152,17.8400638791149,0,0,24810.7417754309,21312.665077283,4507.49041194927,8740.61123723579,2711.32687963141,4541.5532663551,0,0,953.24440948512,818.867308012184,175.236196361519,340.407512196581,106.343471931031,178.421174376599,0,0,0,0,7.89567489701645,15.6614464003911,5.06985589054957,8.53783727828896,0,0,0,0,0,0,0,0,0,0,225.338283476407,209.082596367131,180.374388949017,377.809851149877,166.192536378348,328.99325075392,0,0,8.65782304993628,8.03328869931041,6.90548427176629,14.4566030834344,6.33800251733261,12.5430435242126,0,0,393.186400174982,358.471577632106,301.704973022663,665.044867985554,334.225343783311,658.707434476649,0,0,15.1067482106775,13.7730541411788,11.5513119705385,25.4486787833924,12.7508709809697,25.1185494827042,0,0,0,0,45.3179520380516,101.919296834619,46.2474752846547,83.492461757669,0,0,0,0,0,0,0,0,0,0,215.325118189011,103.865515129955,375.354690875546,323.570890626862
"115",1999,2304,9.5,6464.65971607469,5554.49220794599,1329.75547574856,2549.88216902933,685.54681315756,1131.04057841561,0,0,0,0,0,0,0,0,0,0,0,0,2.16829267286097,4.25445436920688,1.27275002146458,2.10804937112623,0,0,0,0,0,0,0,0,0,0,3167.5955174433,2724.78544410873,499.652906706384,987.758920980567,267.494724671158,471.539646774497,0,0,121.70408530156,104.690614155787,19.2549610753217,38.0692082519042,10.3067453008245,18.168328089679,0,0,24756.0833984364,21235.593725879,4512.04926198817,8754.08974590845,2731.04461746969,4581.66225677993,0,0,951.144582899057,815.906096269149,175.42195881375,340.954090335688,107.12440047441,180.011710736764,0,0,0,0,7.91413751152554,15.7070626368766,5.1112555159126,8.62118808310348,0,0,0,0,0,0,0,0,0,0,226.227671559127,209.587487530111,181.997403211619,381.463316558643,168.717944383344,334.506893935307,0,0,8.69199509453217,8.05268741406427,6.96778336699808,14.5967445528385,6.43457931584641,12.7538111724784,0,0,390.63956760768,355.810743782775,302.96400233201,668.445664384995,337.385758453336,666.448517815647,0,0,15.0088968332616,13.6708205904405,11.5996237514352,25.5790188093215,12.8716978611753,25.4142670160041,0,0,0,0,45.5848665201232,102.628035046798,46.753880119822,84.5552215763947,0,0,0,0,0,0,0,0,0,0,217.659580545763,104.860818081474,383.291142313163,330.903160595495
"116",1999,2304,9.58333333333333,6443.28637428114,5529.59082377337,1330.47094777586,2551.97974642857,688.360079678116,1136.85281677106,0,0,0,0,0,0,0,0,0,0,0,0,2.17088082542978,4.26083416828918,1.27862288737298,2.11995202648824,0,0,0,0,0,0,0,0,0,0,3186.18430233005,2737.0499706211,504.638864492261,998.36003397797,271.853584972875,480.157137219326,0,0,122.418296143522,105.161836877446,19.4471548727637,38.4778964396214,10.4746943833473,18.5003536783696,0,0,24701.8490360562,21159.1501524649,4516.41621455369,8767.12399072767,2750.59149007944,4621.60656301551,0,0,949.061046267748,812.969004816548,175.600119677055,341.483144281107,107.898698130736,181.595955880542,0,0,0,0,7.93202018932638,15.7515723360919,5.15242056332515,8.70440957035317,0,0,0,0,0,0,0,0,0,0,227.127696375434,210.103363266332,183.621443866035,385.127164451056,171.260273723483,340.088307885007,0,0,8.72657581710472,8.07250817379229,7.03012653198028,14.7372944661721,6.5318103938194,12.9671834373906,0,0,388.127087612498,353.181451761467,304.202020901237,671.793983084232,340.54046086463,674.189349705507,0,0,14.9123653071354,13.569798928101,11.6471381132969,25.7073677785396,12.9923184305099,25.7100032569991,0,0,0,0,45.8468431071996,103.326995220809,47.2590572604072,85.6189670454086,0,0,0,0,0,0,0,0,0,0,220.003293819375,105.85854784316,391.335692186774,338.344776413852
"117",1999,2304,9.66666666666667,6421.86136946205,5504.77392161165,1331.04666795354,2553.79275564281,691.083587670859,1142.52242396482,0,0,0,0,0,0,0,0,0,0,0,0,2.17321231506591,4.2667068359977,1.28433669659337,2.13160414553355,0,0,0,0,0,0,0,0,0,0,3204.89885988703,2749.39243900787,509.655268547415,1009.02219596612,276.25186688798,488.872307953049,0,0,123.137339372606,105.636054250562,19.640520114839,38.888935447718,10.6441623531307,18.8361429774621,0,0,24648.0362616024,21083.3299022037,4520.59598335885,8779.72306600133,2769.96718849622,4661.38386416568,0,0,946.993706355647,810.055862492177,175.770861312764,341.995022534085,108.666347201466,183.173809880429,0,0,0,0,7.94937883922172,15.7950572627071,5.19334910842594,8.78749651750206,0,0,0,0,0,0,0,0,0,0,228.038193239587,210.629895202691,185.247267417208,388.802101951754,173.819752583929,345.736695880168,0,0,8.76155889019426,8.09273836187313,7.09254283444892,14.8782800965953,6.62970458199254,13.1831302929105,0,0,385.648827130603,350.583784386353,305.41890234436,675.08982215142,343.688334138805,681.929178168519,0,0,14.8171485200475,13.4699923361631,11.6938502170562,25.8337256773254,13.112690207778,26.0057298988094,0,0,0,0,46.103869147343,104.016094931298,47.7628817393972,86.6834712741789,0,0,0,0,0,0,0,0,0,0,222.356367129839,106.858755854239,399.488965622441,345.89689988298
"118",1999,2304,9.75,6400.38462457888,5480.04050426374,1331.48495920759,2555.32535746515,693.716586889702,1148.0475512624,0,0,0,0,0,0,0,0,0,0,0,0,2.17529200908094,4.27207754588375,1.28988969418482,2.14300188182438,0,0,0,0,0,0,0,0,0,0,3223.73837806203,2761.81228818392,514.700965860698,1019.74332747963,280.689506322446,497.68520617585,0,0,123.861183788469,106.113244717347,19.8350126832986,39.3022456041192,10.8151467431565,19.1756978088087,0,0,24594.6425998328,21008.1285097435,4524.59313757958,8791.895830724,2789.17145531314,4700.9919169643,0,0,944.942468061638,807.166497729821,175.934360578723,342.490064705866,109.4273320472,184.745175820459,0,0,0,0,7.96626074968158,15.8375873704912,5.2340399664902,8.87044451546488,0,0,0,0,0,0,0,0,0,0,228.959004992329,211.166773478163,186.875518961483,392.488706216933,176.396586611076,351.451341408333,0,0,8.79693827551878,8.1133660729492,7.15505705991453,15.0197237143914,6.72826985303947,13.401624768561,0,0,383.20463208229,348.017789851504,306.614589874911,678.333248798255,346.828306482065,689.667162319516,0,0,14.7232405521029,13.3714026663162,11.7397578893128,25.9580951352775,13.2327724248398,26.3014152314271,0,0,0,0,46.3559410441492,104.695266176942,48.2652301138135,87.7485080133032,0,0,0,0,0,0,0,0,0,0,224.71890793347,107.861492037061,407.75160302555,353.560683537337
"119",1999,2304,9.83333333333333,6378.85609983625,5455.38960295307,1331.78811554842,2556.58168047943,696.258378576495,1153.42642827775,0,0,0,0,0,0,0,0,0,0,0,0,2.17712459488434,4.27695176627685,1.29528025566706,2.15414153708394,0,0,0,0,0,0,0,0,0,0,3242.70207538802,2774.30898550227,519.774891419455,1030.52149164711,285.166396296171,506.595858813009,0,0,124.589799365895,106.593387812652,20.0305918128278,39.7177526744286,10.9876434397001,19.5190192160336,0,0,24541.6655421284,20933.5415120531,4528.41211064485,8803.65092277975,2808.20408232523,4740.42855531097,0,0,942.907235002175,804.300739052433,176.090789164397,342.968602059753,110.181638999349,186.309959783834,0,0,0,0,7.9827060394627,15.8792227439999,5.27449249560113,8.95324977346957,0,0,0,0,0,0,0,0,0,0,229.889981636424,211.713705678127,188.506746268256,396.187441309363,178.990957884734,357.231598574174,0,0,8.83270820997088,8.13438007198172,7.21769025261651,15.1616432356249,6.82751328085027,13.6226425830109,0,0,380.794329844888,345.483485025161,307.789085880804,681.524389344111,349.959350593909,697.402385664439,0,0,14.6306347709678,13.2740305666605,11.7848612217652,26.080481038809,13.3525260042143,26.597024648283,0,0,0,0,46.6030627983257,105.364453425686,48.765980673073,88.8138519442756,0,0,0,0,0,0,0,0,0,0,227.091022099105,108.866804882625,416.124258137218,361.337271286851
"120",1999,2304,9.91666666666667,6357.27579777079,5430.82028157158,1331.95840372104,2557.56582368701,698.708315366352,1158.6573636133,0,0,0,0,0,0,0,0,0,0,0,0,2.17871460242332,4.28133520340406,1.3005068784872,2.16501956154277,0,0,0,0,0,0,0,0,0,0,3261.78918152661,2786.88200985706,524.876057822513,1041.35487527674,289.682389547206,515.604266813431,0,0,125.323156507253,107.076463514757,20.2272196953076,40.1353871400747,11.1616467815494,19.8661072448324,0,0,24489.1025589944,20859.5644588654,4532.05720818017,8814.9967716577,2827.06490827029,4779.69168947445,0,0,940.887909991585,801.458415473396,176.240313893614,343.430957996189,110.929256275318,187.868070827543,0,0,0,0,7.99874887761012,15.9200152363445,5.31470644056025,9.03590896261221,0,0,0,0,0,0,0,0,0,0,230.83097992135,212.270415771165,190.141412166498,399.898672956842,181.603024279145,363.076883203339,0,0,8.86886318966114,8.15576975340072,7.28046019135676,15.3040527894615,6.92744101486081,13.8461618042135,0,0,378.417731426389,342.980858400718,308.942442822231,684.663420518275,353.080482807241,705.13386804186,0,0,14.5393239153828,13.1778755950889,11.8291622214963,26.2008901961738,13.4719135263083,26.8925211010278,0,0,0,0,46.8452447781795,106.02361195866,49.265013604678,89.879278924769,0,0,0,0,0,0,0,0,0,0,229.472813979931,109.874741530976,424.607596200769,369.227798982459
"121",2000,2304,10,6336.51246742878,5406.88127769038,1332.313233069,2558.77845739559,700.986935195106,1163.51346021383,0,0,0,0,0,0,0,0,0,0,0,0,2.17997035687013,4.28486958102487,1.30541835051148,2.17520686405989,0,0,0,0,0,0,0,0,0,0,3281.04054759864,2799.56102641354,529.938963259447,1052.10075069031,294.200624986083,524.602572555248,0,0,126.062824777933,107.563611606751,20.4223761251623,40.5496527936625,11.3357368156536,20.2128067328918,0,0,24437.8376596624,20786.8029195495,4535.31200762384,8825.33017822556,2845.42842003445,4817.83884925294,0,0,938.918457950422,798.662793940385,176.374500148556,343.853491020749,111.657404730921,189.382452020306,0,0,0,0,8.01395769013716,15.958460789423,5.35406694507552,9.11663449015441,0,0,0,0,0,0,0,0,0,0,231.762294836829,212.79042671166,191.752754457986,403.517115306795,184.129829597326,368.633635281482,0,0,8.90464612148848,8.17574939454723,7.34234288086783,15.442924793694,7.02412567356818,14.0586990641976,0,0,376.077530265903,340.512638039158,310.051299746486,687.674916447029,356.149157432158,712.717098283398,0,0,14.44941147101,13.0830425680841,11.8717656030381,26.3164348824994,13.5893117443428,27.1823934394979,0,0,0,0,47.0798109131962,106.662286816999,49.7565154078904,90.9267982437598,0,0,0,0,0,0,0,0,0,0,231.905194618041,110.949258085749,433.34846575014,377.739878302987
"122",2000,2304,10.0833333333333,6316.52918840315,5383.55244738577,1332.83695867507,2560.19929447742,703.107835065944,1168.02003688364,0,0,0,0,0,0,0,0,0,0,0,0,2.18105446704564,4.28787386983296,1.31002525168883,2.18472781390857,0,0,0,0,0,0,0,0,0,0,3300.37689558467,2812.27578585829,534.953746372603,1062.73600075133,298.706193369514,533.564375371025,0,0,126.80575818965,108.052132997671,20.6156817466996,40.9596609821978,11.5093406296597,20.5581032384051,0,0,24387.866398838,20715.2577604309,4538.21246166453,8834.72887325207,2863.31795262327,4854.92280066375,0,0,936.998708044702,795.913907739676,176.494742180303,344.239222762992,112.366990551403,190.855154521674,0,0,0,0,8.02838462872982,15.9947604984291,5.39260110273036,9.19549252225615,0,0,0,0,0,0,0,0,0,0,232.686866595119,213.280391746477,193.342746080679,407.053914425897,186.587615329011,373.950065385515,0,0,8.94016997228666,8.19457462384494,7.40341344264809,15.5786850018523,7.1181864441665,14.2620918201878,0,0,373.777952392806,338.080518872868,311.120870698866,690.567475386583,359.162673501582,720.135124953322,0,0,14.361059807834,12.9895966076715,11.9128711577852,26.4274444213945,13.7046176555203,27.4659951212375,0,0,0,0,47.3070141261805,107.281131868493,50.2406876045662,91.9569155451445,0,0,0,0,0,0,0,0,0,0,234.385942600917,112.086764227798,442.336197260057,386.847044910232
"123",2000,2304,10.1666666666667,6296.50693667758,5360.31583696737,1333.23327430289,2561.36294559234,705.147660772243,1172.39244146167,0,0,0,0,0,0,0,0,0,0,0,0,2.18208216863499,4.29073953780227,1.31447259419574,2.19398811882696,0,0,0,0,0,0,0,0,0,0,3319.74406348912,2824.98456795647,539.97894116666,1073.38777965261,303.230496778217,542.58466952962,0,0,127.549875751918,108.540424729377,20.8093887319433,41.3703084551629,11.6836679748529,20.9056565872772,0,0,24338.3577390997,20644.3560229295,4540.97554011578,8843.78634675902,2881.04143591199,4891.82924642825,0,0,935.096730597078,793.189742882403,176.609492791255,344.611397361473,113.070091539353,192.320983090823,0,0,0,0,8.04248839514358,16.0304232132491,5.43088538299896,9.2741538811797,0,0,0,0,0,0,0,0,0,0,233.623263198018,213.784577189427,194.936961829873,410.609184445696,189.07493521903,379.363612330302,0,0,8.97614814963335,8.21394622409308,7.46465035380708,15.7151629910891,7.21338261934585,14.4692084081496,0,0,371.517084319448,335.682263477209,312.174230295243,693.413833627577,362.159045248504,727.517975490602,0,0,14.2741954071685,12.8974517483968,11.9533631625814,26.5367036168953,13.8192817774141,27.748285363277,0,0,0,0,47.529430420166,107.889983125091,50.7227903891073,92.9861101969815,0,0,0,0,0,0,0,0,0,0,236.87663115915,113.226924944878,451.4330120496,396.073025472456
"124",2000,2304,10.25,6276.44396767757,5337.16895255226,1333.50409101851,2562.2728365839,707.105636008984,1176.62895960183,0,0,0,0,0,0,0,0,0,0,0,0,2.18302818552431,4.29341898398863,1.31876295163785,2.20299051962824,0,0,0,0,0,0,0,0,0,0,3339.15200345328,2837.69640923067,545.01615436319,1084.05954794025,307.775667431356,551.666909223882,0,0,128.295559841922,109.028833999517,21.0035588283607,41.7817280363845,11.8588006102821,21.2555992023572,0,0,24289.3016110008,20574.0866216976,4543.60367655675,8852.50753751739,2898.59810005754,4928.55498490912,0,0,933.21213872944,790.489873451407,176.718846958602,344.970204538783,113.766672868201,193.779804380145,0,0,0,0,8.05629018678303,16.0654678717481,5.46891872673869,9.35261390924226,0,0,0,0,0,0,0,0,0,0,234.570880829524,214.30212294534,196.535249739738,414.181559419239,191.589440145256,384.868280419602,0,0,9.01255745401631,8.23383114905644,7.52604777819879,15.8523064248019,7.30962445727011,14.6798200228121,0,0,369.294126846893,333.317526068088,313.2111015631,696.214034185865,365.138387363366,734.868048177398,0,0,14.1887875628309,12.8065947046726,11.9932309480571,26.6442140199411,13.9333085012017,28.0293557334519,0,0,0,0,47.7470817999875,108.48883198318,51.2027092766792,94.0141608749582,0,0,0,0,0,0,0,0,0,0,239.377383350863,114.369813856157,460.640004047997,405.419657397256
"125",2000,2304,10.3333333333333,6256.33889098934,5314.10960578007,1333.65134664199,2562.93246688576,708.981066993203,1180.72800700117,0,0,0,0,0,0,0,0,0,0,0,0,2.18387210514754,4.29587354157618,1.32289803250084,2.2117365153472,0,0,0,0,0,0,0,0,0,0,3358.6090171007,2850.41889134735,550.066611761388,1094.7539907292,312.343439321651,560.813978914631,0,0,129.043129421314,109.517652107842,21.1982391608078,42.1940227994401,12.0348050339132,21.6080416814253,0,0,24240.689079328,20504.4395057221,4546.09941417843,8860.89763623302,2915.98737184767,4965.09713612195,0,0,931.344589141952,787.813913270349,176.822903941188,345.315843905898,114.456707397288,195.231497539246,0,0,0,0,8.06980858230581,16.0999124541432,5.50670081625502,9.43086891978729,0,0,0,0,0,0,0,0,0,0,235.529193295023,214.832258476139,198.137519655669,417.769904014214,194.129166517506,390.458849834721,0,0,9.04937766825734,8.25419979342682,7.58760224992473,15.9900718063594,7.40683697448092,14.8937275270928,0,0,367.108341060219,330.985987428108,314.231273659664,698.968158691116,368.100683697819,742.187276635386,0,0,14.10480788483,12.7170132116468,12.032466371195,26.7499786407647,14.0466972033557,28.3092800325988,0,0,0,0,47.9599946773981,109.077676470226,51.6803330725929,95.0408501850708,0,0,0,0,0,0,0,0,0,0,241.88831607659,115.515500143474,469.958184303775,414.888665278386
"126",2000,2304,10.4166666666667,6236.19061065216,5291.13586116338,1333.67699735468,2563.34539202604,710.773334544544,1184.68811751025,0,0,0,0,0,0,0,0,0,0,0,0,2.18459735703623,4.29807164812952,1.32687893418674,2.22022672446799,0,0,0,0,0,0,0,0,0,0,3378.12206399916,2863.1584147159,555.131239107315,1105.47317642649,316.935220217778,570.028293159976,0,0,129.792851887818,110.007124968316,21.3934653329894,42.6072721526725,12.211735239022,21.9630766175625,0,0,24192.5121292054,20435.405467458,4548.46536959043,8868.96201184288,2933.20884087331,5001.45309130254,0,0,929.493773894996,785.161508570296,176.921765879329,345.648522109005,115.140174364972,196.675952268998,0,0,0,0,8.08306002705319,16.1337740284885,5.54423182817074,9.50891591079346,0,0,0,0,0,0,0,0,0,0,236.497737672522,215.37428835953,199.743722529742,421.373258933631,196.69245475637,396.130740831008,0,0,9.08659100621014,8.27502543796455,7.64931187899819,16.1284223857798,7.50495682350617,15.1107562560078,0,0,364.959036036431,328.687346127893,315.234593826081,701.676325903834,371.045821447125,749.477209405215,0,0,14.0222298270901,12.6286956879118,12.0710635080906,26.8540018948136,14.1594435555768,28.5881173389664,0,0,0,0,48.1681990336905,109.656520405939,52.1555537575489,96.0659644781489,0,0,0,0,0,0,0,0,0,0,244.409541080761,116.664049154561,479.388498250775,424.481679698314
"127",2000,2304,10.5,6215.99829524606,5268.24600936965,1333.58301306855,2563.51521433163,712.481891074864,1188.50793893524,0,0,0,0,0,0,0,0,0,0,0,0,2.18519068721404,4.29998789888528,1.33070626787749,2.22846106479193,0,0,0,0,0,0,0,0,0,0,3397.69692166434,2875.92034105546,560.210704044247,1116.21863881913,321.552128835394,579.31184651445,0,0,130.544949222825,110.497458586762,21.5892630363821,43.021534986198,12.3896341370393,22.3207805082223,0,0,24144.7635546773,20366.9760436145,4550.70421290126,8876.70617113008,2950.26224226378,5037.6204879681,0,0,927.659416128406,782.532334177768,177.015537024719,345.968451268919,115.817058724272,198.113067862631,0,0,0,0,8.09605908680789,16.1670687860389,5.5815123174652,9.58675242686453,0,0,0,0,0,0,0,0,0,0,237.476106746314,215.927584788991,201.353840068129,424.990812833013,199.277906332284,401.879941611713,0,0,9.12418182204953,8.29628396133634,7.71117595403585,16.2673270824238,7.60393064710766,15.3307532565733,0,0,362.845562415584,326.421313758345,316.220962645609,704.338690670747,373.973609543086,756.739053437612,0,0,13.9410284404452,12.5416310523202,12.1090184727167,26.9562895639059,14.2715402293707,28.8659136716328,0,0,0,0,48.3717279839036,110.225372996761,52.6282664748611,97.0892938250878,0,0,0,0,0,0,0,0,0,0,246.941165461064,117.815522705383,488.931834421908,434.200246978576
"128",2000,2304,10.5833333333333,6195.76134662614,5245.43853949695,1333.3713727764,2563.4455733776,714.106256917417,1192.18622779533,0,0,0,0,0,0,0,0,0,0,0,0,2.18564161681449,4.30160206952697,1.33438028382152,2.23643893394101,0,0,0,0,0,0,0,0,0,0,3417.33835137033,2888.70914051779,565.305459399657,1126.9914622677,326.195034327861,588.666267140032,0,0,131.2996043621,110.98882471356,21.7856497106143,43.4368529383121,12.5685350694785,22.6812158067619,0,0,24097.4368431856,20299.143412373,4552.81864791483,8884.13571813611,2967.14743822659,5073.59718273828,0,0,925.841265622978,779.926089565682,177.104322974218,346.275847410868,116.487350431297,199.542752159384,0,0,0,0,8.10881871213236,16.1998120847937,5.61854310226794,9.66437642088358,0,0,0,0,0,0,0,0,0,0,238.463941104758,216.491579594986,202.967874541444,428.621873786125,201.884339617942,407.702932320634,0,0,9.16213630665593,8.31795353355737,7.77319455121868,16.4067593904292,7.70371338716269,15.5535843793731,0,0,360.767305943287,324.187610436959,317.190328684279,706.955442172142,376.883796949332,763.973719641019,0,0,13.8611801245348,12.4558085513299,12.1463292120619,27.0568487303748,14.3829775968648,29.1427037324206,0,0,0,0,48.5706173199025,110.784248380841,53.098369482733,98.1106319507433,0,0,0,0,0,0,0,0,0,0,249.483292207642,118.969979410538,498.589033360599,444.045839462327
"129",2000,2304,10.6666666666667,6175.47937146829,5222.71211391236,1333.04406042667,2563.14013738201,715.646016745408,1195.72184421366,0,0,0,0,0,0,0,0,0,0,0,0,2.18594195578791,4.30289823568545,1.33790097997353,2.2441593662906,0,0,0,0,0,0,0,0,0,0,3437.05024859588,2901.52852492488,570.415782103535,1137.79235868096,330.864592676783,598.092866365747,0,0,132.056966976166,111.481365962846,21.9826360364599,43.8532533470603,12.7484632013784,23.0444328191764,0,0,24050.5260706802,20231.9003000776,4554.81139475973,8891.2563181906,2983.86440095935,5109.3812259129,0,0,924.039094770531,777.342495268267,177.188229997312,346.570929071861,117.151043786148,200.964920565579,0,0,0,0,8.12135047900927,16.2320184967542,5.65532516598011,9.74178613458597,0,0,0,0,0,0,0,0,0,0,239.460921908787,217.065756831983,204.585840125624,432.265844023121,204.510750159167,413.596614764502,0,0,9.20044220976999,8.34001433117277,7.83536820198368,16.5466964096926,7.80426676283396,15.779131589464,0,0,358.723681742216,321.985961035319,318.142683184162,709.526801784651,379.776088720444,771.181865098014,0,0,13.7826624077087,12.3712176140585,12.1829953032401,27.1556876963744,14.4937443458805,29.4185125201734,0,0,0,0,48.7649050928118,111.333165193761,53.5657640921412,99.1297761577684,0,0,0,0,0,0,0,0,0,0,252.036020698539,120.127474995585,508.360895522407,454.019864973528
"130",2000,2304,10.75,6155.15215888809,5200.06554843428,1332.60306173691,2562.60259647284,717.100816702511,1199.11374793004,0,0,0,0,0,0,0,0,0,0,0,0,2.18608542782967,4.30386408822467,1.3412681781885,2.2516211444836,0,0,0,0,0,0,0,0,0,0,3456.83576195504,2914.38155312644,575.541803278936,1148.6217274042,335.561275803776,607.592677890808,0,0,132.817158039809,111.975199860517,22.1802270904308,44.270751546995,12.9294366362426,23.410471204602,0,0,24004.0258185669,20165.239907279,4556.68517673224,8898.07367025315,3000.41319892952,5144.97084100333,0,0,922.252695382969,774.781290039524,177.267364526272,346.853916229202,117.808136903867,202.37949526716,0,0,0,0,8.13366478052065,16.2637018603134,5.69185959349961,9.81898001677414,0,0,0,0,0,0,0,0,0,0,240.466765075093,217.64964669987,206.20775696727,435.922200951737,207.156279678273,419.558255099416,0,0,9.23908861650128,8.36244830370848,7.89769766522409,16.687118117828,7.90555808322317,16.0072907733823,0,0,356.714129897678,319.816092483295,319.07805518781,712.053020696853,382.650158179528,778.363928157756,0,0,13.7054537774183,12.2878477487063,12.2190177670101,27.2528158934242,14.603827946166,29.6933566722393,0,0,0,0,48.9546312802414,111.872146205898,54.0303546046869,100.146527264523,0,0,0,0,0,0,0,0,0,0,254.599447095904,121.288062556742,518.248187209758,464.123674437312
"131",2000,2304,10.8333333333333,6134.77966118981,5177.49779530905,1332.05036149349,2561.83665690448,718.470361835488,1202.36099478157,0,0,0,0,0,0,0,0,0,0,0,0,2.18606735068311,4.3044903475788,1.34448158633241,2.25882289078841,0,0,0,0,0,0,0,0,0,0,3476.6973956739,2927.27072166099,580.683533862115,1159.47970648892,340.28539698869,617.166492042521,0,0,133.580273769402,112.470422327577,22.3784233279745,44.6893528356093,13.1114673896612,23.7793612866787,0,0,23957.9311020497,20099.1558449441,4558.44270931675,8904.59348355022,3016.79398484808,5180.36440664751,0,0,920.481875939106,772.242228402315,177.341832730365,347.125029394803,118.458631250652,203.786404534173,0,0,0,0,8.14577099250103,16.2948753308369,5.72814752124234,9.89595665746331,0,0,0,0,0,0,0,0,0,0,241.481216207685,218.242820173191,207.833646506217,439.590481273621,209.820189624822,425.585433475477,0,0,9.27806575259107,8.38523896731824,7.96018374773965,16.8280067608634,8.00755923423293,16.2379698124309,0,0,354.738111746045,317.677731660754,319.996507007648,714.5343774691,385.505657041509,785.520159422971,0,0,13.6295335376144,12.2056884615524,12.2543988944604,27.3482437896868,14.7132150368725,29.9672456487862,0,0,0,0,49.1398374971844,112.401217997539,54.4920482507523,101.160689548458,0,0,0,0,0,0,0,0,0,0,257.173664689526,122.45179279264,528.251645511633,474.358568507738
"132",2000,2304,10.9166666666667,6114.36197752251,5155.0079287701,1331.38794131183,2560.8460361751,719.754413817165,1205.46273363338,0,0,0,0,0,0,0,0,0,0,0,0,2.1858843684619,4.30477027116461,1.34754084719645,2.26576313957559,0,0,0,0,0,0,0,0,0,0,3496.63709670885,2940.19804175945,585.84088599846,1170.36621579665,345.037132731495,626.814885235074,0,0,134.346388970122,112.967110638733,22.5772214047077,45.1090541267864,13.2945622268514,24.151125181342,0,0,23912.2373091281,20033.6420801327,4560.08669125328,8910.82145826596,3033.00698527462,5215.56044084036,0,0,918.726459240913,769.72507856117,177.41174016911,347.384488866035,119.102531242956,205.185582114597,0,0,0,0,8.15767761472004,16.3255514294789,5.76419010005879,9.97271473695206,0,0,0,0,0,0,0,0,0,0,242.504046234402,218.844884298983,209.463527964347,443.270267998648,212.501839006431,431.676000299699,0,0,9.31736481676003,8.40837122411864,8.02282716944503,16.9693463551144,8.11024582939765,16.4710869092445,0,0,352.795106802667,315.570603813631,320.898130049872,716.971175588181,388.342223636725,792.65064887191,0,0,13.5548816907135,12.1247291960975,12.2891420872331,27.4419827969265,14.8218917412032,30.2401827691591,0,0,0,0,49.3205667483686,112.920410670491,54.9507551286159,102.172070695795,0,0,0,0,0,0,0,0,0,0,259.758764190584,123.618714209425,538.371982314422,484.725803256808
"133",2001,2304,11,6093.21746656654,5131.62061668248,1330.99301890006,2560.2303370388,721.01037539962,1208.4526082392,0,0,0,0,0,0,0,0,0,0,0,0,2.185652803674,4.30481497368811,1.3505518042973,2.27250306095617,0,0,0,0,0,0,0,0,0,0,3516.57568637089,2953.01020527545,591.132065338081,1181.44612587414,349.845733429985,636.558677006249,0,0,135.112461470117,113.459374449836,22.7811660949697,45.5361925768718,13.4798479977039,24.5265647102446,0,0,23866.0202499413,19967.1793298901,4562.53630533614,8918.06492568759,3049.29448080614,5250.70482104474,0,0,916.950936767129,767.171467214119,177.512494384877,347.682598930229,119.749344975242,206.58275650939,0,0,0,0,8.16979802417202,16.3561013520185,5.80044516474257,10.0495309707462,0,0,0,0,0,0,0,0,0,0,243.546252569588,219.440247883637,211.132040021634,446.996919399314,215.282649685712,437.886900843624,0,0,9.35740834470966,8.43124603551372,8.08695588970888,17.112492949279,8.21672558164291,16.7088152220504,0,0,350.87866602662,313.480957837254,321.80446693611,719.387162652352,391.19170210014,799.777791712974,0,0,13.4812504556686,12.044441612821,12.324073349354,27.5349437313565,14.9310734261934,30.5130223727692,0,0,0,0,49.4988058717341,113.431302469753,55.4107397368155,103.183312219341,0,0,0,0,0,0,0,0,0,0,262.32544958665,124.779536010111,548.494966659852,495.143476749553
"134",2001,2304,11.0833333333333,6071.73520946353,5107.89555523767,1330.64277232767,2559.63717243766,722.208859306481,1211.3147868973,0,0,0,0,0,0,0,0,0,0,0,0,2.18540541416017,4.3047324068637,1.35345585639612,2.27900834671208,0,0,0,0,0,0,0,0,0,0,3536.57314178105,2965.80251980313,596.494888611492,1192.6368311106,354.70095892899,646.396292239404,0,0,135.880795686292,113.950875631065,22.9878678448927,45.9675949684509,13.6669296902467,24.9056184099481,0,0,23819.7851340914,19900.6141013764,4565.25662301232,8925.5661182834,3065.53010297676,5285.72374691239,0,0,915.174719302454,764.613918531688,177.623504207393,347.990219866938,120.394100818377,207.975008540732,0,0,0,0,8.18217323786942,16.3867537411789,5.83666643599996,10.1262583915682,0,0,0,0,0,0,0,0,0,0,244.600109247943,220.037398506841,212.82122223518,450.753727750235,218.109276755623,444.179741712499,0,0,9.39789949426134,8.45418950788564,8.15188166910194,17.2568061993949,8.32496285782278,16.9496902685002,0,0,348.991077158398,311.414447970028,322.704296900719,721.768537048016,394.040557273653,806.890274054921,0,0,13.4087277308444,11.9650429566373,12.3587623202164,27.6265970680495,15.0402434648232,30.785332729258,0,0,0,0,49.6735415054841,113.933083296548,55.8695142888821,104.192635901594,0,0,0,0,0,0,0,0,0,0,264.890216297354,125.93939323117,558.687745814772,505.659299453222
"135",2001,2304,11.1666666666667,6050.21741056436,5084.2643265921,1330.1713485146,2558.80378686704,723.324577004848,1214.03376602441,0,0,0,0,0,0,0,0,0,0,0,0,2.18508524954688,4.30446450159428,1.35620737466407,2.28525195396783,0,0,0,0,0,0,0,0,0,0,3556.66694905888,2978.64449396212,601.877242965277,1203.86579362312,359.590631483812,656.319883837512,0,0,136.652831895305,114.444284814744,23.1953232228127,46.4004734511332,13.8553381739629,25.2879840692371,0,0,23773.9340456021,19834.6104030028,4567.84249663068,8932.75139630195,3081.60875477383,5320.55263447383,0,0,913.413255413237,762.077944788048,177.729166839586,348.285282229524,121.032667361606,209.359789227111,0,0,0,0,8.19462481594279,16.4173547413647,5.87266012184906,10.2027815687696,0,0,0,0,0,0,0,0,0,0,245.660436376678,220.642814009146,214.516054341126,454.52524237477,220.945160461173,450.527490630742,0,0,9.43863924684839,8.47745053022684,8.21702868115264,17.4016936123348,8.43356250190497,17.192681016616,0,0,347.134431090289,309.376623564412,323.588502222482,724.105446072762,396.87426819359,813.977774412622,0,0,13.3373938514004,11.8867464425696,12.3928592813185,27.716564637711,15.148847587273,31.0567199737051,0,0,0,0,49.8440019917035,114.425164740891,56.3250814271518,105.198607630278,0,0,0,0,0,0,0,0,0,0,267.466091160399,127.102424372205,569.00195461166,516.311214174109
"136",2001,2304,11.25,6028.66473292675,5060.72637720522,1329.5810987866,2557.73446483499,724.357236348368,1216.6087514448,0,0,0,0,0,0,0,0,0,0,0,0,2.18467155003154,4.30397610180155,1.35880725074033,2.29123412066489,0,0,0,0,0,0,0,0,0,0,3576.85619107518,2991.53580079407,607.27834057084,1215.13126446677,364.514189436458,666.328618181131,0,0,137.428534859586,114.939589438609,23.4035018910708,46.8347607265968,14.0450519217933,25.673629745428,0,0,23728.4643125507,19769.1637498663,4570.29721064789,8939.62737331073,3097.53064107875,5355.19034372947,0,0,911.666442441168,759.563373665812,177.829609931854,348.568041214326,121.665048768625,210.737046151762,0,0,0,0,8.20710856723541,16.4478374797545,5.90843152683268,10.2791049038059,0,0,0,0,0,0,0,0,0,0,246.727222334612,221.256213232572,216.216482630482,458.311051944646,223.791118091313,456.929738501405,0,0,9.47962715597628,8.50101829999658,8.28239481592391,17.5471393809244,8.54255585281772,17.4377722271735,0,0,345.308250279403,307.367334172939,324.45732294607,726.398631044005,399.6916816173,821.039589511446,0,0,13.2672304696491,11.809546290177,12.4263733392433,27.8048746192645,15.256841719726,31.3271571523994,0,0,0,0,50.010269636573,114.907648101038,56.7773638335622,106.201051287,0,0,0,0,0,0,0,0,0,0,270.053142111675,128.2686723185,579.438006500199,527.100300117323
"137",2001,2304,11.3333333333333,6007.07789333226,5037.28119452032,1328.87434642584,2556.43345809799,725.306597391357,1219.03903170852,0,0,0,0,0,0,0,0,0,0,0,0,2.18414777313355,4.30323914999169,1.36125596284695,2.29695458900213,0,0,0,0,0,0,0,0,0,0,3597.13989916795,3004.47606600313,612.697439576408,1226.43159045432,369.471043688774,676.421660322128,0,0,138.207867361593,115.436775121616,23.6123752747842,47.2703931629877,14.2360483393255,26.0625234251368,0,0,23683.3732861173,19704.2697160457,4572.62396094011,8946.20050439135,3113.29598918515,5389.63577605376,0,0,909.934178615554,757.070035113782,177.924957757117,348.838746032142,122.291250153044,212.106728588331,0,0,0,0,8.21958876064891,16.4781479421306,5.94398452900981,10.3552310341161,0,0,0,0,0,0,0,0,0,0,247.800451979093,221.8773318352,217.922436372347,462.110732722438,226.647836733197,463.386060376519,0,0,9.52086263984953,8.52488266075404,8.34797731295492,17.6931272208665,8.65196926393512,17.6849480281931,0,0,343.5120635974,305.386409374743,325.310993601726,728.64879874167,402.491770006016,828.075014558559,0,0,13.1982194843646,11.7334359516086,12.4593133823546,27.8915538560103,15.364186585684,31.5966172536939,0,0,0,0,50.1724185211916,115.380623549956,57.2262874947123,107.199794786518,0,0,0,0,0,0,0,0,0,0,272.651436944677,129.43817848393,589.996342288774,538.027626397942
"138",2001,2304,11.4166666666667,5985.45766223694,5013.92830698445,1328.05338962097,2554.90498966882,726.172469830861,1221.32397478748,0,0,0,0,0,0,0,0,0,0,0,0,2.18350064291101,4.30223112228094,1.3635537265043,2.30241279376665,0,0,0,0,0,0,0,0,0,0,3617.51704575433,3017.46486201,618.133834277779,1237.76519376496,374.46058291414,686.598167886811,0,0,138.990789919948,115.935825435483,23.8219161854012,47.7073100144883,14.4283039666476,26.4546327928035,0,0,23638.6583449238,19639.9239357432,4574.82586343958,8952.47710191009,3128.90504692806,5423.88787347181,0,0,908.216363220035,754.597761390797,178.015331540763,349.097640508416,122.911277503817,213.468787472714,0,0,0,0,8.23203618001928,16.5082420731811,5.97932199120636,10.4311613411158,0,0,0,0,0,0,0,0,0,0,248.880106802865,222.505920260055,219.633831796075,465.923853469513,229.515892294885,469.896017514056,0,0,9.56234498739897,8.54903402411985,8.41377291281451,17.8396405576085,8.76182483044843,17.9341919961373,0,0,341.745406677197,303.433662043381,326.149743113165,730.856625087743,405.273612208205,835.083345579577,0,0,13.1303430541037,11.6584082371582,12.4916880781202,27.9766279976282,15.4708469672528,31.8650732944953,0,0,0,0,50.3305164569188,115.844172998217,57.671781226661,108.194669557939,0,0,0,0,0,0,0,0,0,0,275.261043276971,130.610982958103,600.677424068965,549.094252056145
"139",2001,2304,11.5,5963.80486583746,4990.66728560177,1327.12050203361,2553.15325472708,726.954713660116,1223.46302972207,0,0,0,0,0,0,0,0,0,0,0,0,2.18271976942047,4.30093440001303,1.36570055434362,2.30760793945253,0,0,0,0,0,0,0,0,0,0,3637.98653902394,3030.50170366357,623.586850985464,1249.13056337038,379.482175456138,696.857287348701,0,0,139.777260585551,116.436721739929,24.0320986624179,48.1454530931323,14.6217945519109,26.8499250884415,0,0,23594.3168975257,19576.1221053711,4576.90595573018,8958.4633384824,3144.35808247706,5457.94561973957,0,0,906.512896688302,752.1463871459,178.100849521759,349.344963197883,123.525137679805,214.823175449684,0,0,0,0,8.24442734749684,16.5380846116952,6.01444591665953,10.5068961437181,0,0,0,0,0,0,0,0,0,0,249.966164812757,223.141742982708,221.350573690582,469.749977541861,232.395756929957,476.459157594339,0,0,9.6040733536205,8.5734633408674,8.47977791797022,17.986662606078,8.87214067298723,18.1854871646368,0,0,340.007822325553,301.508889636657,326.973794672619,733.022756465354,408.036385994874,842.063881150074,0,0,13.0635836130572,11.5844553648215,12.5235058685334,28.0601215507754,15.5767914191398,32.1324983843956,0,0,0,0,50.4846257720751,116.298371302049,58.1137765673474,109.185510460653,0,0,0,0,0,0,0,0,0,0,277.882028513248,131.787124542422,611.48173221542,560.301225582355
"140",2001,2304,11.5833333333333,5942.1203866634,4967.49774435983,1326.07793420754,2551.18242251985,727.653238330301,1225.45572594063,0,0,0,0,0,0,0,0,0,0,0,0,2.18179712523642,4.29933540331841,1.36769633363022,2.31253909866142,0,0,0,0,0,0,0,0,0,0,3658.54721887124,3043.5860451,629.055842344758,1260.52624324431,384.535172267668,707.198150268021,0,0,140.567234785292,116.939443061994,24.2428977557971,48.5847663174689,14.8164951652439,27.248366964702,0,0,23550.3463843983,19512.8599840753,4578.86720127484,8964.16525464594,3159.65538345481,5491.80804026736,0,0,904.823680680433,749.715749438471,178.181627114109,349.580947677167,124.132838375992,216.169846872521,0,0,0,0,8.25674345737798,16.5676474905397,6.04935766040481,10.5824349600958,0,0,0,0,0,0,0,0,0,0,251.058600514794,223.784577257736,223.07255757568,473.588665465009,235.287810367306,483.075015403302,0,0,9.64604675900325,8.59816205276007,8.54598827548437,18.1341764687683,8.98293137076685,18.4388160518617,0,0,338.298860752218,299.61187612264,327.783365766181,735.147812093966,410.779356661186,849.015924210285,0,0,12.9979238798543,11.5115690342971,12.5547749715291,28.1420579705518,15.6819918325023,32.398865792908,0,0,0,0,50.6348043829289,116.74328786015,58.5522075613574,110.172155572602,0,0,0,0,0,0,0,0,0,0,280.514459808719,132.966640828758,622.409761494288,571.649584688642
"141",2001,2304,11.6666666666667,5920.40516398811,4944.4193404927,1324.92791466057,2548.9966377851,728.268002106697,1227.30167285164,0,0,0,0,0,0,0,0,0,0,0,0,2.18072663209244,4.29742390448217,1.36954088434635,2.31720528631651,0,0,0,0,0,0,0,0,0,0,3679.19785424657,3056.71727782283,634.54018273461,1271.95082280851,389.618909268203,717.619870304022,0,0,141.360665220273,117.443966022269,24.4542893496809,49.0251953467945,15.0123802901761,27.6499243733515,0,0,23506.7442790428,19450.1333936953,4580.71249279725,8969.58876495192,3174.79725622612,5525.47420197831,0,0,903.148618125376,747.305687736679,178.257777035947,349.805822777048,124.734388096565,217.508757800389,0,0,0,0,8.26896953664107,16.5969085719592,6.08405808915589,10.6577767056398,0,0,0,0,0,0,0,0,0,0,252.157384876203,224.434212023973,224.799671397764,477.439476845864,238.192349451169,489.743113199061,0,0,9.68826408806983,8.62312205048915,8.61239964163252,18.2821652086079,9.09420832633653,18.6941606755433,0,0,336.618079715206,297.74239358606,328.578668263919,737.23238616934,413.501867514292,855.938783701367,0,0,12.9333468631438,11.4397404887063,12.5855033848076,28.2224597428784,15.7864230709282,32.6641490101431,0,0,0,0,50.7811066347415,117.178987874269,58.9870106027302,111.154446046462,0,0,0,0,0,0,0,0,0,0,283.158404032075,134.149568264723,633.462017748496,583.140356064175
"142",2001,2304,11.75,5898.660193881,4921.43177444922,1323.67265078362,2546.60002184804,728.799011413351,1229.00055938933,0,0,0,0,0,0,0,0,0,0,0,0,2.17950383703368,4.29519248566248,1.37123399892495,2.32160551121063,0,0,0,0,0,0,0,0,0,0,3699.93714204759,3069.89473011635,640.039264496955,1283.40292910348,394.732709242451,728.121540989777,0,0,142.15750182322,117.950264812362,24.6662500178738,49.4666872813571,15.2094238973813,28.0545624808649,0,0,23463.5080881484,19387.9382179509,4582.4446552029,8974.73966316308,3189.7840252673,5558.9432129348,0,0,901.487613227182,744.916043886223,178.32940942094,350.019812780404,125.329796131015,218.839865986709,0,0,0,0,8.28109379169103,16.62585065486,6.11854769410479,10.7329198330033,0,0,0,0,0,0,0,0,0,0,253.262485273963,225.090446882616,226.531796835146,481.301971684286,241.109596608783,496.462960831864,0,0,9.73072408739951,8.64833563441096,8.67900743170867,18.4306118990344,9.20598008937696,18.9515025584396,0,0,334.965044564726,295.900203622218,329.359908600434,739.277049938445,416.203331575929,862.831776032333,0,0,12.8698358632816,11.3689605681499,12.6156988930735,28.3013484643475,15.8900626529085,32.9283218012439,0,0,0,0,50.9235839520486,117.605533329553,59.4181243242791,112.13222601971,0,0,0,0,0,0,0,0,0,0,285.813927728127,135.335942212409,644.639014986172,594.774555149853
"143",2001,2304,11.8333333333333,5876.88652904572,4898.5347896906,1322.31432963718,2543.99667353993,729.246320154483,1230.55215350197,0,0,0,0,0,0,0,0,0,0,0,0,2.17812563366507,4.29263607097849,1.37277547487019,2.32573881845332,0,0,0,0,0,0,0,0,0,0,3720.76370676709,3083.11766710431,645.552494638943,1294.88121994568,399.875883497543,738.702233917472,0,0,142.957691744945,118.458311197154,24.8787568974282,49.9091904003059,15.4075995090812,28.4622455996802,0,0,23420.6353513413,19326.2704012963,4584.06644824923,8979.62362696689,3204.61603257533,5592.21422185387,0,0,899.84057145537,742.546662066334,178.396631920055,350.223137601543,125.919072531742,220.163130863193,0,0,0,0,8.29310704710932,16.6544606198989,6.15282668518044,10.8078624488271,0,0,0,0,0,0,0,0,0,0,254.373865448977,225.753091141943,228.268810401377,485.175711395828,244.0397075257,503.234055774956,0,0,9.77342536386734,8.67379547784355,8.74580686214446,18.5794996630775,9.3182526502421,19.2108227303322,0,0,333.33932823122,294.085058597921,330.127287986248,741.282353679395,418.883224113146,869.694226421608,0,0,12.8073744718712,11.2992197581549,12.645369076446,28.3787449184473,15.9928904660205,33.1913582561987,0,0,0,0,51.062285394996,118.022983833037,59.8454895045295,113.105342545019,0,0,0,0,0,0,0,0,0,0,288.481097079817,136.525797002163,655.941272749268,606.553185916063
"144",2001,2304,11.9166666666667,5855.08527844028,4875.72817231551,1320.85511863934,2541.19066992999,729.610029013497,1231.95630158249,0,0,0,0,0,0,0,0,0,0,0,0,2.17659003150125,4.28975153742245,1.37416513913673,2.3296043215091,0,0,0,0,0,0,0,0,0,0,3741.67610092621,3096.38529147819,651.079292029957,1306.38437811762,405.047733249986,749.360997351127,0,0,143.761179370996,118.968074542776,25.0917875811697,50.3526539391662,15.6068802530087,28.8729371357618,0,0,23378.1236404978,19265.1259474263,4585.58056895301,8984.2462221818,3219.2936371217,5625.28641750609,0,0,898.207399518522,740.19738873235,178.459549793237,350.416012946027,126.502228093322,221.478513519299,0,0,0,0,8.30500228310919,16.6827287213343,6.18689506392568,10.8826024038349,0,0,0,0,0,0,0,0,0,0,255.491485463786,226.42196292736,230.010584335519,489.060259526396,246.982778041707,510.05588306168,0,0,9.81636638301969,8.69949459287301,8.81279298452721,18.7288117007266,9.43102970373735,19.4721017263717,0,0,331.740511158259,292.296702776355,330.881002653175,743.24882858593,421.541076009305,876.525470108031,0,0,12.745946569185,11.2305082328943,12.674521320155,28.4546691481376,16.0948885132876,33.4532328348404,0,0,0,0,51.197258114694,118.431397300762,60.2690489951103,114.073645544109,0,0,0,0,0,0,0,0,0,0,291.15997786977,137.719165981433,667.369313762722,618.477240645403
"145",2002,2304,12,5833.80274727252,4853.05695078882,1319.92025749504,2539.12122398304,729.849905616227,1232.98791203837,0,0,0,0,0,0,0,0,0,0,0,0,2.17491222076643,4.28628124421992,1.37531946118986,2.33276492701583,0,0,0,0,0,0,0,0,0,0,3762.57300220461,3109.49851260663,656.702325198903,1317.9537339945,410.217067896258,759.943834198194,0,0,144.564071735795,119.471905468791,25.3085163957811,50.7986514280094,15.8060649464761,29.2807047561047,0,0,23335.9544187101,19203.6349534679,4587.85381449376,8989.46514159745,3233.62708422681,5657.10935118293,0,0,896.587385680282,737.834800798032,178.551405041226,350.630914710885,127.07179844059,222.74463967645,0,0,0,0,8.31665798204378,16.709310774475,6.2203734744074,10.9550847698449,0,0,0,0,0,0,0,0,0,0,256.599957730533,227.031323018025,231.753552646712,492.850545395007,249.865720080762,516.461385593742,0,0,9.85895593190899,8.72290717328847,8.87983093221859,18.8745278728344,9.54152032983138,19.7175086216339,0,0,330.160457979349,290.517388131817,331.620370852019,745.121322701969,424.150898882156,883.150779939421,0,0,12.6852395829792,11.1621440847441,12.7031302809989,28.527011148617,16.1950644232248,33.7072764636952,0,0,0,0,51.3270216668018,118.819767033145,60.6850859857174,115.015504612646,0,0,0,0,0,0,0,0,0,0,293.874626434742,138.981293724363,679.025902706228,631.20320024472
"146",2002,2304,12.0833333333333,5812.58603538666,4830.49987905352,1318.96738103733,2536.97944512776,730.011162066239,1233.85560161491,0,0,0,0,0,0,0,0,0,0,0,0,2.17325741891312,4.28276450989277,1.37631488713694,2.33560203570351,0,0,0,0,0,0,0,0,0,0,3783.48208878914,3122.57572673027,662.336692658835,1329.52419118838,415.396913684587,770.553518131387,0,0,145.367432279541,119.9743529481,25.525683823464,51.2446952300094,16.0056562139192,29.6895097691313,0,0,23294.1801526279,19142.5772843982,4590.1399798093,8994.55217813438,3247.79647294025,5688.59991603956,0,0,894.982545340278,735.48886194691,178.643599539198,350.840305082693,127.634850944088,223.997590028265,0,0,0,0,8.32846656558871,16.735844921947,6.2535891723298,11.0270524591226,0,0,0,0,0,0,0,0,0,0,257.712829977459,227.640461642054,233.503924810728,496.646430029355,252.756481913613,522.879004651465,0,0,9.901714533356,8.74631124466972,8.94715718131178,19.0204693035544,9.65231891643473,19.9633990326393,0,0,328.609288233279,288.762939422868,332.350569268013,746.952134417191,426.734992748682,889.697994209002,0,0,12.6256423207488,11.0947353263095,12.731393432472,28.5977713589911,16.2942694805239,33.9583674646211,0,0,0,0,51.4530674490528,119.19785918364,61.0967668960653,115.949111017214,0,0,0,0,0,0,0,0,0,0,296.604496966937,140.256204383467,690.822302874691,644.16927737174
"147",2002,2304,12.1666666666667,5791.35714577179,4808.05020105092,1317.90803566095,2534.63341882331,730.099976580149,1234.59216736046,0,0,0,0,0,0,0,0,0,0,0,0,2.17160185230549,4.27920353936003,1.37716728408477,2.33818345473205,0,0,0,0,0,0,0,0,0,0,3804.42061887589,3135.64824659771,667.971334158691,1341.09112644308,420.592345731609,781.212611421,0,0,146.171924089728,120.476620066579,25.7428649591571,51.6906093296172,16.2058493034828,30.1002209876812,0,0,23252.7983376888,19082.0721756474,4592.31567778941,8999.38744985095,3261.82935098124,5719.90768901956,0,0,893.392782199871,733.164153398548,178.73140357533,351.039649560519,128.192465962138,225.243248662794,0,0,0,0,8.34040427400977,16.7624604941938,6.28659998345632,11.0988006109028,0,0,0,0,0,0,0,0,0,0,258.832058790374,228.258477085745,235.261558952548,500.46145789265,255.664671282236,529.372913575973,0,0,9.94471736211763,8.77005637775656,9.01476591009714,19.1671539072247,9.76379220014313,20.2122227331191,0,0,327.087510047648,287.035527368551,333.071914605669,748.750010307024,429.296831011851,896.19291655511,0,0,12.5671743057247,11.0283653600896,12.7593226617752,28.6672841106118,16.3926361971864,34.2074904339665,0,0,0,0,51.5756994940141,119.56738666135,61.5045637125402,116.877398055697,0,0,0,0,0,0,0,0,0,0,299.346215336407,141.5345562967,702.744575724891,657.282830954143
"148",2002,2304,12.25,5770.11591839426,4785.70653015555,1316.74432981305,2532.08693732327,730.11616034471,1235.197213107,0,0,0,0,0,0,0,0,0,0,0,0,2.16991673079962,4.27554994133755,1.37787954983432,2.34051291310021,0,0,0,0,0,0,0,0,0,0,3825.39426859794,3148.72143547691,673.607764450558,1352.65735171289,425.804591806962,791.923044107699,0,0,146.977765252465,120.978912889559,25.9601177415581,52.1365012836361,16.4066912757751,30.5129123420651,0,0,23211.8015559688,19022.1112965741,4594.38271540969,9003.9744875594,3275.72505634245,5751.03034350341,0,0,891.817811254565,730.860355076083,178.814887587992,351.229084983061,128.744615475315,226.481519071662,0,0,0,0,8.35241930480743,16.78907472624,6.31940844383621,11.1703293084537,0,0,0,0,0,0,0,0,0,0,259.957385708393,228.884838184691,237.025688080957,504.293598130272,258.589152183673,535.938468326972,0,0,9.98795448772991,8.79412216436123,9.08262760139155,19.3145036618114,9.87589668837969,20.4638023136141,0,0,325.594267983821,285.334720770977,333.784312074826,750.515402876998,431.836178596868,902.637545387223,0,0,12.509802670983,10.96301761876,12.7869142003715,28.7355664104328,16.4901554587173,34.4547213574447,0,0,0,0,51.6949893042469,119.928454527843,61.9084242217462,117.800223205914,0,0,0,0,0,0,0,0,0,0,302.099847625266,142.816397745128,714.793416222695,670.545401896975
"149",2002,2304,12.3333333333333,5748.86246024818,4763.46770245214,1315.47838775625,2529.34384359073,730.059600519559,1235.67046484962,0,0,0,0,0,0,0,0,0,0,0,0,2.16817878613315,4.27176450269499,1.37845379793445,2.34259310594251,0,0,0,0,0,0,0,0,0,0,3846.40751194348,3161.79963037949,679.247150638038,1364.22500983092,431.034546179241,802.68626731203,0,0,147.785127665534,121.481398051964,26.1774867884379,52.5824530055922,16.6082163990167,30.9276394003498,0,0,23171.1832100851,18962.6870510471,4596.34301125435,9008.31705645128,3289.48308562587,5781.96581565697,0,0,890.257379025936,728.577175123711,178.894126361922,351.408757358548,129.291277677014,227.712315036583,0,0,0,0,8.3644698378225,16.8156207835932,6.35201631260567,11.2416379091971,0,0,0,0,0,0,0,0,0,0,261.088589670856,229.519067962763,238.795668164042,508.141095920585,261.52897551005,542.571577480988,0,0,10.0314174167047,8.8184902782963,9.1507174623785,19.4624511407882,9.9885960499259,20.7179814977354,0,0,324.128771701536,283.660115673512,334.487670621664,752.248724261819,434.352800405625,909.0335750143,0,0,12.4534970507716,10.8986765816497,12.814164413054,28.8026336982024,16.5868181318468,34.7001245790839,0,0,0,0,51.8110002744885,120.281156685537,62.3082999358111,118.71744966522,0,0,0,0,0,0,0,0,0,0,304.865457312009,144.101774119386,726.969472186643,683.958433129658
"150",2002,2304,12.4166666666667,5727.59709621405,4741.33273490994,1314.11234272609,2526.40801625958,729.930251729971,1236.01175748029,0,0,0,0,0,0,0,0,0,0,0,0,2.16636904777893,4.26781519917155,1.37889160693038,2.34442602261866,0,0,0,0,0,0,0,0,0,0,3867.46386473032,3174.88635137524,684.890385897927,1375.79571665632,436.282839772769,813.503350064011,0,0,148.594146412276,121.984210800502,26.3950062207475,53.0285262118833,16.8104488379078,31.3444430779711,0,0,23130.937354156,18903.792430518,4598.19856195329,9012.4190898038,3303.10306326845,5812.71225709763,0,0,888.711257066916,726.314344261508,178.969197730716,351.578819297719,129.832435780834,228.935558794304,0,0,0,0,8.37652169731728,16.8420440806037,6.38442479977762,11.3127252677908,0,0,0,0,0,0,0,0,0,0,262.225478061875,230.160733646775,240.570948835974,512.002412354819,264.483330035571,549.268595067044,0,0,10.0750987484469,8.84314409172226,9.21901429921312,19.6109372049333,10.1018592359054,20.9746210408604,0,0,322.690284267407,282.011328274962,335.181905772131,753.950356579931,436.846468912814,915.382450099642,0,0,12.3982291313064,10.8353275024915,12.8410699093521,28.868500247936,16.6826153585694,34.943754886714,0,0,0,0,51.9237897070863,120.62557883323,62.7041455074826,119.628945557066,0,0,0,0,0,0,0,0,0,0,307.643105769656,145.390728340409,739.273354312439,697.5232858795
"151",2002,2304,12.5,5706.32035114727,4719.3008098929,1312.64833345756,2523.28336267308,729.728134333294,1236.22103237233,0,0,0,0,0,0,0,0,0,0,0,0,2.16447236713588,4.26367642011793,1.37919411657941,2.34601307589026,0,0,0,0,0,0,0,0,0,0,3888.56597850504,3187.98438260101,690.538118210558,1387.37061628949,441.549867273476,824.375014844033,0,0,149.404923369353,122.487458106166,26.6127007631372,53.4747645370896,17.0134036923486,31.7633509988532,0,0,23091.0586282642,18845.4209578005,4599.9514271492,9016.28465982776,3316.58473025893,5843.26801841862,0,0,887.17923944383,724.071613625353,179.040181996853,351.739428888967,130.368077586651,230.151180403653,0,0,0,0,8.38854745014383,16.8683008548739,6.41663464853809,11.3835898173066,0,0,0,0,0,0,0,0,0,0,263.367883010351,230.809442905616,242.351061743836,515.876200890778,267.451522831024,556.026279227272,0,0,10.1189920330952,8.86806853064883,9.28750006932522,19.7599100982148,10.2156597286119,21.2335971473563,0,0,321.278117934783,280.387992052197,335.866941011565,755.620656244553,439.316967561188,921.685387160102,0,0,12.3439724886284,10.7729562988696,12.8676275974644,28.9331793351184,16.7775386872151,35.1856583351757,0,0,0,0,52.0334095986638,120.961799663988,63.0959185754785,120.534583756951,0,0,0,0,0,0,0,0,0,0,310.432852430615,146.683300991068,751.705639496731,711.241245243148
"152",2002,2304,12.5833333333333,5685.03292195836,4697.37125139713,1311.08849990856,2519.97380967353,729.453329960097,1236.29833059548,0,0,0,0,0,0,0,0,0,0,0,0,2.16247671596585,4.25932782277164,1.37936216340436,2.34735528217657,0,0,0,0,0,0,0,0,0,0,3909.71578109796,3201.09589266073,696.190793083765,1398.95046330835,446.835828028242,835.301693172021,0,0,150.217532607087,122.991223290184,26.8305873806532,53.9211966847878,17.2170885651314,32.1843796250864,0,0,23051.542160854,18787.5666026549,4601.60370948945,9019.91793824022,3329.92792643842,5873.63162211345,0,0,885.661138986392,721.848751523518,179.107161158381,351.89074817263,130.898194795946,231.359116698375,0,0,0,0,8.40052508219052,16.8943560750626,6.44864625686566,11.4542296875347,0,0,0,0,0,0,0,0,0,0,264.515656161977,231.464838020851,244.13560378905,519.76127267959,270.432951551974,562.841729279164,0,0,10.1630915706542,8.89324985096014,9.35615923756571,19.9093241165409,10.3299744789564,21.4947990616855,0,0,319.891627496442,278.78975385131,336.542709172035,757.259959856031,441.764094459973,927.943407224178,0,0,12.290702333205,10.7115494020352,12.8938347388865,28.9966834653051,16.871580215812,35.4258734967584,0,0,0,0,52.1399077765831,121.28989254903,63.4835794603384,121.434241494433,0,0,0,0,0,0,0,0,0,0,313.234755051642,147.979530553012,764.266876090764,725.113529409808
"153",2002,2304,12.6666666666667,5663.73565626945,4675.54350690352,1309.43497991313,2516.48329638927,729.105978131649,1236.2437878506,0,0,0,0,0,0,0,0,0,0,0,0,2.16037265580492,4.25475346143793,1.37939637717491,2.34845339088122,0,0,0,0,0,0,0,0,0,0,3930.91458413663,3214.22252665348,701.848686201944,1410.53568553154,452.140757383112,846.283567871062,0,0,151.032024520307,123.495569559895,27.048676529523,54.3678388323539,17.4215047633017,32.6075358761831,0,0,23012.3834940725,18730.2237172624,4603.1575393317,9023.32316607917,3343.13257698763,5903.80174186082,0,0,884.156784419229,719.645540957511,179.170218317667,352.032941972849,131.422782489406,232.559310486845,0,0,0,0,8.41243700960347,16.9201818723642,6.48045976341313,11.5246427876802,0,0,0,0,0,0,0,0,0,0,265.668664694519,232.126591355439,245.924224542982,523.656570204124,273.427083939552,569.712336780171,0,0,10.2073922578949,8.91867546431573,9.42497829270765,20.0591385956252,10.4447831204047,21.7581271954472,0,0,318.530205191898,277.216271035562,337.209153241032,758.868588609398,444.187664625102,934.157361805297,0,0,12.2383953142611,10.6510936473261,12.9196889805421,29.059024545218,16.964732679169,35.6644324554989,0,0,0,0,52.2433287421023,121.609926792452,63.8670909457751,122.327800073286,0,0,0,0,0,0,0,0,0,0,316.04886990343,149.279453589688,776.95758759511,739.141296727048
"154",2002,2304,12.75,5642.42953484501,4653.81713247169,1307.68990648274,2512.81576832731,728.686273338675,1236.05763014259,0,0,0,0,0,0,0,0,0,0,0,0,2.15815291365995,4.24994108551659,1.37929724994609,2.34930797818142,0,0,0,0,0,0,0,0,0,0,3952.16317088901,3227.36548133489,707.511929924452,1422.12643486238,457.464552156655,857.320607138412,0,0,151.84842920342,124.000542896564,27.2669731723655,54.8146965791827,17.6266482748934,33.0328184346149,0,0,22973.5785228481,18673.3869834534,4604.61506258305,9026.50462958416,3356.19868142352,5933.7771855293,0,0,882.666018021225,717.461777594499,179.229437211005,352.166176963636,131.941838701485,233.751709895771,0,0,0,0,8.42426930392254,16.945756304186,6.51207510828248,11.5948268640252,0,0,0,0,0,0,0,0,0,0,266.826788111727,232.794401553529,247.716616318307,527.561146034525,276.433442095423,576.635744796311,0,0,10.2518894651719,8.94433379214044,9.49394536596822,20.2093170953327,10.5600673659422,22.0234915685254,0,0,317.193276490034,275.667209317656,337.866226690197,760.446851756529,446.587511050957,940.327955258141,0,0,12.1870293577427,10.5915761908789,12.9451883683178,29.1202140172392,17.0569894909591,35.9013616628232,0,0,0,0,52.343714322415,121.921968603662,64.2464181100422,123.215144657947,0,0,0,0,0,0,0,0,0,0,318.875251913633,150.58310490194,789.77827535091,753.325651568069
"155",2002,2304,12.8333333333333,5621.11565623423,4632.19177975791,1305.85540547202,2508.97517220185,728.194462372284,1235.7401698489,0,0,0,0,0,0,0,0,0,0,0,0,2.15581201588952,4.24488153227831,1.37906519332982,2.34991952501155,0,0,0,0,0,0,0,0,0,0,3973.46187264448,3240.52557034974,713.180536290905,1433.72263142781,462.806992838184,868.41259434571,0,0,152.666759385094,124.506174561724,27.4854776596066,55.2617666380495,17.8325106201787,33.4602188877997,0,0,22935.1234419694,18617.0513668572,4605.97843030091,9029.46663948118,3369.12630398404,5963.55688018283,0,0,881.188693592239,715.297268005659,179.284901806178,352.29062086636,132.455364048563,234.936267791271,0,0,0,0,8.43601102754294,16.9710622923395,6.54349208416482,11.6647795477681,0,0,0,0,0,0,0,0,0,0,267.989915488023,233.467990186892,249.51250569434,531.474144473516,279.451589233274,583.609812027369,0,0,10.2965789305599,8.97021413677524,9.56304990538554,20.35982669498,10.6758105000218,22.2908104361719,0,0,315.88029639412,274.142240981466,338.513893597267,761.995049524288,448.963485295468,946.455764682751,0,0,12.1365835243501,10.5329844413054,12.9703313525572,29.1802629728414,17.148344767028,36.136682699248,0,0,0,0,52.4411042257761,122.226081923707,64.6215281797812,124.096164090246,0,0,0,0,0,0,0,0,0,0,321.713954783846,151.890517666372,802.729420737834,767.667649469858
"156",2002,2304,12.9166666666667,5599.79522372746,4610.66718502803,1303.93359363712,2504.9654515558,727.63084193195,1235.29180222534,0,0,0,0,0,0,0,0,0,0,0,0,2.15334598527437,4.23956822166263,1.37870058175851,2.35028847653624,0,0,0,0,0,0,0,0,0,0,3994.81063298609,3253.70327906602,718.85441626248,1445.32400046747,468.167762187386,879.559153005486,0,0,153.4870128977,125.01248320399,27.7041864667236,55.7090382487486,18.0390795650493,33.8897226849756,0,0,22897.0147016348,18561.2120783168,4607.24979019479,9032.21351394708,3381.91556554251,5993.13985933334,0,0,879.724674745277,713.151828183663,179.336695973344,352.406441789304,132.963361416215,236.1129412869,0,0,0,0,8.44765369159619,16.9960867535216,6.57471037533009,11.7344983907052,0,0,0,0,0,0,0,0,0,0,269.157943191767,234.147098870346,251.311646615057,535.394786306759,282.481119161571,590.632582134134,0,0,10.3414566723777,8.9963065706469,9.63228241061268,20.5106374078594,10.7919969752499,22.5600091152544,0,0,314.590746290858,272.641043503313,339.152128538393,763.513475469061,451.315457520947,952.541257333758,0,0,12.0870378884733,10.4753060067194,12.9951167846301,29.2391822441906,17.2387933277135,36.370412940497,0,0,0,0,52.5355364885506,122.522329090174,64.9923904107518,124.970750742286,0,0,0,0,0,0,0,0,0,0,324.565031078736,153.201723555625,815.811486823097,782.16830150114
"157",2003,2304,13,5578.52164476191,4589.26617726307,1301.96280895332,2500.84741486718,726.990924046332,1234.69744656128,0,0,0,0,0,0,0,0,0,0,0,0,2.15074534596071,4.23397079145514,1.37819457966508,2.35038561049237,0,0,0,0,0,0,0,0,0,0,4016.20529076311,3266.8897226467,724.536376191214,1456.93039045493,473.543288103233,890.748514046811,0,0,154.309029863172,125.519127453716,27.9232070419444,56.1565042783826,18.2462174752351,34.3208763416755,0,0,22859.2673755244,18505.8383665458,4608.46924396096,9034.78699353818,3394.54410991349,6022.44950679438,0,0,878.274540660495,711.024276613487,179.386354118003,352.515211790288,133.464949919268,237.27870691197,0,0,0,0,8.45916338117088,17.0207138982245,6.60568570788985,11.803832388822,0,0,0,0,0,0,0,0,0,0,270.329014022445,234.827328166272,253.112247502352,539.313919865168,285.512229737144,597.664839448445,0,0,10.3864513342578,9.0224420603134,9.70157423375359,20.6613986909306,10.9082522665374,22.8295896981527,0,0,313.323651948884,271.162428011355,339.780092092594,764.998156546493,453.640292104555,958.572678884142,0,0,12.0383550189777,10.4184952087499,13.0195123578778,29.2968193388313,17.3282151778544,36.6021030970956,0,0,0,0,52.6268721106065,122.809995685153,65.3585408129175,125.837215470655,0,0,0,0,0,0,0,0,0,0,327.431286611572,154.521282414639,829.037696161286,796.879317869444
"158",2003,2304,13.0833333333333,5558.15989960899,4568.37442524003,1300.53728555282,2497.55720623314,726.202901758953,1233.71333082611,0,0,0,0,0,0,0,0,0,0,0,0,2.14800705185084,4.2278573993621,1.37739943314251,2.34972946109623,0,0,0,0,0,0,0,0,0,0,4037.54038231801,3279.89883307497,730.264851453176,1468.52402287149,478.869562612252,901.771444222511,0,0,155.128758199134,126.018958280139,28.1440118853712,56.6034637138164,18.4514592422464,34.7456203261828,0,0,22822.207325035,18450.5179294297,4610.26396605727,9037.81344892344,3406.65328805809,6050.25446584506,0,0,876.85081182581,708.898771969073,179.457857687095,352.640461307463,133.946020426516,238.385034286874,0,0,0,0,8.47023997879686,17.0434691809743,6.6356974777716,11.8703309014673,0,0,0,0,0,0,0,0,0,0,271.474892424765,235.44205433019,254.890656567919,543.098948356899,288.396484908138,604.112274444768,0,0,10.4304780647371,9.0460608147762,9.77002023162768,20.8070336935734,11.018904988689,23.0768499861647,0,0,312.073013991011,269.692677891831,340.387113820815,766.383286433256,455.887309971048,964.337602344384,0,0,11.990304411263,10.362025033099,13.0431095655387,29.3506547795957,17.4146741294991,36.8236407324335,0,0,0,0,52.7123673229782,123.076627157278,65.7129074357453,126.669497012927,0,0,0,0,0,0,0,0,0,0,330.357886954866,155.923588723732,842.615065730024,812.632226062778
"159",2003,2304,13.1666666666667,5537.80647864306,4547.59754914247,1299.02147895103,2494.09966382681,725.356554905168,1232.61925815081,0,0,0,0,0,0,0,0,0,0,0,0,2.14532190575822,4.2218147307539,1.37647996265817,2.34884426773967,0,0,0,0,0,0,0,0,0,0,4058.84994305661,3292.86204940138,735.980383190947,1480.08368477898,484.193585144969,912.806596661937,0,0,155.947505600306,126.517025781777,28.3643215523441,57.0491211932077,18.656616385894,35.1708393814428,0,0,22785.5359260484,18395.7291784486,4611.97136767496,9040.64374321819,3418.64351171308,6077.88436249625,0,0,875.442014184254,706.793695606272,179.525892154273,352.757856303719,134.422310266046,239.484297013376,0,0,0,0,8.48146308943354,17.0663820161144,6.66551033746631,11.9365741505201,0,0,0,0,0,0,0,0,0,0,272.62673575382,236.065255236083,256.675557995025,546.901284595553,291.302673989375,610.643813846282,0,0,10.4747339749872,9.07000518247491,9.83871824340651,20.9533395675493,11.1304034870126,23.3273405785338,0,0,310.848948727889,268.247760725395,340.989818671786,767.746469608504,458.108408268142,970.037360909661,0,0,11.9432747491361,10.3065089798074,13.0665447565846,29.4036589425277,17.5001522326724,37.0427125212178,0,0,0,0,52.7951927047112,123.335932992054,66.0630738240447,127.495117598938,0,0,0,0,0,0,0,0,0,0,333.296893931353,157.329585277717,856.320639230742,828.54253597599
"160",2003,2304,13.25,5517.46091518126,4526.93386359157,1297.41727023123,2490.4781203646,724.451779278778,1231.41515709836,0,0,0,0,0,0,0,0,0,0,0,0,2.14265652962265,4.21578569466212,1.37544043454867,2.34773621782472,0,0,0,0,0,0,0,0,0,0,4080.14339776284,3305.78788059409,741.685720770311,1491.6148734864,489.517908323235,923.858218877992,0,0,156.765634181957,127.013656886793,28.5842413727785,57.4936873306542,18.8617867858008,35.5966963094358,0,0,22749.2431705432,18341.4619563785,4613.59223308576,9043.27926311459,3430.51349882686,6105.33593699818,0,0,874.047763216864,704.708657267973,179.590488308078,352.867451187826,134.893768580641,240.576364400227,0,0,0,0,8.4927807216364,17.0893638859903,6.69512595784519,12.0025607709481,0,0,0,0,0,0,0,0,0,0,273.78409923832,236.696265091611,258.465884246947,550.718193366579,294.2281456619,617.251832455261,0,0,10.5192019762102,9.09424958260125,9.90762720903981,21.1002112217621,11.2426462348908,23.5807698419278,0,0,309.650451235841,266.827094374553,341.587820066913,769.087644895611,460.304093682209,975.67565078562,0,0,11.8972274222377,10.2519246822092,13.0898029562184,29.4558290998119,17.5846685968949,37.2594590976705,0,0,0,0,52.8754077716063,123.588014844541,66.4090067532365,128.31396705809,0,0,0,0,0,0,0,0,0,0,336.248374688836,158.739322130105,870.155306377948,844.612067565509
"161",2003,2304,13.3333333333333,5497.12310296434,4506.38193758461,1295.72661873379,2486.69607483403,723.488581042118,1230.1011406763,0,0,0,0,0,0,0,0,0,0,0,0,2.13998366031178,4.20972349900864,1.37428415464224,2.34641021501477,0,0,0,0,0,0,0,0,0,0,4101.42836236255,3318.68332376517,747.383048310213,1503.12197249082,494.844542419628,934.929706389561,0,0,157.58343656014,127.509120435422,28.8038550093817,57.9373300447513,19.0670475257361,36.0233212531162,0,0,22713.3201421304,18287.7069658728,4615.12760992574,9045.721947948,3442.26227170137,6132.60643722027,0,0,872.667716346946,702.64329973491,179.651687184811,352.969321940335,135.360356432722,241.661125659512,0,0,0,0,8.50415071124197,17.112342957884,6.72454565190009,12.0682893478753,0,0,0,0,0,0,0,0,0,0,274.946598360556,237.334487854557,260.260750803325,554.547346413134,297.170665468232,623.929635781416,0,0,10.563867294647,9.11877111425815,9.97671309849096,21.2475591872891,11.3555476741323,23.8368817601712,0,0,308.476598026312,265.430138394987,342.180762250438,770.406762986988,462.474779144607,981.255689240796,0,0,11.8521269490672,10.1982513755577,13.1128703617895,29.5071629561628,17.6682387262858,37.474002755817,0,0,0,0,52.9530660803128,123.832967251159,66.7506788792132,129.125945113193,0,0,0,0,0,0,0,0,0,0,339.212386732886,160.152844044769,884.119801032375,860.842411937227
"162",2003,2304,13.4166666666667,5476.79324727147,4485.94059921427,1293.95151298134,2482.7571000576,722.467045237931,1228.67744889536,0,0,0,0,0,0,0,0,0,0,0,0,2.13728121043407,4.20359011092674,1.37301365604817,2.34487010638217,0,0,0,0,0,0,0,0,0,0,4122.71090187046,3331.55407179664,753.074067639441,1514.60841091129,500.175035536335,946.023730796132,0,0,158.401145762417,128.003635157296,29.0232276364259,58.3801806673698,19.2724579656431,36.4508166040702,0,0,22677.7589942089,18234.4558370909,4616.57872754106,9047.97411865861,3453.88907179107,6159.6934896559,0,0,871.301572100287,700.597301424115,179.709536874948,353.063559389491,135.822043435599,242.73848479763,0,0,0,0,8.51553907475663,17.1352613014588,6.75377038092789,12.1337583471985,0,0,0,0,0,0,0,0,0,0,276.113901214127,237.979391489898,262.059425303416,558.386762307469,300.128352851888,630.67136814307,0,0,10.6087171779477,9.14354933580752,10.0459477278379,21.3953073116822,11.4690358038667,24.0954524182149,0,0,307.326546540485,264.056395485711,342.76832038876,771.703782798403,464.620795556104,986.780246897385,0,0,11.8079409575589,10.1454699527421,13.1357343504769,29.5576585184809,17.7508749768319,37.6864487022789,0,0,0,0,53.0282154490467,124.070876615088,67.0880665500937,129.930958017291,0,0,0,0,0,0,0,0,0,0,342.188983645953,161.570192372252,898.214769916067,877.235015266004
"163",2003,2304,13.5,5456.47180558193,4465.60888594067,1292.09396067177,2478.6648218232,721.387325850925,1227.14443283165,0,0,0,0,0,0,0,0,0,0,0,0,2.1345311968706,4.19735448395755,1.37163092805633,2.34311899322579,0,0,0,0,0,0,0,0,0,0,4143.99583618995,3344.40477137864,758.760097382064,1526.07685847218,505.510565879853,957.142380154701,0,0,159.218946977184,128.49737958568,29.2424097367932,58.8223414158417,19.4780632776383,36.8792623800475,0,0,22642.5527382062,18181.7009478118,4617.9469508033,9050.03838536721,3465.39331843174,6186.59503214803,0,0,869.949061969121,698.570369477347,179.764090737983,353.150265634689,136.278806154367,243.808358006288,0,0,0,0,8.52691818481797,17.1580718244392,6.78280084205975,12.1989661485003,0,0,0,0,0,0,0,0,0,0,277.285717220822,238.630496613514,263.86129197971,562.234732142909,303.099602739095,637.471859348622,0,0,10.653740461657,9.16856582854306,10.1153073931542,21.543389906017,11.583049175154,24.3562841314048,0,0,306.199520940038,262.705401803094,343.350199788244,772.978675066482,466.742414189266,992.251723475773,0,0,11.7646396391431,10.093562592137,13.1583834515258,29.607314238592,17.8325874172132,37.8968879585323,0,0,0,0,53.1008993515484,124.301823316855,67.4211492514624,130.728917698969,0,0,0,0,0,0,0,0,0,0,345.178215759277,162.991405530965,912.440789726561,893.791202349033
"164",2003,2304,13.5833333333333,5436.15946093374,4445.38602222323,1290.15598325924,2474.4229080335,720.249642315577,1225.50254911401,0,0,0,0,0,0,0,0,0,0,0,0,2.13171925360619,4.19099175014769,1.37013751908769,2.3411593726526,0,0,0,0,0,0,0,0,0,0,4165.28687860411,3357.23914009032,764.442118358689,1537.52931457934,510.851983774165,968.287221014275,0,0,160.036982874717,128.990496555911,29.4614388417315,59.2638888063864,19.6838960558242,37.3087186008857,0,0,22607.6951476928,18129.4353425528,4619.23375752057,9051.91760267422,3476.77459061971,6213.30928500773,0,0,868.609946728127,696.562236653551,179.81540653016,353.229552319286,136.730627402372,244.870672547459,0,0,0,0,8.53826594875757,17.1807368891498,6.81163750503698,12.2639110579748,0,0,0,0,0,0,0,0,0,0,278.461791878348,239.287371469573,265.665835283405,566.089785579541,306.083049519003,644.326555596603,0,0,10.6989273674124,9.19380400371368,10.1847722415255,21.6917504411598,11.6975355101983,24.6192027989183,0,0,305.094805992741,261.376722568144,343.926135767915,774.231424301504,468.839857091101,997.672182424632,0,0,11.722195513822,10.0425125888273,13.1808073425997,29.6561290907817,17.9133842287053,38.1053986884141,0,0,0,0,53.1711575498707,124.52588269746,67.7499094019024,131.519741481522,0,0,0,0,0,0,0,0,0,0,348.180130422737,164.416519194943,926.798374363737,910.512186533297
"165",2003,2304,13.6666666666667,5415.85708539982,4425.27138904104,1288.13960943666,2470.03505521567,719.054273557136,1223.75235043767,0,0,0,0,0,0,0,0,0,0,0,0,2.1288339703626,4.18448212083223,1.36853467104172,2.33899332127751,0,0,0,0,0,0,0,0,0,0,4186.5868246829,3370.06012535501,770.120835183348,1548.96722944196,516.199869410853,979.459385494938,0,0,160.855360865283,129.483099312705,29.680341891427,59.7048782959574,19.8899785295097,37.7392286244355,0,0,22573.1806275557,18077.6526218723,4620.44070945718,9053.61481167222,3488.03260138533,6239.83470928344,0,0,867.284011407917,694.57265707565,179.863545284276,353.301538386936,137.177495248993,245.925365136781,0,0,0,0,8.54956469966987,17.2032264447556,6.84028066363618,12.3285913269039,0,0,0,0,0,0,0,0,0,0,279.641899753266,239.949624849717,267.472618232471,569.950645169169,309.077518928194,651.231423043781,0,0,10.7442692337227,9.21924883046716,10.2543254393265,21.8403397940385,11.8124498582005,24.8840542111169,0,0,304.011738395415,260.069946324591,344.495892676941,775.46203054201,470.913310324096,1003.04339939405,0,0,11.6805830967858,9.99230413399431,13.2029968135286,29.7041026421545,17.9932722140078,38.3120480552549,0,0,0,0,53.2390269346736,124.743126337092,68.074332024025,132.303351586523,0,0,0,0,0,0,0,0,0,0,351.194772399892,165.845566587735,941.287985063494,927.399084222737
"166",2003,2304,13.75,5395.56571235821,4405.26450080929,1286.04687012644,2465.50497812689,717.801553421835,1221.89447833985,0,0,0,0,0,0,0,0,0,0,0,0,2.12586639619713,4.17781005645418,1.36682341248607,2.33662262375591,0,0,0,0,0,0,0,0,0,0,4207.89769521564,3382.87002461855,775.796722778393,1560.39159552092,521.554576669681,990.65963686303,0,0,161.67415859084,129.975276127608,29.8991370177182,60.1453477871124,20.0963242428273,38.1708216588776,0,0,22539.0041151254,18026.3468587067,4621.56943056601,9055.13319626452,3499.16717841195,6266.16997513348,0,0,865.971061496229,692.601403016098,179.908570468056,353.366348391127,137.619402269385,246.972380719008,0,0,0,0,8.56080038173469,17.2255166497617,6.86873047165991,12.3930051638454,0,0,0,0,0,0,0,0,0,0,280.825839199411,240.616900653483,269.281266521229,573.816192300189,312.081992343667,658.182873467494,0,0,10.7897583130407,9.24488662685273,10.3239525617617,21.989114939996,11.9277532267572,25.150701202969,0,0,302.949700202478,258.784680765476,345.059262641345,776.670510227047,472.962933378215,1008.36690058098,0,0,11.639778645928,9.94292215456673,13.2249437193322,29.7512350884348,18.0722571589327,38.5168936907093,0,0,0,0,53.3045421338407,124.953622983215,68.3944045028137,133.079674772388,0,0,0,0,0,0,0,0,0,0,354.22218415507,167.278578708631,955.910037727035,944.452925969609
"167",2003,2304,13.8333333333333,5375.28651356374,4385.3649863503,1283.87979438947,2460.8364011879,716.491866742234,1219.92965701601,0,0,0,0,0,0,0,0,0,0,0,0,2.12280963547555,4.17096358609838,1.36500462722329,2.33404886833392,0,0,0,0,0,0,0,0,0,0,4229.22085376553,3395.67058410757,781.470064445207,1571.8030223922,526.916269194142,1001.8884232383,0,0,162.493428441666,130.467094093437,30.1178350033085,60.5853204974662,20.3029394377279,38.6035148205916,0,0,22505.1609989731,17975.5125295677,4622.62158944827,9056.47604778275,3510.17824807714,6292.31393562756,0,0,864.670919818039,690.648262253361,179.950547305652,353.424111125271,138.056344926584,248.011671453718,0,0,0,0,8.57196190337238,17.247588773383,6.89698697000988,12.4571507432475,0,0,0,0,0,0,0,0,0,0,282.013428049312,241.288873319826,271.091455959979,577.685439723072,315.095578178298,665.17770186141,0,0,10.8353876062206,9.27070488429302,10.3936411102831,22.1380378977676,12.0434114854901,25.4190212645352,0,0,301.908113374523,257.520549462361,345.61606402406,777.856896449241,474.988866303215,1013.64399581038,0,0,11.5997599523938,9.89435218755155,13.2466409220361,29.7975272655752,18.1503441064692,38.7199849615987,0,0,0,0,53.3677359864473,125.157439272516,68.710116388909,133.848642039268,0,0,0,0,0,0,0,0,0,0,357.262406081588,168.715584525686,970.664908678355,961.674665776165
"168",2003,2304,13.9166666666667,5355.02077930395,4365.5725724884,1281.64040591004,2456.03305106662,715.125645799759,1217.85868778116,0,0,0,0,0,0,0,0,0,0,0,0,2.11965850095645,4.16393372152841,1.363079110474,2.33127352532543,0,0,0,0,0,0,0,0,0,0,4250.55710803878,3408.46308383728,787.140984624723,1583.20180121746,532.284951606659,1013.14592419597,0,0,163.313201451127,130.958602390425,30.3364405375209,61.0248074309395,20.5098242507834,39.0373149199415,0,0,22471.6470489593,17925.1444552735,4623.59888444202,9057.64673477635,3521.06582162325,6318.26560386609,0,0,863.383423847948,688.713035794713,179.989542200598,353.474958452577,138.488323035922,249.04319582945,0,0,0,0,8.58304058724936,17.2694282600789,6.92505010989407,12.5210262127563,0,0,0,0,0,0,0,0,0,0,283.204499923874,241.965243831468,272.902901906165,581.557508127893,318.117487603083,672.213031842363,0,0,10.8811507207309,9.29669211406473,10.4633801065019,22.2870748300347,12.1593944355494,25.6889044506283,0,0,300.886435046761,256.277189156472,346.166139823731,779.021238901693,476.991235529546,1018.875807807,0,0,11.5605061587871,9.84658027595557,13.2680822299938,29.8429806493186,18.2275375804303,38.9213640906565,0,0,0,0,53.4286399411099,125.354640335504,69.0214592273037,134.610188371964,0,0,0,0,0,0,0,0,0,0,360.315476693226,170.156611146414,985.552939492395,979.06518920796
"169",2004,2304,14,5334.7263025655,4345.76174074764,1279.40727103646,2451.20397163796,713.175039332394,1214.34432310101,0.545247514712525,1.31946082126317,0,0,0,0,0,0,0,0,0,0,2.11643601990558,4.15668569268526,1.3600399186063,2.32573493141018,0.00104010711073838,0.00252760526850283,0,0,0,0,0,0,0,0,4271.91638345511,3421.22875599433,792.824580644486,1594.59559459881,537.263375725272,1023.30602881635,0.413117844425676,1.11831612795286,164.133858969719,131.44907992917,30.5555347038989,61.4641013137509,20.7016719084843,39.4288317104728,0.0159181287717763,0.0430896310420134,22438.4507565307,17875.0501871072,4624.61976765718,9058.74061669614,3529.21391449856,6337.03743108233,2.70015308124412,6.89020191781097,862.108131389208,686.788329450716,180.030134561597,353.522513410447,138.812441198649,249.791514227322,0.106205290721287,0.271599650219616,0,0,8.59413219731981,17.2908946732045,6.94776987733269,12.5707707297297,0.00531982495357276,0.013678282480521,0,0,0,0,0,0,0,0,284.407625300028,242.637225852524,274.726155922767,585.420997827279,320.938497573903,678.495829282354,0.243500733425428,0.731896861177176,10.9273769473736,9.32251073107756,10.5335741597344,22.4357890190168,12.2677046200414,25.9300434720447,0.0093076479868541,0.0279707565538641,299.884512916854,255.052635876388,346.713301286647,780.157691345952,478.615034514064,1022.93358926901,0.366398568366015,1.11276966797954,11.5220114137041,9.79953096084083,13.2894135698938,29.88737095835,18.2902707429421,39.0779103124579,0.0140018804329342,0.0425097228292288,0,0,53.4879008861544,125.544290361146,69.2770369542837,135.215101351492,0.0530547832407936,0.147132080768689,0,0,0,0,0,0,0,0,363.371285933751,171.60751586328,1000.52369905385,996.694497112685
"170",2004,2304,14.0833333333333,5314.24616771418,4325.6025630747,1277.33450981461,2446.55539751179,709.47705312489,1206.43384689271,2.84417508691058,6.87932462129239,0,0,0,0,0,0,0,0,0,0,2.11324248329936,4.14923748625644,1.35366249258838,2.31176391846842,0.00543469402333636,0.0131965450592838,0,0,0,0,0,0,0,0,4293.39838081669,3433.98316689197,798.578803227226,1606.0484552955,540.968664050309,1029.83526295251,2.23336764044894,6.04858620344023,164.9592316617,131.939124792318,30.7773468577896,61.9056603892795,20.8444614561315,39.6804443849781,0.0860556138252738,0.233057326359069,22405.4637372918,17824.7317993961,4625.92518729305,9059.9257200074,3528.75661150904,6332.90774432257,14.201086312719,36.2422713058147,860.840878124855,684.855012115965,180.081640791097,353.573126964821,138.797919122676,249.63676951167,0.558625883783129,1.42873280167702,0,0,8.60551432709447,17.3118182297004,6.95357793410459,12.5751385725743,0.0280975077778532,0.0722439970743968,0,0,0,0,0,0,0,0,285.640496297934,243.285903612835,276.584413065917,589.254491753347,323.073072737715,682.224016575355,1.24534633684771,3.74762349054445,10.9747460443837,9.34743396116325,10.6051128591533,22.5833603191986,12.3497818351562,26.0735641554381,0.0476036237712761,0.143225753497237,298.898584105308,253.837483662705,347.26193772172,781.237968068271,479.054771560515,1023.22998240679,1.93220165057026,5.86596796454308,11.4841311419977,9.75284285016888,13.3108031015899,29.9296143949027,18.3077597615334,39.0907742876362,0.0738407389713218,0.224096865085405,0,0,53.5468228920642,125.723874878462,69.3604216911398,135.32490244876,0.280559648047471,0.777567392456277,0,0,0,0,0,0,0,0,366.406961391046,173.081468702978,1015.44102372794,1014.67825118443
"171",2004,2304,14.1666666666667,5293.69456563843,4305.48241802926,1275.16221958923,2441.7273195147,705.781817176353,1198.55539214524,5.09602483941719,12.3199097817938,0,0,0,0,0,0,0,0,0,0,2.10999918654918,4.14170351640673,1.34728128909127,2.29783432217504,0.00975294894545557,0.0236640229120375,0,0,0,0,0,0,0,0,4314.9933788084,3446.80638201311,804.360553853219,1617.54730834577,544.703099326974,1036.41361992035,4.14222994834227,11.2232248096162,165.788946018596,132.431813223763,31.0002178583987,62.3489880635832,20.9883722092182,39.9339466104966,0.159608370298786,0.432442969896428,22372.6711393114,17774.7707134562,4627.12331980712,9060.88548205483,3528.2947752192,6328.81065189094,25.6584019913867,65.4904667777023,859.581093510102,682.935422932326,180.128917717964,353.61477801313,138.78302285282,249.482904134524,1.00941410563301,2.58196531682833,0,0,8.61686752072833,17.3326703109026,6.95939381218164,12.5795868452491,0.0509743521212794,0.131070028153952,0,0,0,0,0,0,0,0,286.873712506263,243.939461895368,278.442349202196,593.095256308895,325.198107851515,685.978628356532,2.19131877208762,6.60114135459902,11.0221284031434,9.37254470879958,10.6766415270113,22.7312160672688,12.431499619813,26.2181033871016,0.0837658612469244,0.252287902724935,297.925901827309,252.634830920696,347.797955371432,782.276868382505,479.473698113686,1023.45272314879,3.49567801116686,10.6090326793449,11.4467598083484,9.70663498962793,13.3317104296478,29.970277129519,18.3244567597163,39.1008288288692,0.133593680772263,0.405307640423334,0,0,53.6033852131938,125.896640739624,69.4398666874023,135.427505677508,0.509607853392998,1.41150607054533,0,0,0,0,0,0,0,0,369.455769097414,174.559371640799,1030.45741031462,1032.76475074716
"172",2004,2304,14.25,5273.08151046311,4285.40824551059,1272.89463559497,2436.72750022537,702.089638260519,1190.70950865533,7.30111729860408,17.6421576719655,0,0,0,0,0,0,0,0,0,0,2.10668777202253,4.13404963534149,1.34089715209329,2.28394755350104,0.0139938072360849,0.0339287558238763,0,0,0,0,0,0,0,0,4336.66997349811,3459.67350661814,810.16007459839,1629.07232868607,548.457761023888,1043.02288165806,6.13606934583954,16.6322238960367,166.621795451118,132.926188727798,31.2237729164747,62.7933228570302,21.1330615454833,40.1886386044148,0.236437063668928,0.640863017862868,22340.0906360744,17725.1794116977,4628.22066571885,9061.63252782232,3527.83052552007,6324.74956359617,37.0749772415291,94.642945288437,858.329456581062,681.030041493948,180.172217747637,353.647957882987,138.767838371458,249.330057470372,1.45867831265164,3.73160510753903,0,0,8.62817443745093,17.3534126935899,6.96522154739475,12.5841214120925,0.0739470312318957,0.190154195810728,0,0,0,0,0,0,0,0,288.107653803367,244.597833139883,280.300625643216,596.943572070505,327.316113809019,689.759286879174,3.08816360117709,9.31098729787106,11.0695386191914,9.39784037821267,10.7481855347267,22.8793670673089,12.5129541638415,26.3636472621439,0.118052406609891,0.35586619054304,296.967695361506,251.446136954538,348.323264003958,783.280069076273,479.873981832525,1023.6121000168,5.0515287122763,15.3264354010113,11.4099446437266,9.66096344801452,13.3522085917766,30.0095762446706,18.3404443159369,39.1084663901495,0.193058185095656,0.58554862517506,0,0,53.6576673113926,126.062774971757,69.5154746338351,135.523098663838,0.74016278218399,2.04885685722654,0,0,0,0,0,0,0,0,372.51771488112,176.041254125272,1045.57255654129,1050.95459556254
"173",2004,2304,14.3333333333333,5252.41606266779,4265.3861877187,1270.53574046094,2431.56323279134,698.400742640834,1182.89658352455,9.45978722327412,22.8470435126838,0,0,0,0,0,0,0,0,0,0,2.10329407395942,4.12624934645856,1.33451069914598,2.27010469529473,0.0181564630712416,0.043989930872973,0,0,0,0,0,0,0,0,4358.40152706035,3472.56359995915,815.969262823498,1640.60709367424,552.225376643303,1049.64839320651,8.21116032917797,22.2652792751469,167.456756491412,133.421446727401,31.4477007330473,63.2380337991407,21.2782500639305,40.4439572892171,0.316398836726292,0.857922376744276,22307.7365719879,17675.9676724814,4629.22289242382,9062.17783916712,3527.36537547521,6320.7267017553,48.4535354510985,123.707430820894,857.086518466976,679.139243501043,180.211761106958,353.673094381855,138.752428069655,249.178322728566,1.9065210450653,4.87794369942797,0,0,8.63941993380008,17.3740118489783,6.97106261424091,12.5887431638683,0.0970125071983621,0.2494940609418,0,0,0,0,0,0,0,0,289.342560910205,245.260864936325,282.159561867533,600.799131397737,329.428845462651,693.564695507227,3.94191905162989,11.8938512830389,11.1169859414165,9.4233151135631,10.8197571233216,23.0278015179634,12.5942126318236,26.5101464876688,0.150694244517587,0.454598956112875,296.024941555581,250.272595645012,348.839505015177,784.252494442956,480.257590605292,1023.71722701147,6.59528232373383,20.0050070274035,11.3737231803356,9.61587409613267,13.372360353055,30.0477000261195,18.3557974081707,39.114034635871,0.252063371873427,0.764316587836573,0,0,53.7097399236203,126.222445458029,69.5873419481682,135.61185676436,0.972188124269479,2.68953033353483,0,0,0,0,0,0,0,0,375.592807851668,177.527144927601,1060.78624356169,1069.24836714488
"174",2004,2304,14.4166666666667,5231.70647792947,4245.42171389773,1268.08929844923,2426.24140644718,694.71529559653,1175.11687647319,11.5723817804026,27.9355717656058,0,0,0,0,0,0,0,0,0,0,2.09980735833657,4.11828244106528,1.32812237641211,2.2563065675714,0.0222403323240424,0.0538471397488822,0,0,0,0,0,0,0,0,4380.16539424082,3485.45902782805,821.78139367567,1652.13801430678,556.000031517146,1056.27842983376,10.3637365246436,28.1119330280634,168.292959072593,133.916909688096,31.6717428633375,63.6825986269255,21.423710460487,40.6994520304796,0.399349203058213,1.08321988172929,22275.62050462,17627.1430191094,4630.13496971905,9062.53102614853,3526.90034784731,6316.74333674494,59.7966397601181,152.691195138035,855.85272322365,677.26331801082,180.247741075447,353.690562280515,138.736835262846,249.027756079671,2.35303876843247,6.02125546898549,0,0,8.65059089052311,17.39443859168,6.97691663902569,12.5934494765729,0.120167918929938,0.309086767581106,0,0,0,0,0,0,0,0,290.578561654963,245.9283395029,284.019216201397,604.661189670769,331.537472176866,697.39291733296,4.75798175143806,14.3647373061601,11.1644752811857,9.44896054732488,10.8913585002871,23.1764908184124,12.6753197099359,26.6575270895543,0.181897811595214,0.549060042580762,295.098403127232,249.115173168763,349.348075890079,785.198390019339,480.626293341448,1023.7761360235,8.12319937324936,24.6336754261351,11.3381247231903,9.57140405602864,13.392219140049,30.0848107794961,18.3705834315859,39.1178399436834,0.310466347056785,0.941188457250822,0,0,53.759666366348,126.375803807064,69.6555594310031,135.693944382873,1.20564784153955,3.33343864628829,0,0,0,0,0,0,0,0,378.681059070331,179.017071691542,1076.0983082693,1087.64660953359
"175",2004,2304,14.5,5210.96033293416,4225.51972575079,1265.55888456288,2420.76856209876,691.033417649894,1167.37054927469,13.6392590671379,32.908772379124,0,0,0,0,0,0,0,0,0,0,2.09621968605166,4.11013385321038,1.32173250383348,2.2425537827479,0.0262450204863919,0.0635003218528851,0,0,0,0,0,0,0,0,4401.94226690878,3498.34491456199,827.590884316018,1663.65385140986,559.77692354671,1062.90366134674,12.5900318404319,34.1616932747353,169.129661345402,134.412006063128,31.8956846792578,64.1265852388904,21.5692581255312,40.9547640982932,0.48514363124111,1.31635290658752,22243.751664743,17578.7111000794,4630.96128463945,9062.70055689112,3526.43607292817,6312.79998435683,71.1066893974929,181.601046550348,854.628425508831,675.402482047488,180.280328418314,353.700692195076,138.721087982859,248.878384303943,2.79832172536882,7.16179719086022,0,0,8.66167603688396,17.4146677198368,6.98278196348642,12.5982353575404,0.143410497466441,0.368928940160738,0,0,0,0,0,0,0,0,291.815693095569,246.599989896798,285.879451925516,608.528688721358,333.642717075965,701.241597688678,5.54116753597918,16.7371134551052,11.2120080623272,9.47476642312706,10.9629843773593,23.325394307557,12.7563029515202,26.8056989652561,0.211847321742823,0.639764533906098,294.188661482368,247.974640531315,349.850153858671,786.121391852355,480.98166518377,1023.79586881169,9.63218565350047,29.2032263482948,11.3031716110386,9.52758295096145,13.4118299447084,30.1210474772242,18.3848623879884,39.1201508970168,0.368148886649014,1.11581217971045,0,0,53.8075036684963,126.522987846238,69.7202128651936,135.769516178233,1.44050613352283,3.98049526009033,0,0,0,0,0,0,0,0,381.782480453992,180.511060581099,1091.50862142042,1106.14981549329
"176",2004,2304,14.5833333333333,5190.184628517,4205.68464389923,1262.94790853516,2415.15093801558,687.355197575917,1159.65768947662,15.6607869289409,37.7676977689453,0,0,0,0,0,0,0,0,0,0,2.09252539914587,4.10179273198004,1.31534131028891,2.2288467906445,0.0301702956634597,0.0729497160469692,0,0,0,0,0,0,0,0,4423.71563570877,3511.20869327384,833.393099904183,1675.14531693569,563.552162619168,1069.51671311162,14.8863138221417,40.404131991457,169.966228994,134.906253012597,32.1193479317278,64.5696364098432,21.7147434530983,41.20960983388,0.57363882980491,1.55692113108738,22212.1373347421,17530.6760013863,4631.70573562226,9062.69394602617,3525.97286778594,6308.89656525871,82.3859186128077,210.443326023023,853.413905121096,673.556892601364,180.309675021808,353.703777869117,138.705202050585,248.730210973398,3.24245388772179,8.29980786921302,0,0,8.67266577140304,17.434677644786,6.98865605860638,12.6030942783302,0.16673750837903,0.429016635090994,0,0,0,0,0,0,0,0,293.053919530348,247.275512996417,287.739988949999,612.400352762163,335.744965289441,705.108131366839,6.2957671327266,19.0230505402484,11.2595829131287,9.5007210945519,11.0346239546514,23.4744629481002,12.8371769330256,26.9545623138993,0.240706895802979,0.727174055507939,293.296144071622,246.851600941103,350.346718539454,787.024590764553,481.325096966129,1023.78256784089,11.1197145967155,33.7060882380907,11.2688802674381,9.48443395715707,13.4312301900708,30.1565282153804,18.3986872402855,39.1212017400465,0.425014467488513,1.28789848959861,0,0,53.8533035335422,126.664123738978,69.781383558465,135.838718163715,1.6767274014645,4.63061472871145,0,0,0,0,0,0,0,0,384.897083909947,182.009136024282,1107.0170714984,1124.75841802538
"177",2004,2304,14.6666666666667,5169.38587506503,4185.92047949556,1260.2596348246,2409.39450780696,683.680702904227,1151.97832965982,17.6373420152468,42.5134203884902,0,0,0,0,0,0,0,0,0,0,2.08872070043432,4.09325167990994,1.30894896151624,2.21518591562043,0.0340160656771811,0.0821958195150558,0,0,0,0,0,0,0,0,4445.47134289168,3524.03973266812,839.184192273999,1686.60474199197,567.322604986705,1076.11180316351,17.2489104902049,46.8289643904697,170.802118055025,135.399242065129,32.3425845655774,65.0114570627655,21.8600454897957,41.4637667319321,0.664693781936645,1.8045296005706,22180.7831634278,17483.0405058177,4632.37181057646,9062.51791083832,3525.51080112204,6305.03253504392,93.6363976470082,239.223909085492,852.209379095321,671.726656591446,180.335916907488,353.700082208439,138.689183591506,248.583221495558,3.68551298777519,9.43550879392637,0,0,8.68355198956661,17.4544500325986,6.99453583489764,12.6080187922526,0.190146212698639,0.489345327006396,0,0,0,0,0,0,0,0,294.293147313354,247.954579992421,289.600444611534,616.274763559854,337.844349139823,708.989789139146,7.02559699751864,21.2333496887548,11.307196235566,9.52681192821779,11.1062624874065,23.6236422141564,12.9179465250195,27.1040125032928,0.26862250599041,0.811701653499676,292.421147464391,245.74651310018,350.838573256766,787.910591627335,481.657806909463,1023.74156339029,12.5837578516136,38.1361388085082,11.2352620872934,9.4419746986749,13.450450545645,30.1913524805475,18.4121043545234,39.121195694614,0.480985611745061,1.45721351228407,0,0,53.8971131590039,126.799327789448,69.8391488290348,135.901688693383,1.91427621517416,5.28371249332282,0,0,0,0,0,0,0,0,388.024880648655,183.511320529139,1122.6235526881,1143.47278551108
"178",2004,2304,14.75,5148.57016429952,4166.2308944521,1257.49719952603,2403.50501244658,680.00998850816,1144.33246329726,19.5693090052718,47.1470307228548,0,0,0,0,0,0,0,0,0,0,2.08480330423227,4.08450611820905,1.30255558263042,2.20157138763194,0.0377823584104017,0.0912393522768906,0,0,0,0,0,0,0,0,4467.19720526702,3536.82902267112,844.960963940688,1698.02579664909,571.085714634204,1082.6844382387,19.6742320425902,53.4261137165442,171.636860430818,135.890627039284,32.5652715051084,65.4518035248142,22.0050666179701,41.7170617810897,0.758170582980151,2.05879122551804,22149.6934318862,17435.8063115118,4632.96265253158,9062.17850247398,3525.04974708595,6301.20699171475,104.860035198798,267.948212028058,851.015011916932,669.911839262747,180.359176767164,353.689842352505,138.673031123636,248.437387283635,4.12757060749095,10.5691037631078,0,0,8.69432792057801,17.4739694624428,7.00041787790816,12.6130009969423,0.213633841013956,0.549909918426345,0,0,0,0,0,0,0,0,295.533237213221,248.636844976084,291.460366272709,620.150419969587,339.940816073545,712.883814118337,7.73404597400739,23.3776603049675,11.3548426801499,9.55302563375732,11.1778825381605,23.7728743786891,12.9986095008265,27.253943778565,0.295723760715293,0.893716305977298,291.563857108816,244.659711320699,351.326365033005,788.781568123389,481.980853541788,1023.67745634305,14.0227227529221,42.4885299994011,11.2023241960632,9.40021802031499,13.4695156923954,30.2256032448074,18.4251539901968,39.1203081154098,0.536001495056659,1.62357206996477,0,0,53.9389759420663,126.928707997706,69.8935824419836,135.958559349764,2.15311728302234,5.9397047045876,0,0,0,0,0,0,0,0,391.165880632431,185.017634553995,1138.32795585234,1162.29321940731
"179",2004,2304,14.8333333333333,5127.74322929726,4146.61925185221,1254.66362460466,2397.48798713779,676.343103553055,1136.72005769884,21.4570799706075,51.6696356244182,0,0,0,0,0,0,0,0,0,0,2.08077214811975,4.07555376108469,1.29616127603703,2.18800336797539,0.0414693050159453,0.100081226727008,0,0,0,0,0,0,0,0,4488.8826978294,3549.56891088807,850.720754160048,1709.40325488017,574.839448036628,1089.23116100512,22.1587880384772,60.1857631553329,172.470051733838,136.380113917817,32.7873062847005,65.8904745129139,22.1497281352924,41.9693617667412,0.853935104327066,2.31932878604628,22118.8712769095,17388.9742152765,4633.48111451391,9061.68121550902,3524.58942957146,6297.41876372618,116.058582110294,296.621201620767,849.830924106391,668.112471229713,180.379566082104,353.673273909908,138.656737276816,248.292669174073,4.56869231512138,11.700779442379,0,0,8.70498797432259,17.4932231046454,7.00629862237107,12.6180328702936,0.237197578107741,0.610704767119023,0,0,0,0,0,0,0,0,296.774014647156,249.321951892317,293.31925697741,624.025784232442,342.034182074113,716.787493055974,8.42411795659612,25.4645887048979,11.4025155391331,9.57934853096354,11.2494649624065,23.9221002928823,13.079158587886,27.4042520078776,0.322125536667189,0.973547078053733,290.724364205183,243.591422863735,351.810603182051,789.639313043879,482.295149274626,1023.59419603642,15.4353962395039,46.7595302184801,11.1700700980606,9.3591726538037,13.4884450344455,30.2593488904752,18.437870816862,39.1186894591007,0.590015801343066,1.78683164847011,0,0,53.978932083981,127.052365392825,69.9447549992923,136.009455738022,2.39321542536569,6.59850806764562,0,0,0,0,0,0,0,0,394.3200921408,186.52809642328,1154.13016197342,1181.21995394623
"180",2004,2304,14.9166666666667,5106.91049375511,4127.0886573956,1251.76182966925,2391.3487834401,672.680096951847,1129.14106430834,23.301053853292,56.082356937893,0,0,0,0,0,0,0,0,0,0,2.07662716045904,4.06639418986669,1.28976613518082,2.17448197014228,0.0450771257848195,0.108722521852321,0,0,0,0,0,0,0,0,4510.51869304777,3562.25288561524,856.461345316274,1720.73280113814,578.582160409236,1095.74934439505,24.6992004269938,67.0983958595326,173.301341269746,136.867452510657,33.0086034584526,66.3273037150422,22.2939666581034,42.2205653792572,0.951857497654683,2.5857764798905,22088.3188754729,17342.5442636082,4633.92980451598,9061.03107761161,3524.12945779233,6293.66648023687,127.233636104655,325.247407891097,848.657199306992,666.328554278611,180.397186859871,353.650574424873,138.640290174225,248.149020155092,5.00893784273291,12.8307058430593,0,0,8.7155275991395,17.5122004198533,7.0121744718584,12.6231064942237,0.260834556808585,0.671723728325534,0,0,0,0,0,0,0,0,298.015277965819,250.009539999535,295.176594816908,627.899316296226,344.124171957125,720.698205176403,9.09847067148922,27.5017976285915,11.450207064828,9.60576675956695,11.3209896528674,24.0712607057896,13.1595830155331,27.5548365650252,0.347929462527267,1.05148692838259,289.902679918277,242.541782712236,352.291676469392,790.485284144583,482.601474371354,1023.49515293151,16.8208949572111,50.9463832066225,11.1385002225122,9.31884378539397,13.5072533561454,30.292644965417,18.4502844468045,39.1164680578826,0.642994814210509,1.94688699986388,0,0,54.0170190998342,127.170395158338,69.9927342851497,136.054498189652,2.63453555126222,7.26003970869015,0,0,0,0,0,0,0,0,397.487521442348,188.042722284421,1170.03003779067,1200.25315756693
"181",2005,2304,15,5085.52721429663,4107.00077837696,1248.76716280887,2385.13740067259,667.592422578368,1118.11294875739,26.5784941873594,63.9365299788467,0,0,0,0,0,0,0,0,0,0,2.07243530556479,4.05714652624981,1.28063103571024,2.15429858689508,0.0514418367608187,0.124009640730997,0,0,0,0,0,0,0,0,4532.2168158141,3574.9477203099,862.153547380635,1732.04268952422,581.08071424564,1098.8349093848,28.6001853197671,77.7052862715884,174.135017845399,137.355208360816,33.2280446690268,66.7633825300649,22.3902655736467,42.3395068009205,1.10221143442465,2.99458465568285,22057.927933135,17296.1932316157,4634.12519423666,9060.28096515296,3516.13377214636,6270.38838059302,146.183892642888,373.786086389878,847.489676431142,664.54766959691,180.405067777608,353.623933990067,138.327205028036,247.235115241744,5.75512601421935,14.7458799868081,0,0,8.72621060583273,17.5313882694403,7.00304256435507,12.5889583856949,0.30010763373752,0.773112446032711,0,0,0,0,0,0,0,0,299.280173250098,250.711005294727,297.057344343262,631.821315930824,345.563007441515,722.522726246194,10.508965007451,31.7468781155191,11.4988065647241,9.63271817203762,11.3934136596461,24.2222834877974,13.215110292122,27.62566313723,0.40188805278091,1.21385388660204,289.102705484566,241.513214334006,352.77446274429,791.333369780914,481.863941217897,1020.19020631899,19.248645187106,58.2973767276844,11.1077644610938,9.2793245285927,13.5261271988162,30.3260230772789,18.4227905759556,38.9917176460878,0.73582493828591,2.22788717323343,0,0,54.0550973635108,127.286467056735,69.8875225483085,135.66998863626,3.03247078991564,8.35696473429836,0,0,0,0,0,0,0,0,400.635902301094,189.538782796997,1185.85666414069,1219.09123093225
"182",2005,2304,15.0833333333333,5063.81914546872,4086.64785946751,1245.67307322047,2378.78586176927,661.91618965831,1105.68390767934,30.4299591619419,73.1504723217042,0,0,0,0,0,0,0,0,0,0,2.06813524364166,4.047733021956,1.27035902757854,2.13139325977298,0.0589248327915205,0.141952046668437,0,0,0,0,0,0,0,0,4554.04047482111,3587.7121322765,867.854772940045,1743.39822133958,583.053375874349,1100.44085111367,33.2129904330705,90.2365352099633,174.973517724173,137.845637481028,33.4478333135521,67.2012164537058,22.4662984288904,42.4014322075244,1.27999970730532,3.47755836042555,22027.6184286191,17249.9859277289,4634.14249955555,9059.34522476639,3504.87443965528,6238.68945434015,168.540308816896,430.995986474043,846.325281129219,662.772307223775,180.406041324426,353.589951787431,137.885501845898,245.988699039083,6.63542445509767,17.0031801865286,0,0,8.73676117356433,17.5504364652155,6.98739958427348,12.5378280725306,0.346450189478886,0.892642256359543,0,0,0,0,0,0,0,0,300.553794711679,251.418402767404,298.94331959967,635.758485656245,346.694739203733,723.390172256745,12.1885083540553,36.7966561539463,11.5477413358427,9.65989750833928,11.4660395361842,24.3738921826827,13.258896208985,27.6598977924174,0.466140468515931,1.40700331374273,288.313631037962,240.496853425426,353.246819732741,792.154913721999,480.656511922232,1015.45684598869,22.1223408906821,66.9863001389434,11.0774474826081,9.24027430264964,13.5446011116053,30.3583849864746,18.3773302021136,38.8123638888769,0.845710847378848,2.56004412026202,0,0,54.0919288750138,127.39809722435,69.7129976562044,135.093719833038,3.50169735329212,9.64960965348987,0,0,0,0,0,0,0,0,403.783045448634,191.028757789248,1201.67354926259,1237.84518203394
"183",2005,2304,15.1666666666667,5042.03462692395,4066.31900157582,1242.49266390883,2372.27464076404,656.306543510548,1093.45171261196,34.1798871380741,82.0982634101802,0,0,0,0,0,0,0,0,0,0,2.06369196920821,4.03808992890919,1.26020433133598,2.10884069376911,0.0662290809801222,0.159415123673532,0,0,0,0,0,0,0,0,4575.91668011644,3600.49806416188,873.571719381388,1754.77340621271,585.052653431603,1102.09782656722,37.9524806893478,103.101182284216,175.814036515375,138.336893430933,33.6682253333241,67.6398044285854,22.5433559040635,42.4653223627328,1.46267686111688,3.97339875054263,21997.4404326996,17204.0671480826,4634.06851623705,9058.20619400534,3493.7851815484,6207.48196036556,190.765764511851,487.816021800961,845.165937311447,661.008030455845,180.403407647164,353.547882693597,137.450267236812,244.761175075946,7.51067664849195,19.2453253452159,0,0,8.74705951626254,17.5691201028701,6.97207385402587,12.4875875757671,0.392816804340296,1.01212317344427,0,0,0,0,0,0,0,0,301.825617488587,252.12630602637,300.823447616345,639.688142386711,347.813627100358,724.247911640949,13.7964212202326,41.6263325667745,11.5966069970667,9.68709627782387,11.5384427614639,24.5252173692732,13.3021937490324,27.6937624118655,0.527658959125942,1.59175377563832,287.53414216666,239.492094423939,353.707479388286,792.946663617234,479.451783785953,1010.7511822076,24.9512670995988,75.5208732083307,11.0474987855853,9.20166984087416,13.5626265005147,30.3896058627619,18.3319710220168,38.6340570037584,0.95389195329247,2.88632453163861,0,0,54.1267028191274,127.503746825786,69.5374296576455,134.518530931865,3.97188110019283,10.9417988244147,0,0,0,0,0,0,0,0,406.94354339572,192.522932368685,1217.5518266484,1256.64110309014
"184",2005,2304,15.25,5020.18794616125,4046.02457526786,1239.23102611823,2365.61325511386,650.762883742216,1081.41373069529,37.829719303257,90.7844152272286,0,0,0,0,0,0,0,0,0,0,2.05910650846536,4.02821238783932,1.25016423151531,2.08663421809279,0.0733553092433921,0.176403573372765,0,0,0,0,0,0,0,0,4597.80431896157,3613.27355688526,879.291726682937,1766.14310191585,587.067389314883,1103.78476416016,42.811104721797,116.277600982597,176.654994601844,138.827748291541,33.8887344302468,68.0781805407081,22.6210092860427,42.5303676241014,1.64995287130172,4.48127516853192,21967.4183742309,17158.4546219232,4633.91078123495,9056.87866675998,3482.86640382286,6176.76355268735,212.865750082925,544.262749597612,844.012583564425,659.255520479155,180.397460008884,353.498303647918,137.021523464301,243.552465647729,8.38109066821307,21.4729459091673,0,0,8.75712732133727,17.5874484031311,6.957059914695,12.4382241890986,0.439204096388322,1.13155416422659,0,0,0,0,0,0,0,0,303.09590411572,252.834730765017,302.698526140059,643.611033589618,348.922540115318,725.099879776474,15.3414254363983,46.2605683119711,11.6454136354006,9.71431508345602,11.6106539351739,24.6762876899387,13.3451126613201,27.7274076578211,0.586777201494103,1.76904852671806,286.766135175315,238.500644226111,354.158938331994,793.714930245315,478.25272183395,1006.08086313906,27.7306669846077,83.8875909644134,11.0179912291578,9.16357672495899,13.5802989626865,30.4199272393522,18.2868262463358,38.4570890770989,1.06018636047619,3.20621190609095,0,0,54.1594826107764,127.603602204037,69.3609636416034,133.944682600508,4.44296326396465,12.2334162747674,0,0,0,0,0,0,0,0,410.11737887857,194.021309672871,1233.49102826422,1275.47879646759
"185",2005,2304,15.3333333333333,4998.29204936713,4025.77384281571,1235.89290474234,2358.81057212175,645.284496237311,1069.56713533899,41.3809072931633,99.2134401827829,0,0,0,0,0,0,0,0,0,0,2.05438103789944,4.0180987960454,1.24023629193371,2.06476748602198,0.0803045135103488,0.192922552313058,0,0,0,0,0,0,0,0,4619.66874117249,3626.01190456563,885.004385733151,1777.48670830259,589.088715674325,1105.48517006449,47.7813521034198,129.744292310877,177.4950606681,139.317175980195,34.1089606578066,68.5155531405514,22.6989177365304,42.5959340432741,1.84153919516805,5.00036159882463,21937.5721897064,17113.1624857292,4633.67572909817,9055.37527766724,3472.11770714892,6146.5304070744,234.845442919837,600.351789496015,842.865985873048,657.515320439798,180.388449046869,353.441708005356,136.599261332128,242.362435167331,9.24686273825004,23.686636787558,0,0,8.7669814205814,17.6054266545151,6.94235077415592,12.3897216385125,0.485608565531052,1.2509327118129,0,0,0,0,0,0,0,0,304.364754380787,253.543579424369,304.568924695129,647.527142576594,350.023449482689,725.948522563497,16.8313023428461,50.721503739574,11.6941650848421,9.74155017686327,11.6826872034061,24.8271024193075,13.387728238681,27.7609269879128,0.643792874986776,1.93973435857149,286.011140757106,237.523874332496,354.60329891466,794.465035706015,477.061878626987,1001.45235306978,30.4568142714586,92.0759174585372,10.9889836251165,9.12604765014467,13.5976989931896,30.4495527924694,18.2419933407925,38.2817070114197,1.16445158412162,3.51930326576576,0,0,54.1903271597015,127.697832947223,69.1837318716395,133.372409926429,4.91488676938324,13.5243516555938,0,0,0,0,0,0,0,0,413.304536401734,195.52389254658,1249.49077661434,1294.35812876074
"186",2005,2304,15.4166666666667,4976.35871824604,4005.57510497775,1232.48273936437,2351.8748874645,639.870578648442,1057.90895290221,44.8349096148064,107.389842218518,0,0,0,0,0,0,0,0,0,0,2.04951863173024,4.00775017819322,1.23041829903313,2.04323440609329,0.0870779233648933,0.208977608568114,0,0,0,0,0,0,0,0,4641.48082267254,3638.69088333475,890.701192657778,1788.78746752708,591.109668754102,1107.18633613343,52.8558212490797,143.480078644443,178.333115720543,139.804322620337,34.3285771704299,68.9512780162504,22.7768135037582,42.661532991054,2.03715138590399,5.52984413045048,21907.9179822205,17068.2018201416,4633.3688589573,9053.70683311928,3461.53803915999,6116.77751844007,256.709700565757,656.097806683423,841.726762938614,655.787856073672,180.376589219947,353.378518331101,136.183446091899,241.190901709269,10.1081769528741,25.8869566595409,0,0,8.77663479202701,17.623057336422,6.92793843776708,12.3420613007286,0.532026547253873,1.37025483499112,0,0,0,0,0,0,0,0,305.632136213492,254.252664917838,306.434681248366,651.435870889935,351.117629481654,726.795154065766,18.2729707512194,55.0289540769829,11.7428601131929,9.76879436987922,11.7545439704654,24.9776384680101,13.4300890262748,27.7943703898517,0.698970643834967,2.10456907650164,285.270372421932,236.562865273387,355.042305408853,795.201410594139,475.881419377804,996.871037070016,33.1268910124323,100.07794325138,10.960522598593,9.08912413212823,13.6148933685763,30.4786520558935,18.197554974644,38.1081164997696,1.26657987376382,3.82529605475043,0,0,54.2192912667648,127.786593893363,69.0058551344077,132.801925046366,5.38759602098533,14.8144994572107,0,0,0,0,0,0,0,0,416.505000825118,197.030682988224,1265.55075551221,1313.27900340175
"187",2005,2304,15.5,4954.39873800733,3985.4358402899,1229.00470375332,2344.81400055653,634.520263469463,1046.43610471485,48.1931886514019,115.318109608863,0,0,0,0,0,0,0,0,0,0,2.04452303370183,3.99716960994691,1.22070821161064,2.02202908258398,0.0936769683000148,0.224574619507952,0,0,0,0,0,0,0,0,4663.21607831459,3651.29202262106,896.375222008873,1800.0318023945,593.12482994634,1108.87860597654,58.0272757627351,157.464264907956,179.168219000663,140.288478543072,34.5473176945418,69.3848330258653,22.8544881568781,42.7267930091981,2.23651126381415,6.06892716771583,21878.4686458999,17023.5811570784,4632.99489212345,9051.88262331275,3451.12583464247,6087.49897266068,278.463060759349,711.514514806751,840.595410170204,654.073455190618,180.362064894392,353.309098464496,135.774022884467,240.037647568306,10.9652052628667,28.07442804087,0,0,8.78609746388642,17.6403410974627,6.91381436296054,12.2952232472873,0.578454182887767,1.48951514957726,0,0,0,0,0,0,0,0,306.897914282567,254.961732396651,308.295589384368,655.336202130835,352.205837182593,727.640274125932,19.6725691875431,59.2006183343344,11.7914935208034,9.7960378708059,11.8262162466488,25.1278566745577,13.4722237222081,27.8277565797263,0.752545303763481,2.26422949072121,284.544773248259,235.61844945604,355.477382521436,795.927695219834,474.713152054805,992.341332450966,35.7388658244547,107.888042712628,10.9326443843336,9.0528381533223,13.6319366199621,30.5073642919193,18.1535801620442,37.9364862644536,1.36649355484803,4.12397503065163,0,0,54.2464260426373,127.870027110388,68.8274440753607,132.233419757042,5.86103670910522,16.1037582858432,0,0,0,0,0,0,0,0,419.718756140723,198.541681687875,1281.67068490821,1332.24133759774
"188",2005,2304,15.5833333333333,4932.42205045065,3965.36283207479,1225.46274193181,2337.63528327043,629.232638717034,1035.14544479923,51.4572079935177,123.002708567544,0,0,0,0,0,0,0,0,0,0,2.03939845861723,3.98636170908933,1.21110411869789,2.00114576787559,0.100103245600588,0.23971973209959,0,0,0,0,0,0,0,0,4684.85385202672,3663.79994053008,902.020828670634,1811.20871264997,595.130001838079,1110.55471467912,63.2886929544515,171.676777823048,179.999576869146,140.769052751414,34.7649650995366,69.8157949489893,22.9317801607691,42.7914344833541,2.43934878748269,6.61683880044515,21849.2344364452,16979.3069424902,4632.55791529974,9049.91070567877,3440.87914108883,6058.68818889624,300.109745093437,766.614689035889,839.47232160559,652.372365454252,180.345035874851,353.233764477778,135.370921615036,238.90242867662,11.8181076012558,30.2495377423867,0,0,8.7953772930986,17.6572775610161,6.89996982510234,12.2491870833286,0.624887408762598,1.60870697365245,0,0,0,0,0,0,0,0,308.161875777084,255.670478748315,310.151274427506,659.226844666644,353.288467033181,728.483839300378,21.0355378645421,63.2522889293263,11.840057131132,9.82326903357612,11.897689571981,25.2777072869806,13.5141471127127,27.8610834088682,0.804724918617004,2.41931943610887,283.835059298647,234.691250989889,355.909674447631,796.64684021513,473.558561529706,987.866803954832,38.2913760477151,115.502541231509,10.9053764947885,9.01721369300356,13.6488725273803,30.5358023400478,18.1101255602621,37.7669524431182,1.46414052021547,4.41519953500205,0,0,54.271779332535,127.948263782282,68.6486004640286,131.66706800288,6.33515562767986,17.3920301834992,0,0,0,0,0,0,0,0,422.945784417609,200.056887641612,1297.85030031968,1351.24504404985
"189",2005,2304,15.6666666666667,4910.43785619497,3945.36225340281,1221.86059237553,2330.34572589818,624.006761207456,1024.03378418263,54.6284306872482,130.448079122783,0,0,0,0,0,0,0,0,0,0,2.03414947427847,3.97533232122405,1.20160421643439,1.98057883931013,0.10635849730523,0.254419319665578,0,0,0,0,0,0,0,0,4706.37677639144,3676.2019008251,907.633449903741,1822.30937387688,597.121997242119,1112.20936136223,68.6332920227865,186.098247383149,180.826522042037,141.245555898783,34.9813438066638,70.2438241042253,23.0085667820971,42.8552532425434,2.64540314308254,7.1728339529025,21820.2233523439,16935.3838449667,4632.06147503097,9047.79809158331,3430.79569897331,6030.33807304854,321.653666491506,821.410189369269,838.35780455787,650.684766239112,180.32564105297,353.152791896676,134.974060073,237.784980574341,12.6670321593645,32.4127377326037,0,0,8.80448041784177,17.6738657376297,6.88639609207636,12.2039323453946,0.671321971055951,1.72782246463064,0,0,0,0,0,0,0,0,309.423747091623,256.378565039449,312.001239208019,663.106316868851,354.36564068199,729.3254171592,22.3666830491756,67.1980182048673,11.8885404318155,9.8504748358269,11.9689447746446,25.4271332382834,13.5558635215131,27.8943337926754,0.855693283788193,2.5703761440669,283.14174956773,233.781713232843,356.340076138558,797.361184604621,472.418841652165,983.450259392495,40.7836399872994,122.919465810631,10.8787388707571,8.98226778568568,13.6657353168543,30.5640556050175,18.0672366929734,37.5996222368366,1.55949087249764,4.69889395298692,0,0,54.2953960592092,128.021425575463,68.4694181071656,131.103027694503,6.80990054106994,18.6792201351246,0,0,0,0,0,0,0,0,426.186065193682,201.576297949008,1314.08934248838,1370.29002263255
"190",2005,2304,15.75,4888.4547124949,3925.43974832704,1218.20181129922,2322.95198131831,618.841668978374,1013.09791357963,57.7083177063136,137.658631566448,0,0,0,0,0,0,0,0,0,0,2.0287808887368,3.96408821922688,1.19220678620763,1.96032277754859,0.112444587952084,0.268679940111716,0,0,0,0,0,0,0,0,4727.77025342251,3688.48738811343,913.20941530921,1833.32675241607,599.098438644596,1113.83880393095,74.0545582334682,200.710077044789,181.648493641362,141.717583966975,35.1963125013031,70.668649580426,23.0847563947734,42.9181050095415,2.85442368000207,7.73619709960628,21791.4415014083,16891.8150517621,4631.50866831447,9045.55092531469,3420.87301787735,6002.44116271196,343.098438477197,875.911988968025,837.252093698302,649.010780004434,180.304001907978,353.066422623268,134.583346891152,236.685024050601,13.5121157323329,34.5644461951468,0,0,8.81341169036223,17.6901044165716,6.87308459004047,12.1594388808981,0.717753441187396,1.84685275438414,0,0,0,0,0,0,0,0,310.683209699064,257.085628298353,313.844907108687,666.973027025361,355.437291637919,730.164330962208,23.670240555176,71.0502833353478,11.9369311845277,9.87764133160462,12.0399596249738,25.5760732173838,13.5973700607249,27.9274812694345,0.905612356264859,2.71787655304078,282.465195057436,232.890125488599,356.769264239399,798.072532933631,471.294926552716,979.093842290764,43.2153718234986,130.138302731921,10.8527449985008,8.94801154687287,13.6825508450826,30.5921930092656,18.0249491445599,37.4345774449792,1.65253366870171,4.97503844391768,0,0,54.3173185542189,128.08962595661,68.2899837280214,130.541442453638,7.28522006845722,19.9652356294019,0,0,0,0,0,0,0,0,429.439574919531,203.099907634116,1330.38754774626,1389.37615276863
"191",2005,2304,15.8333333333333,4866.48062162375,3905.60050534941,1214.48979376827,2315.46040496584,613.736392229551,1002.33462340822,60.6983265941437,144.638743344911,0,0,0,0,0,0,0,0,0,0,2.02329765289714,3.95263683976837,1.18291017642351,1.94037214960431,0.118363484010253,0.282508297245006,0,0,0,0,0,0,0,0,4749.02198522196,3700.64772421107,918.745775859872,1844.25525889312,601.057579795882,1115.44049972226,79.5462618569721,215.494499046807,182.465019162213,142.184803526281,35.4097575758708,71.0900559474275,23.1602816341888,42.9798916107904,3.0661706452054,8.30624441004464,21762.8934322733,16848.6025361237,4630.90222395183,9043.17464462195,3411.10844368954,5974.98975444687,364.447386167675,930.130207362659,836.15536379286,647.350482565355,180.28022564997,352.974871146151,134.198684159234,235.602270099759,14.3534841314503,36.7050487750643,0,0,8.82217504817411,17.7059924820982,6.86002703306272,12.1156871453269,0.764177236206505,1.96578809101586,0,0,0,0,0,0,0,0,311.939914219557,257.791291870245,315.681658910423,670.825341360602,356.503237060865,730.999780870907,24.9499368133138,74.8201458307536,11.9852159655317,9.90475404922977,12.110710251397,25.7244642835293,13.6386593876752,27.96049465804,0.954624592136607,2.86224341280488,281.805605504027,232.016647559676,357.197726874157,798.782228944916,470.187521677897,974.799121091388,45.5867018263699,137.159769528711,10.8274029366362,8.91445111642684,13.6993377402162,30.6202658138562,17.9832897451269,37.2718778703056,1.74327386780926,5.24366021913328,0,0,54.3375868734989,128.152971412402,68.1103777819398,129.982443236384,7.76106358086261,21.2499862639941,0,0,0,0,0,0,0,0,432.706286503952,204.627709510543,1346.74464041605,1408.50328781672
"192",2005,2304,15.9166666666667,4844.52309567227,3885.84931146316,1210.72778926493,2307.87708416737,608.689960856513,991.740717697311,63.5999104420415,151.392756792682,0,0,0,0,0,0,0,0,0,0,2.01770480088773,3.94098611129092,1.17371279298551,1.92072160292806,0.124117237710146,0.29591121015427,0,0,0,0,0,0,0,0,4770.12163078417,3712.67578791024,924.240180441146,1855.09049793169,602.998180362588,1117.01285514296,85.1024675345221,230.434602460606,183.275701286618,142.646940968513,35.6215883935651,71.5078736534983,23.235094585555,43.0405513647298,3.28041554957117,8.88232484492933,21734.5823770939,16805.7472525693,4630.24456083801,9040.67409547086,3401.49920455158,5947.97598948607,385.703559029445,984.074148493526,835.067739026939,645.703910595777,180.254407472955,352.878328981338,133.819969213639,234.536423265686,15.1912526657117,38.834900015262,0,0,8.83077373224762,17.7215290455114,6.84721546381664,12.0726582946086,0.810588650639602,2.08461799385009,0,0,0,0,0,0,0,0,313.193490178708,258.495172427434,317.510855260461,674.661624785196,357.563219207438,731.830910585708,26.209041685572,78.5173909430223,12.0333805406047,9.93179826063902,12.181172004437,25.872243433792,13.6797212969283,27.9933406202823,1.00285496839741,3.00385062047563,281.163069791462,231.161328568892,357.625789564576,799.491218243355,469.097133690735,970.56716892338,47.8981108402551,143.985626354853,10.8027161004463,8.88158838171803,13.7161083949989,30.6483100187709,17.9422777141079,37.1115643679719,1.83172982437243,5.50482632697851,0,0,54.3562390726939,128.211562419976,67.9306751077738,129.426149647319,8.23738111818281,22.5333834303157,0,0,0,0,0,0,0,0,435.986169075615,206.159694135728,1363.16032998058,1427.67125409237
"193",2006,2304,16,4822.54920669547,3866.09151345521,1206.89469008072,2300.22971494177,603.017799898659,979.645619960246,67.1064911479293,159.596258328621,0,0,0,0,0,0,0,0,0,0,2.0120192898611,3.9291521805061,1.16329443901254,1.89813497168992,0.131043554069969,0.312135116560949,0,0,0,0,0,0,0,0,4791.14827302085,3724.63833951035,929.624846913691,1865.77092746742,604.236469946195,1116.65762477646,91.4168137112832,247.4356563497,184.083578506511,143.106561331134,35.8292009727364,71.919737809701,23.2828473703455,43.0269405386545,3.52388624363351,9.5378522843109,21706.7752094201,16763.4194355172,4629.25764634858,9037.82695680764,3388.19782526616,5911.32091511718,410.76272131949,1047.84953401909,833.999472945901,644.077604778401,180.215881592986,352.768267055191,133.295840694264,233.090065511848,16.1786848559913,41.3524764595708,0,0,8.83925142776195,17.736731084222,6.82689792715424,12.0098762167091,0.864835493332908,2.22386695080576,0,0,0,0,0,0,0,0,314.452528179288,259.199969097252,319.333610763142,678.480361969088,358.229004011199,731.420384454144,27.8582824285623,83.3875089423333,12.0817549739348,9.95887767062913,12.2513872671221,26.0193519967658,13.7057018328728,27.978687502725,1.06601753645679,3.19034066798187,280.541921180842,230.328155054945,358.050744777264,800.195375958458,467.49252047788,964.751904077224,50.6878446874449,152.267233211664,10.7788509806912,8.84957651193968,13.7327585660941,30.676166861558,17.8815929419334,36.8906931776196,1.93848932118744,5.82168188433553,0,0,54.3736561205944,128.265684166205,67.6740911424622,128.653343004643,8.79198625256479,24.0353327261259,0,0,0,0,0,0,0,0,439.272790577891,207.694430627789,1379.60002644195,1446.85806865602
"194",2006,2304,16.0833333333333,4800.44463266431,3846.15646221384,1202.9473247167,2292.51189799383,595.974295691926,964.248155510911,71.9768982794963,171.060263786685,0,0,0,0,0,0,0,0,0,0,2.00623960190415,3.91715843583716,1.15021562850994,1.86911438411123,0.140617106441461,0.334710667257408,0,0,0,0,0,0,0,0,4812.30453143053,3736.69594903797,934.859792534253,1876.29792880753,604.018415582585,1112.26888825456,99.3574953806246,268.86206601272,184.896435787049,143.569833971344,36.0310581537636,72.325700283146,23.27448212102,42.8579085479872,3.83003663174442,10.363931641296,21679.6647596309,16721.7229315518,4627.60024589562,9034.32960347943,3366.88076975176,5853.78058624336,444.040566175598,1132.79574942226,832.957974254879,642.475555068818,180.151540267798,352.633007623234,132.456170237173,230.819750779257,17.4895422518548,44.7049905905668,0,0,8.84744467549669,17.7514501177804,6.79036043317253,11.9044551882187,0.935955471468863,2.40692612314483,0,0,0,0,0,0,0,0,315.726070453587,259.908579668796,321.146548987961,682.276458955646,358.04963236027,728.350261634193,30.315641726506,90.6899129642126,12.1306866820124,9.98610361690024,12.321225868527,26.1655938065005,13.6993459470315,27.8622900230576,1.16010533189941,3.46989306679437,279.940378822949,229.515611620947,358.460788572132,800.869728414007,464.76204639395,955.477525676038,54.5694491904246,163.8634243276,10.7557391546455,8.81835728311037,13.7488350717125,30.7028782533058,17.7778379900892,36.5375282017044,2.08702263536821,6.26531356539465,0,0,54.390059730685,128.315170194095,67.2534612518915,127.417424070309,9.51448667683744,26.0058057154774,0,0,0,0,0,0,0,0,442.558771965746,209.23027508214,1395.99397745455,1465.98541264303
"195",2006,2304,16.1666666666667,4778.27403224897,3826.2405526886,1198.93433278918,2284.66695624809,589.067940553365,949.234541748858,76.6869687967893,182.09428758172,0,0,0,0,0,0,0,0,0,0,2.00033285760538,3.90498660860354,1.13738424705801,1.84079795531521,0.149899118195545,0.356490356610393,0,0,0,0,0,0,0,0,4833.41267218722,3748.70001628795,940.094206050243,1886.80788434326,603.836462971233,1107.99650423401,107.427352606133,290.58823148001,185.707444310411,144.031049431624,36.2328902303879,72.7310001917853,23.2675071868788,42.693358193409,4.1411781084683,11.2015983520909,21652.642428714,16680.2592249461,4625.87952677837,9030.66680867756,3345.97122735139,5797.45497410045,477.033049815161,1216.80246894318,831.91985997855,640.882449845572,180.084676305366,352.491155827943,131.632332093394,228.596896239954,18.7892702794891,48.020611183795,0,0,8.85520548394632,17.7656018833546,6.75456169674938,11.8012623193182,1.0068496296741,2.58896601990181,0,0,0,0,0,0,0,0,316.994240329386,260.614127406858,322.94456815018,686.049050485872,357.870040645621,725.319793053371,32.6749734481988,97.6716893158039,12.1794119724267,10.0132118842688,12.3904924988238,26.3109360425695,13.6929798070225,27.7473987294511,1.25045046952429,3.73720463225712,279.347534348064,228.713504369118,358.860258194921,801.520556813244,462.066544467792,946.346871843346,58.3655814157918,175.152264055542,10.7329615062131,8.78753902934918,13.764504795369,30.728685503648,17.6754132711494,36.1898321173767,2.23229754503766,6.69722752764733,0,0,54.4046397990885,128.359540714491,66.8368909760372,126.199064973673,10.2353093786485,27.9641404056026,0,0,0,0,0,0,0,0,445.858006516486,210.770303455966,1412.40101157073,1485.07355777757
"196",2006,2304,16.25,4756.05526696089,3806.35706242348,1194.86143726678,2276.70577034372,582.296172926282,934.595462712128,81.2401917919684,192.709619186663,0,0,0,0,0,0,0,0,0,0,1.9943031560216,3.89263258329143,1.12479438921751,1.81316792984883,0.158893547134015,0.377490281607597,0,0,0,0,0,0,0,0,4854.42645900987,3760.61518767549,945.313400761366,1897.27202512235,603.678535429204,1103.81701309108,115.614825469776,312.580870940165,186.514827604739,144.488849370709,36.4341331865741,73.1345323853046,23.2614584549144,42.5323878751495,4.45686626236441,12.0495728154802,21625.737140753,16639.0494321103,4624.10368962047,9026.85488169896,3325.46487326172,5742.32429550655,509.750021583985,1299.90279826964,830.886241418114,639.299100434939,180.015609399169,352.34334866211,130.824165189872,226.420744513389,20.0782463896438,51.3006157165082,0,0,8.86258929031881,17.7792294970328,6.71948551942367,11.700252467735,1.07751713924175,2.77000064291124,0,0,0,0,0,0,0,0,318.257143763406,261.316565182755,324.728843345979,689.799185540596,357.692356450568,722.332046563013,34.947545792141,104.36627525476,12.2279349162004,10.0402006619751,12.4592322231926,26.4554188538528,13.6866848240081,27.6341312518102,1.33748408869388,3.99355436027563,278.765610232604,227.923713007896,359.251913131598,802.154817776401,459.409553367242,937.367189138895,62.0722656420092,186.12372193078,10.7106034265427,8.75719397205797,13.7798734521664,30.7538550131199,17.574454082223,35.8478823025676,2.37416175593385,7.11703915695847,0,0,54.4174505317766,128.398990529007,66.4244850986644,124.998299881925,10.9544210576581,29.9104124002322,0,0,0,0,0,0,0,0,449.170439014165,212.314497589317,1428.82101012093,1504.123212336
"197",2006,2304,16.3333333333333,4733.80449633839,3786.51787699623,1190.73391916531,2268.63838847704,575.656336315832,920.321558213677,85.6400212401297,202.917354667646,0,0,0,0,0,0,0,0,0,0,1.98815539208739,3.88009571179844,1.11244046912561,1.78620699688824,0.1676046353566,0.397726882280946,0,0,0,0,0,0,0,0,4875.30744693007,3772.41233915138,950.505453213945,1907.66712120834,603.535310529465,1099.71248760497,123.908601652356,334.807503933501,187.317108552868,144.942114796055,36.6343290121754,73.5354042416502,23.2559775394553,42.3743083736053,4.77666608160922,12.9066058993277,21598.9724035951,16598.1104015527,4622.27959204862,9022.90751583461,3305.35652162033,5688.36740279318,542.200792225578,1382.12808935701,829.858021776481,637.726154183524,179.944607279382,352.190121766989,130.031474653862,224.29048434164,21.3568275698035,54.5462148352685,0,0,8.86964067857481,17.7923660784047,6.68511491257673,11.6013777916912,1.14795662866334,2.95004097304286,0,0,0,0,0,0,0,0,319.514717775047,262.015725794903,326.500031273055,693.527028581861,357.517855082928,719.388562141593,37.1433864667121,110.803639275252,12.2762530935144,10.0670635258665,12.5274701916308,26.5990484015904,13.680509687252,27.5225465358162,1.42158983282086,4.24008845938964,278.196373021989,227.147719280374,359.638033043772,802.778239826527,456.793912282987,928.544020075649,65.6867719586274,196.771413076082,10.6887327892189,8.72737904217273,13.7950283710581,30.7786061370512,17.4750689913465,35.5118910296931,2.51251063904099,7.52450330849269,0,0,54.4285449233224,128.433697877385,66.0163308919911,123.815129861096,11.6717910447859,31.8447036884718,0,0,0,0,0,0,0,0,452.49601431528,213.862838628147,1445.25392145066,1523.13513111142
"198",2006,2304,16.4166666666667,4711.53638878087,3766.73366341162,1186.55666826847,2260.47412290549,569.145709880445,906.403478326202,89.8898714138964,212.728386966408,0,0,0,0,0,0,0,0,0,0,1.98189503484588,3.86737811080431,1.10031715996378,1.75989824298511,0.176036861719241,0.417216846447493,0,0,0,0,0,0,0,0,4896.02385624295,3784.06766282288,955.660775271307,1917.97461734046,603.399727213986,1095.66950947712,132.297703786046,357.236702966743,188.113066127714,145.389930970349,36.8331092987665,73.9329025294754,23.2507928772503,42.218603590976,5.10015531860319,13.7714886327411,21572.3671044719,16557.4553519346,4620.41295520879,9018.83619521658,3285.64031452134,5635.5621547467,574.394131106631,1463.50794159233,828.835926726979,636.164118973366,179.871893687089,352.031925161555,129.254039155103,222.205265015532,22.6253502127172,57.7585523249318,0,0,8.87639536320007,17.8050369082456,6.65143255561125,11.5045890442462,1.21816620007767,3.12909518588588,0,0,0,0,0,0,0,0,320.766766050907,262.711349278893,328.258388098377,697.232077626789,357.347177603605,716.489761047762,39.2713870936552,117.010555221074,12.3243589616897,10.0937904876941,12.5952161649801,26.7418052337637,13.6744787368967,27.4126605583998,1.50310784509207,4.47783083953656,277.641194409129,226.386660962399,360.020465294698,803.395454206421,454.221830035261,919.881396358473,69.2074504303488,207.092116821735,10.6674022969887,8.69813795485723,13.810040313241,30.8031161904255,17.3773424689128,35.1820128285153,2.6472808837215,7.91949588716418,0,0,54.4379744928738,128.463826158287,65.6125001614345,122.649526876251,12.3873908945319,33.7671012342905,0,0,0,0,0,0,0,0,455.834675904467,215.415306444907,1461.69973306202,1542.11008752163
"199",2006,2304,16.5,4689.2643196897,3747.01403295096,1182.33423125135,2252.22164133802,562.761535007882,892.831929055074,93.993113676207,222.15340063887,0,0,0,0,0,0,0,0,0,0,1.97552793735536,3.85448403747159,1.08841934273083,1.73422511328179,0.184194896580778,0.435977021461455,0,0,0,0,0,0,0,0,4916.54952430654,3795.5618188107,960.771717672227,1928.17983251114,603.266540548718,1091.6782509337,140.771556074048,379.838284235302,188.901695118734,145.831554824502,37.0301800407807,74.3264627174024,23.2457026474695,42.0648953187168,5.42692705945668,14.6430595627991,21545.9362504343,16517.0944641189,4618.50855456233,9014.65057019176,3266.3098897036,5583.88574018419,606.338274535705,1544.0702361768,827.820532861807,634.613385969388,179.797655743212,351.869137758539,128.491617425256,220.164208972446,23.8841304121013,60.9387063581782,0,0,8.88288196012757,17.8172613035762,6.61842115526753,11.4098366039916,1.2881434664227,3.30716892370659,0,0,0,0,0,0,0,0,322.012990957671,263.403107289662,330.003872956471,700.913354405598,357.180516400453,713.635291841797,41.3394127825278,123.010893680342,12.3722410851744,10.1203689319152,12.6624684896322,26.8836515884597,13.6685990908439,27.3044596195369,1.58233896272149,4.70769426394362,277.101109320019,225.641383084265,360.400674618094,804.010128269256,451.694958005289,911.382034198705,72.6335699792325,217.085307984941,10.6466517134973,8.66950317752227,13.8249653733855,30.8275255530518,17.2813376681638,34.858351934424,2.77844433145397,8.30199591231599,0,0,54.4457891144024,128.489525658931,65.2130512115557,121.501437640074,13.1011940195218,35.6776957244148,0,0,0,0,0,0,0,0,459.186364719,216.971879182267,1478.15844937188,1561.04885186698
"200",2006,2304,16.5833333333333,4667.00055981632,3727.36769597575,1178.07085756921,2243.88905398382,556.501039817313,879.597713896895,97.9530738139377,231.202868123512,0,0,0,0,0,0,0,0,0,0,1.96906016443813,3.84141931099707,1.07674206150212,1.70917138059116,0.192083557374716,0.454024327855199,0,0,0,0,0,0,0,0,4936.86290790235,3806.87912925934,965.832193254256,1938.27119922189,603.131906347225,1087.73162247658,149.320040000034,402.583466551307,189.682167801024,146.266383990234,37.225307189539,74.7156398025149,23.2405588359435,41.9129105394242,5.75659187539422,15.520210892888,21519.6916735722,16477.0354439944,4616.57040068782,9010.35881276725,3247.35853582354,5533.31497484477,638.040939811372,1623.84118723403,826.812294787415,633.074251244027,179.722050932252,351.70208111153,127.743954297472,218.1664233625,25.1334644792531,64.0876913899571,0,0,8.88912362822852,17.8290543239148,6.58606374806343,11.3170713555052,1.3578856027226,3.48426560455143,0,0,0,0,0,0,0,0,323.253023517399,264.090625831173,331.736242889201,704.569578034181,357.017780886679,710.824337421555,43.3544138556489,128.825920810108,12.4198852872423,10.1467844890037,12.7292177439034,27.024538064843,13.662867008649,27.1979121373268,1.65954899394231,4.93049178663977,276.57687214211,224.912487431093,360.779794173772,804.625100600578,449.214465086613,903.047530211207,75.9651599053465,226.752694896089,10.6265100236666,8.6414978317098,13.8398469344978,30.8519428422226,17.1870992847423,34.5409697628522,2.90600191052643,8.67206784039628,0,0,54.4520368968541,128.51093527365,64.8180307448545,120.370787340389,13.8131753560379,37.5765804111845,0,0,0,0,0,0,0,0,462.551018115766,218.532532862475,1494.63007285071,1579.95217326054
"201",2006,2304,16.6666666666667,4644.75640165541,3707.80256602407,1173.77053034971,2235.48397200177,550.361454705414,866.691759604736,101.773030407745,239.887048212463,0,0,0,0,0,0,0,0,0,0,1.9624978957018,3.8281909595669,1.06528050047352,1.68472113411839,0.199707777187046,0.471375699281465,0,0,0,0,0,0,0,0,4956.94641915885,3818.00704230379,970.837428290901,1948.23976162612,602.993115364838,1083.82473163913,157.933522857809,425.444951528899,190.453808420433,146.693936204818,37.418307117529,75.1000890624548,23.2352570345484,41.7624606544042,6.08877892868192,16.4018915921044,21493.6425006002,16437.2838967172,4614.60185780915,9005.96784914847,3228.77928952383,5483.82648349533,669.509342567948,1702.84540058163,825.811563166586,631.546930156185,179.645211681983,351.531028411445,127.010784487446,216.21100715709,26.3736295919175,67.2064603632529,0,0,8.89513907004454,17.8404277462484,6.55434382135504,11.2262450670637,1.42738940961015,3.66038672266856,0,0,0,0,0,0,0,0,324.486442472684,264.773499561954,333.455109580605,708.199267472171,356.858688052081,708.055780120221,45.3225132103846,134.474534561074,12.4672753825064,10.1730215850916,12.7954489177305,27.1644075601487,13.6572713702373,27.0929749927274,1.73497206296127,5.14694579573651,276.068995460303,224.200366642031,361.158665551391,805.242483668211,446.781099411512,894.878515286645,79.2028939960019,236.09787991493,10.6069969219906,8.61413700323867,13.8547172002584,30.8764488437388,17.0946559149526,34.2298907866614,3.02997920063624,9.02984857444346,0,0,54.4567641882104,128.528183785409,64.4274752056554,119.257482331564,14.5233111221835,39.4638502821484,0,0,0,0,0,0,0,0,465.928569332226,220.097241202375,1511.11459589077,1598.82077261038
"202",2006,2304,16.75,4622.54227463118,3688.32585469445,1169.43699466436,2227.01356091557,544.340025871887,854.105138080824,105.456213636082,248.215985696976,0,0,0,0,0,0,0,0,0,0,1.95584734314018,3.81480690987409,1.05402996524265,1.66085877182273,0.207072575664158,0.488048027492264,0,0,0,0,0,0,0,0,4976.78582091161,3828.93564481666,975.78373709266,1958.0787207366,602.848357366976,1079.95440529064,166.602877559702,448.396978423161,191.216069962335,147.113830590048,37.6090379740398,75.4795486109784,23.2297273859566,41.6134231479147,6.42313674362654,17.2871095312321,21467.7955806171,16397.8436669151,4612.60575095443,9001.48356971501,3210.5650206434,5435.39685770893,700.750217167785,1781.10594116985,824.81860115348,630.031570422412,179.567249504554,351.356212611571,126.291835914979,214.297057314184,27.6048845614836,70.2959072517333,0,0,8.90094341328393,17.851390900509,6.52324539934998,11.1373106736205,1.49665137986439,3.83553214972259,0,0,0,0,0,0,0,0,325.712791206673,265.451304414159,335.159988303125,711.800829192713,356.702837778282,705.328337713628,47.2490909746201,139.973494777552,12.5143938270142,10.1990639268138,12.8611432933842,27.3031986389948,13.6517965694828,26.9895987569015,1.80881385150721,5.35769682292768,275.577785965968,223.505235765497,361.537877590464,805.863762490476,444.395247796447,886.874800436414,82.3479820630109,245.126040974595,10.5881241922142,8.58742895460772,13.8695986823374,30.9011002911929,17.004022327888,33.9251081089725,3.15042228185169,9.3755352783565,0,0,54.460015606554,128.541391078065,64.0414120233937,118.161412629111,15.2315786084887,41.3396013353123,0,0,0,0,0,0,0,0,469.318947067901,221.66597548116,1527.61199487574,1617.65533789839
"203",2006,2304,16.8333333333333,4600.36785590229,3668.94416288224,1165.07378482395,2218.48459214912,538.434027893637,841.829086314899,109.005804384025,256.199511871383,0,0,0,0,0,0,0,0,0,0,1.94911467155922,3.80127568822859,1.04298586463951,1.63756899243712,0.214183031129416,0.504058109979808,0,0,0,0,0,0,0,0,4996.36964428108,3839.65719387637,980.668305595612,1967.78299786989,602.696497564598,1076.11873865897,175.319496895892,471.415362882626,191.968511774038,147.525769650494,37.7973913852432,75.8538226524929,23.2239260030541,41.4657242770981,6.75933376428514,18.1749330003595,21442.1558972056,16358.7171657517,4610.58446889602,8996.91103057984,3192.7085128289,5388.0028039553,731.769839067992,1858.64440611034,823.833600227002,628.528264683274,179.488258974845,351.1778342276,125.58683284716,212.423674567369,28.8274706770501,73.3568698202348,0,0,8.90654906321639,17.8619514801704,6.49275313169968,11.0502225665597,1.56566775994329,4.00970041625226,0,0,0,0,0,0,0,0,326.931593789712,266.123609516774,336.85034429379,715.372639891742,356.549784937065,702.640693236409,49.1388669713933,145.337648066342,12.5612223347845,10.2248949594165,12.9262802274033,27.4408487120304,13.6464252838216,26.8877326798501,1.88125475658114,5.56331215298614,275.10337931957,222.827162823461,361.917804067676,806.489890515606,442.056991488437,879.035513375364,85.4020665930081,253.843627730538,10.5698970468077,8.56137629932429,13.8845056444968,30.9259335388544,16.9152015962583,33.6265886822155,3.2673937794339,9.70937375049119,0,0,54.4618340664641,128.550669297369,63.6598608010822,117.082454279428,15.9379559977825,43.2039299465867,0,0,0,0,0,0,0,0,472.722075117381,223.238704430514,1544.12222432586,1636.45651946387
"204",2006,2304,16.9166666666667,4578.24215171553,3649.6635480028,1160.68424450806,2209.90348088546,532.64077207908,829.855018928277,112.424933700378,263.84724580286,0,0,0,0,0,0,0,0,0,0,1.94230595666238,3.78760623313859,1.03214370316661,1.6148367966453,0.221044259179272,0.519422610997582,0,0,0,0,0,0,0,0,5015.68876746665,3850.16577825541,985.489037691929,1977.34892501719,602.536925337936,1072.31679368173,184.075294847749,494.477497950374,192.710783381376,147.929526267342,37.983286558895,76.2227696016923,23.2178291599861,41.3193274875534,7.09705841427391,19.0644907745548,21416.7268664034,16319.9056069883,4608.54003663254,8992.25459496367,3175.20251589757,5341.6212361812,762.574048777229,1935.48100172171,822.856691639252,627.037059573196,179.408320533136,350.996066811608,124.895497945925,210.589967060514,30.0416126126931,76.3901325461181,0,0,8.91196623788654,17.8721159873436,6.46285228994433,10.9649366286537,1.6344346181786,4.18288899170313,0,0,0,0,0,0,0,0,328.142365641795,266.789984957725,338.525620103309,718.913093621425,356.399074116415,699.9915543926,50.9959720905009,150.580124474851,12.6077422874762,10.2504981649901,12.9908382021016,27.5772958488386,13.6411398090313,26.7873269755894,1.95245262386233,5.76429335518944,274.645766558753,222.166091968501,362.298636094896,807.121369867224,439.766156253069,871.359216674529,88.3671394337591,262.25811507285,10.5523151416062,8.53597689163563,13.899445344465,30.9509676367284,16.8281870130007,33.3342778272449,3.38096967551347,10.0316489923101,0,0,54.4622608703127,128.556123805647,63.2828342470026,116.020471262801,16.6424222189822,45.0569323647927,0,0,0,0,0,0,0,0,476.137872257962,224.815394231843,1560.64521647849,1655.22493090113
"205",2007,2304,17,4554.50604338141,3628.92122401403,1155.74829467078,2200.66054154474,525.90779657072,815.411752975403,116.890700657164,274.145942852769,0,0,0,0,0,0,0,0,0,0,1.93557629693623,3.77418655140562,1.01947288383236,1.58727890513286,0.229941764122559,0.53996345836293,0,0,0,0,0,0,0,0,5035.1791525227,3860.86117595271,990.05701914622,1986.74616282191,601.197594898809,1064.98471115137,194.243217865005,521.562278413745,193.459635143654,148.340460550623,38.1594776518045,76.5852543569017,23.166271050641,41.0369022240734,7.48921457746899,20.1090992024788,21391.4808254389,16281.3909040265,4605.31092614821,8986.76027379588,3151.74496159656,5278.30912909967,800.236436316728,2030.99699117537,821.886811861342,625.557260195614,179.283070764475,350.782629491885,123.969943315777,208.088541175569,31.5255568275182,80.1598049128701,0,0,8.91801594295948,17.8839358775556,6.4207391989124,10.8446383169969,1.71739726071372,4.3950076598112,0,0,0,0,0,0,0,0,329.441382062561,267.536811369515,340.271166191431,722.656415660734,355.861692797735,695.705688620422,53.6263261264301,158.281892205191,12.657652731102,10.2791924257098,13.0580909744018,27.7215224188334,13.6210501878938,26.6242717073741,2.05325470977652,6.05941169816391,274.223526985238,221.541910488905,362.698862555589,807.829337672488,436.650357892235,860.919504288123,92.2250148479767,273.536583231057,10.5360923223017,8.5119948329873,13.9151260547457,30.978929032903,16.7095948401263,32.9362214118477,3.52872112261442,10.4635222317454,0,0,54.4676045904062,128.574038353064,62.7847263889285,114.585602700842,17.4863365631028,47.3204252487738,0,0,0,0,0,0,0,0,479.446630231364,226.289924825751,1576.59662195574,1672.68850805487
"206",2007,2304,17.0833333333333,4530.50380863721,3607.99404117204,1150.6963807019,2191.24196676207,519.151320866562,800.947400754667,121.370152990507,284.448951120288,0,0,0,0,0,0,0,0,0,0,1.92862152101673,3.76045108553761,1.00675857532991,1.55966858613929,0.238880280248061,0.560544203029353,0,0,0,0,0,0,0,0,5054.67031624396,3871.55250606301,994.602939790926,1996.13886785774,599.738528345492,1057.30460847954,204.717314565558,549.428829395082,194.208516823495,148.751238550707,38.3348143944709,76.9475554945457,23.1100949223878,40.7410587513907,7.89318551085003,21.1838766158157,21366.2608428698,16243.0466176382,4601.8540445534,8981.00012955774,3127.76037356207,5213.67892372475,838.678358173929,2128.37235755258,820.917932002705,624.084008534181,179.14901785765,350.558864750171,123.023536478866,205.534888302327,33.0402166619884,84.0027941730267,0,0,8.92348153869917,17.8951090103428,6.37748978352962,10.7214087880868,1.80225799604285,4.61172623958645,0,0,0,0,0,0,0,0,330.742373112838,268.286780437932,341.999762096522,726.381962052584,355.234131114349,691.1530137245,56.3003356135752,166.091017880469,12.7076390411696,10.3080074323885,13.1246923594503,27.865066118981,13.597504377894,26.450989484383,2.15573616338835,6.35866406740449,273.808857015616,220.928049947272,363.087281971529,808.521275525225,433.461039295936,850.262142349725,96.1350602276997,284.937882379736,10.5201603323975,8.48840932147881,13.9303515131506,31.0062709404363,16.588178981955,32.5298055530566,3.6784812473748,10.9001329207739,0,0,54.4721155065348,128.589790948139,62.2735263755333,113.116461931322,18.3491231704894,49.6303486555879,0,0,0,0,0,0,0,0,482.749039980271,227.751372469154,1592.45133384372,1689.88359362558
"207",2007,2304,17.1666666666667,4506.51970627752,3587.14674934726,1145.61796155827,2181.75579125152,512.541543289477,786.907973928446,125.673650035626,294.276916967039,0,0,0,0,0,0,0,0,0,0,1.92143793822944,3.74636202630335,0.994324654892076,1.53286772205822,0.247489716981624,0.580226159892818,0,0,0,0,0,0,0,0,5074.05295889582,3882.14562953567,999.144545670909,2005.50653017182,598.340568489657,1049.83942778089,215.266230580052,577.404532196431,194.953228950306,149.158243294724,38.5099770536438,77.3088807285812,23.0562710966754,40.4534921621654,8.30005707074671,22.2629071460634,21341.0928532679,16204.8907487003,4598.36568710099,8975.110986195,3104.2750249097,5150.64964054764,876.754050989159,2224.46730225868,819.951048619277,622.61799620808,179.013663807618,350.329925345771,122.096651916385,203.044106569142,34.5405156378361,87.795293335561,0,0,8.92830551759072,17.9053840939923,6.33518096037421,10.6012339793851,1.88666476318862,4.82654437666143,0,0,0,0,0,0,0,0,332.029889125434,269.025920430175,343.699458217909,730.054559996608,354.584710889894,686.616578496485,58.8925993457547,173.604815313395,12.7571076175686,10.3364063686861,13.1901840429821,28.0065781234057,13.5731176387097,26.2783128699095,2.2550970857409,6.64663970006785,273.400262386235,220.322468238484,363.462400109862,809.189728486931,430.340572145904,839.864127838548,99.9362668484532,295.943231074437,10.5044617601155,8.46514189615821,13.94506442421,31.0327073998042,16.4693874854378,32.1332786056971,3.82408846189222,11.3216332011991,0,0,54.474764520813,128.6008344933,61.7698276078799,111.676819994988,19.2077393549734,51.917927604084,0,0,0,0,0,0,0,0,486.064397562636,229.216881420593,1608.30173889051,1707.01383021526
"208",2007,2304,17.25,4482.57102541095,3566.39200049632,1140.51823307235,2172.21237208418,506.075383968286,773.280730235417,129.805840879881,303.645315487762,0,0,0,0,0,0,0,0,0,0,1.91405727624189,3.7319601811478,0.982160724575174,1.50684732612324,0.255776671850255,0.599034029616241,0,0,0,0,0,0,0,0,5093.28120616078,3892.60621378946,1003.66623942467,2014.8186849658,596.99127610097,1042.56470038095,225.877960422757,605.455380185645,195.692008959448,149.56015567,38.684366885843,77.6680601455537,23.004321616667,40.1732621120917,8.70936725342318,23.3448820298117,21316.0067662027,16166.9448988705,4594.85394681335,8969.10957418132,3081.28227402326,5089.18761842546,914.474767635446,2319.32467811687,818.987310878461,621.16005318754,178.877324874863,350.096465320492,121.189035415406,200.614887866444,36.0268885058484,91.5389710830702,0,0,8.93258678145766,17.914867439107,6.29378848544673,10.4840383336815,1.9706196620029,5.03949237432008,0,0,0,0,0,0,0,0,333.304342887731,269.754513031573,345.372702808612,733.677744632447,353.91968969423,682.108200435452,61.4116385383228,180.8509055706,12.8060743202299,10.3644000574034,13.2546599901873,28.146194028073,13.5481295865073,26.1066946462381,2.35166347845141,6.92439499668641,272.999783184476,219.726752520504,363.826611975974,809.840419831592,427.288297142151,829.720805365898,103.628769426942,306.555794974572,10.4890749889232,8.44225353817042,13.9593565677127,31.0584576385186,16.353195190427,31.7464631691541,3.96554753659337,11.7281426140539,0,0,54.4755865835123,128.607331146657,61.2736470408074,110.266338231517,20.0622056614416,54.1835385420299,0,0,0,0,0,0,0,0,489.392570426786,230.686393455587,1624.14690583853,1724.07935082452
"209",2007,2304,17.3333333333333,4458.67320350122,3545.74095124056,1135.40191330268,2162.62115495771,499.749688972379,760.053072165387,133.771285958343,312.569198132709,0,0,0,0,0,0,0,0,0,0,1.90650722689519,3.71728230680364,0.970257635057044,1.48158032127626,0.263747874615569,0.616992396304362,0,0,0,0,0,0,0,0,5112.31763304392,3902.90656369778,1008.15551461613,2024.05102018557,595.680971091551,1035.46125832664,236.541075848562,633.549189826163,196.423418922767,149.95591158548,38.8575037055793,78.0241598794838,22.9538744220781,39.8996317096151,9.12067614309804,24.4285622966897,21291.0266135237,16129.2261182372,4591.32541425942,8963.00969212117,3058.774609775,5029.25821942564,951.851103685354,2412.98498719811,818.027642118336,619.710834564156,178.740259171501,349.859025109437,120.300398663217,198.245885389725,37.4997448966175,95.2354058411591,0,0,8.93640501531778,17.9236436901768,6.25328839405668,10.3697454749986,2.05412393870095,5.25059671190392,0,0,0,0,0,0,0,0,334.565951798538,270.4726968469,347.021244933584,737.253835816263,353.243889713057,677.636970149786,63.8650211227203,187.854054825221,12.8545475019443,10.3919938239578,13.3181873096251,28.2840027452473,13.5227247911486,25.9364830222116,2.44572483080062,7.19287703767658,272.608994048804,219.142102381578,364.181896098701,810.477977428565,424.303420419873,819.827270778115,107.213452939398,316.78097553105,10.4740605190231,8.41979033761153,13.9733037667066,31.0836989230033,16.2395718180023,31.3691723793565,4.10289196392351,12.1198663022792,0,0,54.4746217755324,128.609434281634,60.784983759358,108.884650350903,20.9125438624655,56.4275555675703,0,0,0,0,0,0,0,0,492.733429268025,232.159851531081,1639.9861223027,1741.08050769061
"210",2007,2304,17.4166666666667,4434.84017441141,3525.20354558343,1130.27332884785,2152.99083823983,493.561268398102,747.212594980256,137.574459113053,321.063213173615,0,0,0,0,0,0,0,0,0,0,1.89881220287532,3.70236172663002,0.958607140279461,1.45704111637026,0.271410147797544,0.634125658876933,0,0,0,0,0,0,0,0,5131.13144214273,3913.0241733852,1012.60225642097,2033.18397470537,594.402037321503,1028.51385578543,247.244748766934,661.655658971038,197.146275554808,150.344646329442,39.0289990770558,78.3764283647687,22.9046366860087,39.6320146388852,9.53356680726589,25.5127810533122,21266.1718343598,16091.7479136246,4587.78551876342,8956.82287461148,3036.74392180526,4970.8263037909,988.893043264195,2505.48655290357,817.072789218976,618.270859291624,178.602679841037,349.618057371366,119.430429763455,195.935732157106,38.9594710532122,98.8860923161252,0,0,8.93982550602825,17.9317815870155,6.21365728175273,10.2582794886186,2.13717815128843,5.45988069643279,0,0,0,0,0,0,0,0,335.814792935897,271.180509081685,348.646335768202,740.784304816194,352.561101531885,673.210003314494,66.2594895509839,194.636541326881,12.9025301241549,10.4191890978454,13.3808139827837,28.4200605842865,13.4970482680184,25.767950483728,2.53753901379159,7.45293763301837,272.229101592926,218.569412639617,364.529877212694,811.106118755152,421.38501694622,810.178412729105,110.691787492378,326.625911352609,10.4594647105376,8.39778667481333,13.9869682857502,31.1085736383287,16.128482083751,31.0012114638314,4.23617763614738,12.4970759217069,0,0,54.4719133628531,128.607289168355,60.3038226142094,107.531368892515,21.7587765018325,58.6503492123982,0,0,0,0,0,0,0,0,496.08684597486,233.637198971489,1655.81882979376,1758.01780586264
"211",2007,2304,17.5,4411.08450171173,3504.78862410979,1125.13644697212,2143.32943364898,487.506916544045,734.747122355563,141.219744262003,329.141598798299,0,0,0,0,0,0,0,0,0,0,1.89099364494259,3.68722858051251,0.947201770394027,1.43320546813097,0.278770381714776,0.650457973334427,0,0,0,0,0,0,0,0,5149.69772046592,3922.94113100438,1016.99845192646,2042.20215667869,593.148627415645,1021.7105809443,257.978786472187,689.746467277716,197.859621658607,150.725671700064,39.1985452089714,78.7242740364476,22.856383492082,39.3699525987381,9.94764665875126,26.5964473671629,21241.4578024127,16054.520665572,4584.23866845815,8950.5586660379,3015.18162213169,4913.85646401173,1025.60996466854,2596.86554467238,816.123342861714,616.840526206727,178.464760464839,349.373937572261,118.578797962968,193.683050128303,40.4064300302105,102.492442386535,0,0,8.94290104766307,17.9393362189236,6.17487239347844,10.1495653710982,2.21978226805086,5.6673648217697,0,0,0,0,0,0,0,0,337.050827184085,271.877903897254,350.248812179938,744.269927739461,351.874242450433,668.832733636417,68.6010129047941,201.218300392854,12.9500206839563,10.4459841178711,13.4425720741807,28.5543971445951,13.4712115538955,25.6013050374516,2.62733427604198,7.70533887504102,271.860985023787,218.009308261412,364.871855168674,811.727733629202,418.532044454808,800.768959863294,114.065744927138,336.099223699386,10.4453213441137,8.37626656199574,14.0003999369424,31.1331924538061,16.0198862246888,30.6423795328223,4.365479652047,12.8600998975557,0,0,54.4675070168478,128.601033283099,59.830135775608,106.206088357967,22.60092659991,60.8522853592951,0,0,0,0,0,0,0,0,499.452692679934,235.118379099855,1671.6445993368,1774.89187777585
"212",2007,2304,17.5833333333333,4387.41755702275,3484.50406907742,1119.99491971135,2133.64434991795,481.5834319575,722.644732731418,144.711435963236,336.818191915754,0,0,0,0,0,0,0,0,0,0,1.88307042629091,3.67191016827004,0.936034667285576,1.41005028485547,0.285835508597167,0.666013204390247,0,0,0,0,0,0,0,0,5167.99648876633,3932.64336369988,1021.33782432135,2051.09361008179,591.916308297857,1015.04216189319,268.73363872803,717.795291279681,198.562689599537,151.098446995738,39.3659009299854,79.0672372063395,22.8089442373129,39.1130886751638,10.3625477381695,27.6785468762257,21216.8964981941,16017.5521551415,4580.68842762613,8944.22496736013,2994.07878408415,4858.31326923887,1062.01066885336,2687.15608060927,815.179763357372,615.420134270156,178.32664191239,349.126977398306,117.745159059243,191.486459740312,41.8409627721464,106.055789001356,0,0,8.94567436613204,17.9463518831615,6.13691172547325,10.0435295668141,2.3019357769622,5.87306718572716,0,0,0,0,0,0,0,0,338.273927877908,272.564774025633,351.82919793206,747.710969380442,351.185554084982,664.509280224921,70.8948614839105,207.617138053835,12.9970143146532,10.4723747626279,13.5034816180728,28.6870223766001,13.4453002887239,25.4367043063481,2.71531210063581,7.95076131995098,271.505248361342,217.462188658825,365.208843429057,812.34499282957,415.743352949349,791.593514032119,117.337704571527,345.210730558661,10.4316536272863,8.35524534519744,14.0136375535355,31.1576384810149,15.913740355959,30.2924708350892,4.49088870832837,13.2093124780771,0,0,54.4614498761549,128.590796791521,59.3638846619644,104.908388753944,23.4390174269238,63.033724556583,0,0,0,0,0,0,0,0,502.83084075228,236.603334846931,1687.46310040766,1791.7034511368
"213",2007,2304,17.6666666666667,4363.8496991575,3464.35695035346,1114.85212813626,2123.94247664709,475.787637528705,710.89378563184,148.053739767945,344.106436724911,0,0,0,0,0,0,0,0,0,0,1.87505926754742,3.65643131325647,0.925099430043642,1.38755344408915,0.292612473567364,0.680814871126039,0,0,0,0,0,0,0,0,5186.01174367019,3942.11987720032,1025.61546509216,2059.84907748112,590.701710780285,1008.50128537253,279.500399783311,745.777803320796,199.254864502385,151.462549798974,39.530877586711,79.4049617922166,22.7621891887593,38.8611412036344,10.777926803378,28.7581417837852,21192.4971867258,15980.8480946349,4577.13769433847,8937.82838316747,2973.42627955633,4804.16150500255,1098.10341245526,2776.39034458431,814.242406684366,614.0099029575,178.18843920367,348.877438180711,116.929160744962,189.344589268096,43.2633893648488,109.577390628927,0,0,8.94818049273875,17.952864851914,6.09975409395178,9.94010040780354,2.38363781007602,6.07700395932861,0,0,0,0,0,0,0,0,339.483909274964,273.240972186823,353.387802010927,751.107361195319,350.496791174289,660.242798399705,73.1456884914711,213.84896543057,13.0435038797109,10.4983553733828,13.5635543951449,28.8179334181065,13.4193814599717,25.2742689896986,2.80165033417908,8.18981296443832,271.162273915879,216.928272998949,365.541611758619,812.959465554177,413.017699816163,782.646592406045,120.510353081362,353.971141884914,10.4184762491587,8.33473144516447,14.0267106245963,31.1819717711069,15.8099970433404,29.9512763564151,4.61250726470618,13.5451220670424,0,0,54.4537896638111,128.57670313197,58.9050219153538,103.637839287031,24.2730722719411,65.1950212917394,0,0,0,0,0,0,0,0,506.221159856956,238.092008393142,1703.27407176209,1808.45331853801
"214",2007,2304,17.75,4340.3903734615,3444.35360655751,1109.71120700175,2114.23023088428,470.116390433638,699.482932461074,151.250772757113,351.019391832363,0,0,0,0,0,0,0,0,0,0,1.86697497752879,3.64081459559539,0.914390049572099,1.36569371402249,0.299108215808668,0.694886115396838,0,0,0,0,0,0,0,0,5203.73093727391,3951.36234342132,1029.82763709094,2068.46160621822,589.502350296418,1002.08225412664,290.270798083178,773.671634966352,199.93566425663,151.817660131452,39.6933314910697,79.737180211764,22.7160226028421,38.6138906162649,11.1934649429098,29.8343694785487,21168.2667851894,15944.4124148291,4573.58879463431,8931.3744051084,2953.21484694819,4751.36628511595,1133.89593465455,2864.59867998398,813.311538614263,612.609983295291,178.050245149367,348.625537995132,116.13044525991,187.256079211517,44.674010055903,113.058434826797,0,0,8.95044792208274,17.9589046630666,6.06337911233887,9.83920816640865,2.46488722881455,6.27918971067379,0,0,0,0,0,0,0,0,340.680540912932,273.906321764466,354.924764794895,754.45878335833,349.809306719047,656.035639142395,75.3575863871654,219.927961991456,13.0894805243852,10.523919164253,13.6227957065628,28.9471177478129,13.3935066694232,25.1140889808538,2.88650534592943,8.4230354997596,270.832252475017,216.407625674086,365.87071567362,813.572195750149,410.353767428636,773.922664801679,123.586622735102,362.391871022157,10.4057965402331,8.31472733594791,14.0396404232988,31.2062322387881,15.7086059757148,29.6185852448854,4.73044718132721,13.8679640040921,0,0,54.4445743365987,128.558869525214,58.4534925362672,102.39400054635,25.1031143098742,67.3365235902166,0,0,0,0,0,0,0,0,509.623517606155,239.584341047191,1719.0773092696,1825.14232445211
"215",2007,2304,17.8333333333333,4317.04821772038,3424.49973146223,1104.57507110053,2104.51360695226,464.56659236698,688.4011269219,154.306564480189,357.569738915488,0,0,0,0,0,0,0,0,0,0,1.85883070836861,3.62508059532322,0.90390083417491,1.34445066347048,0.305329649463254,0.708249670094088,0,0,0,0,0,0,0,0,5221.14441911498,3960.36465914779,1033.97156345305,2076.92612615438,588.31643697861,995.780625657256,301.037181325432,801.456326562101,200.604718076068,152.16354349789,39.8531558251168,80.0636971858923,22.6703754363208,38.3711655764996,11.6088670109796,30.9064406237173,21144.2102574823,15908.2475725328,4570.04358368032,8924.86760897507,2933.4351634676,4699.89316972862,1169.39548753084,2951.80969451842,812.387349871125,611.220469677827,177.912134260889,348.371459289598,115.348652212558,185.219586922253,46.0731064098466,116.500042238161,0,0,8.95249988448655,17.9644955526782,6.02776718123815,9.74078516092345,2.54568270974244,6.47963773013007,0,0,0,0,0,0,0,0,341.863562983121,274.560628228913,356.440108183399,757.76475386987,349.124146164752,651.889525333178,77.5341459512238,225.866747107228,13.1349342663984,10.5490586610983,13.6812063000241,29.0745566094799,13.3677157465488,24.9562301281796,2.97001429079709,8.65091088367651,270.515215705088,215.900183555837,366.19652720003,814.183782473187,407.750178283592,765.416185312122,126.569628490492,370.484842122371,10.393615717322,8.29523059204938,14.0524411854788,31.2304427408949,15.6095145428767,29.2941860177637,4.84482730891926,14.1782931921125,0,0,54.433851680402,128.53740747866,58.0092350744958,101.176426750446,25.9291664924954,69.4585726911395,0,0,0,0,0,0,0,0,513.037779186531,241.080273116138,1734.87265205172,1841.77135045289
"216",2007,2304,17.9166666666667,4293.83116058076,3404.80045431294,1099.44643982074,2094.79822285844,459.135198498717,677.637632958948,157.225058091282,363.769792021197,0,0,0,0,0,0,0,0,0,0,1.85063819389099,3.60924812321508,0.893626343290114,1.32380458040411,0.311283645902393,0.720927831074501,0,0,0,0,0,0,0,0,5238.24492018762,3969.12253860174,1038.04523363394,2085.23906193106,587.142704204457,989.592888118583,311.792497160247,829.11326384593,201.261746673875,152.500035231842,40.0102732018785,80.3843748648711,22.6251987655452,38.1328305383824,12.0238608948436,31.9736367477506,21120.330978923,15872.3548343363,4566.50353864771,8918.31183548914,2914.07790986079,4649.70826833303,1204.60886752874,3038.05036824275,811.469970143983,609.841410769296,177.774166340874,348.115355882882,114.583421107985,183.233790646258,47.4609425068789,119.903270714747,0,0,8.9543555030974,17.9696577478745,5.99289947157775,9.64476583102418,2.62602282428002,6.67836033401759,0,0,0,0,0,0,0,0,343.032700158106,275.203689365565,357.933780181937,761.024707280489,348.442131521659,647.805709710373,79.6785134077087,231.676546679859,13.1798545272196,10.5737660945106,13.7387840829049,29.2002280373233,13.3420399755321,24.8007402942334,3.05229729808437,8.87386772395698,270.211066414019,215.405781376748,366.519264393185,814.79445640622,405.205509336211,757.121620739386,129.462609811489,378.262311750495,10.3819300462938,8.2762348636248,14.0651212409284,31.2546120082815,15.5126683831761,28.9778676470829,4.95577126171424,14.4765772680504,0,0,54.4216689556743,128.512423280357,57.5721827355955,99.9846678281929,26.7512514623582,71.5615028018318,0,0,0,0,0,0,0,0,516.463807067376,242.579743808554,1750.65997015833,1858.34130197134
"217",2008,2304,18,4270.71179626023,3385.22252870745,1094.31167616316,2085.07330214191,453.813214893663,667.148009216467,160.019749550056,369.66936133688,0,0,0,0,0,0,0,0,0,0,1.84241483262721,3.59334392889789,0.883549670235213,1.30366996031398,0.316995794470522,0.733016430381441,0,0,0,0,0,0,0,0,5255.04669575039,3977.6509074059,1042.03318456451,2093.38543807031,585.972527272079,983.466026178431,322.542919783521,856.681886888013,201.907297759879,152.827708799604,40.1640898444341,80.6986381113392,22.580160095012,37.8968423394909,12.4386840990104,33.037476259295,21096.6718156857,15836.7655719401,4562.91039914542,8911.65681054307,2895.0953657504,4600.54331328909,1239.60438896143,3123.60823611925,810.56104639538,608.474011921145,177.634114721229,347.855316758462,113.832881300041,181.28813202819,48.8402017553235,123.279446813636,0,0,8.95606411952533,17.9744559619379,5.95867878027567,9.55059882706476,2.70603382603255,6.87591368225158,0,0,0,0,0,0,0,0,344.191799485514,275.837730996979,359.408522143282,764.242837186181,347.769965360092,643.766060839994,81.8022435116286,237.406753764592,13.2243891164073,10.5981269841549,13.7956341318171,29.3242925960286,13.316735828854,24.6469252210399,3.13379650247259,9.09379594773826,269.920725480429,214.925261511062,366.839503048157,815.405353353985,402.712974661641,748.995226549959,132.277448562185,385.779266924979,10.3707749088744,8.25777251603668,14.0777026064371,31.2787834320536,15.4178078063328,28.6679565148992,5.06373352755832,14.764919408072,0,0,54.4082817467827,128.484365051249,57.1415053313453,98.8132229807333,27.5706179068979,73.6512761206776,0,0,0,0,0,0,0,0,519.897393420108,244.080396406324,1766.42049991396,1874.82790805636
"218",2008,2304,18.0833333333333,4246.90031469602,3364.90698984839,1088.80835742982,2074.9757111545,448.460537915475,656.169792215343,162.90842696691,376.113573521354,0,0,0,0,0,0,0,0,0,0,1.83425391545792,3.57752162062207,0.873406336645489,1.28256420937997,0.322891840810884,0.74617187115986,0,0,0,0,0,0,0,0,5272.04226855272,3986.38578482328,1045.64197364826,2101.12422845641,584.643686102474,976.301470409391,333.579450512915,885.449832933749,202.560294845743,153.163316758527,40.3033397223909,80.9972399196049,22.5290068901214,37.6208660783159,12.8645493424346,34.1475741942703,21074.1107057342,15802.1460125407,4557.92455574459,8903.68702416368,2875.6052344123,4547.13379312783,1275.77553811615,3214.33613577035,809.694309793043,607.143870664355,177.440698001545,347.544956017649,113.06235363666,179.175170631814,50.2656773963331,126.859213138627,0,0,8.95806863389141,17.979653852269,5.92332190055177,9.44738635948954,2.78859321710508,7.0844872354487,0,0,0,0,0,0,0,0,345.431917092612,276.516696391527,360.919457467683,767.517165406989,347.22964692182,639.329386058486,84.1006332767787,243.920720333833,13.2720365526401,10.6242139167354,13.8538709389218,29.4505093130701,13.2964748578773,24.4778931703508,3.22199057091557,9.34375031216606,269.666922290375,214.480263369152,367.164939438421,816.034797132892,400.15581972226,740.181653496555,135.210025092648,393.995539659645,10.361023603651,8.24067497005947,14.0904796676229,31.3036584838708,15.3204629397258,28.3317137336949,5.17621317755289,15.0800571800328,0,0,54.3983386486117,128.460903373277,56.7000395444844,97.549229205716,28.4148478748275,75.8538779914618,0,0,0,0,0,0,0,0,523.246583841069,245.530307920378,1781.73491139562,1890.65962387716
"219",2008,2304,18.1666666666667,4223.21718063913,3344.75153718875,1083.32296671778,2064.88631171488,443.217447514801,645.518040652701,165.661070020745,382.192977781642,0,0,0,0,0,0,0,0,0,0,1.82594767828305,3.56151067738502,0.86347335867695,1.26208350619974,0.328524705915169,0.75861942602104,0,0,0,0,0,0,0,0,5288.80043606693,3994.9291971179,1049.2214836744,2108.78264275306,583.349222950121,969.316043874247,344.606230361261,914.093891521006,203.204170440785,153.491568321248,40.4414526441821,81.2927334876927,22.4791772216894,37.3517895563079,13.2900548596336,35.2529394837692,21051.6523601519,15767.7378367514,4552.95709919176,8895.66595167106,2856.51268741852,4495.10117345181,1311.64721591719,3303.95876899926,808.831520443375,605.821851136219,177.247909876246,347.232455489218,112.307438562001,177.116436274644,51.6793669945604,130.395283623362,0,0,8.95935279610937,17.9838997766638,5.88871000037007,9.34681812277991,2.87066502024972,7.29106955260855,0,0,0,0,0,0,0,0,346.653398825888,277.182236546395,362.392469366307,770.726351430779,346.667093391419,634.93961181731,86.3619784485638,250.262003631693,13.3189679676997,10.6497850301774,13.91065050619,29.5742236320894,13.2753570412642,24.3106399806262,3.30877216384439,9.58711112699772,269.421326076011,214.042944139543,367.481044733132,816.646995141496,397.663569122244,731.59688772392,138.058532091433,401.89765954652,10.3515876185176,8.22387246031237,14.1028958174583,31.3278654683154,15.225592656757,28.0041987294807,5.28548384287421,15.383199362313,0,0,54.3867586110952,128.433613046333,56.2658595457431,96.3136356277049,29.2547468840999,78.034483708997,0,0,0,0,0,0,0,0,526.607721648389,246.983746518028,1797.04583377572,1906.42886703499
"220",2008,2304,18.25,4199.6722918293,3324.76281467926,1077.85840282053,2054.81148321803,438.081676488528,635.182224590581,168.281527098074,387.920489847424,0,0,0,0,0,0,0,0,0,0,1.81752565653187,3.54534504076305,0.853743146842007,1.24220517767304,0.333900771146356,0.770381405403001,0,0,0,0,0,0,0,0,5305.3004850215,4003.26666566367,1052.76349123662,2116.34508923955,582.083930921351,962.497559487675,355.616287343225,942.594546736885,203.838128707991,153.8119071958,40.578113283498,81.5845203719352,22.4304709444636,37.0891441721758,13.7149317656694,36.3528194873437,21029.3100748866,15733.5498079972,4548.01191749177,8887.60245936021,2837.81129920501,4444.41239570291,1347.22612295372,3392.50711376642,807.973189198686,604.508290041395,177.055903966303,346.918164011617,111.567886894903,175.110636556292,53.0815313691424,133.888873634525,0,0,8.96003582877483,17.9873157072617,5.85481947800763,9.24882248274665,2.95224957932352,7.49568473531201,0,0,0,0,0,0,0,0,347.856525358375,277.834455756,363.83023462452,773.873561043574,346.087032059444,630.602920678502,88.5891827064719,256.444171622122,13.3651941454728,10.6748443316394,13.9660755488223,29.6955569229888,13.2535633612641,24.145402649578,3.39425217792041,9.82439685371979,269.184463103008,213.613834837291,367.788123738691,817.243737694922,395.233305189763,723.234592788203,140.825955873926,409.496132416942,10.342487173536,8.20738538924023,14.1149626713984,31.351472877366,15.1330853448424,27.6851696907292,5.39165941400474,15.6747464500874,0,0,54.373534197801,128.402569783783,55.838910434158,95.1059468059018,30.090347294746,80.1935087916914,0,0,0,0,0,0,0,0,529.980634378109,248.440644125396,1812.35223027711,1922.1361637998
"221",2008,2304,18.3333333333333,4176.27444464513,3304.9465573432,1072.41728753715,2044.75707527599,433.05088513501,625.151879142576,170.773639133904,393.308834223808,0,0,0,0,0,0,0,0,0,0,1.80901328067975,3.52905488135704,0.844208944025926,1.22290754982719,0.339026543556027,0.781480170524988,0,0,0,0,0,0,0,0,5321.52610861117,4011.38710743526,1056.26139119097,2123.79921402469,580.843665802427,955.835971633556,366.603249988056,970.934171787267,204.461543113824,154.123907554626,40.7130683642756,81.8721263423045,22.3827287071861,36.8325435198156,14.1389342232415,37.4465340809216,21007.0941397397,15699.5883430088,4543.09208548461,8879.50388679522,2819.49409716411,4395.03366267669,1382.51871044497,3480.01107782314,807.119711412019,603.203433920746,176.864802443656,346.602371313009,110.843427941342,173.15644965193,54.472421901851,137.341157725735,0,0,8.96021579074545,17.9900019867797,5.82162853502843,9.15332815291907,3.03334714053903,7.69835610363641,0,0,0,0,0,0,0,0,349.041495838523,278.473408581852,365.23495079384,776.961260350438,345.493363786864,626.324071597621,90.7848466475003,262.47951167336,13.4107227375431,10.6993939174621,14.0202303830571,29.8146036910872,13.2312431359121,23.9823636142557,3.47852989742339,10.0560769102658,268.956647176195,213.193276493998,368.08643989386,817.826424086657,392.862316894415,715.088498483327,143.515352869209,416.802014722347,10.3337343256938,8.19122685981946,14.1266902724111,31.3745342341417,15.0428373179687,27.374387364196,5.49485646600511,15.9551200416222,0,0,54.3586722719405,128.36785682039,55.419124012486,93.9256432785232,30.9216831483664,82.3313720658836,0,0,0,0,0,0,0,0,533.365144796256,249.900930982037,1827.65323603473,1937.78219304021
"222",2008,2304,18.4166666666667,4153.03152040611,3285.30777665441,1067.00200316431,2034.72846300559,428.122741708509,615.416824184016,173.141156788532,398.370324343711,0,0,0,0,0,0,0,0,0,0,1.80043236360721,3.51266692053017,0.834864755198899,1.20417015090971,0.343908485840247,0.791937659907006,0,0,0,0,0,0,0,0,5337.46461912051,4019.28221008106,1059.70992981635,2131.13534125264,579.625165036499,949.323051789508,377.561323784219,999.096927020944,205.07392617597,154.427250023883,40.8461164272937,82.155179909693,22.3358250128023,36.5816709660004,14.5618385544378,38.5334717790317,20985.0123614867,15665.8579964588,4538.20000289581,8871.37626395603,2801.55389242434,4346.93144835325,1417.53102225157,3566.49890139966,806.271387035447,601.907457771866,176.674701307868,346.285316305282,110.133782448312,171.252564005729,55.8522742945585,140.753245922441,0,0,8.95997283006321,17.9920406868689,5.78911724462373,9.06026595267767,3.11395769956747,7.89910536651578,0,0,0,0,0,0,0,0,350.208437891208,279.099107280527,366.608404914643,779.991332827231,344.88929657781,622.106691973767,92.9512697748477,268.379026266522,13.4555586474462,10.7234342585627,14.0731835638207,29.9314360705113,13.2085191391518,23.8216619424319,3.56169307530735,10.2825715209641,268.738019368183,212.781455117642,368.37620955403,818.396098939855,390.548109054547,707.15252511631,146.129774257767,423.826590863464,10.3253344953353,8.17540401877096,14.1380868677476,31.3970894781574,14.9547531587641,27.0716197825674,5.59519137898397,16.2247505036042,0,0,54.3421902374691,128.329560886818,55.0064248142498,92.7722013090896,31.748787530339,84.4484821016639,0,0,0,0,0,0,0,0,536.761077268103,251.364537499811,1842.94812769239,1953.36772275601
"223",2008,2304,18.5,4129.95063217502,3265.85087889838,1061.61472943337,2024.7306181503,423.294933539865,605.96716443029,175.387745464833,403.116888983184,0,0,0,0,0,0,0,0,0,0,1.79180179151649,3.49620500749342,0.825705151900948,1.18597350717641,0.348553007921833,0.801775376268515,0,0,0,0,0,0,0,0,5353.10620407437,4026.94585012975,1063.10492032201,2138.34589549936,578.425834707579,942.951938530636,388.485236999582,1027.06861372585,205.674900883438,154.721699330011,40.9770969267847,82.4333901799615,22.2896600453948,36.336262385427,14.9834411662265,39.6130841397155,20963.0705890882,15632.3618645751,4533.33753818738,8863.22459106917,2783.98336581471,4300.07262238493,1452.2687389571,3651.99732086919,805.428440799397,600.62048055657,176.485675943773,345.967197910121,109.438665957696,169.397683204485,57.2213102600904,144.126190015039,0,0,8.95937319863399,17.9934998196059,5.75726714152862,8.96956877320297,3.19408112376483,8.09795302306503,0,0,0,0,0,0,0,0,351.357428732672,279.711536551669,367.952071218351,782.965237398091,344.277503057429,617.953551245802,95.0904911341646,274.152602192127,13.4997048419385,10.7469647670772,14.1249916359076,30.0461098939599,13.1854936384218,23.6634038257961,3.64381949051649,10.5042581977456,268.528586956912,212.378435967616,368.657606220314,818.953515394769,388.288366135685,699.420764205211,148.672245359882,430.581246723771,10.3172879622031,8.15991937346161,14.149159068772,31.4191673836775,14.8687443292656,26.7766415183341,5.69277954846664,16.4840721261324,0,0,54.3241132214334,128.287770691589,54.600731879785,91.6450953485737,32.5716925861415,86.5452375399632,0,0,0,0,0,0,0,0,540.168257055073,252.831394053448,1858.23629241602,1968.89358448616
"224",2008,2304,18.5833333333333,4107.03818529716,3246.5797147632,1056.25745839098,2014.76813710522,418.5651743642,596.793299374807,177.516984903724,407.560073985591,0,0,0,0,0,0,0,0,0,0,1.78313783432184,3.4796903754821,0.816725190907698,1.16829907124865,0.352966457170648,0.811014360193422,0,0,0,0,0,0,0,0,5368.44358499336,4034.37382381793,1066.44311176814,2145.42513450822,577.24365011206,936.716926433883,399.370223920779,1054.83663289772,206.264187585415,155.007093957698,41.105885206829,82.7065366071331,22.2441558549286,36.0960980606627,15.4035579115569,40.6848841965343,20941.2729570218,15599.1017736905,4528.5060948311,8855.05296672321,2766.77511320241,4254.42453493209,1486.73719358259,3736.53162276847,804.591031561748,599.342572445238,176.297783679116,345.64818001129,108.757790573004,167.590529294443,58.579738121889,147.46098561597,0,0,8.95847104787158,17.9944352102831,5.7260610496891,8.88117158210201,3.27371721387203,8.29491856950119,0,0,0,0,0,0,0,0,352.488505501758,280.310660893815,369.267155925495,785.884081509326,343.660189852865,613.866681056138,97.2043080277677,279.80908603598,13.5431627479401,10.7699840789827,14.1757008541929,30.1586674992258,13.1622510552064,23.5076671894407,3.72497766562988,10.7214746333674,268.3282423375,211.98418018224,368.930763706223,819.499167951853,386.080939699238,691.887480757188,151.145749817079,437.077386466577,10.3095905920598,8.14477143076033,14.1599119713098,31.4407868169911,14.7847286891395,26.4892337676181,5.78773477977503,16.7335199369152,0,0,54.3044727687978,128.242576207878,54.2019596093299,90.5437995534497,33.3904294998535,88.6220268958595,0,0,0,0,0,0,0,0,543.586510005976,254.301430894353,1873.51721441951,1984.36066159816
"225",2008,2304,18.6666666666667,4084.29996192394,3227.49764773412,1050.93201562013,2004.84528159786,413.931210971606,587.885924171406,179.532371636468,411.711056331141,0,0,0,0,0,0,0,0,0,0,1.77445455463368,3.46314198877929,0.807920307714237,1.15112911337059,0.357155110685179,0.819675176427299,0,0,0,0,0,0,0,0,5383.4715784805,4041.56350419712,1069.72202125651,2152.36880875712,576.077034733363,930.61321339253,410.211988620653,1082.38988440223,206.841587127495,155.283332975383,41.2323860695423,82.9744559397869,22.1992517130736,35.8609929860103,15.8220227024233,41.7484426006156,20919.6221961826,15566.0785186603,4523.70669604616,8846.86475202736,2749.92169591734,4209.95509101504,1520.94140008349,3820.12574787698,803.759264253059,598.073763977234,176.111067058044,345.328397805462,108.090866927412,165.829845696056,59.9277539070971,150.758576157548,0,0,8.95731074592125,17.9948929111773,5.69548285079918,8.79501138481106,3.35286577510834,8.49002074592857,0,0,0,0,0,0,0,0,353.60167755199,280.896433115006,370.554653626911,788.748711051189,343.039187174029,609.847528827261,99.2943023264633,285.356392537814,13.5859327248161,10.7924903810885,14.2253493485054,30.2691411824322,13.1388613993409,23.354507581624,3.80522787545473,10.9345228531028,268.136786606728,211.598565527167,369.195780215924,820.033334126041,383.923827575731,684.547103617383,153.553216209171,443.326350993483,10.3022347428409,8.12995549422465,14.1703493107863,31.4619583313537,14.7026296969855,26.2091839776613,5.88016877554363,16.9735265780617,0,0,54.2833052181134,128.194067827375,53.8100188054005,89.4677893393159,34.2050285290317,90.6792287471708,0,0,0,0,0,0,0,0,547.015662199687,255.774578056965,1888.79045725498,1999.76987469358
"226",2008,2304,18.75,4061.74119686426,3208.60761563469,1045.64007928609,1994.96601511715,409.390829029643,579.236029744302,181.437321038818,415.580656931384,0,0,0,0,0,0,0,0,0,0,1.76576417536356,3.44657686168067,0.799286229618923,1.13444663188271,0.361125166886844,0.827777900466737,0,0,0,0,0,0,0,0,5398.18670365329,4048.51353464339,1072.9397843423,2159.17385886993,574.924755188461,924.636682480072,421.006669164444,1109.71866407612,207.40696576861,155.550364259403,41.3565280411937,83.23703061736,22.1549000811709,35.630788495421,16.2386861397342,42.8033836835441,20898.1199118703,15533.2920757445,4518.94006019139,8838.66271605262,2733.41568474263,4166.6328134717,1554.88608102573,3902.80239302408,802.933200557182,596.814054240178,175.92555675391,345.007963429803,107.437605902215,164.114399677771,61.2655424077581,154.019856800444,0,0,8.95592889348744,17.9949112842507,5.66551728748716,8.71102716280345,3.43152667693108,8.68327776104425,0,0,0,0,0,0,0,0,354.696937092356,281.468801595188,371.815396205548,791.559786818477,342.41602579646,605.897087795926,101.361866371902,290.801610719294,13.6280144732126,10.8144816900698,14.2739690022194,30.3775561347065,13.1153832201244,23.2039631602947,3.88462314002137,11.1436732813887,267.953950931076,211.221405235789,369.452723272515,820.556114957999,381.815156169607,677.394219777203,155.897505182254,449.339340369106,10.2952100856475,8.11546438797962,14.1804736501594,31.482685718575,14.6223757320845,25.9362856271605,5.97019064293025,17.2045193351266,0,0,54.2606503042668,128.142335670204,53.4248175988994,88.4165428266953,35.0155190443166,92.7172119083666,0,0,0,0,0,0,0,0,550.455539682327,257.250765303635,1904.05564853097,2015.1221692332
"227",2008,2304,18.8333333333333,4039.36662585983,3189.91216987615,1040.38319232351,1985.13402622696,404.941856107304,570.834900181799,183.235168876504,419.17935062386,0,0,0,0,0,0,0,0,0,0,1.75707730893955,3.4300102677778,0.790818932625423,1.11823530484853,0.364882739383575,0.835342112667036,0,0,0,0,0,0,0,0,5412.58694097516,4055.22364113351,1076.09506395445,2165.83823288139,573.785860806712,918.783777832573,431.750810033641,1136.81457987165,207.960245914933,155.80817728135,41.4782598803663,83.4941817608606,22.1110642902169,35.4053474966196,16.653414457242,43.8493822467835,20876.766753967,15500.7417323395,4514.2066464616,8830.44912326053,2717.24968451644,4124.42687229301,1588.57568811224,3984.58308858052,802.112865449717,595.563415854433,175.741273335719,344.686969346856,106.797719590388,162.442983518167,62.5932779678396,157.245677409671,0,0,8.95435548809263,17.9945221812155,5.63614985588966,8.62915979576863,3.50969988222095,8.87470742938813,0,0,0,0,0,0,0,0,355.774265123486,282.027714167054,373.05008079731,794.317825868467,341.79198068854,602.015968340905,103.408222071726,296.151081935256,13.6694072631337,10.835956001575,14.3215865261003,30.4839320310797,13.0918652783919,23.0560574277607,3.96320995664483,11.3491677328022,267.779409823742,210.852459785883,369.701634288164,821.067463635948,379.753170374947,670.423573505141,158.181401299607,455.127363930686,10.2885041148701,8.10128890919516,14.1902865546018,31.502967105686,14.5438997083261,25.6703381931517,6.0579065817528,17.4269182265879,0,0,54.2365503835376,128.087469260969,53.0462620019955,87.389541740525,35.8219295684232,94.7363356002264,0,0,0,0,0,0,0,0,553.905968381568,258.72992212836,1919.31247117564,2030.41850887234
"228",2008,2304,18.9166666666667,4017.18053500597,3171.41351559692,1035.16277493816,1975.35275251467,400.582164570721,562.674109355883,184.929173055857,422.517277034903,0,0,0,0,0,0,0,0,0,0,1.748403192721,3.41345595315413,0.782514594488272,1.10247943735474,0.368433851294882,0.842386893335153,0,0,0,0,0,0,0,0,5426.6714847853,4061.69444005534,1079.18695699317,2172.3606988246,572.659622474564,913.051380107375,442.441332042381,1163.67046025612,208.501396611688,156.056795723829,41.5975469971077,83.7458619842581,22.0677161928472,35.1845496894307,17.0660883691123,44.8861600533963,20855.5625917063,15468.4262198576,4509.50670183476,8822.22582339294,2701.41635906817,4083.30711320858,1622.0144240492,4065.48828048189,801.298253912867,594.321800078554,175.558229083014,344.365491824777,106.170922273202,160.814415638978,63.9111253223008,160.436845706821,0,0,8.9526151391763,17.9937521804946,5.60736669037297,8.54935198987989,3.58738547829168,9.06432730801357,0,0,0,0,0,0,0,0,356.83363750361,282.573122068911,374.259298661328,797.023244358937,341.168116624992,598.204472854728,105.434440199255,301.410479060281,13.7101101670057,10.856911442102,14.3682245670337,30.5882846761153,13.0683482946021,22.9108021009704,4.04102903982015,11.5512224464997,267.6127947406,210.491448931556,369.942532979538,821.567214192661,377.736222018247,663.6300622543,160.407605868031,460.701193282436,10.2821026705666,8.08741829037265,14.1997887602819,31.5227960545845,14.4671386317266,25.4111469944898,6.14341961003209,17.6411342039077,0,0,54.2110496196016,128.029557173187,52.6742564757365,86.3862723002948,36.6242878278751,96.7369496717055,0,0,0,0,0,0,0,0,557.366774021129,260.21197776159,1934.56065424325,2045.65986835959
"229",2009,2304,19,3994.96964587794,3152.87473463076,1029.88743174884,1965.52380625103,396.196743710959,554.482002470342,186.658458177669,425.885634631677,0,0,0,0,0,0,0,0,0,0,1.73979412171566,3.39697286065253,0.774149269196769,1.0866477912934,0.372050310737087,0.849482737786075,0,0,0,0,0,0,0,0,5440.56130682468,4068.02556396009,1082.14262475317,2178.67481382946,571.383484914033,907.00669401905,453.274615945937,1190.74681594431,209.035065786618,156.300047628788,41.7115944831069,83.9895224674954,22.0185914848623,34.9517169575136,17.4842749458656,45.9314610998725,20834.7278579783,15436.4719190679,4504.53371220297,8813.70180466772,2685.14264230728,4041.32124103669,1656.13189085012,4147.59605538607,800.497835198384,593.094062666973,175.364712737895,344.032434143832,105.52683455825,159.151817009386,65.2556195652236,163.675204519127,0,0,8.95095845022242,17.9928754145904,5.57756537809146,8.46752104523934,3.66650993594141,9.25647466902301,0,0,0,0,0,0,0,0,357.905289211736,283.118273125885,375.466640554298,799.703806705631,340.52279468404,594.250154666439,107.570836719897,306.905282940801,13.751284860181,10.8778570142918,14.4147885220933,30.6916791130776,13.0440033159671,22.7600605232052,4.12307226866137,11.7623030044314,267.460056119015,210.143619620305,370.18046604196,822.06163951632,375.65595337093,656.696130567557,162.707829992214,466.40507520968,10.2762343779573,8.07405412762816,14.209173775941,31.5424129199563,14.387942442199,25.1465527204717,6.23177393548864,17.8603478597051,0,0,54.1856884148458,127.970583806426,52.2937877744465,85.365592738319,37.4407013011068,98.7629577121613,0,0,0,0,0,0,0,0,560.807339932772,261.683846326722,1949.66624198782,2060.71382540057
"230",2009,2304,19.0833333333333,3972.16749780516,3133.68128700453,1024.32286551491,1955.38324710542,391.507580592206,545.61882787773,188.754004279924,429.963481667222,0,0,0,0,0,0,0,0,0,0,1.7312760723426,3.3805883243136,0.765188754101945,1.06949402080863,0.376384223669326,0.857971115919986,0,0,0,0,0,0,0,0,5454.64394699649,4074.52276574828,1084.81496391659,2184.67881541716,569.575505204868,899.626529826507,464.778017428801,1219.2682213057,209.576143342544,156.549680511616,41.8147567557011,84.2212611643034,21.9489697230693,34.6674170168402,17.9282946114768,47.0324699342809,20814.7492152146,15405.1470897826,4498.51041784083,8804.11893314848,2666.52687583242,3993.75209142681,1693.21778484998,4235.94077991957,799.730307344778,591.890510598263,175.131001037629,343.658842067031,104.790725114357,157.269421796447,66.7167579839937,167.159029339756,0,0,8.94958728427347,17.9921599496456,5.54283450065939,8.37382083066285,3.75188506805251,9.46181443032552,0,0,0,0,0,0,0,0,359.062015079053,283.695690604101,376.718620674117,802.41718560674,339.779326574225,589.611253362323,110.121034901164,313.379497215856,13.7957282344098,10.9000423140727,14.4630633423185,30.796327510532,13.0158927563259,22.5830825173976,4.22097106495144,12.0109065302656,267.333658217378,209.818529189944,370.423196370438,822.552074649569,373.253745989592,648.851562898828,165.405035943618,473.061499276981,10.2713781335027,8.06156362917075,14.2187391331755,31.561868257737,14.2964056236867,24.8470611070945,6.33533947829459,18.116054765889,0,0,54.1640878076743,127.914987339416,51.8678892352978,84.2278282541523,38.3161648484596,100.921352938589,0,0,0,0,0,0,0,0,564.150859721587,263.112594541681,1964.28891090208,2075.23513903352
"231",2009,2304,19.1666666666667,3949.53764831866,3114.67603414012,1018.79856576871,1945.28925826006,386.918749674282,537.031140736986,190.727916282672,433.738661093849,0,0,0,0,0,0,0,0,0,0,1.72265773519816,3.36409980458197,0.756423200450929,1.05287358296343,0.380483176959134,0.865870135684062,0,0,0,0,0,0,0,0,5468.52216257863,4080.85829674732,1087.47358138561,2190.62954308347,567.820663214227,892.461264081155,476.258312507525,1247.60175565819,210.109366578826,156.793101744185,41.9173788180575,84.4509311000253,21.8813932797011,34.3913938620202,18.3714327225736,48.1262594562252,20794.8137220253,15373.9753221935,4492.52361213441,8794.50763528405,2648.30025008467,3947.48664687508,1729.96930949807,4323.14479273835,798.964436353365,590.692839433017,174.898618296457,343.284012230854,104.069934099724,155.438454360238,68.1647363000282,170.597773487722,0,0,8.94753706860445,17.9905720660674,5.50885338463348,8.28268967495054,3.83666310933161,9.66491722528467,0,0,0,0,0,0,0,0,360.194924732583,284.257893436012,377.928626747244,805.062210964209,339.009637922944,585.041805002461,112.615344691971,319.666419948486,13.8392565506398,10.9216430428474,14.5097245762822,30.8983481907916,12.9867718933287,22.4087479778831,4.31673251999432,12.2523459494913,267.209744242792,209.494631450086,370.650302862459,823.008670578379,370.912858888768,641.214201544012,168.039678131982,479.476222957375,10.2666173219388,8.049118955886,14.2277016023685,31.5800175994853,14.2072071579675,24.5554767569393,6.43651523318253,18.3625240443244,0,0,54.1408269979745,127.855844182296,51.4498127813248,83.1185561429416,39.186292589951,103.056197177803,0,0,0,0,0,0,0,0,567.505056277654,264.544215164258,1978.89907041111,2089.69014721108
"232",2009,2304,19.25,3927.08856553123,3095.86442433294,1013.31675843602,1935.24718763354,382.428117059882,528.709355171592,192.584188621424,437.223521878882,0,0,0,0,0,0,0,0,0,0,1.7139672432442,3.34753791746595,0.747845240132651,1.03676531226186,0.384353376254981,0.873200539069502,0,0,0,0,0,0,0,0,5482.17208131097,4087.01535309922,1090.10829270179,2196.50734993223,566.111960457419,885.495037541571,487.708814962441,1275.73170540411,210.633818285053,157.029665695401,42.0190702523607,84.6777784693411,21.8155932349443,34.123037772013,18.8134317491326,49.2122241706778,20774.9383043443,15342.9680070897,4486.57758318572,8784.87795275766,2630.45651770573,3902.49103419521,1766.39466983044,4409.24186973987,798.200872548003,589.501486823396,174.667733862626,342.90833905937,103.36421720264,153.657584741844,69.5998748720221,173.992765598434,0,0,8.94492932437167,17.9882342118676,5.47559929772268,8.1940530741325,3.92085000328001,9.8658243611635,0,0,0,0,0,0,0,0,361.304762346875,284.805209564677,379.100207021216,807.643168850532,338.219962882636,580.547128798525,115.058178031259,325.780600972097,13.8818984012287,10.9426718007127,14.5549084629556,30.9979056698714,12.9568796463828,22.237261184777,4.41052545864345,12.4871778008902,267.089074303288,209.1728669054,370.862701195713,823.435119410205,368.629958859002,633.779038106972,170.612706546451,485.656761828699,10.2619811478885,8.03675624346579,14.2360962814343,31.597002504495,14.1202195500216,24.271608677786,6.53533710863625,18.6000418580576,0,0,54.1159139858427,127.793255555864,51.0394643942417,82.0371564575261,40.0511543616776,105.168030661948,0,0,0,0,0,0,0,0,570.86971106512,265.978632363196,1993.49558764908,2104.07976287975
"233",2009,2304,19.3333333333333,3904.82762616726,3077.25104973747,1007.87939102928,1925.26182415444,378.033534511207,520.644146048771,194.326702005931,440.429952769083,0,0,0,0,0,0,0,0,0,0,1.70522856054133,3.3309296302655,0.739448460756707,1.02114943140643,0.388001055785524,0.879982766244122,0,0,0,0,0,0,0,0,5495.57475940355,4092.98089609602,1092.71087751036,2202.296562208,564.443705343868,878.714719202755,499.123416004324,1303.64413090368,211.148770610521,157.258871397251,42.1195159288531,84.9012018411188,21.751350824017,33.8618437447544,19.2540563120831,50.289826668966,20755.1364206023,15312.1339453054,4480.67565503487,8775.238035225,2612.98902935126,3858.7314383527,1802.50157092422,4494.26391550687,797.440133026485,588.316790911332,174.438479752462,342.532143646095,102.673314422516,151.925485242863,71.0224747516383,177.345261624514,0,0,8.94186303351943,17.9852456627917,5.44305122418017,8.10783793671172,4.0044508757437,10.064574038641,0,0,0,0,0,0,0,0,362.392136947875,285.337886413136,380.236262067325,810.163380929967,337.415410741973,576.131032537443,117.453506957945,331.735167109478,13.9236771859103,10.9631380940575,14.5987263724038,31.0951274297195,12.9264118062023,22.0687684309874,4.50250184899797,12.7159041210858,266.972180898091,208.853953141856,371.061229136764,823.834541518318,366.402102638095,626.541127590567,173.125277339224,491.611072481167,10.2574900708877,8.02450306270894,14.2439552925463,31.6129426261733,14.0353302525127,23.9952683132153,6.63184893405529,18.8289113454883,0,0,54.0893691249619,127.727325018169,50.6367422505904,80.9830080635245,40.910817700325,107.257377425671,0,0,0,0,0,0,0,0,574.244611884062,267.415771761639,2008.07754657892,2118.40500057783
"234",2009,2304,19.4166666666667,3882.76126752292,3058.83976872742,1002.48817088472,1915.33747082761,373.732854984611,512.826463614786,195.959226937366,443.369399380853,0,0,0,0,0,0,0,0,0,0,1.69646214546229,3.31429873585179,0.731227183391536,1.00600734125972,0.391432451674617,0.886236894996102,0,0,0,0,0,0,0,0,5508.71532220796,4098.74498211188,1095.27473400774,2207.98476379307,562.811260229835,872.109350333456,510.496550522654,1331.32676271085,211.65365204745,157.48033679973,42.2184627661668,85.1207247351266,21.6884877383243,33.6073901775146,19.6930918947236,51.3585936652102,20735.4186778126,15281.4798190325,4474.8203634171,8765.59448589293,2595.89084979606,3816.17430540471,1838.29725408054,4578.24108678613,796.682625331402,587.13900843712,174.210957432464,342.155687107349,101.996954582923,150.240838321839,72.4328190759203,180.656449590749,0,0,8.93841905311614,17.9816872718834,5.41118956316965,8.02397294102563,4.08747022029746,10.2612018744349,0,0,0,0,0,0,0,0,363.457550907493,285.856110884402,381.339174060481,812.625424049015,336.600181425366,571.796153519618,119.804900077792,337.541947957302,13.9646122066012,10.9830491039945,14.6412697685023,31.1901123481073,12.8955293002801,21.9033711049501,4.59279820010802,12.9389772635071,266.859412400566,208.538424278398,371.246644987279,824.20955172333,364.226668484,619.495573580258,175.578716619838,497.347426736064,10.2531574760681,8.0123799353175,14.2513077197929,31.6279382445035,13.9524390384721,23.7262689612193,6.72610107084501,19.0494477971773,0,0,54.0612220587781,127.65815687872,50.2415385964692,79.9554913025833,41.7653479159087,109.324745615994,0,0,0,0,0,0,0,0,577.629551695939,268.855560063953,2022.64420641312,2132.66694549831
"235",2009,2304,19.5,3860.89512579699,3040.6338166718,997.144600091286,1905.47801222808,369.523943734659,505.247535243178,197.485429546475,446.052890245238,0,0,0,0,0,0,0,0,0,0,1.68768554005326,3.29766630689506,0.723176293362943,0.991321446083378,0.39465378027482,0.891982606230988,0,0,0,0,0,0,0,0,5521.58222069519,4104.30018491049,1097.79457984282,2213.56218042773,561.210828392216,865.669682790536,521.823155921528,1358.76887040753,212.148018863678,157.693776574962,42.3157082698856,85.3359720164525,21.6268579548208,33.3593211564829,20.1303432687188,52.4181109777404,20715.7933627066,15251.0105961946,4469.01360631721,8755.95265686722,2579.15484917892,3774.7864760982,1873.78853871144,4661.20194239596,795.928667857056,585.968330276094,173.985243633196,341.779182002462,101.33485888138,148.602341797203,73.8311746801226,183.927455382109,0,0,8.93466375480369,17.9776253204875,5.37999588141527,7.94238867056153,4.16991204996457,10.4557413785707,0,0,0,0,0,0,0,0,364.501423549839,286.360025377452,382.410914115141,815.03130643444,335.777744437251,567.544226591111,122.115565296582,343.211618858816,14.00471957439,11.0024103017199,14.682614329776,31.2829374638258,12.8643650560651,21.741135976176,4.68153719988165,13.1568053760408,266.750970278413,208.226665437318,371.419631309009,824.562328946703,362.101299821413,612.637526200462,177.974484654395,502.874298960557,10.2489911042141,8.00040165830384,14.2581797496974,31.642072932758,13.8714558385492,23.4644256873305,6.81814903874997,19.2619743329402,0,0,54.0315093272317,127.58585516843,49.8537412620593,78.9539899326275,42.6148082080229,111.370628175452,0,0,0,0,0,0,0,0,581.024327638797,270.2979247705,2037.19496719711,2146.86673057767
"236",2009,2304,19.5833333333333,3839.23411367413,3022.63586862491,991.849995027899,1895.68695168246,365.404686117289,497.898872105273,198.908873156971,448.491045714166,0,0,0,0,0,0,0,0,0,0,1.67891371476386,3.28105096099783,0.715291147039477,0.977075065344532,0.397671220777269,0.897239149945599,0,0,0,0,0,0,0,0,5534.16679310056,4109.6412537313,1100.26627507075,2219.02131426409,559.639328373318,859.387907226852,533.09865251019,1385.96119500425,212.631538260354,157.89898898033,42.4110937481503,85.5466558863997,21.5663429163022,33.117336030026,20.5656337462074,53.4680209478293,20696.2667561584,15220.7297706549,4463.25673328562,8746.31682365353,2562.77376075129,3734.53528299365,1908.98184403031,4743.17351928159,795.1785019301,584.804890667843,173.761393796253,341.402799078104,100.686743136057,147.008712634459,75.2177929307532,187.159345666569,0,0,8.93065113296004,17.9731137377009,5.34945278006666,7.86301770186537,4.25177998897167,10.6482242456062,0,0,0,0,0,0,0,0,365.524105302487,286.849737513082,383.453105420532,817.38257167171,334.950942615986,563.37623816571,124.388374924352,348.753784827696,14.0440127532519,11.021225822197,14.7228223734514,31.3736619694741,12.8330279806991,21.5821011063325,4.76882867753352,13.369755617324,266.646931679638,207.918933551604,371.580797928149,824.894660185811,360.023874001868,605.962188329113,180.314150959612,508.200284858739,10.2449939195514,7.98857810344216,14.2645947849917,31.6554152412015,13.7922995420201,23.2095555575792,6.90805256057653,19.4668187879909,0,0,54.0002729481158,127.510523026715,49.473234599414,77.9778926130038,43.4592597067435,113.395502976881,0,0,0,0,0,0,0,0,584.42874049003,271.742794026619,2051.72934992461,2161.00552288911
"237",2009,2304,19.6666666666667,3817.78251559827,3004.84811570827,986.605510446174,1885.96745776506,361.372994904149,490.772268998896,200.233022382456,450.694096776577,0,0,0,0,0,0,0,0,0,0,1.67015948230237,3.26446918754566,0.707567462368974,0.963252320051245,0.400490898444203,0.902025319797855,0,0,0,0,0,0,0,0,5546.4627479316,4114.76471257682,1102.68661383995,2224.3565153568,558.094250849832,853.257347882068,544.318908845852,1412.89583624084,213.103968508275,158.095840462453,42.5044963285923,85.7525594543769,21.5068460409729,32.8811776992769,20.9988038543194,54.5080181264648,20676.843503187,15190.6396428933,4457.55064998034,8736.69038962649,2546.74024292113,3695.38863777262,1943.88322224367,4824.18144968631,794.432306025511,583.648778000236,173.539446111574,341.026675175316,100.052320200448,145.458690350608,76.5929110037838,190.353132417532,0,0,8.92642528355818,17.9681967006725,5.31954372805328,7.785794663432,4.33307737860979,10.8386806932721,0,0,0,0,0,0,0,0,366.525893858851,287.325330944721,384.467096405433,819.680416878896,334.122113770418,559.292603254406,126.625898965586,354.177090487745,14.0825031810326,11.0394988795242,14.7619456646181,31.4623317493375,12.8016076261172,21.4262826424803,4.85477087974384,13.5781583694961,266.547275656215,207.615381781147,371.730686573812,825.207994619497,357.992462989931,599.464815563273,182.599367660918,513.33401976478,10.2411651173003,7.97691515537838,14.2705736209982,31.668020769327,13.7148964886435,22.9614776326776,6.99587454004367,19.6643105785989,0,0,53.9675588037549,127.43226205731,49.0999005223605,77.0265942789187,44.29876159059,115.399833383751,0,0,0,0,0,0,0,0,587.842594033277,273.190096453917,2066.24697309086,2175.08450849905
"238",2009,2304,19.75,3796.54406095228,2987.27232388607,981.412157988415,1876.32240002762,357.42681558042,483.859802765747,201.461246300304,452.671900416283,0,0,0,0,0,0,0,0,0,0,1.66143381527711,3.24793560833979,0.700001245432551,0.949838053824631,0.403118870653625,0.906359434676316,0,0,0,0,0,0,0,0,5558.46577157834,4119.66855632157,1105.0531662766,2229.56365750967,556.573552149076,847.272238492996,555.48021243324,1439.56615422278,213.56514387165,158.284253981203,42.5958228983621,85.9535243089829,21.4482886368764,32.6506240186855,21.4297102146125,55.5378455094092,20657.5268935162,15160.7415324378,4451.8958971146,8727.07603973849,2531.04692511414,3657.31509147198,1978.49838628936,4904.25005995939,793.690206546075,582.500042971394,173.319424566949,340.650919175026,99.4313017496284,143.951039367936,77.9567529520392,193.509776725142,0,0,8.92202221372446,17.9629105061084,5.29025294481214,7.71065623384251,4.41380735493695,11.0271397248383,0,0,0,0,0,0,0,0,367.507046108771,287.78687316778,385.454014482557,821.925777301867,333.293179965513,555.293290001521,128.830434128959,359.489314715642,14.1202007278404,11.0572320669829,14.8000274799761,31.5489826284207,12.7701776133718,21.2736795960906,4.93945158282995,13.7823108651799,266.451903133988,207.316078315453,371.869776365456,825.503489735729,356.005305063029,593.140721864633,184.831846587845,518.284110866747,10.237500890951,7.96541543406024,14.2761346549529,31.6799339329552,13.6391793833965,22.7200131819714,7.08168018310021,19.8547781021884,0,0,53.9334154938514,127.351171940095,48.7336192859298,76.0994972180927,45.1333711832228,117.384068705226,0,0,0,0,0,0,0,0,591.265694625435,274.639761050263,2080.74753553368,2189.10488207449
"239",2009,2304,19.8333333333333,3775.52198604303,2969.90988375596,976.270821897446,1866.7543793712,353.564130352491,477.153828992588,202.596821403928,454.433954139976,0,0,0,0,0,0,0,0,0,0,1.6527461137219,3.23146320401613,0.692588735139618,0.936817770156294,0.405561115061775,0.910259325975407,0,0,0,0,0,0,0,0,5570.17320145688,4124.35199806525,1107.36414692339,2234.63986955038,555.075567521945,841.427542352619,566.579241745506,1465.96667445715,214.014962049745,158.464199302611,42.6850050614265,86.1494402131315,21.390606573728,32.4254808893118,21.8582244727095,56.557290901119,20638.3190950061,15131.0359540853,4446.2927158357,8717.47586734767,2515.68644449103,3620.28387753437,2012.83273559329,4983.40246277823,792.952286791155,581.358705360381,173.101341474142,340.275616905287,98.8233997114121,142.484550700159,79.3095306962452,196.630192354168,0,0,8.91747130380436,17.9572850641163,5.26156530736795,7.63754110810314,4.49397291119363,11.2136293481262,0,0,0,0,0,0,0,0,368.467787781023,288.234421674271,386.414809473185,824.11939286586,332.465720013802,551.377917062128,131.004030817622,364.697457865306,14.1571140665272,11.0744275935083,14.8371042754644,31.6336429288591,12.7387984127391,21.1242775797743,5.02294912754161,13.9824805303234,266.36065352218,207.02102218354,371.998489747656,825.782053154908,354.060781816875,586.985286574899,187.013338960474,523.05907937735,10.2339950704265,7.95407890217897,14.2812941127197,31.6911895667727,13.5650864150074,22.4849859511311,7.16553621866048,20.0385465188541,0,0,53.8978934348855,127.267350178565,48.3742701220178,75.1960119423949,45.9631440482361,119.348644647421,0,0,0,0,0,0,0,0,594.697850869713,276.091717127232,2095.23080252302,2203.06783898604
"240",2009,2304,19.9166666666667,3754.71908777404,2952.76185365172,971.182272640433,1857.26575444749,349.782961213159,470.646977525972,203.642934406758,455.989409854701,0,0,0,0,0,0,0,0,0,0,1.64410443550349,3.21506351282708,0.685326358654568,0.924177579308168,0.4078235197302,0.91374232923766,0,0,0,0,0,0,0,0,5581.58374686506,4128.8152538775,1109.61830262856,2239.58330707241,553.598938867742,835.71880453624,577.61303897976,1492.09299541641,214.453373451721,158.635684728419,42.7719948410865,86.3402363501522,21.3337475089752,32.2055765859864,22.2842322556529,57.5661833741891,20619.221352842,15101.522767767,4440.74110325987,8707.89148165195,2500.65147608972,3584.26494285004,2046.8913803061,5061.66064387845,792.218594609785,580.224759785266,172.88519961526,339.900835299271,98.2283274419723,141.058043171329,80.6514449577366,199.715249091171,0,0,8.91279653523245,17.9513451430873,5.23346627139429,7.56638995200891,4.57357695015368,11.3981767604013,0,0,0,0,0,0,0,0,369.408321457786,288.668028945585,387.350289802396,826.261862399445,331.641030336527,547.545833143679,133.14851802293,369.80782162777,14.1932509806165,11.091087475519,14.8732070763447,31.716335553001,12.7075196776242,20.9780518593195,5.10533337350791,14.1789080448853,266.2733188613,206.730156835553,372.117198352855,826.044380281378,352.157398444055,580.993960407066,189.145617767294,527.667312188116,10.2306396656673,7.94290338699658,14.2860662729362,31.7018143672898,13.4925605002258,22.2562223913873,7.24751022259486,20.2159358965357,0,0,53.8610441193031,127.180891919816,48.0217317731695,74.3155578959959,46.7881340845571,121.293983770306,0,0,0,0,0,0,0,0,598.138873360751,277.545894271605,2109.69659406331,2216.97456896838
"241",2010,2304,20,3733.64288490718,2935.31445804762,965.947377447905,1847.59469937932,345.717561696771,462.80811486178,205.016360827643,458.90230690708,0,0,0,0,0,0,0,0,0,0,1.63561229646498,3.19882727717151,0.677499247050292,0.908911180666684,0.410723969585474,0.91988342213881,0,0,0,0,0,0,0,0,5592.96634444557,4133.27459692471,1111.69198510093,2244.26556127081,551.567205910281,827.420543224529,589.254461831735,1520.76906861404,214.890711053464,158.807019819537,42.8520507103059,86.5209877217157,21.2554961523546,31.885879934248,22.7336627913311,58.6733461231684,20600.6351590295,15072.4245376708,4434.68291859266,8697.68375015096,2483.31907737862,3537.55446363366,2083.66870775626,5150.9795666669,791.504555738809,579.106757523509,172.64970858963,339.502181292824,97.5430564553162,139.210931979441,82.100121234874,203.235425604815,0,0,8.90856619971454,17.9456030521886,5.20047154991626,7.47249211803843,4.65890013581718,11.6060649651001,0,0,0,0,0,0,0,0,370.404568727688,289.115814352094,388.323012344971,828.411040778561,330.649231649401,542.137129918937,135.698053234817,376.681730705577,14.2315284971779,11.1082921042168,14.9107374982621,31.7992805428374,12.6698319947134,20.7714053277674,5.20324123511416,14.4429085523506,266.201894445107,206.453767988279,372.240624392503,826.301948681228,349.925906541433,573.266553485693,191.65030792757,534.049523125732,10.2278955547977,7.93228408220685,14.2910160763844,31.7122483906694,13.4074540895938,21.960930243713,7.34375641889182,20.4612904555076,0,0,53.8265666621816,127.095724940104,47.6256788061613,73.2156849307448,47.6659581272505,123.468016753287,0,0,0,0,0,0,0,0,601.510707022052,278.974683951646,2123.81745878454,2230.55887037619
"242",2010,2304,20.0833333333333,3711.99513719329,2917.27460737767,960.45839210925,1837.58657809874,341.2109943056,453.03969246958,206.889837465828,463.777462412468,0,0,0,0,0,0,0,0,0,0,1.62719554404015,3.18264745627509,0.668811228579109,0.889844025101725,0.414611793684045,0.929901625552931,0,0,0,0,0,0,0,0,5604.62385533929,4137.95643328693,1113.58875104895,2248.74579747034,548.757679291412,815.433135969419,601.888311958925,1553.48392463124,215.338611264334,158.986903459623,42.9253106842115,86.6939690119861,21.1472671007379,31.4240101456505,23.2213420440714,59.9361530534047,20582.6024179984,15043.7344044944,4427.82320609205,8686.48458715861,2462.50832879349,3475.25162351808,2124.51072856249,5256.38760651698,790.811780151905,578.00443503121,172.383580108847,339.065540005194,96.7211979565895,136.750337358357,83.7084465054246,207.388630061642,0,0,8.90457691124015,17.9398093389371,5.16015941963522,7.34551067638533,4.75287962947707,11.8483308938693,0,0,0,0,0,0,0,0,371.487688417919,289.59008580941,389.347354842623,830.580565185573,329.381169084253,534.405507955932,138.812800300505,385.940290714046,14.2731437875153,11.1265143694113,14.950247282353,31.8830008127945,12.621552818047,20.4757416518461,5.32281088425639,14.7982827579474,266.144576964061,206.188017153275,372.364211430716,826.526577651621,347.204905888916,562.978357601124,194.719193241278,543.022113860561,10.2256934519271,7.92207350694039,14.2959685205563,31.7214099440993,13.3035825787244,21.5675117570235,7.46162375973127,20.8058895717259,0,0,53.7958948942349,127.012906448458,47.1633384794303,71.7941920891325,48.6231044070987,125.976814075622,0,0,0,0,0,0,0,0,604.775311176764,280.364509815792,2137.42316161735,2243.64407579978
"243",2010,2304,20.1666666666667,3690.50633070866,2899.40544737583,955.013701776863,1827.63278690291,336.816520448851,443.677904422068,208.63353370569,468.231103765126,0,0,0,0,0,0,0,0,0,0,1.61868162193883,3.16636661847895,0.660344355502747,0.871561959595018,0.418252209081187,0.939114147981543,0,0,0,0,0,0,0,0,5616.17702254929,4142.55361375735,1115.50162950285,2253.23009887939,546.045265085253,803.904747421443,614.514779447963,1586.01315381876,215.782502424012,159.163534484965,42.9991773273689,86.867085638093,21.0427770023804,30.9798244211261,23.7087407432625,61.1918120295123,20564.4919415477,15015.0944395472,4420.99762377213,8675.24813710521,2442.18109684885,3415.16030398655,2164.89587447548,5359.70887148417,790.116016958107,576.904040106653,172.118686292755,338.627321515193,95.9183735785851,134.376900376664,85.298807022694,211.4595690338,0,0,8.89991823123557,17.9331396706449,5.12082269394981,7.2230422493395,4.84605629866856,12.0866381432862,0,0,0,0,0,0,0,0,372.542774867081,290.048719984862,390.327869728485,832.683729577923,328.089969891483,526.872211896585,141.829036794854,394.714597270778,14.3136819950864,11.1441358252611,14.9880720699271,31.9641691606767,12.5723816666146,20.1876588891419,5.43860842897505,15.135111192027,266.082143576067,205.915935506067,372.464491419976,826.696627709043,344.552416151699,553.013301720169,197.716002758129,551.62906804384,10.2232947852826,7.91161969180999,14.3000230396477,31.7284691488659,13.2023263379033,21.1864439715211,7.57673357605557,21.1364941053034,0,0,53.7634323164141,126.926474131,46.7107156530067,70.4197673169225,49.5726599873786,128.443794323682,0,0,0,0,0,0,0,0,608.04932299699,281.756575833967,2150.99902990882,2256.61305440417
"244",2010,2304,20.25,3669.19027859345,2881.71676028556,949.616718501596,1817.74096528823,332.531556436443,434.704456900571,210.252546316513,472.284970011439,0,0,0,0,0,0,0,0,0,0,1.61009942142419,3.15001737904482,0.652089407357097,0.854028111970726,0.421652201763901,0.947554909531504,0,0,0,0,0,0,0,0,5627.57449523426,4147.0287726717,1117.4111955461,2257.67985934809,543.415966429574,792.799347414113,627.121194427944,1618.32076074778,216.220411551057,159.335477246991,43.0729054000776,87.0388557661417,20.9414879893198,30.5519367934154,24.1953718587353,62.4389400312952,20546.3423133941,14986.5320758624,4414.21488243355,8663.99326443132,2422.32997583258,3357.20585259494,2204.83940007247,5461.0319408824,789.418748604734,575.806626770752,171.85536829019,338.188263362923,95.1342927927662,132.087687287362,86.8717985372861,215.451718137284,0,0,8.89471677937333,17.9257288826575,5.08243226740469,7.10492482523321,4.9384449011879,12.3211176810895,0,0,0,0,0,0,0,0,373.571184534141,290.492334495056,391.269055945326,834.726122302986,326.783989969775,519.541031460671,144.75531109991,403.049298138772,14.3531952371946,11.161180201584,15.0243846745679,32.0430002554858,12.5226389462107,19.907303274581,5.55096139214617,15.4551042228803,266.017105702008,205.640074467431,372.545028775944,826.822376166705,341.966152911236,543.365536143321,200.640749487006,559.872578245909,10.2207960476595,7.90102066648229,14.3033164625398,31.7338204075774,13.1035981051661,20.8175040521613,7.68908596757599,21.4531863648364,0,0,53.7292348539365,126.836631870963,46.2676861167155,69.0909959330904,50.5147969754925,130.870381279469,0,0,0,0,0,0,0,0,611.332501906703,283.150808444198,2164.54410969285,2269.46882060156
"245",2010,2304,20.3333333333333,3648.05878400678,2864.21674412885,944.270339437175,1807.9177430626,328.353465190399,426.101751123857,211.75177548596,475.959725535788,0,0,0,0,0,0,0,0,0,0,1.6014738086472,3.13362892721338,0.644038351676436,0.837207764495694,0.424818912907968,0.955257390802458,0,0,0,0,0,0,0,0,5638.77501103231,4151.35222023906,1119.30200769158,2262.06461577245,540.858620939094,782.087029241328,639.696092538612,1650.3741795257,216.650753279538,159.501591016454,43.1459024255593,87.2081099264638,20.8429709807324,30.1391964310048,24.6807945531768,63.6762853698398,20528.1848424894,14958.0693261294,4407.48177932768,8652.73504742068,2402.9466795936,3301.31459348742,2244.3554856905,5560.44004117762,788.72117803255,574.713040786126,171.593893170526,337.748956356134,94.368630796589,129.879802837913,88.4279752215264,219.368344873031,0,0,8.88907438298456,17.9176838030227,5.04495991307314,6.99099923878977,5.03005808617638,12.5518893149519,0,0,0,0,0,0,0,0,374.57399731059,290.921372650719,392.174403257715,836.711697203824,325.469809684927,512.413236325189,147.599293916393,410.984586825156,14.3917250049801,11.177664531087,15.0593191481276,32.1196459766907,12.4725769410977,19.6347242628484,5.66016364126602,15.7598014943484,265.951429289299,205.362483745587,372.608845087276,826.912390988702,339.444005558213,534.02865205387,203.493923817767,567.757674853678,10.2182727739072,7.89035518402485,14.3059647955484,31.7377925609447,13.0073172917359,20.46044773649,7.79869936384976,21.7561575480556,0,0,53.6933638867089,126.743570074727,45.834112520699,67.8064815721407,51.4496798032605,133.257945098796,0,0,0,0,0,0,0,0,614.624618250578,284.547136689071,2178.05771689188,2282.21445822788
"246",2010,2304,20.4166666666667,3627.12197929403,2846.9122832852,938.977034007899,1798.16890675804,324.279586303701,417.852881621071,213.135938975934,479.275033919494,0,0,0,0,0,0,0,0,0,0,1.592826277211,3.11722739937653,0.636184038613834,0.821068066794667,0.427759570322319,0.962254454462544,0,0,0,0,0,0,0,0,5649.74543332209,4155.50043019548,1121.1617928097,2266.36036763986,538.364268361856,771.742597259165,652.229109303788,1682.14415319921,217.072254447474,159.660971876669,43.2176974492485,87.3739265922032,20.7468814335296,29.7406334580345,25.1646101459335,64.9027231253921,20510.0449848045,14929.7238575426,4400.8035974395,8641.48557029489,2384.0223025537,3247.41420248088,2283.4573466927,5658.01146620155,788.024283302697,573.623960954489,171.334469340629,337.309875191549,93.6210386488511,127.750404825286,89.9678538918164,223.212524881444,0,0,8.88307376138685,17.9090901599375,5.00837840541824,6.88111041134082,5.12090685055445,12.7790633202418,0,0,0,0,0,0,0,0,375.552080833216,291.336148812156,393.04664504869,838.643227660371,324.152661879285,505.488317238947,150.367870114813,418.556676957896,14.4293046344189,11.1936008919956,15.092980486493,32.1942128473517,12.4223962386565,19.3699029849997,5.76647890992782,16.0505901033394,265.886641601516,205.084805327624,372.658487554779,826.973779503907,336.983979037392,524.995766911296,206.27640760666,575.291635043536,10.2157836439531,7.87968633220699,14.3080658452369,31.7406584204546,12.9134077376861,20.1150125799027,7.90560722600344,22.0456850742998,0,0,53.6558838947783,126.647466363485,45.4098476238949,66.56484992304,52.3774658351108,135.607804722954,0,0,0,0,0,0,0,0,617.925450708669,285.945491349466,2191.53936947409,2294.85306919813
"247",2010,2304,20.5,3606.38854308213,2829.80912202481,933.738899741787,1788.49950598347,320.307255382087,409.941633954677,214.409580579222,482.249605517556,0,0,0,0,0,0,0,0,0,0,1.58417537825626,3.10083615724628,0.628520030402353,0.805577875125241,0.430481441286014,0.968578232757373,0,0,0,0,0,0,0,0,5660.459508717,4159.45508094621,1122.98093078237,2270.54851473829,535.925754241602,761.744690125473,664.710914492942,1713.6046440457,217.483906357766,159.812915882668,43.2879212838514,87.5355914504909,20.6529441396407,29.3554253109492,25.6464596074322,66.1172517564944,20491.9432422876,14901.5096721751,4394.1843560239,8630.25441935601,2365.5474820231,3195.43393050364,2322.15730457267,5753.81986475115,787.328852135906,572.539925257715,171.07725622007,336.871397638883,92.8911495774466,125.696712783988,91.4919167508078,226.987153044841,0,0,8.87678191243159,17.9000166093587,4.97266154746242,6.77510785241771,5.21100083569558,13.0027416107248,0,0,0,0,0,0,0,0,376.506130554482,291.736876429975,393.887910273772,840.52257643832,322.836684657867,498.764404188741,153.067207838071,425.798152540941,14.4659608458913,11.2089974854237,15.1254504647149,32.26677239746,12.3722554310667,19.1127683080697,5.87014344754971,16.3287180237007,265.823899492695,204.808334049772,372.696081325622,827.012366352249,334.584171305152,516.259620294055,208.989407278533,582.483555722651,10.2133731060075,7.86906386070666,14.3097012242395,31.7426415891623,12.8217968417746,19.7809216149038,8.00985547868946,22.3221162046029,0,0,53.6168611717732,126.54848633388,44.9947364235529,65.3647514672218,53.2983056808122,137.921229125307,0,0,0,0,0,0,0,0,621.234784756804,287.345804450163,2204.98874831432,2307.38774625393
"248",2010,2304,20.5833333333333,3585.86587514867,2812.91200432541,928.557707269093,1778.91393908181,316.433819490242,402.352482011589,215.577076950599,484.901236407391,0,0,0,0,0,0,0,0,0,0,1.57553707456888,3.0844760232875,0.621040467949211,0.790707628899165,0.432991792525222,0.974260032962389,0,0,0,0,0,0,0,0,5670.89685547169,4163.20227579547,1124.75203484529,2274.61499127353,533.537413305181,752.075090725673,677.133152626146,1744.73273606608,217.884925911165,159.956889101176,43.3562904218378,87.6925642025954,20.5609410807849,28.9828702572841,26.1260212875553,67.3189894029305,20473.8958956776,14873.437660711,4387.6270140459,8619.04908572419,2347.51252886564,3145.30478159294,2360.46684852005,5847.9344872742,786.635510068204,571.461352133119,170.822372097721,336.4338201138,92.1785840578353,123.716014911868,93.0006137619066,230.694953006472,0,0,8.87025282698036,17.8905179414076,4.93778418314395,6.67284602629124,5.30034857160674,13.223018716295,0,0,0,0,0,0,0,0,377.436702249208,292.123690735801,394.699845125957,842.350910896895,321.525122794554,492.238595187679,155.702817544187,432.738265147559,14.5017149931408,11.2238595071863,15.1567923093112,32.3373694294931,12.322278845218,18.8632094624272,5.97136828355482,16.5953054973936,265.76404568879,204.53406755053,372.72337505686,827.032845560362,332.242756096959,507.812653416114,211.634398033157,589.343997629573,10.2110735389854,7.85852610038944,14.3109380978387,31.743922291479,12.7324148965722,19.4578863887973,8.11150036832939,22.5858543910506,0,0,53.5763628123606,126.446784239074,44.5886178883773,64.2048637791014,54.2123434911618,140.199438367059,0,0,0,0,0,0,0,0,624.55241145422,288.748008877686,2218.40566611872,2319.82155151886
"249",2010,2304,20.6666666666667,3565.56028215106,2796.22482203328,923.434948099621,1769.41604449439,312.656651545977,395.070574302225,216.642646718262,487.246859861512,0,0,0,0,0,0,0,0,0,0,1.56692512095055,3.06816554636093,0.613739934544566,0.776429210720449,0.435297851074564,0.979330256613771,0,0,0,0,0,0,0,0,5681.04190173089,4166.73172706727,1126.46951449699,2278.54936445696,531.194748224344,742.718036397135,689.48836470039,1775.50847092121,218.27471481209,160.092496263228,43.4225902784349,87.8444439989055,20.4706991048558,28.6223609236079,26.6030079236425,68.5071676355569,20455.9157740056,14845.5161817768,4381.13368158448,8607.8753837604,2329.90755691448,3096.9596547766,2398.39671053066,5940.42049934022,785.944750016253,570.388562732299,170.569902298667,335.997373862598,91.48295484405,121.805673585899,94.4943655489622,234.338489288803,0,0,8.8635302984752,17.8806383738391,4.9037221914887,6.57418464202093,5.3889577307257,13.4399828317571,0,0,0,0,0,0,0,0,378.344245336687,292.496671673162,395.483736612183,844.128918810882,320.220533491903,485.907284550234,158.279619673656,439.403273736866,14.5365843435625,11.2381900288416,15.1870554441766,32.4060303080091,12.2725644391856,18.6210886487828,6.07034182243513,16.8513580600742,265.707668173567,204.262759209366,372.741791462829,827.038946723605,329.957963524883,499.647083357706,214.213067238791,595.884623719732,10.2089075342052,7.84810199729821,14.3118311220566,31.74464374485,12.6451943411917,19.145609800877,8.21060629009533,22.8373454063699,0,0,53.5344557176155,126.342503807016,44.1913267057217,63.0838933203187,55.1197173840622,142.443605440014,0,0,0,0,0,0,0,0,627.878126217938,290.152038011595,2231.7900356231,2332.15749614882
"250",2010,2304,20.75,3545.47711871675,2779.75072752922,918.371870941777,1760.00917022083,308.973160475672,388.081718079368,217.610357733281,489.302589941432,0,0,0,0,0,0,0,0,0,0,1.55835136109747,3.05192123215766,0.606613369126776,0.762715848199374,0.437406774428297,0.983818349355796,0,0,0,0,0,0,0,0,5690.88309383453,4170.03614802548,1128.12925230727,2282.34416871779,528.894197192724,733.659728512591,701.769922925637,1805.91468656203,218.652829150444,160.219457400771,43.4866627992105,87.9909439044345,20.38208100687,28.2733654674376,27.0771641459324,69.681125302718,20438.0128277229,14817.7514929149,4374.70577490547,8596.73775718076,2312.72257478555,3050.33342336306,2435.95692717355,6031.33925270226,785.256954297699,569.321797479825,170.319905177247,335.562236807748,90.8038705416171,119.963128453459,95.9735657784936,237.920177766705,0,0,8.85664987282623,17.8704137686614,4.87045244831502,6.47898867681869,5.47683531686378,13.6537166757157,0,0,0,0,0,0,0,0,379.229126867621,292.85586009767,396.240597615669,845.856953279904,318.924927064058,479.766372916107,160.802004041607,445.816739926632,14.5705829998198,11.2519906201275,15.2162787581344,32.4727685272478,12.2231892015956,18.3862491054265,6.16723212171674,17.0977778607524,265.655144910864,203.994958415769,372.752471379767,827.033573547569,327.728073252736,491.75497798997,216.727266022289,602.117905475161,10.2068896136879,7.83781265985459,14.3124241334418,31.7449174723617,12.5600694981231,18.8437889712201,8.30724392966646,23.0770660783832,0,0,53.4912060036524,126.235779083491,43.8026946018168,62.000576744779,56.0205597711802,144.654857801128,0,0,0,0,0,0,0,0,631.211728009407,291.557825505633,2245.14184840682,2344.39852896402
"251",2010,2304,20.8333333333333,3525.62089789279,2763.49222190991,913.36951014731,1750.69622831482,305.380798287401,381.37236151791,218.484133344475,491.083760317968,0,0,0,0,0,0,0,0,0,0,1.54982596474324,3.03575774010682,0.599656006879059,0.749542037773204,0.439325628047123,0.987752772021448,0,0,0,0,0,0,0,0,5700.41228514192,4173.11078435503,1129.7283569586,2285.99439749707,526.632961377198,724.887976106787,713.971972035726,1835.93685417775,219.018955919264,160.337589845416,43.5483969893979,88.1318714048843,20.2949789060391,27.935413891448,27.5482642335131,70.8403023050886,20420.1945710458,14790.1480823002,4368.34413428431,8585.63951113699,2295.94755257534,3005.36297252677,2473.15689308044,6120.74852736137,784.572411626697,568.261228818333,170.072416672345,335.128542532417,90.1409382053148,118.185897903101,97.438583222464,241.442295022656,0,0,8.84964027841336,17.8598732169741,4.83795277760141,6.38712829168479,5.56398780930133,13.8642981870944,0,0,0,0,0,0,0,0,380.09164939736,293.201269600737,396.971227980976,847.535134000443,317.639868266999,473.811409789646,163.273881335167,451.9997827457,14.6037225865629,11.2652618032476,15.2444929518779,32.5375886031742,12.1742130405951,18.1585205837092,6.26218886728952,17.3353734289101,265.606678693206,203.731042192085,372.756311449302,827.018919360561,325.551411989346,484.128318842197,219.178969879681,608.056889610542,10.2050275690953,7.8276725738587,14.3127515944186,31.744827732952,12.4769764767733,18.5521176501563,8.40148875129941,23.3055153409276,0,0,53.4466786281187,126.126735210678,43.42255134988,60.9536817321505,56.9149976508265,146.834278836652,0,0,0,0,0,0,0,0,634.553018775193,292.965305157829,2258.46115988465,2356.54752985554
"252",2010,2304,20.9166666666667,3505.99540014762,2747.45124193921,908.428713784169,1741.47974874875,301.877066664448,374.929574108815,219.26775896161,492.604964479672,0,0,0,0,0,0,0,0,0,0,1.54135766150006,3.01968807588571,0.592863318205001,0.73688346486205,0.441061364068906,0.991160975246074,0,0,0,0,0,0,0,0,5709.62413144585,4175.95295156256,1131.26491999933,2289.49700275117,524.408837215121,716.391852066315,726.089366485746,1865.56290048044,219.372889785562,160.446790454636,43.6077195855487,88.2671092083262,20.2093078091095,27.6080848410436,28.0161097120314,71.984232806054,20402.4665198666,14762.7089964176,4362.04914024697,8574.58304117713,2279.57248663103,2961.98722995521,2510.0054163397,6208.70278084566,783.89133393905,567.206973798412,169.827454801847,334.696389144842,89.4937658616745,116.471580262918,98.8897638957054,244.906987985995,0,0,8.84252486233204,17.8490406400673,4.80620190685183,6.29847877548755,5.6504213035269,14.0718011936867,0,0,0,0,0,0,0,0,380.932068537962,293.53289806399,397.676274869488,849.16344703277,316.366577556474,468.037737801363,165.698733913029,457.971330265592,14.6360129248067,11.2780034968106,15.2717228567719,32.6004899074469,12.1256826696755,17.9377248887324,6.35534532202094,17.5648693220695,265.562331695679,203.471246524578,372.754000821829,826.996580275866,323.426348367005,476.759054309493,221.570242080257,613.714977666459,10.2033237893445,7.81769080627886,14.3128400012033,31.7444358618523,12.395852976922,18.2702882577054,8.49341959314443,23.5232057792774,0,0,53.4009370019559,126.015489166888,43.0507257450935,59.9420076613848,57.803152936801,148.982909496801,0,0,0,0,0,0,0,0,637.90180290355,294.374410787673,2271.74807410973,2368.60730285471
"253",2011,2304,21,3485.61357820892,2730.64051068851,901.42266322565,1725.68349518276,300.448057906778,372.404185327128,219.70874877064,496.375919119237,0,0,0,0,0,0,0,0,0,0,1.53028113318911,2.99327330715696,0.590145635454563,0.731930888685352,0.441693304769521,0.997628204639343,0,0,0,0,0,0,0,0,5719.02570491298,4178.9296898338,1130.33313926922,2284.51834422321,525.708613855318,715.225565606722,736.821307038153,1895.90240943771,219.734113272877,160.561161499325,43.5719496223505,88.0754205433981,20.2594396428821,27.5632314282171,28.4305954862526,73.1558081895834,20385.7794255079,14735.8873686682,4346.49875719259,8532.25837131568,2278.7414701294,2949.32749051135,2539.99871537511,6296.89995814827,783.250250200569,566.176442539012,169.223039531724,333.044674632614,89.4569102071618,115.965282460365,100.069190495613,248.372380663104,0,0,8.82000547003692,17.7760472925482,4.80716452204914,6.27501918810388,5.72178093956505,14.2785725592564,0,0,0,0,0,0,0,0,381.902248286917,293.924386829505,397.736064203757,847.896612605262,317.542308638853,467.374886182181,166.910874893112,462.423108930014,14.6732888692695,11.2930451189915,15.2741704754535,32.5522359064171,12.1710141670706,17.9127914994442,6.40207862879941,17.7363236905077,265.553442653291,203.239563576455,372.091530932349,824.096396618125,323.519216700928,474.359744604814,222.524260630526,617.418657294901,10.2029823581427,7.80878917440685,14.2875762640061,31.6335680084651,12.3997290029605,18.1788996414314,8.53031498073842,23.6661879347539,0,0,53.2627816146307,125.466694949019,42.9736961567983,59.5551827904189,58.5093671350069,150.969055736478,0,0,0,0,0,0,0,0,641.104827315185,295.7110025989,2284.41583183923,2379.97014027224
"254",2011,2304,21.0833333333333,3464.86598891845,2713.43638122588,893.082400222793,1705.56888531157,300.393996524817,372.433856140183,219.916123005642,501.700117943136,0,0,0,0,0,0,0,0,0,0,1.51720022940433,2.95944666188673,0.590162751663972,0.732060771081397,0.44164676476779,1.00649766979211,0,0,0,0,0,0,0,0,5728.34945056309,4181.8372791828,1127.62661472772,2273.45369135786,529.421205317544,719.00917227427,746.42531381788,1926.61682989744,220.092346491001,160.672875731841,43.4677977017547,87.6491222773415,20.4025570567806,27.7091351646259,28.8016446798746,74.3419633632745,20370.0018808098,14709.6601341292,4324.57041233989,8468.22633543373,2288.63514110733,2957.52739730995,2565.22462295219,6385.76907553324,782.644111669887,565.168748845906,168.370797922165,330.545989957906,89.8412804947959,116.279575968722,101.059607934089,251.858100978779,0,0,8.78564572444402,17.6580275887321,4.83077925019426,6.29592077052429,5.78267610516998,14.4863088053149,0,0,0,0,0,0,0,0,382.951255894293,294.352003011979,397.296324880776,844.511366330535,320.403864662902,470.232508209868,167.385862261376,466.068575689102,14.7135935033207,11.3094748143667,15.2574314441505,32.4226434161419,12.2809565800451,18.0227731691451,6.4205950435728,17.8770081597608,265.58465708752,203.036641443134,370.971193750247,819.173165506964,325.216203838489,475.449647518536,222.483171579363,619.856457457841,10.2041817638467,7.80099257910353,14.2447274070857,31.4450323963714,12.4650813796455,18.2212138422767,8.52910594851898,23.7607915981538,0,0,53.0582683543306,124.606279845701,43.1031879108745,59.5973463843169,59.0881538442541,152.853926114058,0,0,0,0,0,0,0,0,644.205586743343,296.995904549758,2296.71422490512,2390.89666059447
"255",2011,2304,21.1666666666667,3444.49108275205,2696.57301027627,884.975509958185,1686.05165133532,300.244254344928,372.29186419979,220.085149046383,506.776703043562,0,0,0,0,0,0,0,0,0,0,1.50408008807781,2.9258865220672,0.59001898291152,0.731902084237913,0.441620463777236,1.01523269567124,0,0,0,0,0,0,0,0,5737.22467762499,4184.40774537028,1124.89885474114,2262.366417143,533.001111470755,722.550733050193,755.823232518725,1956.90986623822,220.43334690771,160.771637153375,43.3628134846317,87.2219340688906,20.5405617532306,27.8457083599176,29.1647635821755,75.5119146754281,20354.4619603502,14683.7104318254,4303.06382645741,8405.30883207466,2298.15215134956,2965.06530256329,2590.45036276354,6474.33101719941,782.047102216612,564.171718406698,167.534749067548,328.090345873373,90.2110620637087,116.568210524591,102.050062161957,255.331998016669,0,0,8.75056164572259,17.5399783886894,4.8536147946101,6.31538924497582,5.84357884643319,14.6937936900208,0,0,0,0,0,0,0,0,383.967389005479,294.761427916265,396.802460215547,841.064596956332,323.169564189569,472.983830462019,167.992605060283,469.92943827699,14.7526350460151,11.3252055717684,15.2386107242185,32.2906798165324,12.3872205424914,18.1286702657097,6.44415628013627,18.0259321737436,265.633706819541,202.84527878831,369.86568504106,814.307015970719,326.938687388697,476.564688580391,222.467007293145,622.318217779833,10.2060664279423,7.79364011750783,14.2024441844335,31.2586759169298,12.5314063521816,18.2644802199277,8.52885158083582,23.8563106330464,0,0,52.8533876913342,123.749988762304,43.2298034551083,59.6334273095235,59.6679309001273,154.739542823036,0,0,0,0,0,0,0,0,647.314718075384,298.282634819981,2309.0876460664,2401.85009911573
"256",2011,2304,21.25,3424.48036524622,2680.04211807709,877.094398642944,1667.11241227498,300.004298901953,371.989169955378,220.216711917753,511.61167045987,0,0,0,0,0,0,0,0,0,0,1.4909902675901,2.89270911897442,0.589715388157839,0.731460663846333,0.441599784299331,1.0237847689377,0,0,0,0,0,0,0,0,5745.68360941586,4186.66700925878,1122.15882741973,2251.27859105974,536.460272757123,725.871370374869,765.029134775059,1986.80318850413,220.758352594379,160.858441684917,43.2573428180236,86.7947056012062,20.6739125919919,27.9737634427981,29.5204911911526,76.6664903865231,20339.1365036629,14658.0195131786,4281.96665594826,8343.47600328539,2307.30078452389,2971.96006556324,2615.66538757806,6562.5665453855,781.458331989056,563.184630870713,166.714423324869,325.676601746152,90.5665708769241,116.83191040173,103.040144958344,258.793323625303,0,0,8.71498790572102,17.4222025530441,4.87566364882688,6.3334384282279,5.90442498351796,14.9008483745652,0,0,0,0,0,0,0,0,384.951067567187,295.152527462068,396.259641329678,837.562679665052,325.84167532625,475.625350172651,168.714911091821,473.978335107882,14.7904296323512,11.3402322396173,15.2179068535551,32.1565898708562,12.4898924294999,18.2303476603448,6.4721416179354,18.1820473356858,265.697321036676,202.663537746832,368.769704395204,809.489119144467,328.676432172385,477.69386274736,222.483858436692,624.817906893303,10.2085106806935,7.78665733373907,14.1605230940457,31.0741598648228,12.5983115326126,18.3082769269684,8.52986147614149,23.9532788550602,0,0,52.6480555675021,122.897741230891,43.3534837755542,59.663421468716,60.2486330098118,156.625695090919,0,0,0,0,0,0,0,0,650.431956370607,299.571113612885,2321.53300112237,2412.82855517467
"257",2011,2304,21.3333333333333,3404.82608562023,2663.83605127715,869.43187450294,1648.73270551065,299.67940046021,371.5362491136,220.311730532961,516.211030175712,0,0,0,0,0,0,0,0,0,0,1.47798617760517,2.86000528641889,0.589255000722963,0.730745146151539,0.441572898449706,1.03211550390031,0,0,0,0,0,0,0,0,5753.75353660534,4188.63720002294,1119.41336926907,2240.20763229554,539.808317117996,728.988762737281,774.056345313393,2016.31721613285,221.068412102178,160.934139564744,43.151649627581,86.3681079608887,20.8029797064175,28.0939806473062,29.8693380668699,77.8064712253609,20324.0059574751,14632.5713906061,4261.26761066853,8282.70038461247,2316.08968479168,2978.23087546802,2640.860149662,6650.45832053579,780.877049729156,562.206871969159,165.909391524806,323.303708958734,90.9081371582267,117.071413145847,104.029486610435,262.241403009129,0,0,8.67911638908839,17.304946895762,4.89692723261544,6.35009252107131,5.96516236474926,15.1073255062174,0,0,0,0,0,0,0,0,385.902802254162,295.525272575812,395.672751726924,834.011969589404,328.422919322457,478.155195091274,169.538385914934,478.190706367443,14.8269968832463,11.3545537008603,15.1955073443363,32.0206176054462,12.5890761308038,18.3277329800285,6.5039992518023,18.3444125854388,265.772688989132,202.489767418201,367.679090533409,804.712500782242,330.420464696829,478.827210162699,222.540002364519,627.366516393258,10.2114065287026,7.7799807975576,14.1188043724443,30.8912167176752,12.6654528580312,18.3522221200897,8.53237576244436,24.0521161215517,0,0,52.4422317961116,122.049517691018,43.4741747577548,59.687333825489,60.830191203535,158.512162345877,0,0,0,0,0,0,0,0,653.557040501265,300.861260751368,2334.04730973312,2423.83011513467
"258",2011,2304,21.4166666666667,3385.52107375171,2647.94765218286,861.981086741388,1630.89485787404,299.274638412161,370.943120688376,220.37114841405,520.580790102176,0,0,0,0,0,0,0,0,0,0,1.46511231957306,2.82784631266891,0.588642189265988,0.729765995943226,0.441530175582829,1.04019446189856,0,0,0,0,0,0,0,0,5761.45789049896,4190.33747075636,1116.66773101877,2229.16744588291,543.053077671466,731.917856799111,782.91745029653,2045.47115541722,221.364425699337,160.999466685343,43.0459368663662,85.9426772252961,20.9280643479504,28.2069353149486,30.2117866194944,78.9325917674595,20309.0535979227,14607.3522507059,4240.95621737742,8222.95639140589,2324.52770684728,2983.89704718073,2666.0259859,6737.99068297102,780.302612888892,561.237910968756,165.119255847005,320.970691083497,91.2360995791013,117.287461649873,105.017751478539,265.675626270496,0,0,8.64310551643667,17.1884140915768,4.9174128338525,6.36538232707064,6.02574837567641,15.313102707313,0,0,0,0,0,0,0,0,386.823165408706,295.879713414774,395.046358996143,830.418653301528,330.916254765136,480.572666788657,170.450182227208,482.544437849633,14.8623587889861,11.3681718826203,15.1715875954229,31.8830006063308,12.6848847474583,18.4207990477923,6.5392366880249,18.512180563048,265.8573765799,202.322548277345,366.590598695279,799.971680212845,332.162929420115,479.955773161323,222.640236474715,629.972571193202,10.2146604501632,7.77355596853798,14.0771634489514,30.7096362816984,12.7325290993709,18.3959723434947,8.53657787257179,24.1531478750432,0,0,52.2359088845737,121.205343389895,43.5918280403183,59.7051788460222,61.4125342501342,160.39871814488,0,0,0,0,0,0,0,0,656.689713764766,302.152996154166,2346.62771170223,2434.85287744805
"259",2011,2304,21.5,3366.55866482045,2632.3701992213,854.735500610789,1613.58193498336,298.794900002006,370.219351551691,220.395928886726,524.726945733537,0,0,0,0,0,0,0,0,0,0,1.4524037620122,2.79628661222391,0.587882375299737,0.728535074450214,0.441463907612462,1.0479981403329,0,0,0,0,0,0,0,0,5768.81673497891,4191.78437163135,1113.92583300682,2218.16895408618,546.200842647678,734.67121249763,791.62428314669,2074.28298121785,221.647164272294,161.055058930799,42.940356317517,85.5188348505041,21.0494084682763,28.3131111265411,30.5482905484369,80.0455397032783,20294.2651759211,14582.3501868012,4221.02271566358,8164.22009169706,2332.62383890572,2988.97790905383,2691.15507083955,6825.14956756901,779.734474004888,560.277290395656,164.343645798201,318.676635102422,91.5508022782645,117.480799802298,106.00463618701,269.095445112758,0,0,8.60708454231489,17.0727682207339,4.93713232875137,6.37934364917856,6.08614875047303,15.5180795073844,0,0,0,0,0,0,0,0,387.712777136659,296.215967293107,394.384705830413,826.788685833656,333.324780624548,482.878026762972,171.438881880796,487.019694936667,14.8965391750103,11.3810912922947,15.1463105458847,31.7439675986117,12.7774368595677,18.5095556559722,6.57741622332685,18.6845912529922,265.949288570007,202.160666985021,365.50178736797,795.262485373011,333.897013498442,481.071569656121,222.78804798115,632.642395128364,10.218191942727,7.7673362282442,14.0355065977241,30.5292585944064,12.7992789857995,18.4392215240103,8.54260105156694,24.2566153173584,0,0,52.0291067218275,120.365280572531,43.706401327064,59.7169805454196,61.9955894633833,162.285132421453,0,0,0,0,0,0,0,0,659.829724288702,303.446240099778,2359.27146876834,2445.8949643989
"260",2011,2304,21.5833333333333,3347.93261554526,2617.09734017871,847.688867103849,1596.77767819455,298.244882601234,369.374069484771,220.38704977568,528.655469188855,0,0,0,0,0,0,0,0,0,0,1.43988781294024,2.76536675026356,0.586981722899796,0.727065168379267,0.441367995785946,1.05550882190056,0,0,0,0,0,0,0,0,5775.84732480945,4192.99227330318,1111.19054535736,2207.22068097548,549.256636358426,737.259394528905,800.187927104921,2102.76945128159,221.917290776687,161.10146844467,42.8350193502423,85.0969101025875,21.1672054926297,28.4129151151738,30.8792749203531,81.1459563506824,20279.6285128207,14557.5548939911,4201.45794061868,8106.46894936537,2340.3871222016,2993.49268936552,2716.24035167951,6911.92238167358,779.172165162933,559.324614318812,163.582213682619,316.420681488407,91.8525917402404,117.652168078589,106.989867118861,272.500368120686,0,0,8.571158444933,16.9581410837337,4.95610077089493,6.39201553820739,6.14633622067638,15.7221738451518,0,0,0,0,0,0,0,0,388.572290357215,296.534205223428,393.691706242921,823.127730334703,335.651635644987,485.072263672295,172.494350594202,491.598712917242,14.9295631275017,11.3933185004617,15.1198265279787,31.6037361268371,12.866852652167,18.5940406129273,6.61814937699649,18.860963955306,266.046623821459,202.003087007122,364.410890476911,790.581845368714,335.616851625175,482.167548010596,222.985808647865,635.380417019938,10.2219318038674,7.76128175137653,13.9937660313171,30.3499659643352,12.8654775659964,18.481699256403,8.55053582009285,24.3626871316284,0,0,51.8218667042212,119.529419948905,43.8178586144549,59.7227723886941,62.5792835077305,164.17117371779,0,0,0,0,0,0,0,0,662.976825352885,304.740913487847,2371.97596440867,2456.95453360587
"261",2011,2304,21.6666666666667,3329.63702659784,2602.12303030506,840.835194307121,1580.46644487969,297.629096802461,368.415977710788,220.345498303317,532.372298253851,0,0,0,0,0,0,0,0,0,0,1.42758558187257,2.7351162671446,0.585946857916632,0.725369565351566,0.441237655258756,1.06271349057806,0,0,0,0,0,0,0,0,5782.56462861611,4193.97376328018,1108.46394511772,2196.32929038652,552.224484266938,739.691344804,808.618724637152,2130.94613198144,222.175380331044,161.139178859155,42.7300067929004,84.6771607028109,21.2816104848304,28.5066919518589,31.2051365094923,82.2344376046806,20265.1331211783,14532.9573831024,4182.2532153464,8049.68158771937,2347.82657750107,2997.46041283083,2741.27548108635,6998.2978783554,778.615283427462,558.379537359548,162.834630452218,314.202015076062,92.1418139430903,117.802299517779,107.973197828068,275.889955864643,0,0,8.53541252253978,16.8446381605251,4.97433513759591,6.40343874067118,6.2062892317966,15.9253187526951,0,0,0,0,0,0,0,0,389.402377170436,296.834639387802,392.970948101634,819.441111538119,337.899911932457,487.156881477639,173.607592575051,496.265584233578,14.9614564696049,11.4048616594956,15.0922733625687,31.4625107652552,12.9532505861739,18.6743115926507,6.66109131927481,19.0406891382334,266.147832214014,201.848920635635,363.316694280204,785.927590912476,337.317426678437,483.237531428614,223.23496473735,638.189472250838,10.225820475554,7.75535843077193,13.9518951745875,30.1716753125615,12.9309324074613,18.523168684516,8.56043725427791,24.4714710321848,0,0,51.6142462703414,118.697872769377,43.9261702942178,59.7225970387181,63.163543137306,166.056611230635,0,0,0,0,0,0,0,0,666.130775643137,306.036938075466,2384.73870168464,2468.02978758803
"262",2011,2304,21.75,3311.66629141208,2587.44149135381,834.168727584325,1564.6331667593,296.951869938447,367.35336809359,220.272267513636,535.88332830797,0,0,0,0,0,0,0,0,0,0,1.41551299672714,2.70555551828813,0.584784707158005,0.723461814158411,0.441069215685424,1.06960310264873,0,0,0,0,0,0,0,0,5788.98167601549,4194.73990937699,1105.74747997247,2185.499933235,555.107593142066,741.974642095908,816.926292173093,2158.827425667,222.421933554074,161.168615417392,42.6253752221819,84.2597861616619,21.3927470584295,28.5947339084135,31.5262443465576,83.311534955646,20250.7699531173,14508.5497901857,4163.40028338992,7993.83763782506,2354.95115947986,3000.89983571188,2766.25476364251,7084.26605696828,778.06348117319,557.441757372086,162.100583097509,312.019859205062,92.4188125832421,117.931917192515,108.954406980079,279.263817066629,0,0,8.49991545646292,16.7323426387828,4.99185367083123,6.41365488642827,6.26599105418747,16.1274600774809,0,0,0,0,0,0,0,0,390.203720468267,297.117514967646,392.225706487349,815.733803595659,340.072611887155,489.133768579737,174.770637169169,501.006088308943,14.9922454391074,11.4157301896585,15.0637768699477,31.32048264708,13.0367457357138,18.7504410973068,6.70593652672129,19.2232219203648,266.251584304986,201.697409751968,362.218447489172,781.298307976313,338.994484590691,484.276156923665,223.536178521608,641.071034119661,10.2298068785353,7.74953713830016,13.9098652140539,29.9943325561636,12.9954803373886,18.5634241684321,8.57233040919716,24.5830226254164,0,0,51.4063153407948,117.870765639485,44.0313129830793,59.7165058509448,63.7482956966647,167.941216198488,0,0,0,0,0,0,0,0,669.291339340339,307.334236620413,2397.55729800323,2479.11897792335
"263",2011,2304,21.8333333333333,3294.01505198859,2573.04717616536,827.683931995015,1549.26331281706,296.217349913725,366.194134469263,220.168353049613,539.19440479029,0,0,0,0,0,0,0,0,0,0,1.40368169253853,2.67669728186606,0.583502362519621,0.721355523413876,0.440859945533099,1.07617194498314,0,0,0,0,0,0,0,0,5795.10986170718,4195.30049039907,1103.04210777131,2174.73654493305,557.908508563561,744.115731098421,825.119538989125,2186.42660526314,222.657388248355,161.190153836724,42.5211623242136,83.8449391988466,21.5007134198206,28.6772896480918,31.8429404276627,84.3777567875404,20236.5311795219,14484.3252092933,4144.8912510176,7938.91760814293,2361.76971849487,3003.82939171967,2791.17310442528,7169.81806713089,777.516457601429,556.511009018614,161.379772419366,309.873470687545,92.6839275856681,118.041732095949,109.93329637469,282.621604899477,0,0,8.46472200091386,16.6213189611647,5.00867533345675,6.42270582227227,6.32542899644407,16.3285544695355,0,0,0,0,0,0,0,0,390.977006844089,297.383103038621,391.458958951147,812.010425294176,342.172615685658,491.005087945353,175.976433859665,505.807532277577,15.0219564160134,11.4259345061108,15.0344514537583,31.1778292774553,13.1174485313044,18.8225122268576,6.75241475740827,19.4080759698108,266.356743964408,201.547908654115,361.115781238241,776.693207608931,340.644453932343,485.278813653136,223.889455867041,644.025423930181,10.2338473609379,7.74379306505626,13.8676620251979,29.8179076116897,13.0589843631803,18.602288925431,8.58621520848271,24.6973534558843,0,0,51.198153232225,117.048236042278,44.1332693115074,59.7045583388979,64.3334695404611,169.824763066592,0,0,0,0,0,0,0,0,672.458286165075,308.632733000463,2410.42947938307,2490.22040813569
"264",2011,2304,21.9166666666667,3276.67815668039,2558.93473480502,821.375475213066,1534.34285320135,295.429509344169,364.94578653154,220.03474999584,542.31131568394,0,0,0,0,0,0,0,0,0,0,1.39209987118983,2.64854831349595,0.582106949242493,0.719064166728037,0.44060788231083,1.08241701487494,0,0,0,0,0,0,0,0,5800.95923916434,4195.66421882614,1100.34842912749,2164.04212838018,560.629265426067,746.12014184266,833.206689580831,2213.7558560015,222.882130684403,161.204128864556,42.4173919896675,83.4327366097685,21.6055881429307,28.7545726466337,32.1555405575245,85.4335699503755,20222.4099764715,14460.2775307908,4126.71853195252,7884.9027596255,2368.29096472596,3006.26714177718,2816.02595704582,7254.94611099713,776.973950534587,555.587057556955,160.671910895679,307.762134987597,92.9374937051175,118.132441177066,110.909688947968,285.963013219669,0,0,8.42987558142609,16.5116162490233,5.02481927780192,6.43063296350512,6.38459364819092,16.5285674411103,0,0,0,0,0,0,0,0,391.722919865679,297.631693738216,390.673400945731,808.275236773287,344.202651462504,492.773173259616,177.218749323905,510.658594112486,15.0506156640801,11.4354857563986,15.0044006917697,31.0347144043224,13.1954636070684,18.8906146806562,6.80028710486504,19.5948174949165,266.462341595528,201.399867314185,360.008632613429,772.112001749811,342.264367362473,486.2415813478,224.294268988054,647.05201318221,10.2379046693565,7.73810507808774,13.8252832362479,29.6423896285321,13.121330664136,18.6396126738787,8.60207114861094,24.8144387494911,0,0,50.9898456978701,116.230428064888,44.2320277121379,59.6868216434617,64.9189944173378,171.707030556672,0,0,0,0,0,0,0,0,675.63139140524,309.932352325337,2423.35307474119,2501.33243628411
"265",2012,2304,22,3259.53978494103,2544.7998461534,814.593924116133,1519.40471062179,294.551018340729,363.272015041329,219.986424411486,545.580678706913,0,0,0,0,0,0,0,0,0,0,1.38072937045934,2.62120097267107,0.580530347059902,0.715927331202643,0.440529710888772,1.08902175051745,0,0,0,0,0,0,0,0,5807.4661828698,4196.5083117569,1096.84426604929,2152.90375446942,563.201012039634,747.293440792753,841.409597987595,2241.58936093012,223.132137867272,161.236560264803,42.2824748371473,83.0034856368783,21.7047177503772,28.7998201118109,32.4725944162761,86.5088070824298,20211.0624336873,14438.1129264158,4105.82526488311,7829.83750244053,2374.20150355263,3005.38385865963,2841.64364493879,7342.60377430686,776.538010663076,554.735456844768,159.859581305589,305.610976650997,93.167215920739,118.092861442562,111.916123976423,289.40415760818,0,0,8.39514968268716,16.4038737064477,5.039651437396,6.43140507001226,6.44526090943463,16.7338651956912,0,0,0,0,0,0,0,0,392.562889025708,297.92900323458,389.857939765822,804.579220590204,346.29226648047,494.112933809234,178.65065225482,516.114489281804,15.082888696804,11.4469088608249,14.9731975505327,30.8930943430554,13.2757574420573,18.9422861930389,6.85542490611847,19.8047335936107,266.609636116722,201.28467465233,358.863446972013,767.5624603597,343.809941153736,486.700979022682,224.858303274367,650.634966181362,10.2435640367467,7.73367918991797,13.7814395540151,29.4680761633167,13.1808214563942,18.6576280716284,8.62402747673949,24.9528373892319,0,0,50.7824692594996,115.42391934552,44.3217975699933,59.6069309728392,65.5195380619254,173.647811713883,0,0,0,0,0,0,0,0,678.732553745933,311.199288463225,2436.00797063425,2512.16241814245
"266",2012,2304,22.0833333333333,3242.64895985936,2530.83101160047,807.800132704483,1504.75496736757,293.606106601408,361.425721186029,219.939071962567,548.753267767498,0,0,0,0,0,0,0,0,0,0,1.36940886108286,2.59442725344032,0.578830274222984,0.712448069403606,0.440469492543302,1.09548875858247,0,0,0,0,0,0,0,0,5814.06473244737,4197.41730148905,1093.15113098531,2141.74468939781,565.679822407212,748.149538469077,849.606960136167,2269.47190844845,223.38566469424,161.271485103941,42.1402814616829,82.5734332400464,21.800263006645,28.8328371014015,32.7894248463305,87.5859201288016,20200.5920311029,14416.6029927294,4084.35514495122,7775.05531716101,2379.69192318961,3003.19162606931,2867.42730177987,7430.66745709655,776.135771055424,553.909009648853,159.025084634502,303.471009591637,93.3805884172013,118.002052839657,112.929144600742,292.861567720152,0,0,8.35958410857442,16.2968063971659,5.05363085810824,6.42936310199616,6.50620976576955,16.939979522742,0,0,0,0,0,0,0,0,393.410697471223,298.229123946563,388.994085143718,800.868707387819,348.335900252245,495.240034378381,180.147783870655,521.734836969896,15.1154629261537,11.4584399766843,14.9401322435657,30.750909115484,13.3542833987179,18.9857947161713,6.91305849999066,20.0209409905688,266.767223600276,201.177046033256,357.697690376454,763.026710164701,345.315410026257,486.97759599134,225.505809721644,654.427396599362,10.2496188745854,7.72954392441035,13.7368022496592,29.2942819026106,13.2387691158813,18.6686244006733,8.64917937317258,25.0992522108139,0,0,50.5751116290925,114.623877772798,44.4064821216153,59.5046951711314,66.1248226326142,175.604563355268,0,0,0,0,0,0,0,0,681.815838809114,312.456870448893,2448.61219137074,2522.90262017409
"267",2012,2304,22.1666666666667,3226.03644795609,2517.11869046403,801.195312327915,1490.52633103202,292.610858030242,359.522858567334,219.857119363411,551.725142452388,0,0,0,0,0,0,0,0,0,0,1.35816838066531,2.56820344390486,0.577033217429128,0.70885157656485,0.440355736228511,1.10159889192355,0,0,0,0,0,0,0,0,5820.46175953164,4198.1797794261,1089.52740234764,2130.72367157208,568.087367407531,748.911100901159,857.736866979141,2297.17016663279,223.631448704746,161.300780725613,42.0007401705759,82.1486756341718,21.8930594881212,28.8622059089706,33.1036453934493,88.6559163505552,20190.1593222724,14395.2064681577,4063.27226478532,7721.15908993383,2384.86904725351,3000.61052906274,2893.109834878,7518.1938573476,775.734979013097,553.086919830159,158.205453714352,301.365318952116,93.5817955529371,117.896158051476,113.9382850674,296.298157614883,0,0,8.32336599796346,16.1903078400121,5.06696099569776,6.42646383104309,6.56687074380823,17.1448689081846,0,0,0,0,0,0,0,0,394.228871987519,298.511781189187,388.088905374319,797.133328486254,350.295241477508,496.261335173069,181.655593498616,527.332195797735,15.1468985718604,11.4693001181474,14.9054765505031,30.6077612194408,13.4295728640973,19.0252372237144,6.9710957136399,20.236253643107,266.921744458311,201.066993520047,356.521082729122,758.50307353626,346.791968284438,487.215028639657,226.200872838099,658.271524232583,10.2555558864,7.72531552905019,13.691744828308,29.1209428886839,13.2956027769695,18.6781064257338,8.67614939010988,25.2476345846116,0,0,50.367364754933,113.828289828498,44.4879071091004,59.3981153089556,66.7301545972393,177.558100545486,0,0,0,0,0,0,0,0,684.905658522265,313.71568159347,2461.2635459939,2533.64219341163
"268",2012,2304,22.25,3209.70066494056,2503.66034102049,794.774341618182,1476.70723426336,291.569379198015,357.569552893707,219.741894574475,554.502819603167,0,0,0,0,0,0,0,0,0,0,1.34704547098803,2.54255082307283,0.575142974882047,0.705147389547447,0.440187103763265,1.10735470536496,0,0,0,0,0,0,0,0,5826.64858938947,4198.79078190551,1085.96503843044,2119.8286812542,570.422411217039,749.576820621068,865.8020034227,2324.68274758424,223.869156601672,161.324256417969,41.863544007483,81.72875329398,21.9830599640369,28.887877054882,33.4153594239023,89.7187421513842,20179.771319978,14373.9272050216,4042.57175951684,7668.13712614346,2389.74387336008,2997.6585793003,2918.69039488746,7605.1849011103,775.335903984242,552.269335400815,157.400507871823,299.293463509046,93.7712606172312,117.775873033904,114.943511283135,299.713998553105,0,0,8.28673142247482,16.0845567065851,5.07964532974246,6.42273544618228,6.62723729734357,17.3485191547813,0,0,0,0,0,0,0,0,395.018489146414,298.777471126843,387.148828202682,793.380214853767,352.174626908284,497.181980431588,183.1713712896,532.903848248069,15.1772369975236,11.4795083486434,14.8694773965147,30.4639247100025,13.5017922032401,19.0608113512197,7.02943278769753,20.4505677083583,267.073358988741,200.954959980835,355.333897166401,753.994211641526,348.237053478374,487.411488929167,226.94146623855,662.163671797887,10.2613812311186,7.72101101953875,13.6462777921494,28.9481614636859,13.3512242054488,18.6860057729805,8.7048596627234,25.3978431377486,0,0,50.1592024682908,113.037252054072,44.5660893881705,59.287292675915,67.3354930623827,179.508297885951,0,0,0,0,0,0,0,0,688.00178463224,314.975649273484,2473.95949467051,2544.37953760634
"269",2012,2304,22.3333333333333,3193.6397193851,2490.45321250762,788.532190541392,1463.28631888385,290.485558547746,355.571560820207,219.594690712143,557.092678425889,0,0,0,0,0,0,0,0,0,0,1.33606973596037,2.51748377293094,0.573164169164678,0.701345185477718,0.439962971968709,1.11276041458754,0,0,0,0,0,0,0,0,5832.61853182866,4199.24676875595,1082.45713011534,2109.04976640074,572.683989382433,750.14594872552,873.804897636532,2352.00846398356,224.098531337134,161.341776161963,41.728429267798,81.3132858111894,22.0702276095274,28.9098224366838,33.7246643070128,90.7743516673997,20169.4335888855,14352.7680535648,4022.24834468295,7615.97707695667,2394.32691534269,2994.35292561234,2944.16823516802,7691.64249380416,774.938759778309,551.456365871551,156.610050017117,297.254976282311,93.9493884075541,117.641860623035,115.94479305903,303.10916097133,0,0,8.249871001691,15.9796936251681,5.09169159345767,6.41820683321215,6.68730513948798,17.5509198673132,0,0,0,0,0,0,0,0,395.780523790475,299.026641474597,386.179372525271,789.615419963619,353.977907628798,498.006555800923,184.692752298605,538.447410098454,15.2065156581438,11.489081870101,14.8323468175672,30.319632270438,13.5710891612617,19.0926932949949,7.08797918450412,20.6637921006837,267.222180368219,200.841306076291,354.136728283744,749.502732635592,349.648585001174,487.565623964731,227.725413460685,666.100045181747,10.2670992571953,7.71664425303509,13.6004239975487,28.7760379503324,13.4055536541863,18.6922707809557,8.73522660329841,25.549732099704,0,0,49.9506323311752,112.250876996339,44.6410442518732,59.1723275556735,67.9407949667936,181.455027802116,0,0,0,0,0,0,0,0,691.103997118152,316.236702902408,2486.69766119301,2555.11315480281
"270",2012,2304,22.4166666666667,3177.85147819125,2477.49439509289,782.463924867414,1450.25244457393,289.363086956943,353.534305506779,219.41676950669,559.500968443913,0,0,0,0,0,0,0,0,0,0,1.32526466877653,2.49301139937354,0.571101913380525,0.697454583184953,0.439683251669663,1.11782146501306,0,0,0,0,0,0,0,0,5838.3664660132,4199.54531327305,1078.99770434789,2098.37861982123,574.871371678765,750.618188230841,881.747900493428,2379.1462469671,224.319376160424,161.353246719733,41.5951679956678,80.901955714839,22.1545345822322,28.9280312492734,34.0316506198061,91.8227036083614,20159.1505535838,14331.7310844241,4002.29642512514,7564.66613687415,2398.62825668009,2990.70995437905,2969.54271017475,7777.56854724349,774.543716401338,550.648090799335,155.833870849366,295.249372188649,94.1165672791589,117.49475439004,116.942104068813,306.483715558408,0,0,8.21294063742718,15.8758303705912,5.10311023827961,6.41290700956196,6.74707162799739,17.7520634782259,0,0,0,0,0,0,0,0,396.515868103613,299.259702380473,385.185320631771,785.844143857813,355.708533590418,498.739200843644,186.217659431956,543.960774154393,15.2347688328448,11.4980364410633,14.7942685701939,30.1750838115988,13.6375961028044,19.121042126231,7.14665540092504,20.8758463370059,267.36828813698,200.726328045491,352.930391494838,745.031153108592,351.024878908516,487.676432714251,228.550452655554,670.076813922778,10.2727130207199,7.71222661151761,13.5542147896752,28.6046691683692,13.4585265953952,18.6968633006708,8.76716337737104,25.7031543756659,0,0,49.7416859934945,111.469286693911,44.7127868986634,59.0533199640711,68.5460160454714,183.39816228258,0,0,0,0,0,0,0,0,694.212083055978,317.498773643917,2499.475805612,2565.84163226498
"271",2012,2304,22.5,3162.33359351754,2464.78084161195,776.56471285333,1437.59470329643,288.205461346547,351.462883650153,219.209361636114,561.733807255106,0,0,0,0,0,0,0,0,0,0,1.31464836107704,2.46913817460435,0.568961681590522,0.693485059428561,0.439348315841763,1.12254435530517,0,0,0,0,0,0,0,0,5843.88867726373,4199.68497781838,1075.58164609933,2087.80840608004,576.98405108427,750.993652545669,889.63317502589,2406.09511894859,224.53154834762,161.358612854912,41.4635650043479,80.4945018465759,22.2359616002622,28.9425083963329,34.3364017387385,92.8637602115047,20148.9256202112,14310.81767806,3982.71014525599,7514.19113579423,2402.65756297802,2986.74531457049,2994.81327446903,7862.96498820043,774.150904729043,549.844563223468,155.071750788671,293.276151592827,94.2731696250086,117.335159601147,117.935421821134,309.837733604697,0,0,8.17606561923843,15.7730533776001,5.11391389413231,6.40686492281371,6.80653551509282,17.951944869211,0,0,0,0,0,0,0,0,397.225338735089,299.477030683193,384.170786174679,782.070820907061,357.369587055869,499.383653282539,187.744280823046,549.442088335907,15.2620278985894,11.5063865402764,14.7554007393286,30.0304498397836,13.7014312936879,19.1460014874774,7.20539210084273,21.0866596972445,267.511733652857,200.610264802403,351.715878729166,740.581879704837,352.364612864824,487.74323272851,229.414268017539,674.090150385804,10.2782244949689,7.7077672744423,13.50768830077,28.4341477268703,13.5100923756916,18.699757416068,8.80058110731199,25.8579630435965,0,0,49.5324153067972,110.6926099144,44.7813329936752,58.9303698743567,69.1511112636834,185.337573722151,0,0,0,0,0,0,0,0,697.325836289786,318.761794338729,2512.29181425382,2576.56363676136
"272",2012,2304,22.5833333333333,3147.08354061312,2452.30939679423,770.829828931975,1425.30242686348,287.015995666919,349.362084987133,218.973668262606,563.797183003014,0,0,0,0,0,0,0,0,0,0,1.30423452917141,2.44586485542895,0.566749134540969,0.689445847672037,0.4389588983456,1.12693639234326,0,0,0,0,0,0,0,0,5849.18261948778,4199.66513616601,1072.20458125281,2077.33351533593,579.021722025818,751.272802675968,897.462688810125,2432.85415320937,224.734950073777,161.357850506898,41.333453404675,80.0907099409257,22.3144971086778,28.953272087788,34.6389935431211,93.8974856863811,20138.7613530172,14290.0286521566,3963.48345492779,7464.53865604704,2406.42411134167,2982.47397259356,3019.97947955306,7947.83377153256,773.760423290545,549.045814560471,154.323462517168,291.334804838458,94.4195530017728,117.16365532175,118.924727550573,313.17128753042,0,0,8.13934657768901,15.6714288167926,5.12411659753722,6.40010917971426,6.8656966040945,18.150560836141,0,0,0,0,0,0,0,0,397.909687693214,299.678976036243,383.139315160724,778.299247927315,358.963833491376,499.943314067533,189.271035202846,554.889722193278,15.2883217487328,11.5141456019863,14.7158796137949,29.8858763739746,13.762700851391,19.1677020880598,7.26412878744216,21.2961699418988,267.652547557447,200.493308187011,350.494300684886,736.157189572482,353.666774302189,487.765610949176,230.314527713913,678.136275812079,10.2836348572682,7.70327361260745,13.4608872318634,28.2645612712315,13.5602122271751,18.7009375535308,8.83539032406265,26.0140131122078,0,0,49.3228869701028,109.920978563936,44.8466993839423,58.8035775278052,69.7560353688186,187.273135947851,0,0,0,0,0,0,0,0,700.445056814491,320.025699359438,2525.14368395264,2587.27790516654
"273",2012,2304,22.6666666666667,3132.09864753519,2440.07682025238,765.254656516702,1413.36519272816,285.797829795468,347.236408293439,218.71086210277,565.696955781729,0,0,0,0,0,0,0,0,0,0,1.29403330251443,2.42318919166915,0.564469994517308,0.6853458684495,0.438516016718739,1.1310055027236,0,0,0,0,0,0,0,0,5854.24672997657,4199.48583523315,1068.86278197771,2066.9493694085,580.984262357969,751.456397024694,905.23821168387,2459.42244683677,224.929521297127,161.350961478325,41.2046909919178,79.6904052038005,22.3901365890448,28.9603519189508,34.9394943239687,94.9238451728621,20128.6596119646,14269.364360586,3944.61016186552,7415.69512381642,2409.93681403889,2977.9102559866,3045.04096973826,8032.17688863675,773.372343555258,548.251858406473,153.588773001848,289.424815788186,94.5560610361134,116.980796091442,119.910006068885,316.484451229169,0,0,8.10286401895798,15.5710064468938,5.13373324659637,6.39266786399827,6.92455548970763,18.3479096870928,0,0,0,0,0,0,0,0,398.569610891001,299.865865606292,382.093966156686,774.532683847594,360.493762918714,500.421298484076,190.796543624268,560.302239947223,15.3136771213602,11.5213261964595,14.6758227642442,29.7414887714126,13.8215003300526,19.1862636644585,7.32281271903899,21.5043222794783,267.790745363063,200.375610965861,349.266842878648,731.759217756799,354.930618225784,487.743384447974,231.248912770193,682.211494468393,10.2889447036517,7.6987514955474,13.4138571642533,28.095991997071,13.6088576485216,18.7003969729549,8.87150207251162,26.1711628239057,0,0,49.1131784870198,109.154525024409,44.9089045750535,58.6730436117938,70.360743305835,189.204724997066,0,0,0,0,0,0,0,0,703.569550295188,321.290424503256,2538.02950956707,2597.98323721763
"274",2012,2304,22.75,3117.37611961309,2428.07980531107,759.834689642728,1401.77282731599,284.55393776989,345.090076306648,218.422088263162,567.438858751984,0,0,0,0,0,0,0,0,0,0,1.28405184512283,2.40110648684987,0.562129961274584,0.681193688674448,0.438020912320381,1.1347600850376,0,0,0,0,0,0,0,0,5859.08027867068,4199.14768300573,1065.55308479616,2056.65226061302,582.871717416673,751.545449129316,912.961319265144,2485.79910522917,225.115233967617,161.337969128984,41.0771571169137,79.2934461446146,22.462881948469,28.9637872531623,35.2379649159534,95.9428041435625,20118.6216645034,14248.8247732965,3926.08397509681,7367.6468825698,2413.2042396711,2973.06789196679,3069.99747638932,8115.99637133392,772.986714227395,547.462693606626,152.867445171232,287.545664670243,94.6830242343653,116.787113400555,120.891245551781,319.777300231348,0,0,8.0666818449041,15.4718225841773,5.14277924867614,6.38456843873738,6.98311335940367,18.5439909370487,0,0,0,0,0,0,0,0,399.205755211074,300.038007800002,381.037377712455,770.77393084487,361.961625634236,500.820478176402,192.319604654169,565.678377153991,15.3381188707317,11.5279401731731,14.6353316306732,29.5973948421504,13.877916089773,19.2017965926353,7.38139795780724,21.711068472755,267.926331640021,200.257293323849,348.034731897841,727.3899512256,356.155630543146,487.67656734269,232.215139028947,686.312218023215,10.2941542097442,7.69420554095732,13.3666452626569,27.9285164189006,13.6560089979014,18.6981364961109,8.90882875146854,26.3292745836407,0,0,48.9033751103144,108.393380240817,44.9679689881025,58.5388693142578,70.9651905237947,191.132219686014,0,0,0,0,0,0,0,0,706.699127661672,322.555906907404,2550.94747343883,2608.67848959505
"275",2012,2304,22.8333333333333,3102.91306072392,2416.31499529906,754.565533878614,1390.51540781323,283.28713559083,342.927049894709,218.108464964973,569.028499223673,0,0,0,0,0,0,0,0,0,0,1.27429489109492,2.37961008156465,0.559734643754949,0.676997491305863,0.437474999226448,1.13820888321876,0,0,0,0,0,0,0,0,5863.6832372926,4198.65175165958,1062.27281759772,2046.4392116262,584.684284892705,751.541190027901,920.633398621543,2511.98323086868,225.292086998781,161.318914653587,40.950749898778,78.8997192132193,22.5327409399628,28.9636257814086,35.5344589123223,96.9543279704991,20108.6482825507,14228.4095452389,3907.89854254326,7320.38025547063,2416.2346328481,2967.96004280419,3094.84881197181,8199.29429448142,772.60356497208,546.678306903382,152.159239367562,285.696830500044,94.8007607344212,116.583117044548,121.868437316963,323.049911816363,0,0,8.03085037301799,15.3739026432249,5.15127023158764,6.37583767040836,7.04137182666395,18.7388050507688,0,0,0,0,0,0,0,0,399.818724712775,300.195695453577,379.971827609246,767.025404601315,363.369464129186,501.143517747126,193.839172178026,571.017020018724,15.3616702057692,11.5339987833622,14.594493796344,29.4536875462176,13.9320265203604,19.2144032924407,7.43984451866692,21.9163660464834,268.059303487501,200.13844848829,346.799207416888,723.051225590998,357.341495484919,487.565341625332,233.210974987653,690.434984718207,10.2992632641167,7.68963933077908,13.3192991997175,27.7622052425422,13.7016542428693,18.6941633854317,8.94728479576723,26.488215688693,0,0,48.693567259579,107.637672145325,45.0239151441593,58.4011563405012,71.569333228334,193.055502078154,0,0,0,0,0,0,0,0,709.833604747198,323.822084976368,2563.89583611791,2619.36257076868
"276",2012,2304,22.9166666666667,3088.70649133974,2404.77899728159,749.442906538571,1379.58326247772,282.00008856584,340.751041432956,217.77108414514,570.471359646664,0,0,0,0,0,0,0,0,0,0,1.26476518630184,2.35869175277757,0.557289510931797,0.672765057893663,0.4368798227051,1.14136088284447,0,0,0,0,0,0,0,0,5868.05616926506,4197.99949648892,1059.01973552086,2036.30785641952,586.422300851613,751.445035582378,928.255656475233,2537.97391750629,225.460102038222,161.293853966864,40.8253837760282,78.5091342429564,22.5997266266866,28.959922271488,35.8290229775446,97.9583816999007,20098.7398239195,14208.1180738369,3890.0474827252,7273.88159663824,2419.0359322117,2962.59933783542,3119.59486367044,8282.07277664011,772.22290954395,545.898675144589,151.463914572684,283.877793071649,94.909576993819,116.369296349046,122.841575584353,326.302365047359,0,0,7.99540880301326,15.2772632013418,5.15922183734996,6.36650158506042,7.0993327985734,18.9323532383482,0,0,0,0,0,0,0,0,400.409085936594,300.339208454664,378.89928374042,763.289193254192,364.719141083309,501.392905678935,195.354335799675,576.31718732143,15.3843528938615,11.5395127807577,14.5533849407001,29.3104472569195,13.983903114638,19.2241794143882,7.49811761765443,22.1201775952077,268.189653227078,200.019147436645,345.561500272264,718.744725000056,358.488067085144,487.410032023027,234.234255398549,694.576472971855,10.3042715717768,7.68505559207957,13.2718663131672,27.5971233593939,13.7457878659837,18.6884903778096,8.98678719600708,26.6478588454513,0,0,48.4838484673372,106.887524467005,45.0767677549383,58.2600068801406,72.1731285738528,194.974457837272,0,0,0,0,0,0,0,0,712.972801973823,325.088898321908,2576.87292838219,2630.0344366459
"277",2013,2304,23,3075.0509690815,2393.47794828576,743.648858827293,1368.22020330041,280.625752844825,337.989333570982,217.571996780821,572.587622990996,0,0,0,0,0,0,0,0,0,0,1.25530382978376,2.33791657153022,0.554670328024268,0.66736896489984,0.436540488439479,1.14578545951418,0,0,0,0,0,0,0,0,5873.34276223455,4198.06637535705,1054.69120266065,2025.11731073966,587.950209790323,749.984490130388,936.14007182808,2565.47461531999,225.663221394266,161.296423559928,40.6586827314128,78.077812103757,22.6586149297265,28.9036358754344,36.133681840346,99.0206191358646,20092.4777265299,14190.4702024403,3868.510504602,7224.0955346248,2421.02994763217,2951.94679617587,3145.41785779403,8370.72303491008,771.982351991438,545.22061475302,150.626898351098,281.932060769701,94.9867981716859,115.947720718622,123.856948624306,329.78541073005,0,0,7.95938100456254,15.1791128101639,5.16544256476594,6.34575420935314,7.15952809844831,19.1384028311261,0,0,0,0,0,0,0,0,401.101605132399,300.537408187093,377.748499841649,759.405137489054,366.060468450288,500.782911787885,197.059417879016,582.601001030877,15.4109606524059,11.5471279298724,14.5092675005524,29.1615223805256,14.0354558109214,19.2009989915426,7.56367212515942,22.3617026239673,268.368057859092,199.939940469151,344.256187833275,714.317420342477,359.513516554641,486.377056723635,235.435969807531,699.704311516839,10.31112622344,7.68201233225664,13.2218332557423,27.4273941395283,13.7852722708915,18.6491559350377,9.03312760078158,26.845312184444,0,0,48.2720969153141,106.126869685927,45.1159766987697,58.0162590065979,72.7967098338565,197.009203703911,0,0,0,0,0,0,0,0,716.057564761051,326.339665731729,2589.631686216,2640.54648056201
"278",2013,2304,23.0833333333333,3061.63457444791,2382.38076251915,737.971161738682,1357.13895821541,279.224580070977,335.20546354882,217.352864526631,574.578816802829,0,0,0,0,0,0,0,0,0,0,1.24586266147372,2.31754083929273,0.552002899098838,0.661924036233545,0.436167010043321,1.14997502976647,0,0,0,0,0,0,0,0,5878.52247880438,4198.06196065377,1050.37301352331,2014.00342584621,589.397521123456,748.390462644507,944.011811603212,2592.94347621414,225.862234388122,161.296253939968,40.4923650226664,77.6494286971766,22.7143970129713,28.8422046569439,36.4378422658736,100.081612866776,20086.448410381,14173.0574970691,3847.11842499165,7174.86967433333,2422.73386486199,2940.83938495571,3171.18160672571,8459.09662083091,771.750737639243,544.551589831838,149.795436198502,280.008073065727,95.0527280073892,115.508381020092,124.870081622066,333.257844045764,0,0,7.92248926432204,15.0811483742383,5.17106789665012,6.32400728983772,7.21958777130742,19.3438854164604,0,0,0,0,0,0,0,0,401.777356128932,300.725680404502,376.559297805609,755.504706027083,367.33470281943,500.057910095096,198.758696135192,588.833881769797,15.4369241491437,11.554361648007,14.4636717082453,29.0119624526307,14.0844323652976,19.1734027150459,7.62899982058885,22.6012650023049,268.545696545834,199.860342308505,342.94109562679,709.906267570462,360.499173154922,485.257987819538,236.669999315692,704.883344188947,10.3179514451774,7.67895404219577,13.1714216277833,27.2582773030961,13.823225970272,18.6065109391693,9.08070141184099,27.0447136289994,0,0,48.0601894179323,105.370826609397,45.151465985211,57.7649669981053,73.42102514655,199.044926694023,0,0,0,0,0,0,0,0,719.143859743947,327.590186607961,2602.40039087855,2651.02286499608
"279",2013,2304,23.1666666666667,3048.43799758988,2371.48555828627,732.457747118225,1346.37898343254,277.803773611906,332.439171019203,217.104663245928,576.399014342716,0,0,0,0,0,0,0,0,0,0,1.23648643641683,2.29760532287796,0.549296713919512,0.656506870682389,0.435739979417271,1.15383600852833,0,0,0,0,0,0,0,0,5883.5101242935,4197.92253088868,1046.12739235198,2003.02655442706,590.771191642554,746.741227124827,951.848886387251,2620.2608589404,226.053867703904,161.290896825422,40.3288238096688,77.2263073980317,22.7673411926887,28.7786457816021,36.7406573578332,101.13675342589,20080.4353188751,14155.7265927563,3826.12282885329,7126.45283398643,2424.1933901814,2929.61067841013,3196.8127847317,8546.7961791109,771.519746075219,543.885707852848,148.979206283444,278.115438881522,95.1091532748622,115.064373305531,125.878101936805,336.704068950389,0,0,7.88502847651892,14.9837186292943,5.1761687494264,6.30196144125161,7.27934677109824,19.547922581761,0,0,0,0,0,0,0,0,402.429202522591,300.900024238497,375.341382276658,751.603074410662,368.541118302358,499.271434303054,200.440004125025,594.955373618234,15.4619691921249,11.5610602153982,14.4169704003268,28.8623504705527,14.1308049924664,19.1434434178866,7.69363411363419,22.8365465136741,268.720120803383,199.778562643994,341.620838339559,705.523714204152,361.450049442265,484.10755852467,237.924582932312,710.046704211645,10.3246531623755,7.67581193529496,13.1208087405059,27.0902510250233,13.8598412504158,18.5626543159854,9.12905757323631,27.2434990446734,0,0,47.848198916157,104.62044412014,45.1839458034141,57.5125602110376,74.044787179957,201.0739728616,0,0,0,0,0,0,0,0,722.235257504531,328.841461533739,2615.19248468242,2661.47151625409
"280",2013,2304,23.25,3035.4610141265,2360.79112937397,727.104110942612,1335.93161580865,276.366214830982,329.692929910971,216.828786350323,578.054999850519,0,0,0,0,0,0,0,0,0,0,1.22720855220862,2.27812272664976,0.546554036991247,0.65112117912041,0.435259912457125,1.15737630029479,0,0,0,0,0,0,0,0,5888.29400303773,4197.64078247891,1041.94648562396,1992.17509934646,592.070169073313,745.034610448182,959.648742660788,2647.41417539723,226.237671975489,161.280071600955,40.1677591398285,76.8080042808669,22.8174070628051,28.7128758962271,37.0420292920683,102.185557179692,20074.4478582887,14138.4832385995,3805.51855582085,7078.83460563335,2425.41824675595,2918.27180540968,3222.31353997701,8633.83285288142,771.289738708878,543.223189705395,148.17801643433,276.253764386681,95.1564492485419,114.616128607393,126.881091655705,340.124515868551,0,0,7.84722355760779,14.8869868670591,5.18074591789769,6.27962813123297,7.3388014372477,19.7505130575718,0,0,0,0,0,0,0,0,403.057876870266,301.060752554511,374.100029100985,747.704999597101,369.682275832524,498.426736176621,202.103856677577,600.971509394436,15.4861239273528,11.5672356528359,14.3693662666738,28.7128692770204,14.1746719226913,19.1112460063294,7.75759489494304,23.0677788021509,268.891986982624,199.69531231706,340.296190747028,701.172424463238,362.365965596048,482.927467617236,239.19771553961,715.190140898355,10.3312565930965,7.67261332321888,13.070024387614,26.9234177859901,13.8951113074436,18.517651528835,9.17811925632744,27.4415056215482,0,0,47.6361024386323,103.875764883261,45.2134573679322,57.2591351746208,74.6679828848472,203.096344984075,0,0,0,0,0,0,0,0,725.331577121012,330.093433236727,2628.00598963031,2671.89157838388
"281",2013,2304,23.3333333333333,3022.70300438707,2350.29598596705,721.90581398277,1325.78830326105,274.91460012919,326.968988099221,216.526576319547,579.553345789504,0,0,0,0,0,0,0,0,0,0,1.21805538175998,2.25910115598423,0.543777832608861,0.645770758339132,0.434727740171298,1.16060455970105,0,0,0,0,0,0,0,0,5892.86503155828,4197.21128652307,1037.82368433529,1981.43967319848,593.293908481619,743.269400097171,967.409109125396,2674.39203696708,226.413298201097,161.263569679495,40.0089186366179,76.3941600574877,22.8645737165437,28.6448485326674,37.3418710491134,103.227586455585,20068.4935146554,14121.3318432233,3785.29999897289,7032.00385095377,2426.41765431617,2906.83313165639,3247.68579782618,8720.21692483758,771.061003171152,542.564204775723,147.391656987783,274.422627064519,95.1949718632969,114.164048494149,127.879124235963,343.51958200708,0,0,7.80925609829969,14.791081665214,5.18480451642861,6.25702034193108,7.3979492491375,19.9516564739685,0,0,0,0,0,0,0,0,403.664022591457,301.208133397324,372.839734373403,743.814418163191,370.760460561335,497.526650603713,203.7507133363,606.887666009259,15.509413076031,11.5728982590292,14.321032060315,28.5636702082628,14.2161208046446,19.0769193649903,7.82089992474419,23.2951683242915,269.061814015094,199.611164943695,338.968070105693,696.854752064423,363.24682190461,481.719276351459,240.487499733701,720.310017495159,10.3377816755335,7.66938024521087,13.0191038393459,26.757868148806,13.9290324082352,18.471562761949,9.22781377429792,27.638594118948,0,0,47.4239080180048,103.136845454153,45.2400382315578,57.0047827615684,75.290595832815,205.112039692191,0,0,0,0,0,0,0,0,728.432643069472,331.346045677093,2640.8390333366,2682.28225929073
"282",2013,2304,23.4166666666667,3010.16303362169,2339.99841640275,716.858490479236,1315.94062360839,273.451460279677,324.269393525611,216.199330171529,580.900429511687,0,0,0,0,0,0,0,0,0,0,1.20904784766676,2.24054516606608,0.540971486871625,0.640459370688625,0.434144690737597,1.16352994833166,0,0,0,0,0,0,0,0,5897.2162001754,4196.63009089042,1033.7533857516,1970.81261401878,594.442255678918,741.445111573447,975.127939322809,2701.18409582681,226.580477057622,161.241239213858,39.8520883905651,75.984481528374,22.9088352687798,28.5745451836518,37.6401042158765,104.262443469169,20062.5782538136,14104.2757626059,3765.4612264678,6985.94891954377,2427.20039928885,2895.30437855104,3272.93130226809,8805.95795037703,770.833768684838,541.908882005696,146.619905491255,272.621584173163,95.2250604176153,113.708509659878,128.872266117879,346.889636515174,0,0,7.77127437975639,14.6961051228875,5.18835255810466,6.23415200145963,7.45678849822332,20.1513530921986,0,0,0,0,0,0,0,0,404.248213692643,301.342401996365,371.564367620903,739.934633006024,371.777746722608,496.573709953878,205.380986012591,612.708658404282,15.5318586924038,11.5780570718687,14.2721164768613,28.4148802616474,14.2552311951643,19.0405607505023,7.88356512733807,23.5188999547427,269.230012842895,199.526584782243,337.637478305094,692.572771250134,364.092588814178,480.484424871001,241.792144414008,725.403218457234,10.3442441987543,7.66613053881851,12.9680856207069,26.5936819478847,13.9616035081371,18.4244435466974,9.27807252555353,27.8346453024358,0,0,47.2116459385532,102.403750869409,45.2637239557538,56.7495895679969,75.9126072000478,207.121049291446,0,0,0,0,0,0,0,0,731.538284342094,332.599243818953,2653.68983159523,2692.64281895914
"283",2013,2304,23.5,2997.83988534608,2329.89651378192,711.957856188226,1306.38030085897,271.97916513036,321.596001852891,215.848300526106,582.102434021952,0,0,0,0,0,0,0,0,0,0,1.20020206413207,2.22245620102978,0.538138694269283,0.63519069260553,0.433512239250207,1.16616202409476,0,0,0,0,0,0,0,0,5901.34235278061,4195.89455512541,1029.73089403118,1960.28777882819,595.515399966052,739.561888694246,982.803391625491,2727.7809997521,226.739010439131,161.21297875352,39.697089159213,75.5787336740678,22.950199041092,28.5019714767352,37.9366582191626,105.289768599054,20056.7066854998,14087.3174196433,3745.99603893686,6940.65775139631,2427.77485606636,2883.69466321648,3298.05163079903,8891.06480423033,770.608212369268,541.257314486683,145.862528912839,270.850176705111,95.2470383951025,113.249865469436,129.860577306202,350.235022293459,0,0,7.73339739396484,14.6021361573546,5.19140040829395,6.21103775243208,7.51531815519595,20.3496037215804,0,0,0,0,0,0,0,0,404.810962966263,301.463765964743,370.27723450509,736.068389429947,372.73602293359,495.570189058269,206.995041787359,618.438776602528,15.5534804787755,11.5827200681821,14.2227465607778,28.2666050167444,14.2920755307819,19.0022575203645,7.94560469878207,23.7391384080835,269.396898626448,199.441938305198,336.305475094917,688.328290047328,364.903303753897,479.224241382843,243.109965968176,730.467108475766,10.350656271742,7.66287828450067,12.9170104830397,26.4309287970354,13.9928261288961,18.3763451116963,9.32883103786893,28.0295583685199,0,0,46.9993650289545,101.676552276618,45.2845487836543,56.4936384200861,76.5339961894662,209.123362530554,0,0,0,0,0,0,0,0,734.648334159652,333.852973560977,2666.55668257688,2702.97256575537
"284",2013,2304,23.5833333333333,2985.73210887788,2319.98821282096,707.199714420038,1297.09921812719,270.499934565364,318.950491767686,215.474698428457,583.165355995711,0,0,0,0,0,0,0,0,0,0,1.19153025749916,2.20483321472722,0.535283305709546,0.629968251647175,0.432832039511463,1.1685105970237,0,0,0,0,0,0,0,0,5905.2398680036,4195.00311476028,1025.75227686411,1949.86025732825,596.513805894444,737.620366638217,990.433796973431,2754.17429877496,226.888759206784,161.178728189128,39.5437708858632,75.1767286888283,22.98868294071,28.4271519184688,38.2314690898691,106.309236816517,20050.8823005404,14070.4584746234,3726.89804380818,6896.11800768808,2428.14902649433,2872.01256586903,3323.04821867763,8975.54576143618,770.384468353598,540.609566009417,145.119286512556,269.107934454894,95.2612149862181,112.788448559063,130.844112315137,353.556059131495,0,0,7.69572062371443,14.509235231619,5.19396001315375,6.18769263547814,7.57353768698292,20.5464095898892,0,0,0,0,0,0,0,0,405.352733624043,301.572412310863,368.981168239609,732.217983136228,373.637029007354,494.518168249947,208.593207713277,624.081845298814,15.5742962324801,11.586894433131,14.1730312141029,28.1189327814132,14.3267205408571,18.9620895555236,8.00703129165066,23.9560305262208,269.562708321625,199.357510970878,334.973144486452,684.122871827957,365.67906524876,477.939954602705,244.439386579151,735.499472512748,10.3570269987369,7.65963445002195,12.8659201133764,26.2696689159917,14.0227041326525,18.3273148585206,9.3800289018459,28.2232486403469,0,0,46.7871275990069,100.955323835172,45.3025465343929,56.2370091171881,77.1547406150999,211.118965698496,0,0,0,0,0,0,0,0,737.762629489097,335.1071816209,2679.43795713015,2713.27085021294
"285",2013,2304,23.6666666666667,2973.83805596112,2310.27131826689,702.579960536624,1288.08942732452,269.015847274092,316.334377361423,215.079695420389,584.095011642182,0,0,0,0,0,0,0,0,0,0,1.18304145818942,2.18767314128548,0.532409224526124,0.624795386908689,0.432105874027892,1.17058562209489,0,0,0,0,0,0,0,0,5908.90641536122,4193.95510130756,1021.81425349001,1939.52615357485,597.438162168976,735.621568982731,998.017635487209,2780.35637202613,227.029633819694,161.138461836324,39.3920084179386,74.7783176175111,23.0243134974944,28.3501259422204,38.5244785674174,107.320554887921,20045.1076521462,14053.6999552126,3708.16071264397,6852.31716971159,2428.33056994493,2860.26618087965,3347.92237724871,9059.40856135903,770.16263474238,539.965676058299,144.389932057808,267.394379854216,95.2678862464818,112.324572807003,131.822920882158,356.853046186386,0,0,7.65832033152523,14.4174478408698,5.19604436927237,6.16413186786921,7.63144692697025,20.7417722644818,0,0,0,0,0,0,0,0,405.873948105702,301.668512633668,367.678600102984,728.385340547179,374.482382847829,493.419577704289,210.17577478822,629.641273252575,15.5943221843268,11.5905867598211,14.1230639028784,27.9719376759567,14.3592282800466,18.9201309647292,8.06785616792088,24.1697071745298,269.72761413072,199.273520201095,333.641570636486,679.95785510646,366.420028054798,476.632705231504,245.778931629457,740.498465576587,10.3633629960436,7.65640738907562,12.814856207857,26.1099538894718,14.0512435353098,18.277396800955,9.43160967003862,28.4156456377938,0,0,46.5750057268936,100.24014050613,45.317751196513,55.979778948274,77.7748173349698,213.107843439078,0,0,0,0,0,0,0,0,740.881010692044,336.361815458989,2692.33209159942,2723.53706069254
"286",2013,2304,23.75,2962.15591116818,2300.7435284011,698.094585012998,1279.34315595774,267.528848766248,313.749019416991,214.664425287783,584.897041942395,0,0,0,0,0,0,0,0,0,0,1.17474205497427,2.17097127505279,0.52952033545273,0.619675226778846,0.431335615627759,1.17239711617098,0,0,0,0,0,0,0,0,5912.34075480974,4192.75059475928,1017.91410000585,1929.2824073542,598.289340988317,733.566825374425,1005.55351844893,2806.32036433124,227.161586633396,161.092182768529,39.241697886347,74.3833835127808,23.0571243014549,28.2709447471137,38.8156334099981,108.323458950367,20039.3845047227,14037.0423627027,3689.77742804732,6809.24261779427,2428.32682871039,2848.46315932311,3372.67530885295,9142.66046291316,769.942779333098,539.325663893585,143.674215637284,265.709031034742,95.2673360735006,111.85853497526,132.797048548525,360.126264118753,0,0,7.62125693794952,14.3268072346585,5.1976671560722,6.14037068812179,7.68904597947372,20.9356936065945,0,0,0,0,0,0,0,0,406.374995207193,301.752227179507,366.37161815476,724.572082585579,375.273601166784,492.276229852697,211.743001556238,635.120098110699,15.613573272478,11.5938032051734,14.0729249108866,27.8256820822895,14.389656923634,18.8764513308736,8.12808933755521,24.3802849627542,269.891734519916,199.190126176848,332.311820135792,675.834373560144,367.126398701311,475.303557400716,247.127225904929,745.462566759578,10.3696688153399,7.65320325607125,12.7638597910203,25.9518274349342,14.078452335637,18.2266320035737,9.48352071019916,28.6066913115062,0,0,46.3630784119158,99.5310764451307,45.3301973098802,55.722023063469,78.3942025867471,215.089979382644,0,0,0,0,0,0,0,0,744.003321246006,337.616823225029,2705.2375820323,2733.77062013729
"287",2013,2304,23.8333333333333,2950.68371835005,2291.40245541421,693.739675579148,1270.85281207782,266.040758863794,311.195635898514,214.229985627372,585.576917588301,0,0,0,0,0,0,0,0,0,0,1.16663627164167,2.15472159787611,0.526620447524971,0.614610673264378,0.430523195241236,1.17395508816884,0,0,0,0,0,0,0,0,5915.54256272488,4191.39029598022,1014.04956646201,1919.12664116492,599.068363045782,731.457701671904,1013.04017280876,2832.06012716669,227.284605213729,161.03991791409,39.0927535355795,73.9918355731374,23.0871546576438,28.1896686154885,39.1048848016223,109.317712253747,20033.7139629882,14020.4857638157,3671.74152376949,6766.88169775078,2428.14485073113,2836.6107464384,3397.30812000915,9225.30829489563,769.724944577057,538.689532078658,142.97188521305,264.051404409355,95.2598370808263,111.390616154655,133.766537172287,363.375977038587,0,0,7.58457791123006,14.2373367381056,5.19884243271689,6.11642422650055,7.74633514147434,21.1281757369962,0,0,0,0,0,0,0,0,406.856236199135,301.823708235623,365.062018319299,720.77957881744,376.012117089336,491.089845851068,213.295117457311,640.521027354982,15.6320633775293,11.5965496203069,14.0226833005249,27.6802187231695,14.4180614433407,18.8311167288002,8.18773968743301,24.5878678172652,270.055143779458,199.107441268899,330.984927886934,671.753374734901,367.798431224061,473.953508889301,248.482989467395,750.390537988655,10.3759473109932,7.65002636847283,12.7129706729365,25.7953261200315,14.1043403517586,18.1750589735011,9.53571304597149,28.7963384581681,0,0,46.1514291784014,98.8282036849326,45.3399202606015,55.4638147763406,79.0128722728943,217.065356689801,0,0,0,0,0,0,0,0,747.129407508062,338.872153717723,2718.15297915922,2743.97098333978
"288",2013,2304,23.9166666666667,2939.41940306991,2282.24564261037,689.511418469369,1262.61098742614,264.55327864892,308.675311632013,213.777439217082,586.139943551512,0,0,0,0,0,0,0,0,0,0,1.15872655995233,2.13891705009261,0.523713253760961,0.609604394563375,0.429670576423285,1.17526948357661,0,0,0,0,0,0,0,0,5918.51228554928,4189.8754198154,1010.21880577042,1909.05703297804,599.776368771209,729.295943014857,1020.47642869167,2857.57016548991,227.398706713731,160.981713949294,38.9451050054054,73.6036042682328,23.1144484806588,28.1063647262211,39.3921878741836,110.303103127335,20028.0965804046,14004.0298674197,3654.0463179452,6725.22177468175,2427.79140940861,2824.71581375207,3421.8218325629,9307.35850052315,769.509151745453,538.057269427583,142.28268790806,262.421016764795,95.2456513590021,110.921083003677,134.731425361836,366.602434225656,0,0,7.54832012092958,14.1490516298918,5.19958441574863,6.09230740859316,7.80331484343292,21.3192210161748,0,0,0,0,0,0,0,0,407.318009884314,301.883102825152,363.751347639234,717.008991487246,376.699294249744,489.86207548375,214.832325897955,645.846475380512,15.6498055168264,11.5988316540856,13.972398573204,27.5355923534402,14.4444941483702,18.784190490873,8.24681509955672,24.7925484049099,270.21788003143,199.025538036045,329.661886800333,667.715637891988,368.436423133645,472.583500485064,249.845033077314,755.281386966356,10.3821999477325,7.6468795141048,12.6622270529627,25.6404800472224,14.1289190667195,18.1227140196393,9.58814118045708,28.9845492968917,0,0,45.9401441796592,98.1315911507157,45.3469564696842,55.205225787651,79.6308021883353,219.033958488586,0,0,0,0,0,0,0,0,750.259118523345,340.127756357415,2731.0768842087,2754.1376347905
"289",2014,2304,24,2928.46013456674,2273.32443154953,685.305351918476,1254.49280238874,263.054960080408,306.081654646768,213.333822055943,586.769814059753,0,0,0,0,0,0,0,0,0,0,1.15099151893998,2.12342324069942,0.520776619962474,0.604446821806808,0.428827490073826,1.17668265345245,0,0,0,0,0,0,0,0,5921.38442524181,4188.32011006919,1006.27052500839,1898.846982032,600.384878816062,726.828268801574,1027.91050318608,2883.20818853302,227.509058913756,160.921956461641,38.7929374545199,73.2099685349469,23.1379081857336,28.0112718042353,39.6794012712109,111.293419020717,20023.0081161599,13988.0439556766,3636.1559631463,6683.49038763831,2427.15275097143,2811.79754756201,3446.40785523083,9390.17827707431,769.31368022156,537.443064352641,141.586004983476,260.787953467273,95.2203130820167,110.411418734762,135.699201351745,369.859222942397,0,0,7.51236434584408,14.0611174007003,5.19965037528501,6.06590525172534,7.86038904696647,21.5117493167703,0,0,0,0,0,0,0,0,407.770985357484,301.937266892438,362.425070071413,713.208789099708,377.319461101959,488.417115253259,216.381066779514,651.304269855731,15.6672096139635,11.6009127228565,13.9215123491531,27.3898239403564,14.4683541314404,18.7289312910107,8.30632996320722,25.0022983461736,270.385945351914,198.949791644396,328.331691181327,663.676942406746,369.022440855128,471.028898367233,251.237026279005,760.336371765515,10.3886573348677,7.64396921544629,12.6112061942319,25.4855911730936,14.1515008208161,18.0632838877806,9.64171328786446,29.1790440250541,0,0,45.7284841924121,97.4355247309573,45.3491026070703,54.9270382398552,80.2511202891532,221.020448101502,0,0,0,0,0,0,0,0,753.391605136876,341.384973217845,2744.00498423448,2764.28105644204
"290",2014,2304,24.0833333333333,2918.40373731068,2264.95715789451,680.49972333756,1245.76751685307,261.462403995866,302.760529530757,213.058291921375,588.558145326343,0,0,0,0,0,0,0,0,0,0,1.14317869009165,2.10738671985042,0.517654442145902,0.597846737219567,0.428292303152575,1.1802498908704,0,0,0,0,0,0,0,0,5925.02378271502,4187.44641995688,1001.2908183251,1887.12208027044,600.707516302758,722.482848707456,1035.65906916604,2911.28222269534,227.648888847826,160.888387890347,38.6011156740999,72.7580218392977,23.1503513655068,27.8438131807605,39.9787307487516,112.377619251515,20021.4120379031,13974.8296029246,3614.77842966662,6636.96057130151,2425.46172297942,2791.75870812868,3472.2469494976,9482.17585679713,769.252390864444,536.93534702793,140.755115095741,258.969097550962,95.1537407257307,109.622199450156,136.716074016614,373.475943649145,0,0,7.47505775204939,13.9676748803634,5.19744685032087,6.02408896273339,7.92009492864348,21.7239218684207,0,0,0,0,0,0,0,0,408.280256812852,302.028867215065,360.968780870365,709.039312971046,377.766371497713,485.657943681161,218.098778551323,658.116479236523,15.686776691435,11.6044321524571,13.8656294028123,27.2298681953306,14.4855673680017,18.6232726083853,8.37232423526284,25.2639927259765,270.59609642682,198.912473994081,326.91744249924,659.352871930494,369.441005962208,468.258726780246,252.812286346055,766.804421502818,10.3967317226644,7.6425354105184,12.5569540296384,25.3197370794411,14.1676572120482,17.9572321628052,9.70231133357465,29.4277300482792,0,0,45.5112833698515,96.703929721654,45.3323632173963,54.5100725604151,80.8935706046447,223.178037156873,0,0,0,0,0,0,0,0,756.522644539151,342.652641520869,2756.91459592054,2774.45714012696
"291",2014,2304,24.1666666666667,2908.50915859738,2256.73888584885,675.839712096026,1237.3029184873,259.870308841761,299.511695255534,212.75788218594,590.178763873803,0,0,0,0,0,0,0,0,0,0,1.1353927350923,2.09170393430054,0.514536233708165,0.59138307138308,0.427713495931779,1.18351274618603,0,0,0,0,0,0,0,0,5928.46305972209,4186.4351600159,996.389998713049,1875.55132665283,600.958819785028,718.142809270053,1043.36406429358,2939.15410425715,227.781031370423,160.849533666239,38.4123138832861,72.3119976012857,23.1600462632305,27.6765631265957,40.2763758066492,113.454020510807,20019.8261636458,13961.6769091913,3593.80705828973,6591.22622388959,2423.58743385214,2771.88999453319,3497.93652891449,9573.30457218826,769.191493059724,536.429998753509,139.939842571215,257.181108181788,95.0800375718705,108.839709091618,137.72716839621,377.058811577967,0,0,7.43708438613379,13.8745993567269,5.19484576571495,5.98258914047376,7.97947907489554,21.9342866920752,0,0,0,0,0,0,0,0,408.770248135351,302.109191546001,359.489685500442,704.879405401434,378.163531964681,482.8930829595,219.788464767142,664.733297759543,15.7056029947023,11.6075183404434,13.8088682459355,27.0702748951527,14.5008697012419,18.5173913022952,8.4372406092442,25.518186650927,270.804617812273,198.874302570003,325.504772296732,655.070413474462,369.825484772823,465.490083062922,254.388054598536,773.190902686249,10.4047434943822,7.64106880225805,12.502760189887,25.1554751295674,14.1825026834295,17.8512327945059,9.76292413439279,29.6732761231705,0,0,45.2944970181374,95.9791993213965,45.313145361287,54.096702424145,81.5351134006958,225.325136608976,0,0,0,0,0,0,0,0,759.657517592027,343.920670608416,2769.8237179939,2784.57493926926
"292",2014,2304,24.25,2898.77760351205,2248.66978328529,671.321268348612,1229.09200757469,258.280661511801,296.334641374675,212.434014733202,591.639415725309,0,0,0,0,0,0,0,0,0,0,1.12766845820361,2.07638563465354,0.511422192586186,0.585054380286294,0.427091370408286,1.18647809525586,0,0,0,0,0,0,0,0,5931.68918240799,4185.27796697707,991.560536714197,1864.12307284323,601.138119154603,713.805327734544,1051.02073677711,2966.80437179032,227.904984163132,160.80507245914,38.2262445885979,71.8714499345033,23.16696708759,27.5094130198647,40.5721538705164,114.52187455996,20018.260981949,13948.5924900253,3573.23636373332,6546.27686857128,2421.53849410231,2752.19453840175,3523.47988065412,9663.58447403932,769.131389799609,535.927273709189,139.139982365937,255.4235870845,94.9995365455054,108.064067917908,138.732611439495,380.608606122038,0,0,7.39869071101991,13.7820839627836,5.1918424015017,5.94139939541981,8.03853420038732,22.1428419354098,0,0,0,0,0,0,0,0,409.241362863519,302.178376896556,357.992693956028,700.733318008754,378.511797367697,480.123713735563,221.451509734071,671.168115089423,15.7237040283635,11.6101765510089,13.7514174801896,26.911207400953,14.5142939009463,18.4113327474758,8.50113226621171,25.765393853972,271.012416539746,198.836081817802,324.094196993333,650.831344547301,370.177450736282,462.726048856841,255.963436242442,779.492075139895,10.4127274996256,7.63960029875302,12.448644544109,24.9928737109276,14.1960976372619,17.7454041870967,9.82351749803912,29.9155391173617,0,0,45.0780694227443,95.2612971710491,45.2915052632364,53.6869475104175,82.1757618934902,227.461908144974,0,0,0,0,0,0,0,0,762.7960779616,345.189013455073,2782.7308789015,2794.63443105794
"293",2014,2304,24.3333333333333,2889.20981598089,2240.74967639395,666.940388911187,1221.12784040836,256.695294191839,293.228763661497,212.088049947249,592.947550777296,0,0,0,0,0,0,0,0,0,0,1.12003360640351,2.06143880966385,0.508313328582832,0.578859388006626,0.426426675212761,1.18915388646558,0,0,0,0,0,0,0,0,5934.69207300898,4183.96861477845,986.796137648634,1852.82788427268,601.245403294622,709.46870774289,1058.62493115998,2994.21556690001,228.020360022152,160.754765053793,38.0426675048168,71.4360177464692,23.1711133856458,27.3422975241998,40.8659052339105,115.580509949843,20016.724765081,13935.5814184974,3553.06041282431,6502.10127247265,2419.3230134888,2732.67489872679,3548.87989982308,9753.03405951863,769.07239892299,535.427366810309,138.355311887958,253.696106347912,94.9125512703022,107.295374004944,139.7325148936,384.126046579236,0,0,7.36007659673664,13.6902822216997,5.18843731152128,5.90051596961477,8.0972545074808,22.3495872597877,0,0,0,0,0,0,0,0,409.69393321424,302.23652330704,356.481993667441,696.604537897857,378.811963217778,477.350782284459,223.089119605321,677.432897921111,15.7410925567251,11.6124106278623,13.6934379698985,26.7527997214078,14.5258704563293,18.3051333015574,8.56404554220763,26.0060734455087,271.220200870319,198.798446206456,322.686344335417,646.637142985464,370.498214722431,459.969189517028,257.537613415071,785.705283362625,10.4207109509252,7.6381542773158,12.3946312371414,24.8319897032071,14.2084924023761,17.6398449356179,9.88406018058263,30.1544174963735,0,0,44.8619793931144,94.5502070390532,45.2674930513867,53.2808201740539,82.8155235661763,229.588499230769,0,0,0,0,0,0,0,0,765.938182124388,346.457623527741,2795.63466526265,2804.63562531539
"294",2014,2304,24.4166666666667,2879.80614489578,2232.97810177028,662.693131016259,1213.40355684413,255.115894408049,290.193376425228,211.721290296203,594.110332417789,0,0,0,0,0,0,0,0,0,0,1.1125100859425,2.04686734579318,0.50521121190835,0.572796902719908,0.425720500696905,1.19154886473956,0,0,0,0,0,0,0,0,5937.46418241501,4182.50267028817,982.091556511546,1841.65815439761,601.281175845234,705.132131568366,1066.17301717285,3021.37210363784,228.126868898604,160.698441122183,37.861382474988,71.0054099628818,23.1725045037717,27.1751850783083,41.157490333101,116.629327033813,20015.2239186393,13922.647476674,3533.27292898233,6458.6876377413,2416.94865569799,2713.33315333991,3574.13913977643,9841.67041531454,769.014766548474,534.930423369757,137.585595026409,251.998215812267,94.8193781830681,106.533706787112,140.726977258841,387.611797693732,0,0,7.32140368410681,13.5993153613158,5.18463496765255,5.85993710106014,8.15563539661746,22.5545235345594,0,0,0,0,0,0,0,0,410.128235708353,302.283704133252,354.961157133531,692.495927570232,379.064802105492,474.575084308854,224.702344381618,683.538327660748,15.7577792041625,11.6142233894503,13.6350669727162,26.5951618829803,14.5356289765437,18.1988235270333,8.62602077306114,26.2406351969195,271.42851140851,198.761886304379,321.281913617134,642.489012686264,370.788870020385,457.221623326941,259.109840346293,791.828795385516,10.42871461918,7.63674958636913,12.3407471626908,24.6728694662641,14.2197289595237,17.5346364782097,9.94452369992131,30.389845139028,0,0,44.6462325445021,93.8459273177942,45.24115454942,52.8783269749148,83.4544012078714,231.705045153374,0,0,0,0,0,0,0,0,769.083688905725,347.726454655982,2808.53371580157,2814.57855842103
"295",2014,2304,24.5,2870.56661365972,2225.35436021741,658.575620131461,1205.91239770582,253.544019612908,287.227725994766,211.334985726575,595.134658099892,0,0,0,0,0,0,0,0,0,0,1.10511516340413,2.03267268051363,0.502117766745371,0.566865755746631,0.424974184156904,1.19367232407223,0,0,0,0,0,0,0,0,5940.00001061328,4180.87714332945,977.4424037772,1830.60772094915,601.246322730596,700.795431537386,1073.66181035653,3048.26007739739,228.2242994732,160.635985776936,37.6822220435116,70.5793908275964,23.1711744979657,27.0080691182575,41.4467867056474,117.667790657344,20013.7633392727,13909.7934104196,3513.86738931189,6416.02377419399,2414.42270023518,2694.17098975165,3599.25986729838,9929.50939898998,768.958680818556,534.436548887885,136.830585908238,250.32944976394,94.7202989245581,105.779130575552,141.716085930848,391.066476671318,0,0,7.28280347777786,13.5092793107403,5.18044260115217,5.81966246257684,8.21367319731498,22.757652584501,0,0,0,0,0,0,0,0,410.544505802444,302.319975152383,353.433254301254,688.409859609359,379.271088465987,471.797328999637,226.292103052612,689.493974708045,15.7737730172975,11.6156169788217,13.5764224527333,26.4383851001507,14.5435991430376,18.0924306554068,8.68709326003077,26.469446229754,271.637753275678,198.726775973917,319.881642568821,638.387919692349,371.050339304654,454.485100824495,260.67943539341,797.861627138296,10.4367540698111,7.63540059030184,12.2870206921824,24.5155502255148,14.2298427427261,17.4298461376821,10.0048820296557,30.6217845980155,0,0,44.4308542468474,93.1484662508874,45.212532772636,52.4794700800219,84.0923939228647,233.811671137216,0,0,0,0,0,0,0,0,772.232459023895,348.9954609233,2821.42671494931,2824.46328819621
"296",2014,2304,24.5833333333333,2861.49095481776,2217.87754409006,654.584057085973,1198.64771908132,251.98110280816,284.330997697489,210.930335369184,596.02716396868,0,0,0,0,0,0,0,0,0,0,1.09786206760619,2.0188541381647,0.499035169184155,0.561064773740176,0.424189260502703,1.19553397243905,0,0,0,0,0,0,0,0,5942.29586495606,4179.09030876866,972.845046014736,1819.67166774723,601.142044344428,696.4589711832,1081.0885353672,3074.867188186,228.312509868509,160.56733273566,37.5050476546528,70.1577723098615,23.1671695279108,26.8409635128013,41.7336875851995,118.695427229386,20012.346595419,13897.0210591338,3494.83707939746,6374.09719590043,2411.75206816493,2675.18974837181,3624.24408909024,10016.5657218474,768.90427884386,533.945814037203,136.090031011527,248.689330672307,94.6155813350108,105.031696233096,142.69991822892,394.490656380805,0,0,7.24438134757656,13.4202481506789,5.17586963993532,5.77969288087667,8.27136503909395,22.9589770989612,0,0,0,0,0,0,0,0,410.942945657674,302.345379528204,351.900908775002,684.348283539576,379.431608640898,469.018167487078,227.859196443705,695.308384615831,15.7890817634882,11.6165930543974,13.5176052375575,26.2825443419923,14.5498110970275,17.9859796824858,8.7472937632371,26.6928343228287,271.84821263969,198.693386371757,318.48628935868,634.334612165398,371.283400724428,451.761048899714,262.245776890458,803.80344535484,10.4448402978568,7.63411770738721,12.233480983713,24.360060838583,14.238863640094,17.3255288125275,10.0651114393359,30.8502233733257,0,0,44.2158859963753,92.4578394568522,45.18166866095,52.0842479556027,84.7294976393082,235.908493325441,0,0,0,0,0,0,0,0,775.384354902138,350.264596627485,2834.31239106242,2834.28989214769
"297",2014,2304,24.6666666666667,2852.57865531564,2210.54657240945,650.7147234594,1191.60300419102,250.428462051466,281.502324964648,210.508490815388,596.794237327367,0,0,0,0,0,0,0,0,0,0,1.09076076195205,2.00540935550827,0.49596572352378,0.555392745653804,0.423367402301046,1.19714377189286,0,0,0,0,0,0,0,0,5944.34954714072,4177.14147841788,968.296478841033,1808.84607854484,600.96977206999,692.123502325813,1088.45077333854,3101.18260673917,228.391415622229,160.492455557073,37.3297447937109,69.740404674622,23.1605446488353,26.6738970737414,42.0180998847973,119.711819601592,20010.9761609921,13884.3315218312,3476.17515731959,6332.89523294968,2408.94336046606,2656.39047901334,3649.09358863852,10102.8530735538,768.851655681733,533.458261043454,135.363671641656,247.077373523931,94.5054809356326,104.291443363298,143.6785428271,397.884870172108,0,0,7.20622167032425,13.3322785387936,5.17092700375648,5.74002998619106,8.32870868557002,23.1585004965861,0,0,0,0,0,0,0,0,411.3237335232,302.359953570893,350.366370970589,680.312810552577,379.547173061036,466.238227556232,229.40432429835,700.989198511021,15.803712291356,11.6171530112723,13.4587018259224,26.1277015847204,14.554295908246,17.8794947043223,8.80664915784909,26.9110925346067,272.060078044235,198.661904001397,317.096612029967,630.329646069235,371.488719428159,449.050624946704,263.808297627067,809.654448359248,10.4529805474798,7.63290810338749,12.1801571925133,24.2064227813134,14.2468172031951,17.2217290538145,10.1251902823017,31.0751693377827,0,0,44.0013809448481,91.7740669388044,45.1486019705151,51.6926562279225,85.3657057715327,237.995620172151,0,0,0,0,0,0,0,0,778.539240416829,351.533816231017,2847.18951304218,2844.05846475807
"298",2014,2304,24.75,2843.82899150376,2203.36021802612,646.963985483498,1184.77187211012,248.887308170723,278.740796704658,210.070558611992,597.442026408265,0,0,0,0,0,0,0,0,0,0,1.08381852196305,1.99233460382728,0.492911780448691,0.549848404589669,0.422510376482552,1.19851182098961,0,0,0,0,0,0,0,0,5946.16011366623,4175.03082676817,963.794228359081,1798.12785090738,600.731108086989,687.790061505527,1095.74642114004,3127.19686333764,228.460980483542,160.411360945402,37.156219217564,69.3271693521313,23.1513614974686,26.5069095765489,42.299942636014,120.716602815853,20009.6535940485,13871.7252838253,3457.8747025731,6292.40511517587,2406.0028864636,2637.77398237768,3673.80995484177,10188.38422299,768.800871200885,532.973908553002,134.651245824301,245.493089071795,94.3902420264525,103.558401918362,144.652020864927,401.249615772241,0,0,7.16839161496036,13.2454129454548,5.16562662471577,5.70067596576405,8.38570241670962,23.3562268465106,0,0,0,0,0,0,0,0,411.687030650879,302.363730871749,348.831574163266,676.304775477936,379.618621619143,463.458133458134,230.928098995515,706.543252606666,15.8176707964587,11.6172981400776,13.3997865387815,25.9739081908043,14.5570857819949,17.772999680266,8.8651829610876,27.1244830233325,272.273456898808,198.632444732667,315.713354394102,626.373407716472,371.666872210336,446.354760997098,265.36647994199,815.415270057744,10.4611789455374,7.63177623020652,12.1270779291623,24.0546510133196,14.253725592759,17.1184827582932,10.1850988072046,31.2966470531103,0,0,43.7874006629455,91.0971709855836,45.113371860799,51.3046882941434,86.0010097143914,240.073153482398,0,0,0,0,0,0,0,0,781.696980739955,352.8030743407,2860.05688827544,2853.7691159315
"299",2014,2304,24.8333333333333,2835.24105872246,2196.31713051677,643.328296724001,1178.14808407574,247.358751795717,276.045463795189,209.617602449241,597.976449402839,0,0,0,0,0,0,0,0,0,0,1.07704040624092,1.9796250538693,0.489875679353232,0.544430418331901,0.421620010581893,1.1996482619735,0,0,0,0,0,0,0,0,5947.72767581092,4172.75924592251,959.336267948711,1787.51454345577,600.427778398253,683.459888939305,1102.97365653072,3152.90174474723,228.521208727938,160.32408317667,36.984393772411,68.9179730854699,23.1396864855306,26.3400486453061,42.5791456539132,121.709460161579,20008.379685799,13859.202321995,3439.92875614862,6252.614039392,2402.9366874238,2619.3408435255,3698.39460645422,10273.1711082887,768.751955806632,532.492755677341,133.952489858018,243.935986447673,94.2700985969142,102.832593496908,145.620406895567,404.585358762007,0,0,7.13094418475771,13.1596822368976,5.15998109502456,5.66163337672272,8.44234493743734,23.5521608179402,0,0,0,0,0,0,0,0,412.032986783706,302.356745468632,347.298181381455,672.325286238799,379.646825113532,460.678517292075,232.431057513583,711.976667691013,15.8309630321656,11.6170297486021,13.3409233191015,25.8212068077334,14.558214115157,17.6665188719569,8.92291579192056,27.3332404826689,272.488389351571,198.605065644219,314.337235825397,622.466134764205,371.818368150367,443.674202174509,266.919851089058,821.086896998818,10.4694370345995,7.63072428089698,12.074270867531,23.9047547839821,14.2596083707315,17.0158186439734,10.2448189800726,31.5146945876406,0,0,43.5740126041755,90.4271745886444,45.0760173051806,50.9203357918215,86.6353992464152,242.141189272884,0,0,0,0,0,0,0,0,784.857442234906,354.072325704799,2872.91336119295,2863.42197002328
"300",2014,2304,24.9166666666667,2826.8137970772,2189.41585607547,639.804199912265,1171.72554811223,245.843809869618,273.415344902035,209.150645145764,598.403202998147,0,0,0,0,0,0,0,0,0,0,1.07042965859064,1.96727500267641,0.486859702998141,0.539137383576356,0.42069816482814,1.20056320374817,0,0,0,0,0,0,0,0,5949.05322660825,4170.32822052518,954.920946251442,1777.00424651684,600.061594084275,679.134362262446,1110.13090712464,3178.29019650311,228.572138509352,160.230679293283,36.8142056396921,68.5127429747909,23.1255893093291,26.1733672054128,42.855648347957,122.690119436401,20007.1545894085,13846.7621954277,3422.33035435915,6213.50922532876,2399.75055714586,2601.09146022243,3722.84881375703,10357.2249191139,768.704915389579,532.014785475738,133.267139625797,242.405575338001,94.1452751201224,102.114032443138,146.583749726235,407.89253575245,0,0,7.09392079866584,13.0751078604377,5.15400337982736,5.62290499099216,8.49863530160802,23.7463076400647,0,0,0,0,0,0,0,0,412.361744699645,302.339034382256,345.767625860594,668.375265247863,379.632685224506,457.900026483135,233.913672023539,717.294930007867,15.8435944842387,11.6163492592407,13.2821672845438,25.6696329573959,14.5577154956657,17.5600771319541,8.97986577813058,27.5375752470224,272.704860342557,198.57977532703,312.968943439183,618.607935132968,371.943665949964,441.009539790279,268.467979078967,826.670596620003,10.4777542360517,7.6297525855376,12.0217624442095,23.7567383587495,14.2644831657071,16.9137595202851,10.3043343247125,31.7293607634749,0,0,43.3612879935867,89.7641001543794,45.0365774088298,50.5395889837454,87.268862876406,244.199818528225,0,0,0,0,0,0,0,0,788.020492384665,355.341525219895,2885.757812075,2873.01716508715
"301",2015,2304,25,2818.65419729791,2182.67319332087,636.061401883572,1164.8132745124,244.307086088413,270.420756406346,208.762577963391,599.660991819632,0,0,0,0,0,0,0,0,0,0,1.06390027440987,1.95445503260904,0.48379516058008,0.533122897632144,0.419913913873933,1.20296599809287,0,0,0,0,0,0,0,0,5950.4869630921,4168.04013148119,950.143617901114,1765.56974445717,599.547104591508,673.746936826654,1117.39773363433,3205.2198700561,228.627224957848,160.142767253171,36.6300989012517,68.0719133820756,23.1057766504139,25.9657611018112,43.1363718214892,123.730185147369,20007.0867801532,13835.2829301576,3403.60085043692,6171.49527042192,2396.0961137323,2578.93179316408,3747.85391628815,10447.3808292943,768.702339236155,531.57373311516,132.538259184392,240.762194807172,94.002102993778,101.24199538221,147.568700853844,411.438836488435,0,0,7.05678441506612,12.9862352765053,5.14695155561055,5.57564512962604,8.55601985708764,23.9533064392628,0,0,0,0,0,0,0,0,412.707695864464,302.340049842477,344.196582290509,664.171193610457,379.550965897259,454.444597789638,235.477459883091,723.551931073011,15.8568865275257,11.6163882737704,13.2218539974329,25.5082974834361,14.5546222131456,17.4276712288192,9.03992812120998,27.7779210654014,272.938333395163,198.570761519767,311.571319074253,614.528054408947,371.988377891111,437.665921808719,270.097895532831,833.138743952147,10.4867246830591,7.62940625974004,11.9681252316755,23.6002036080716,14.2662641657892,16.7856561169608,10.3669842400315,31.9779524139484,0,0,43.1462423892473,89.0708455103,44.9884816525256,50.0829059875289,87.9125546252126,246.368778163191,0,0,0,0,0,0,0,0,791.173489317069,356.599482924047,2898.53813479619,2882.46941803698
"302",2015,2304,25.0833333333333,2810.87164269217,2176.08896542045,631.685012747733,1156.54759061531,242.695753571036,266.532282715619,208.566613324989,602.898089192041,0,0,0,0,0,0,0,0,0,0,1.05717495306137,1.93997584227743,0.480591746647438,0.525346342007096,0.419484380495185,1.20901325832469,0,0,0,0,0,0,0,0,5952.5612655242,4166.33710534931,944.51369886971,1751.94223361583,598.779197328188,665.96967099252,1125.03468338454,3236.22466920632,228.70692297445,160.077334265758,36.4132050680014,67.5466004288903,23.0761966807225,25.6660512965906,43.4313574464368,124.927325491241,20009.5775048356,13825.8773439678,3381.83546657416,6121.97375756517,2391.48373124909,2547.69841612358,3774.27729448849,10552.2622427424,768.79806536026,531.212354837591,131.692466073201,238.827167901231,93.8213932932315,100.013775116068,148.609200841054,415.56203096914,0,0,7.01790908233509,12.8852357954902,5.13784624452514,5.50873364362907,8.61641151722782,24.1920046310007,0,0,0,0,0,0,0,0,413.114899537134,302.397576159489,342.507718928852,659.326665650103,379.361253320038,449.441744943564,237.242647754075,731.962969856775,15.8725319888903,11.6185985258207,13.1570124434729,25.3223591661327,14.5473845638156,17.2359187886007,9.10771595519555,28.1009057334069,273.205403854737,198.593930689777,310.088539950703,609.864869882074,371.87835920232,432.758150509133,271.920875495346,841.723684937408,10.4969859951983,7.63029645542059,11.9112147803135,23.4212623749091,14.2621078024566,16.5975586358031,10.4370382920397,32.3077511990396,0,0,42.9247577163704,88.2991261622577,44.9229957415961,49.4498666520555,88.5810103356328,248.80090244285,0,0,0,0,0,0,0,0,794.300232902442,357.831628491882,2911.18340786621,2891.64378052818
"303",2015,2304,25.1666666666667,2803.20088571194,2169.61087122945,627.44485529378,1148.54446009693,241.093030726265,262.766842380317,208.345119849248,605.901410529177,0,0,0,0,0,0,0,0,0,0,1.050410174287,1.92573195645236,0.477413619679516,0.517811456778979,0.419016238321293,1.21469298832927,0,0,0,0,0,0,0,0,5954.47775383863,4164.52622576962,938.984327703003,1738.5417707416,597.962144331422,658.326802401178,1132.62455914543,3266.97235115038,228.78055752028,160.007757376403,36.2001646573421,67.0300162232322,23.0447220485919,25.3715206168944,43.724524644436,126.114551800729,20012.0280287924,13816.4851385964,3360.48548826859,6073.36433329272,2386.73138286002,2517.05785309655,3800.52138658531,10655.7852181763,768.892246490247,530.851490682362,130.86264862861,236.92754341631,93.6352392424503,98.8088536741462,149.642762162717,419.632229717895,0,0,6.9783681331347,12.7847262754637,5.12844360742958,5.44306814569042,8.67643107322264,24.4280418890162,0,0,0,0,0,0,0,0,413.503272697329,302.442741540425,340.799092604923,654.502934349259,379.122685245418,444.489395821267,238.968225604647,740.012881142988,15.8874539512677,11.6203338509551,13.0914097399196,25.1372149131374,14.5382703642344,17.046099470253,9.1739818546693,28.4100325114663,273.469451703761,198.615816853574,308.606486668642,605.249957687131,371.741922470001,427.925083257295,273.731241879183,850.130961190612,10.5071311731935,7.63113735596644,11.854330293,23.2441701013546,14.2569350490827,16.4123215348895,10.5066049542437,32.630727252264,0,0,42.703833680688,87.5358091649749,44.8555598095067,48.828175461364,89.248153631654,251.214938138365,0,0,0,0,0,0,0,0,797.429988287291,359.063983157315,2923.80970263401,2900.72747896516
"304",2015,2304,25.25,2795.64623575901,2163.24164674179,623.337453585694,1140.79694567483,239.500634117258,259.121171421452,208.099734770219,608.682606006462,0,0,0,0,0,0,0,0,0,0,1.04364949600452,1.91175434338068,0.474259018462601,0.510509976594217,0.418508816031258,1.22000691274414,0,0,0,0,0,0,0,0,5956.21014203297,4162.58982977363,933.544342479152,1725.34909889055,597.092248691291,650.809016542902,1140.15869481806,3297.42731254881,228.847118645088,159.933357945612,35.9905507153236,66.5214228029929,23.0112107843622,25.0818107161644,44.0155403571386,127.290495495197,20014.4589957098,13807.1200284762,3339.54673831051,6025.656049472,2381.84840067339,2487.0013278225,3826.59206003923,10757.9933928983,768.98567579313,530.491667579809,130.048652595035,235.062905129109,93.4440021910848,97.6268852500234,150.669612875769,423.651132961251,0,0,6.93841607601583,12.6849285143141,5.11873927043665,5.37861565251209,8.73607026431536,24.6614262788376,0,0,0,0,0,0,0,0,413.873330688195,302.475849705019,339.075945363257,649.705380831721,378.837335229148,439.590258164352,240.656532492697,747.729767227632,15.9016722149693,11.6216059185714,13.0252472598158,24.9530715108261,14.5273591806709,16.8583172669563,9.23881561313969,28.706379670079,273.732272470159,198.637723322464,307.126613800461,600.686325126093,371.581108542971,423.167488703182,275.529234348257,858.356720687861,10.517229204093,7.63197903668225,11.7975276630118,23.0690423779162,14.2508242196733,16.2299744687687,10.5756935265157,32.9467330331543,0,0,42.4834223327652,86.7808396774361,44.7862498045574,48.2176579546487,89.9140464629366,253.611391186665,0,0,0,0,0,0,0,0,800.562614920563,360.2964972009,2936.41563206621,2909.72134483352
"305",2015,2304,25.3333333333333,2788.21119862194,2156.98341479734,619.359305544315,1133.29807748754,237.920112545723,255.59201840673,207.832005971727,611.2528013034,0,0,0,0,0,0,0,0,0,0,1.03692800603333,1.89806668648153,0.471127334798298,0.503434441362179,0.417962125161725,1.22495970556379,0,0,0,0,0,0,0,0,5957.73756381143,4160.51410859487,928.184609463899,1712.34867543975,596.167163105876,643.409012324581,1147.6296879803,3327.55798426587,228.905804632422,159.853605418495,35.7840139338489,66.0202245520699,22.9755727493178,24.7966405878544,44.3041200004132,128.453942655146,20016.8869980271,13797.7929059302,3319.01423170353,5978.83659944904,2376.84333384346,2457.51952664901,3852.49438937918,10858.9269821924,769.078990780854,530.133304030283,129.250292233541,233.23278380192,93.2480132175715,96.4675032607266,151.689950228882,427.620308320641,0,0,6.89825843925475,12.5860169939159,5.1087335933795,5.31534611943955,8.79532222490354,24.8921676824485,0,0,0,0,0,0,0,0,414.225462128149,302.497122997042,337.342653526658,644.938276151548,378.506921095714,434.746246396271,242.309593937137,755.138813684308,15.9152017113396,11.6224232714726,12.9586931383368,24.7700931175515,14.514716918157,16.6726456999156,9.30229498055957,28.9909135143184,273.99528323406,198.660668851763,305.650292570851,596.176381638053,371.397578128695,418.485724811009,277.315053820414,866.39901468622,10.5273345343796,7.63286063977634,11.7408595830658,22.895971839576,14.2438390505628,16.0505313375701,10.6443118165627,33.2556940115126,0,0,42.2635088663899,86.0341826333015,44.7151321294447,47.618132804769,90.578739146568,255.990731001082,0,0,0,0,0,0,0,0,803.697975708702,361.529121986138,2948.99989775813,2918.62626397329
"306",2015,2304,25.4166666666667,2780.89860301205,2150.83778410947,615.506908452113,1126.04090098508,236.352864322704,252.176158941641,207.543400481443,613.622628038801,0,0,0,0,0,0,0,0,0,0,1.03027393334171,1.88468677473523,0.46801875931519,0.496577982570596,0.417376692096388,1.2295582775146,0,0,0,0,0,0,0,0,5959.04362425116,4158.28841994313,922.89765022124,1699.52793195637,595.185585937368,636.121043368593,1155.03121527239,3357.33648049394,228.955985563129,159.768090901242,35.5802683735886,65.5259398407585,22.9377579727056,24.5157889635082,44.5900203898756,129.603820608309,20019.3252892643,13788.5123473025,3298.88236621258,5932.89266942786,2371.72407149384,2428.60277030512,3878.2327783973,10958.6231449919,769.172700679001,529.776729550521,128.467357679079,231.436670776682,93.0475778842617,95.3303270026632,152.703945409054,431.541204971742,0,0,6.85806170800348,12.4881288529902,5.09843038737718,5.25323188064885,8.85418123560408,25.1202773582237,0,0,0,0,0,0,0,0,414.559959745237,302.506723492312,335.602891333361,640.205024762284,378.132920680105,429.958697189567,243.929168975066,762.262614097806,15.9280536874621,11.6227921368708,12.8918885537845,24.5884106101985,14.500400265421,16.4891360988528,9.36448747022404,29.2645008470273,274.259588553645,198.685438066952,304.178798383499,591.722017885508,371.192673941794,413.879801118674,279.088869037948,874.257454149622,10.5374896029461,7.63381231181436,11.6843750671432,22.7250312019739,14.2360310819025,15.8739926706862,10.7124663914602,33.5575954817431,0,0,42.0441032202666,85.2958164138229,44.6422660532986,47.0294142647347,91.2422723573901,258.353395206154,0,0,0,0,0,0,0,0,806.835936080352,362.761809638486,2961.56127376301,2927.44316034053
"307",2015,2304,25.5,2773.71069979246,2144.80592672017,611.77677672774,1119.0185099686,234.800151995712,248.870405424915,207.235311613408,615.802253039928,0,0,0,0,0,0,0,0,0,0,1.02370985277364,1.87162754908405,0.464934049211125,0.48993418763744,0.416753438462515,1.23381125840128,0,0,0,0,0,0,0,0,5960.11567059146,4155.90476031218,917.677354291135,1686.87671458468,594.147039721858,628.940583467748,1162.35788685749,3386.73828634609,228.997175297907,159.676506886345,35.3790804625107,65.0381795803902,22.8977481501351,24.2390814705428,44.8730341633216,130.739185982518,20021.7843312462,13779.2850009278,3279.1450639119,5887.81019480387,2366.4979360422,2400.24113411965,3903.81105595409,11057.1162982437,769.267207451966,529.422199580049,127.699620411615,229.674027903117,92.8429798482578,94.2149663122697,153.711747261922,435.41516580898,0,0,6.81796055406482,12.3913710450151,5.08783605208518,5.19224723934389,8.91264254321701,25.3457677011776,0,0,0,0,0,0,0,0,414.877042934068,302.504768279206,333.859753530211,635.508338884162,377.716645104437,425.228511690829,245.516788863439,769.121458884878,15.9402365728323,11.6227170134884,12.8249524334028,24.4081282787952,14.4844595097894,16.3078230664135,9.42545184506278,29.527920054818,274.526031764119,198.71262064232,302.713307987696,587.324678239349,370.967474748223,409.349438380894,280.850820170662,881.932925433294,10.5477268120837,7.63485670902528,11.6281193419878,22.5562760439753,14.227441729359,15.7003479124047,10.7801627155197,33.852471651505,0,0,41.8252341780712,84.5657286435815,44.5677053804225,46.4513138861633,91.9046786307348,260.699793305402,0,0,0,0,0,0,0,0,809.976363345413,363.99451283281,2974.09859605394,2936.17298569209
"308",2015,2304,25.5833333333333,2766.64922897277,2138.88863051849,608.165455504223,1112.22407201537,233.263111752733,245.671614925853,206.909063268637,617.801394134053,0,0,0,0,0,0,0,0,0,0,1.01725350401111,1.85889781894437,0.461874374510682,0.483497015480091,0.416093599171971,1.23772863684859,0,0,0,0,0,0,0,0,5960.94429318776,4153.35740335289,912.518782015358,1674.38690113345,593.051719422563,621.864100082575,1169.60514758219,3415.7420517419,229.029012303164,159.578633358314,35.1802614457632,64.5566325486685,22.8555508183603,23.96638193655,45.1529859935367,131.859216828885,20024.2721688737,13770.1158531625,3259.79587070876,5843.57454017525,2361.17174394559,2372.42453211802,3929.23254148959,11154.4383270242,769.362820202229,529.069905702526,126.946837099752,227.944294507235,92.6344832123581,93.1210248286779,154.713484835119,439.243435569137,0,0,6.77806270042521,12.2958251379371,5.07695900009202,5.13236819525155,8.97070224335392,25.5686521177438,0,0,0,0,0,0,0,0,415.176873474592,302.491340114393,332.115838395669,630.850355409416,377.259285607301,420.556247796406,247.073784064464,775.733533884699,15.9517565832984,11.6222010809688,12.7579846402362,24.2293283151212,14.4669403365412,16.1287280240597,9.48523915406007,29.7818687311339,274.795230533293,198.742638475835,301.254898079467,582.985412978438,370.722835125099,404.894113181363,282.601021010881,889.427385431898,10.5580698935831,7.63601004140358,11.5721337935058,22.3897468114083,14.2181038084848,15.5295771319616,10.8474052341532,34.1403977795074,0,0,41.6069453381998,83.8439133375911,44.4914995644457,45.8836417422065,92.5659833884768,263.030309063967,0,0,0,0,0,0,0,0,813.119126285067,365.227184660878,2986.61075646823,2944.81671286986
"309",2015,2304,25.6666666666667,2759.71549462416,2133.08635764318,604.669533155605,1105.6508516263,231.742764964653,242.576695910102,206.56591542737,619.629344187943,0,0,0,0,0,0,0,0,0,0,1.01091868768151,1.84650304443971,0.458841157475716,0.477260705119519,0.415398635970575,1.24132138064193,0,0,0,0,0,0,0,0,5961.52277466013,4150.64250264267,907.417951446049,1662.0519935007,591.900331690151,614.888819027771,1176.76916226782,3444.32931704524,229.051238486422,159.474322531442,34.9836592264908,64.081049770072,22.8111931843697,23.6975833545523,45.4297281919191,132.963202125871,20026.7948437254,13761.0085205191,3240.82806010724,5800.17068442956,2355.75187446,2345.14280119348,3954.50012007516,11250.6188440923,769.459771061563,528.719986870026,126.208753613301,226.246894564115,92.4223351855206,92.0481032578499,155.709270292669,443.027170872361,0,0,6.73845421983283,12.2015525260141,5.06580904375077,5.07357214032988,9.02835714866511,25.7889448780541,0,0,0,0,0,0,0,0,415.459571989436,302.466498474154,330.373338089777,626.232760633875,376.761961848223,415.942216974672,248.601314481299,782.115155165204,15.9626183533788,11.6212466244858,12.6910694413778,24.0520756019045,14.4478856846719,15.9518629321741,9.54389389358669,30.0269726898869,275.067616147957,198.775775566008,299.804545415765,578.704934964131,370.4594278481,400.513103111924,284.339562466031,896.743645298137,10.56853541818,7.63728322062589,11.5164559712583,22.225470992772,14.2080431599968,15.3616527556817,10.9141975077266,34.4214818755117,0,0,41.3892908490607,83.1303679258315,44.4136948879868,45.3262076396426,93.2262061024226,265.34530341853,0,0,0,0,0,0,0,0,816.264094734772,366.459778498814,2999.09669570054,2953.37532868833
"310",2015,2304,25.75,2752.91042350132,2127.39929017912,601.285650641594,1099.29222737785,230.240027626089,239.582613267938,206.207068466511,621.294990972073,0,0,0,0,0,0,0,0,0,0,1.0047159414207,1.83444593092728,0.455835966640629,0.471219718994125,0.414670174813766,1.24460115534956,0,0,0,0,0,0,0,0,5961.84666379675,4147.75778490434,902.371673905163,1649.86680865636,590.693976581915,608.012552408344,1183.84672525758,3472.48427932216,229.063682825005,159.363487062783,34.7891520691563,63.6112326720297,22.7647175831537,23.4326012744669,45.7031372416406,134.050532836565,20029.3567137642,13751.965475086,3222.23471208177,5757.58335932808,2350.24432114022,2318.38576194837,3979.61630134351,11345.6854043977,769.558227474645,528.372538064,125.485108075221,224.581242073181,92.2067680757937,90.9958017339625,156.699201202805,446.767448515339,0,0,6.69920343441008,12.1085982208299,5.05439697476039,5.0158376365334,9.08560469219655,26.0066610438112,0,0,0,0,0,0,0,0,415.725230121608,302.430287645692,328.634106642767,621.656880246037,376.225751508654,411.386548137642,250.100393903663,788.280967678646,15.9728254041486,11.6198553456243,12.6242781179443,23.8764211684401,14.4273368845274,15.7772327446638,9.60145494647163,30.2637935920084,275.34346425321,198.812201353971,298.363129968558,574.483668592698,370.177779275361,396.205526524324,286.066514830319,903.885193937034,10.5791339766087,7.63868275689125,11.4611197095038,22.0634649984318,14.1972800068446,15.196541091764,10.9805422986448,34.6958579268552,0,0,41.1723323530897,82.4250912453572,44.3343352812444,44.7788220032907,93.8853611860146,267.645116716051,0,0,0,0,0,0,0,0,819.411139324131,367.692247930719,3011.5553989969,2961.84982929473
"311",2015,2304,25.8333333333333,2746.23461528496,2121.82736927154,598.010508860678,1093.14170529049,228.755718836307,236.686392187567,205.833666967971,622.806835722591,0,0,0,0,0,0,0,0,0,0,0.998653103383155,1.82272692645478,0.452860437383487,0.465368701926607,0.413909955583305,1.24758009504336,0,0,0,0,0,0,0,0,5961.91341396043,4144.70229028482,897.377415704934,1637.82722294841,589.434051713329,601.233560729881,1190.8351816889,3500.19357315201,229.066247473038,159.246090073249,34.5966433045231,63.147023284238,22.7161777961168,23.1713685058017,45.9731107799432,135.120693520618,20031.9607245325,13742.9882352517,3204.00877822567,5715.7971623895,2344.6547348624,2292.14326673602,4004.58327047519,11439.6636993355,769.658302618772,528.02761762324,124.775633384399,222.946745440618,91.9880009551733,89.9637216848743,157.683362517261,450.465272979849,0,0,6.66036411353543,12.0169939356105,5.04273423684424,4.9591442338356,9.14244284726042,26.2218164230847,0,0,0,0,0,0,0,0,415.973920399567,302.382743211482,326.899716356085,617.123751534074,375.651710906053,406.88923560518,251.571911310572,794.244125116313,15.9823805222715,11.6180286115197,12.5576711303057,23.7024049635875,14.405334450223,15.6048372523676,9.6579564004311,30.492835850667,275.622921127287,198.85199062624,296.931439426795,570.321793492533,369.878300097717,391.970377421251,287.781929800672,910.856046141824,10.5898711891223,7.64021152361695,11.4061552999282,21.9037358381007,14.1858301337594,15.0342036690291,11.0464416487155,34.9636800708866,0,0,40.956136545093,81.7280820104311,44.2534629593667,44.2412965760922,94.5434587539446,269.930070661918,0,0,0,0,0,0,0,0,822.560131300449,368.924546702101,3023.98589301072,2970.24121667049
"312",2015,2304,25.9166666666667,2739.68838612011,2116.37032897104,594.840874430551,1087.19292921845,227.290568484151,233.885121113555,205.446803124484,624.173010614345,0,0,0,0,0,0,0,0,0,0,0.99273578938426,1.81134464391779,0.449916210294654,0.459702449771025,0.413119790984435,1.25027061283192,0,0,0,0,0,0,0,0,5961.72207257897,4141.47614989546,892.433180848057,1625.9299585625,588.122173585375,594.550441305982,1197.73235810391,3527.44606391387,229.058895831176,159.122136600345,34.4060568379743,62.6882960533489,22.6656360286701,22.9138308297126,46.2395649381167,136.173254421451,20034.6086419518,13734.0775289779,3186.14313605456,5674.79664973551,2338.98846039996,2266.40523803924,4029.40293285049,11532.5777337977,769.760064348389,527.685253517067,124.0800593202,221.342811087298,91.7662410748651,88.9514673228702,158.661828304632,454.121583275753,0,0,6.62197815071556,11.9267606528307,5.03083266147217,4.90347231674753,9.19887005919252,26.4344275367912,0,0,0,0,0,0,0,0,416.205704310569,302.323897295163,325.171505208051,612.634182330033,375.040889723023,402.450176213738,253.016649488475,800.016452516349,15.9912860701905,11.6157676564136,12.4912999380555,23.5300581195648,14.3819186458783,15.4346725091912,9.7134282634311,30.714552874686,275.906026362726,198.895140648033,295.510174303453,566.219283014417,369.561311665811,387.8065551885,289.485842467887,917.660612690694,10.6007485769398,7.64186941572799,11.3515896875813,21.7462825984848,14.1737058972839,14.8745983780297,11.1118969556441,35.2251176104419,0,0,40.7407731779104,81.0393376125694,44.1711189310374,43.7134449799933,95.2005052796714,272.200470049582,0,0,0,0,0,0,0,0,825.710942413591,370.156628694726,3036.38724337467,2978.55049587083
"313",2016,2304,26,2733.22518010767,2110.87246524161,591.454410555807,1081.59065466691,226.436516566506,233.238299605226,204.288720070254,622.749597339311,0,0,0,0,0,0,0,0,0,0,0.987309947062015,1.80133354265601,0.448178417875182,0.45827445054522,0.410856789857532,1.24764409938409,0,0,0,0,0,0,0,0,5961.83613099847,4138.54485329355,887.332757343155,1614.64191345175,588.298076162504,593.223078429113,1202.75952590317,3548.04022655504,229.063278138051,159.00951149726,34.2095137245269,62.253117446135,22.6724325210471,22.8627031253157,46.4339465533111,136.96919823559,20039.0350384947,13726.5272068666,3167.7981189274,5636.12672214284,2339.38450214577,2261.23918245824,4047.20689997234,11601.4062436865,769.930157553146,527.395157558356,123.366761606749,219.830746419141,91.7823508268221,88.7466512131757,159.365431336604,456.833623086035,0,0,6.58643480388199,11.8447990701881,5.03190673831942,4.89225040510771,9.24016068510712,26.5947629834384,0,0,0,0,0,0,0,0,416.520517278386,302.307685789656,323.564097988689,608.544281830131,375.543817161701,401.737096985011,253.467596214074,801.89183631701,16.003381726032,11.6151447835754,12.4295675277491,23.373057647741,14.4012093992366,15.407402448063,9.73078373933107,30.7867936240169,276.222582825107,198.966782045967,294.190573794394,562.491003839376,370.204568525978,387.161095299669,290.156042362315,920.577244430055,10.6129112135955,7.64462199209241,11.3009275387608,21.6031978961087,14.1984068896766,14.8499392294988,11.1376979841977,35.3374080622558,0,0,40.5419738428474,80.4067580687879,44.2034612156159,43.5825787651124,95.7331322206416,274.028007738457,0,0,0,0,0,0,0,0,828.792040759171,371.360276407128,3048.48501626059,2986.60285710765
"314",2016,2304,26.0833333333333,2726.90689807295,2105.37790201512,587.856229633355,1076.359027171,226.206338909976,234.780214148687,202.334156452198,618.485938419363,0,0,0,0,0,0,0,0,0,0,0.982179567319512,1.79255673866272,0.447690118250545,0.461185220640971,0.407053965511327,1.23953295474476,0,0,0,0,0,0,0,0,5962.19804591147,4135.86617379336,882.051982703027,1603.95270702514,590.031229636537,597.456734986596,1205.67017954767,3561.23155343392,229.077183487772,158.906592347201,34.0060797192098,61.8410880608231,22.7392469370448,23.025896707292,46.5467568287052,137.479835467238,20045.4922516833,13720.5215704309,3148.93959046209,5599.86804138168,2346.20477162164,2277.54300404385,4057.54577257768,11645.0441906374,770.178277438146,527.164410906057,122.634443057659,218.413739670659,92.0505933464146,89.3846169948084,159.776517961269,458.557973830395,0,0,6.55285237691441,11.7705899273487,5.04678362746342,4.92747182037142,9.26515970250053,26.6997933480231,0,0,0,0,0,0,0,0,416.921248453264,302.33700378868,322.058273713503,604.849542994055,377.217233115712,404.946751838482,252.945622129838,800.015221710295,16.0187784955805,11.6162712271356,12.3717353570771,23.2312302994865,14.4653816129491,15.5305712011969,9.71082302128537,30.7151156831322,276.586483785022,199.075216938377,292.987176389172,559.170218676403,371.909352883635,390.25952317511,289.731428054946,919.433224962994,10.6268929006812,7.64878823337455,11.2547273650677,21.4757594607556,14.2638170273024,14.9688761267421,11.1215018805037,35.2939271371599,0,0,40.3608651937058,79.8332303830622,44.3588410552263,43.868507741227,96.131817112716,275.388412047759,0,0,0,0,0,0,0,0,831.798571131187,372.53350138246,3060.30234464468,2994.46536850714
"315",2016,2304,26.1666666666667,2720.79880822723,2100.06748499323,584.397709376093,1071.33269288482,225.950133724615,236.239245244966,200.41493512696,614.30202485556,0,0,0,0,0,0,0,0,0,0,0.976949465014445,1.78385900993184,0.447162466331625,0.463967852208169,0.40329261990057,1.23147922554464,0,0,0,0,0,0,0,0,5962.20651743568,4132.94186462565,876.819070087281,1593.35683145125,591.653318377193,601.505467331266,1208.36654387258,3573.68201130811,229.07750897728,158.794235712512,33.8044739616541,61.4326450161968,22.8017825876374,23.1819624486262,46.6513060074095,137.961920735107,20052.113942223,13714.6676368255,3130.46997769512,5564.30332105437,2352.77425232803,2293.37194145953,4067.87002420289,11688.6218196211,770.432716446732,526.939492927365,121.917079395904,217.023675522179,92.309092330883,90.0041043753044,160.18705523595,460.280076151168,0,0,6.51853922409467,11.6964997574421,5.0610952451128,4.9616485525363,9.28978231168974,26.8035869241653,0,0,0,0,0,0,0,0,417.298099734378,302.352871964252,320.525114995066,601.156744830231,378.807039334393,408.076593621126,252.520016452245,798.517868201629,16.0332577609649,11.6168809069825,12.3128513592247,23.0894737152533,14.5263432111744,15.6506728166514,9.69455500764526,30.6579749608104,276.965641788053,199.192904346617,291.799123519214,555.910306872516,373.618830056431,393.350511517554,289.328114018363,918.319942505233,10.6414607871491,7.65330997112551,11.2091150530936,21.350655368237,14.329403598863,15.0875235780298,11.1061210385856,35.2516204122699,0,0,40.1802942408915,79.266405762287,44.5113503050222,44.1484659476267,96.5299115409425,276.748064081895,0,0,0,0,0,0,0,0,834.807906453971,373.706814088243,3072.1490260101,3002.3555748903
"316",2016,2304,26.25,2714.89119505267,2094.9329274753,581.072746742102,1066.5024433831,225.669730299675,237.619208832241,198.53022005369,610.195795592227,0,0,0,0,0,0,0,0,0,0,0.971673904007676,1.77528194862194,0.446594215972239,0.466621765351843,0.399575616198772,1.22349552737887,0,0,0,0,0,0,0,0,5961.90864801675,4129.80643513971,871.642935344519,1582.87181103911,593.178079861417,605.386948579714,1210.86903052019,3585.45511131526,229.066064357861,158.67376749758,33.6050405440792,61.0284627434079,22.8605672900893,23.3315799465224,46.748377637873,138.417891267092,20058.8658883615,13708.9408424002,3112.37682373829,5529.41058970401,2359.09626674278,2308.7337521334,4078.16839559816,11732.1025695841,770.692159731634,526.719459847378,121.214193937736,215.659705909519,92.5579730106814,90.6054113328581,160.596605518971,461.998511192901,0,0,6.48374075359107,11.622722720051,5.07483479639305,4.99478388299861,9.31402274188599,26.9061160303433,0,0,0,0,0,0,0,0,417.651277402764,302.35521729511,318.969256341673,597.469388169968,380.315366211672,411.123559759243,252.178363815762,797.354869310324,16.0468274478323,11.6169710175226,12.2530935214764,22.947922334676,14.5841757228665,15.7675894331612,9.68150321259266,30.6136478365068,277.355916764885,199.317159219378,290.62102653612,552.701974813105,375.324101755386,396.426710005166,288.949812359872,917.257931027647,10.6564558049575,7.65808404137937,11.163883609106,21.2275287308707,14.3948253026715,15.2055995343058,11.0916976227745,35.2112748853232,0,0,40.000104759106,78.7060263614571,44.6609355021907,44.4224609187607,96.9272761836625,278.106554249612,0,0,0,0,0,0,0,0,837.819875086254,374.880162148145,3084.02280999399,3010.27239699977
"317",2016,2304,26.3333333333333,2709.17529679147,2089.96671004478,577.875632891369,1061.85969932762,225.36690137961,238.923782738391,196.67924699622,606.165391853732,0,0,0,0,0,0,0,0,0,0,0.966396134987409,1.76685747450813,0.445985332288091,0.469147813937056,0.395905277045595,1.21559216657321,0,0,0,0,0,0,0,0,5961.34436473239,4126.48919058846,866.530107412097,1572.51073185906,594.616526167664,609.115938948348,1213.1960233696,3596.60892024039,229.044383691691,158.546313657085,33.4080318026648,60.6290452225352,22.9160243008484,23.4753170063832,46.8386776260495,138.849975991744,20065.7192238663,13703.3204474552,3094.64885282321,5495.17005030203,2365.17479168159,2323.63681464406,4088.43117439909,11775.4545322371,770.955498212807,526.503514813508,120.525355518124,214.32106679694,92.7973861497462,91.1888600547012,161.004791087173,463.712040122737,0,0,6.44865788700788,11.5494171247634,5.0880034441433,5.02688868938421,9.33787930430783,27.0073661294978,0,0,0,0,0,0,0,0,417.981147743433,302.3440987097,317.395099631665,593.791101691055,381.744912749707,414.085917446813,251.909743488181,796.486295289508,16.0595016294394,11.6165438228807,12.1926309217402,22.8067155401099,14.6389825699374,15.8812543342519,9.67124852112215,30.5806017198162,277.753806569854,199.445726032282,289.448694100073,549.537737834164,377.017542208085,399.481505421077,288.59926844031,916.263539029326,10.6717433961051,7.66302378328176,11.118872028915,21.1060921294788,14.4597896285334,15.3228501974425,11.0783367190948,35.1735169912009,0,0,39.8201894652053,78.1518857627298,44.8075488731457,44.6905050363945,97.3237863193985,279.463512641571,0,0,0,0,0,0,0,0,840.834307423816,376.053493134689,3095.92154087617,3018.21473664364
"318",2016,2304,26.4166666666667,2703.64313756394,2085.16194823825,574.800999511173,1057.39642165865,225.043359939044,240.156510651092,194.861309452788,602.209116982612,0,0,0,0,0,0,0,0,0,0,0.961150817521664,1.75861004827104,0.445336612782854,0.471547875056454,0.39228348049026,1.20777758919887,0,0,0,0,0,0,0,0,5960.54778661241,4123.01522058818,861.48530289447,1562.28327670626,595.977535992135,612.70484370246,1215.36415038619,3607.19669810132,229.013777886458,158.412838174208,33.2136303710934,60.2347656876376,22.9684950089841,23.6136510286664,46.9228446342437,139.260219898236,20072.6494152365,13697.7888082927,3077.27572275313,5461.56362552731,2371.01426932477,2338.08994440242,4098.64995475305,11818.6497815759,771.221789280324,526.290979926513,119.850168935705,213.007060607759,93.0275007353942,91.7547898124293,161.41128481777,465.419578150587,0,0,6.41345622753913,11.4767124439163,5.10060754218022,5.05797886100036,9.36135333487604,27.1073328145105,0,0,0,0,0,0,0,0,418.288193762958,302.319674485964,315.806767445433,590.125481958878,383.098698643238,416.962911901611,251.704515390954,795.876534394047,16.0712988636722,11.6156054043484,12.1316219339602,22.6659915113126,14.6908795419292,15.9916384315508,9.66342097806881,30.5574697748498,278.156335574932,199.576701642876,288.278906525886,546.411590131542,378.692647890452,402.508998175379,288.278439806175,915.349632037757,10.6872092322353,7.66805607505559,11.0739566324483,20.9861149397831,14.5240471039765,15.4390491348835,11.0661132006163,35.1388395583311,0,0,39.6404786865101,77.6038176608318,44.9511488178753,44.9526159679761,97.7193297841508,280.818603547505,0,0,0,0,0,0,0,0,843.85103701611,377.226755086899,3107.84316761519,3026.18149552201
"319",2016,2304,26.5,2698.28743439196,2080.51231937847,571.843789853379,1053.10506344418,224.700756770049,241.320803402231,193.075750699577,598.325413816326,0,0,0,0,0,0,0,0,0,0,0.955965335073826,1.75055786658717,0.444649495711061,0.473824633899417,0.388711715463088,1.20005863339541,0,0,0,0,0,0,0,0,5959.54798538359,4119.40594961775,856.511746529388,1552.19630438707,597.268191155551,616.164035477339,1217.38843207441,3617.26723231807,228.975363924395,158.274164211689,33.0219614833102,59.845888854351,23.0182518376767,23.7469813656476,47.0014557571299,139.65049679254,20079.63569326,13692.3309719129,3060.24789115998,5428.57471014499,2376.61950121518,2352.10228663312,4108.81750215121,11861.6639992623,771.490234953968,526.081280668082,119.188269786134,211.717046651038,93.2484998780177,92.303552826364,161.815804952396,467.120180025168,0,0,6.37827112165006,11.4047132732478,5.11265730003432,5.08807401005752,9.38444861107634,27.206020098969,0,0,0,0,0,0,0,0,418.572990699381,302.282183798331,314.208086108405,586.476017529042,384.379937405057,419.754571964582,251.554194722378,795.493907087308,16.0822412520979,11.6141649513898,12.0702135740854,22.5258843072866,14.739989919038,16.098742792059,9.6576949769868,30.5430361173724,278.560991884831,199.708491885293,287.109278209415,543.318802412948,380.343936445486,405.503977502126,287.988605727212,914.526023683598,10.7027568023408,7.67311966629829,11.0290457809769,20.8674155637293,14.587387422673,15.5539963369329,11.0550759307722,35.1076183518445,0,0,39.4609340490038,77.0616894565582,45.0916999839998,45.2088167465668,98.1138058675921,282.171522582864,0,0,0,0,0,0,0,0,846.869901229476,378.399896816237,3119.785746581,3034.17158478537
"320",2016,2304,26.5833333333333,2693.10150744495,2076.01199190954,568.999230372411,1048.97852278873,224.340678694748,242.419940833804,191.321956330032,594.512843343136,0,0,0,0,0,0,0,0,0,0,0.950861054636694,1.74271400347792,0.443925880725152,0.475981381091304,0.385191135740598,1.19244077309337,0,0,0,0,0,0,0,0,5958.36972233969,4115.67966954474,851.611472058598,1542.25439470762,598.494099234595,619.502169197786,1219.28243187474,3626.86518496868,228.930093174007,158.130994572332,32.833104525479,59.46259183325,23.0655106148213,23.875641396164,47.0750322727589,140.022522556258,20086.660501847,13686.9342835387,3043.55648924087,5396.18793701058,2381.99554816848,2365.68321417823,4118.92761869749,11904.4760968017,771.760160706536,525.873930821301,118.539319584515,210.450432075011,93.4605769370969,92.8355103138383,162.218109878371,468.813025408176,0,0,6.34321253346845,11.3335031630609,5.12416554714959,5.1171962776928,9.40717079954081,27.303438779572,0,0,0,0,0,0,0,0,418.836182851815,302.231929158876,312.602574366882,582.846023132054,385.59192147014,422.461527511128,251.451326516526,795.310276114356,16.0923535497207,11.6122340870022,12.0085410623455,22.3865213352325,14.7864400549409,16.2025916188025,9.65378444633011,30.5362208524486,278.965665873406,199.839769253751,285.938124933435,540.255727060229,381.966843038519,408.461889250294,287.730473987114,913.799899784136,10.7183050512341,7.67816355211435,10.9840747814723,20.749853948804,14.6496354738569,15.6675169888877,11.045251861129,35.0801283480117,0,0,39.2815424598782,76.5253961553438,45.229173256879,45.4591357592049,98.5071241878414,283.521993739853,0,0,0,0,0,0,0,0,849.890741823232,379.572868181177,3131.7474427041,3042.18393346754
"321",2016,2304,26.6666666666667,2688.07919601271,2071.65555913607,566.262803436599,1045.01009769015,223.964647633776,243.457074566774,189.5993474336,590.770065133826,0,0,0,0,0,0,0,0,0,0,0.945854482643132,1.73508745301589,0.443167970170139,0.478021831438707,0.381722610645857,1.18492834456182,0,0,0,0,0,0,0,0,5957.03413623132,4111.85203649732,846.785592769598,1532.4603404419,599.659689748635,622.726477612304,1221.05840467057,3636.03144487083,228.878777819895,157.983930789617,32.6471034255187,59.0849830112609,23.1104419310602,23.9999098591384,47.1440453220557,140.377868592919,20093.7089833388,13681.5880202725,3027.19320716598,5364.3889643498,2387.14764067047,2378.84223497766,4128.97501295193,11947.0678457302,772.030995688648,525.668518395157,117.903001338774,209.206663642318,93.6639320501514,93.3510289088738,162.617993088017,470.497404562573,0,0,6.30836955425699,11.2631481872028,5.13514665878592,5.14536929296619,9.42952695698634,27.3996049316119,0,0,0,0,0,0,0,0,419.078462682933,302.169260445249,310.993439585222,579.238588472195,386.737925466377,425.084846354666,251.389363366669,795.300661537233,16.1016623620661,11.6098262540444,11.9467276743891,22.2480213806729,14.8303556570947,16.3032259799238,9.65143815678768,30.5360653014315,279.368591966013,199.969433007866,284.764339895717,537.219615819345,383.557616243328,411.378796046213,287.50428151101,913.176223285325,10.733786142734,7.68314544029749,10.939001125623,20.6333245879452,14.7106473528077,15.779459949085,11.036649892516,35.0565592737327,0,0,39.1023106111294,75.9948547794906,45.3635456481946,45.7036066334666,98.8992035863454,284.869766481257,0,0,0,0,0,0,0,0,852.913405400809,380.745620314937,3143.7265285586,3050.21749528019
"322",2016,2304,26.75,2683.2147923262,2067.43798695116,563.630225266745,1041.19344965645,223.574120447908,244.435231001518,187.907375302599,587.095822166055,0,0,0,0,0,0,0,0,0,0,0.940958136090037,1.72768390731781,0.442378162328651,0.479949996026245,0.378306766207797,1.177524724487,0,0,0,0,0,0,0,0,5955.55928275464,4107.93646074533,842.034504619403,1522.81551971086,600.768443727937,625.843007792067,1222.72742036084,3644.80342371503,228.822111590781,157.833488107557,32.4639744567638,58.7131163476648,23.1531799454612,24.1200199258121,47.2089206344816,140.717973136194,20100.7685750958,13676.2831036444,3011.1502085297,5333.16431579893,2392.08111242771,2391.58892135153,4138.95519297048,11989.4235700726,772.302257229008,525.464694580191,117.279016243458,207.985221542235,93.8587695554754,93.8504779230275,163.015279038617,472.172706459312,0,0,6.27381387370322,11.1936997526773,5.14561588405992,5.1726174975423,9.451525159436,27.4945387462764,0,0,0,0,0,0,0,0,419.300555067689,302.094562704025,309.383585037346,575.656553300314,387.821145466526,427.625914662187,251.362561793223,795.442909929122,16.1101955399919,11.6069562466214,11.8848850183109,22.1104936461985,14.8718594486062,16.4006992089018,9.65043574385775,30.5417193063258,279.768301783499,200.096577265861,283.587291382399,534.208468359604,385.113222156893,414.251331984249,287.30987808038,912.658076681946,10.7491436593823,7.68803052542084,10.893800559982,20.5177507045552,14.770306685519,15.889696014885,11.0292640872452,35.0370287470371,0,0,38.923260798311,75.4700000516376,45.4948000184306,45.9422679757756,99.2899712196553,286.214613379914,0,0,0,0,0,0,0,0,855.937743686855,381.918105780258,3155.72138049692,3058.27125248676
"323",2016,2304,26.8333333333333,2678.50298460114,2063.35456879876,561.097426555705,1037.52257182013,223.170489226864,245.357314468692,186.245516970786,583.488928000424,0,0,0,0,0,0,0,0,0,0,0.936181275773928,1.72050640788956,0.441558966540105,0.481770078154647,0.374944020919571,1.17023248253875,0,0,0,0,0,0,0,0,5953.96059825185,4103.94444172145,837.358053881701,1513.32020509329,601.823087294795,628.856825151876,1224.2994756034,3653.21532883713,228.760687575616,157.680108352745,32.2837126803834,58.3470032434,23.1938298119538,24.2361670276141,47.2700428016273,141.044151667284,20107.8286627303,13671.0118525313,2995.42005942158,5302.50124729943,2396.80134587646,2403.93285095802,4148.86437120233,12031.529869887,772.573537511107,525.262164255237,116.667080938124,206.785614240621,94.0452958764518,94.3342270564474,163.409819472207,473.838408089754,0,0,6.23960273083252,11.1251970097319,5.15558883338263,5.19896562400437,9.47317419516563,27.5882635455773,0,0,0,0,0,0,0,0,419.503204216398,302.008245922046,307.775621257225,572.102493659354,388.844654872173,430.086339812017,251.365889287451,795.717394554997,16.1179816772513,11.6036398170833,11.8231134677927,21.9740372195401,14.911069469123,16.4950731671125,9.65058413995549,30.5524297226233,280.163583190409,200.220463242272,282.406734113087,531.220900745339,386.631256075308,417.076656323255,287.146799425077,912.246964840092,10.7643310290117,7.69279042216511,10.8484636809623,20.4030792018098,14.8285212425689,15.9981161492344,11.023076473651,35.021593897879,0,0,38.7444274068543,74.9507807514504,45.6229247597836,46.1751630671621,99.6793617447402,287.556328000271,0,0,0,0,0,0,0,0,858.963613711451,383.090278685078,3167.7304738391,3066.34421844752
"324",2016,2304,26.9166666666667,2673.93880845039,2059.40088719452,558.660535504178,1033.99176111568,222.755081976999,246.226110526785,184.613271489366,579.948256055819,0,0,0,0,0,0,0,0,0,0,0.931530514312398,1.71355588221595,0.440712937823438,0.483486390680915,0.371634616526323,1.16305351060165,0,0,0,0,0,0,0,0,5952.25129401452,4099.8858528984,832.755673013827,1503.97381603331,602.82575224811,631.772187112571,1225.78359442213,3661.29841363661,228.695013373351,157.524170879793,32.1062971682886,57.9866222353392,23.2324738410328,24.3485155207145,47.3277591252273,141.357606479857,20114.8802852733,13665.7677730233,2979.99567053402,5272.38763797797,2401.31372856983,2415.8835585547,4158.69938050551,12073.3753742298,772.844492245263,525.060677913774,116.066925269242,205.607374256783,94.2237178258726,94.8026445256578,163.801490166445,475.49406491891,0,0,6.2057813898813,11.0576688951378,5.16508110623612,5.22443831004128,9.49448331545348,27.680804960075,0,0,0,0,0,0,0,0,419.687163032315,301.910736592457,306.171880683183,568.578717722221,389.811374921562,432.467873486369,251.394941445697,796.106745092038,16.1250497015946,11.5998933519785,11.7615027219822,21.8387409102937,14.9480979376542,16.5864152839911,9.65171439362192,30.5675300451803,280.55344479804,200.34049530045,281.222733212958,528.256032228448,388.10986172946,419.852407029935,287.014330364859,911.943080502962,10.7793101608962,7.69740224521736,10.8029930145913,20.2892763152019,14.8852198422409,16.1046297002297,11.0180594687546,35.0102615567574,0,0,38.5658540050362,74.4371566833524,45.747913449957,46.4023395280551,100.067316593391,288.894723010948,0,0,0,0,0,0,0,0,861.990877911403,384.262094763001,3179.75237732449,3074.43543900966
"325",2017,2304,27,2669.8374635445,2055.72834516865,556.486319370222,1033.03441092566,222.5942982332,247.718988043856,182.084406151106,573.06216926205,0,0,0,0,0,0,0,0,0,0,0.928074087400199,1.7114321100513,0.44037016299326,0.486429607302178,0.366741284194682,1.15008653575577,0,0,0,0,0,0,0,0,5950.82790287468,4096.19754514303,828.817048592376,1498.39477023898,604.499226590367,636.32481225842,1225.45661618093,3663.31366655559,228.640324409515,157.382460197604,31.9545156452529,57.7715415778108,23.2969683330963,24.5239606753497,47.3156448015668,141.437091753564,20123.3601815722,13661.9531631308,2966.82832610936,5255.48072164031,2408.50510843679,2434.08485641384,4162.03720780152,12094.382593633,773.170323151684,524.914114090527,115.555391207361,204.944985998818,94.5073127113736,95.5164394134669,163.93927753355,476.335617226378,0,0,6.17959324642516,11.0207869386164,5.18031515670142,5.26341229189875,9.50184634153942,27.7284754810556,0,0,0,0,0,0,0,0,419.884664630671,301.849772587571,304.903022231237,566.60440157795,391.196531650755,436.02726101166,250.631229289739,794.024621560076,16.132638060706,11.5975510167093,11.7127547834967,21.762955099009,15.0011684833761,16.7229256907438,9.62241566913625,30.4877447224057,280.956093431149,200.478420171809,280.353244652534,526.719930288825,390.016042067026,423.734996673757,286.110287548948,909.199435248928,10.7947805902475,7.70270153877907,10.769602543755,20.2303462963622,14.9583134989663,16.253594207351,10.9834261989678,34.9052631804253,0,0,38.4336100573052,74.1298305411454,45.9248178031411,46.7513581225604,100.352775162022,289.905792268415,0,0,0,0,0,0,0,0,865.017833141747,385.415365773713,3191.78394136321,3082.42538462015
