"","year","sim_id","time","N_1_1_1_1","N_1_1_1_2","N_1_1_2_1","N_1_1_2_2","N_1_1_3_1","N_1_1_3_2","N_1_1_4_1","N_1_1_4_2","N_1_2_1_1","N_1_2_1_2","N_1_2_2_1","N_1_2_2_2","N_1_2_3_1","N_1_2_3_2","N_1_2_4_1","N_1_2_4_2","N_2_1_1_1","N_2_1_1_2","N_2_1_2_1","N_2_1_2_2","N_2_1_3_1","N_2_1_3_2","N_2_1_4_1","N_2_1_4_2","N_2_2_1_1","N_2_2_1_2","N_2_2_2_1","N_2_2_2_2","N_2_2_3_1","N_2_2_3_2","N_2_2_4_1","N_2_2_4_2","N_3_1_1_1","N_3_1_1_2","N_3_1_2_1","N_3_1_2_2","N_3_1_3_1","N_3_1_3_2","N_3_1_4_1","N_3_1_4_2","N_3_2_1_1","N_3_2_1_2","N_3_2_2_1","N_3_2_2_2","N_3_2_3_1","N_3_2_3_2","N_3_2_4_1","N_3_2_4_2","N_4_1_1_1","N_4_1_1_2","N_4_1_2_1","N_4_1_2_2","N_4_1_3_1","N_4_1_3_2","N_4_1_4_1","N_4_1_4_2","N_4_2_1_1","N_4_2_1_2","N_4_2_2_1","N_4_2_2_2","N_4_2_3_1","N_4_2_3_2","N_4_2_4_1","N_4_2_4_2","N_5_1_1_1","N_5_1_1_2","N_5_1_2_1","N_5_1_2_2","N_5_1_3_1","N_5_1_3_2","N_5_1_4_1","N_5_1_4_2","N_5_2_1_1","N_5_2_1_2","N_5_2_2_1","N_5_2_2_2","N_5_2_3_1","N_5_2_3_2","N_5_2_4_1","N_5_2_4_2","N_6_1_1_1","N_6_1_1_2","N_6_1_2_1","N_6_1_2_2","N_6_1_3_1","N_6_1_3_2","N_6_1_4_1","N_6_1_4_2","N_6_2_1_1","N_6_2_1_2","N_6_2_2_1","N_6_2_2_2","N_6_2_3_1","N_6_2_3_2","N_6_2_4_1","N_6_2_4_2","N_7_1_1_1","N_7_1_1_2","N_7_1_2_1","N_7_1_2_2","N_7_1_3_1","N_7_1_3_2","N_7_1_4_1","N_7_1_4_2","N_7_2_1_1","N_7_2_1_2","N_7_2_2_1","N_7_2_2_2","N_7_2_3_1","N_7_2_3_2","N_7_2_4_1","N_7_2_4_2","N_8_1_1_1","N_8_1_1_2","N_8_1_2_1","N_8_1_2_2","N_8_1_3_1","N_8_1_3_2","N_8_1_4_1","N_8_1_4_2","N_8_2_1_1","N_8_2_1_2","N_8_2_2_1","N_8_2_2_2","N_8_2_3_1","N_8_2_3_2","N_8_2_4_1","N_8_2_4_2","HIV_neg_male","HIV_neg_female","HIV_pos_male","HIV_pos_female"
"1",1990,1558,0,10035.7027472741,10114.7462134816,443.708654680745,840.228357515973,183.089360154223,260.297147498227,0,0,0,0,0,0,0,0,0,0,0,0,0.678404928468294,1.30314907753801,0.327293436420685,0.466042834045377,0,0,0,0,0,0,0,0,0,0,1766.40697273104,1790.55750133319,52.9182786856526,99.6709737045061,16.4559984679675,23.3809838374829,0,0,67.8681806760627,68.7960826057404,2.03878564981135,3.84029198093951,0.634158713632282,0.901037285854418,0,0,32068.1860856621,32572.1277951941,1148.88111135052,2163.0966353956,411.806422024115,583.086250984898,0,0,1232.01881296841,1251.47537255289,44.474446956679,83.7809890614268,16.0518971854655,22.7366102171637,0,0,0,0,1.75015573313449,3.33974657567247,0.719162406406953,1.02004588770046,0,0,0,0,0,0,0,0,0,0,194.522930597229,197.177652505711,24.254039390506,46.4259275745324,16.3352974100026,23.2215768177572,0,0,7.47372809014282,7.57588441161652,0.926984783461794,1.77387217684291,0.620907510511994,0.882513884403017,0,0,841.452605434788,855.215335871935,62.3237266567277,121.819130263733,45.4602078231531,65.1302040371624,0,0,32.329020637976,32.8587703670364,2.38708524889936,4.66482486121228,1.73406352615116,2.48415991936191,0,0,0,0,6.83007887332835,13.7802316103251,4.80662621112847,6.96445679460925,0,0,0,0,0,0,0,0,0,0,0,0,0,0
"2",1990,1558,0.0833333333333333,10021.4652787954,10089.8580736474,457.262552263056,865.450012723451,186.079111573549,265.179950470019,0,0,0,0,0,0,0,0,0,0,0,0,0.689098190330467,1.32486336992505,0.33262619775059,0.474782791287034,0,0,0,0,0,0,0,0,0,0,1767.52886626292,1789.78916757489,55.1780281515873,103.843948639859,16.8565011327356,24.0071607073552,0,0,67.911285619655,68.7665619940509,2.12573263529418,4.00087470936748,0.649591139999749,0.925166188348222,0,0,32003.9988719162,32472.597698828,1191.64804887463,2242.52334206581,420.779021382452,597.192003217498,0,0,1229.55317783369,1247.65125237347,46.1252484555338,86.8491690363704,16.4027832473341,23.2883702154652,0,0,0,0,1.78677434367709,3.41273438894202,0.734811342064151,1.0447291006439,0,0,0,0,0,0,0,0,0,0,193.639333049785,196.479449773375,24.5808453933699,47.3348244583961,16.5496276968211,23.6891661818681,0,0,7.4397804913053,7.54905830975023,0.939489105622388,1.80861746752682,0.629029325510504,0.900246834453113,0,0,838.688319610294,851.50337362719,64.1619804857711,125.464980399731,46.6270674556258,66.9736837615331,0,0,32.2228188571886,32.7161505408375,2.4575095075253,4.80444596992577,1.77849554593438,2.55435622824748,0,0,0,0,6.99001774327636,14.1242806762952,4.93583125226801,7.16994885027951,0,0,0,0,0,0,0,0,0,0,1.0888820219163,0.633001195444401,0.713843494985465,0.704388277270141
"3",1990,1558,0.166666666666667,10007.4252056727,10065.2681727872,470.550513195439,890.243262216855,189.182774456103,270.227254476632,0,0,0,0,0,0,0,0,0,0,0,0,0.701691115902469,1.34990220233398,0.338062657603122,0.483688910016501,0,0,0,0,0,0,0,0,0,0,1768.43782196534,1788.80888657751,57.3623145079566,107.891117303563,17.2715101969414,24.6544386221939,0,0,67.9462091513162,68.7288980304962,2.20979415888559,4.15664871365181,0.665582100771965,0.950107682649007,0,0,31940.316667058,32373.8044541499,1233.63680063186,2320.71350688343,430.130167859912,611.848180204414,0,0,1227.10694278645,1243.85544331554,47.7465080467515,89.8705262600317,16.768342370889,23.8615064458784,0,0,0,0,1.82934429251572,3.49622557511961,0.750855864447566,1.07003309599622,0,0,0,0,0,0,0,0,0,0,192.810079083678,195.812209181651,24.9699905479516,48.3367341468533,16.7835434597043,24.1794590075683,0,0,7.40792080516009,7.5234218237043,0.95438096372744,1.84692584901159,0.63789572896646,0.918842551742307,0,0,835.920753670697,847.816659383654,65.9752555769569,129.093746917827,47.8096862144719,68.8551362076965,0,0,32.1164910339112,32.574500786349,2.52697496302161,4.94340639883181,1.82352885135083,2.6259988007842,0,0,0,0,7.15342415115598,14.4759561501697,5.06763723670649,7.38007896315904,0,0,0,0,0,0,0,0,0,0,2.17296115578416,1.26380750816809,1.43787311459836,1.42315488635471
"4",1990,1558,0.25,9993.56790175567,10040.9608108512,483.577412017706,914.614543251561,192.396092375323,275.433942909964,0,0,0,0,0,0,0,0,0,0,0,0,0.715795031146344,1.3776056775359,0.343633836632874,0.492801877713758,0,0,0,0,0,0,0,0,0,0,1769.18730989753,1787.67162943702,59.4771950179437,111.822957283669,17.700591552601,25.3225221710686,0,0,67.975005676229,68.6852027924919,2.29120097735731,4.30801321475935,0.682115085054695,0.975850640781747,0,0,31877.1045656611,32275.7108109551,1274.85814069364,2397.67987647095,439.847882480778,627.040762942961,0,0,1224.67876679344,1240.08651416435,49.3386248771166,92.8455273998975,17.1481208929565,24.4554900097542,0,0,0,0,1.87661837817857,3.58809040424328,0.767387979331063,1.09607977167612,0,0,0,0,0,0,0,0,0,0,192.031063417617,195.17336475818,25.412185972081,49.4181221351531,17.0370604458968,24.693022540328,0,0,7.37799130339596,7.498876364674,0.97130358276305,1.88827701039201,0.647507632537963,0.938322941719469,0,0,833.148232727082,844.151729719634,67.7685837835702,132.712268198886,49.008874213335,70.7753290641774,0,0,32.0099728186202,32.4336880332051,2.59567434355647,5.08196819524492,1.86919408998126,2.69911663548735,0,0,0,0,7.32110219737116,14.8366845469014,5.20211998260196,7.59497013885166,0,0,0,0,0,0,0,0,0,0,3.25253054053376,1.89251428383256,2.17343811200535,2.15739292127391
"5",1990,1558,0.333333333333333,9979.88030500684,10016.9219238503,496.347965743732,938.570083530193,195.714922491418,280.795014556453,0,0,0,0,0,0,0,0,0,0,0,0,0.731087634671297,1.40742395099431,0.349361064106553,0.502149975880131,0,0,0,0,0,0,0,0,0,0,1769.82337188288,1786.42460996478,61.5283287623851,115.649256622065,18.1433621152041,26.0111574101049,0,0,67.9994441948769,68.6372903101732,2.37016877881587,4.45534132084441,0.699175501196956,1.00238547779854,0,0,31814.3326641185,32178.2847385086,1315.32284838105,2473.43535536224,449.920418602383,642.755948700571,0,0,1222.26750099008,1236.34323424573,50.9019986047055,95.7746455313873,17.5416737299528,25.0697999136832,0,0,0,0,1.92756794481223,3.68656397562068,0.784469503433317,1.12295222673804,0,0,0,0,0,0,0,0,0,0,191.298634751135,194.560709837853,25.8993183766928,50.5671000285779,17.3100658692358,25.230242265963,0,0,7.34985170018138,7.47533714901622,0.98994541761787,1.93221404106835,0.657860956057356,0.958702878303442,0,0,830.369431338935,840.505605559789,69.5461512501671,136.326181926761,50.2254811576822,72.7351177039485,0,0,31.9032132876441,32.293597820424,2.66376791082164,5.22034726936004,1.9155234550182,2.77374210856797,0,0,0,0,7.49365201796982,15.2075471870195,5.33937479659575,7.81477145212074,0,0,0,0,0,0,0,0,0,0,4.32786156803005,2.51920919343604,2.92173451265717,2.90807264860658
"6",1990,1558,0.416666666666667,9966.35073455632,9993.13889177062,508.866748523085,962.115924587104,199.135231124268,286.305578758069,0,0,0,0,0,0,0,0,0,0,0,0,0.747301857484185,1.4388991453095,0.355258194285782,0.511751866144014,0,0,0,0,0,0,0,0,0,0,1770.38555038671,1785.10826526109,63.5209824225813,119.37912537811,18.5994873959448,26.7201316602655,0,0,68.0210439920126,68.5867142415997,2.44689838225953,4.59898043520108,0.716750590589874,1.02970415237013,0,0,31751.9754216651,32081.4987523011,1355.04169893716,2547.99299074619,460.336265126278,658.980156027943,0,0,1219.87216413098,1232.62454755897,52.4370290497455,98.6583595718594,17.9485645047798,25.7039232622455,0,0,0,0,1.98134527735472,3.79018470248736,0.802139293422861,1.15070389386886,0,0,0,0,0,0,0,0,0,0,190.609541033443,193.972346743301,26.4243156350585,51.7732481943466,17.6023458832675,25.7913533349272,0,0,7.3233770493158,7.4527312648931,1.0100349688571,1.97833658088177,0.668947692506479,0.979991421575131,0,0,827.583327568176,836.875735773621,71.3114121032259,139.94008083067,51.4603755573932,74.7354182064234,0,0,31.7961731779224,32.1541321293681,2.73138783233011,5.35871939041279,1.96254988275472,2.84990993419713,0,0,0,0,7.67150699744897,15.5893412316457,5.47950960514938,8.03964924579392,0,0,0,0,0,0,0,0,0,0,5.39920616560793,3.14397327930466,3.68382207472992,3.67605512052485
"7",1990,1558,0.5,9952.96870064421,9969.60033921884,521.138208177628,985.257946738381,202.653086206756,291.960847178356,0,0,0,0,0,0,0,0,0,0,0,0,0.764215568955392,1.47164852889115,0.361333488486683,0.521618969165796,0,0,0,0,0,0,0,0,0,0,1770.90783165839,1783.75724777992,65.4600501377307,123.021030915255,19.0686776287123,27.4492716188223,0,0,68.0411108736867,68.5348059894673,2.52157647551769,4.73925357146423,0.734829285536442,1.05780010218715,0,0,31690.0110150175,31985.3292356858,1394.02545796418,2621.36595817783,471.08413974239,675.700019093939,0,0,1217.49191779535,1228.929546713,53.9441159763615,101.497153732535,18.3683653002018,26.3573550526551,0,0,0,0,2.03724911564137,3.89773754059229,0.820419295942316,1.17936622336392,0,0,0,0,0,0,0,0,0,0,189.960873424244,193.406637272013,26.9810060325155,53.0274263493019,17.9136103097763,26.3764702075262,0,0,7.29845559112784,7.43099576990801,1.03133535966042,2.02629351241686,0.680756866521151,1.00219296557446,0,0,824.789156888942,833.259938806299,73.0672017858633,143.557669577313,52.7144278993263,76.7771841388279,0,0,31.6888231162204,32.0152071411043,2.79864253772293,5.49722622354442,2.0103064025106,2.92765626983231,0,0,0,0,7.8549674426128,15.9826353596976,5.62263949129544,8.26978007436589,0,0,0,0,0,0,0,0,0,0,6.46679924084443,3.76688199833006,4.4606422375297,4.46210661158778
"8",1990,1558,0.583333333333333,9939.72478479074,9946.29600966911,533.166675379632,1008.00188357384,206.264654048558,297.756130142026,0,0,0,0,0,0,0,0,0,0,0,0,0.781645200219275,1.5053540730459,0.36759074840295,0.531756902933436,0,0,0,0,0,0,0,0,0,0,1771.41924566245,1782.40105736468,67.3500633464977,126.582815179423,19.5506848577924,28.1984415690427,0,0,68.0607602175605,68.4826989849358,2.59437597756743,4.87645999192802,0.753402101759097,1.08666818044133,0,0,31628.4209266749,31889.756006533,1432.28487519226,2693.56755067391,482.152989422107,692.902388977392,0,0,1215.1260505695,1225.25745627653,55.4236588571789,104.291517109445,18.8006566806612,27.0295982250988,0,0,0,0,2.09470335398262,4.00821883749407,0.839318146596894,1.20895327421925,0,0,0,0,0,0,0,0,0,0,189.350031323377,192.862171166628,27.5640291899875,54.3216539617536,18.2435092020947,26.9856064261741,0,0,7.27498740886543,7.41007647968351,1.0536409044149,2.07577834782192,0.693275175747504,1.02530800320067,0,0,821.986382150831,829.656365469415,74.8158100522347,147.181866116047,53.9884988967083,78.8613904404102,0,0,31.5811424651173,31.8767518067633,2.86561952453159,5.63597922944481,2.05882568315664,3.0070180955745,0,0,0,0,8.04422156169248,16.387804495817,5.76888333024439,8.50534632507753,0,0,0,0,0,0,0,0,0,0,7.53086015898568,4.38800587298601,5.25302946912932,5.26690779107317
"9",1990,1558,0.666666666666667,9926.61050326513,9923.2166226159,544.956374090794,1030.35333765673,209.966194456566,303.686831335276,0,0,0,0,0,0,0,0,0,0,0,0,0.799438870936345,1.53975116238736,0.374030485954694,0.542166969857115,0,0,0,0,0,0,0,0,0,0,1771.94454175995,1781.06475052656,69.1952099997467,130.071728177393,20.045299401062,28.9675411173568,0,0,68.0809429336637,68.4313559392342,2.6654567579493,5.01087646330732,0.772461007175104,1.11630457449061,0,0,31567.1894830377,31794.7618327195,1469.8306768538,2764.61116280332,493.53198694014,710.574331230831,0,0,1212.77396030152,1221.60761416237,56.8760565787725,107.041943075662,19.2450275673617,27.7201635766726,0,0,0,0,2.15323415727592,4.12079846540447,0.858834869718565,1.23946643967816,0,0,0,0,0,0,0,0,0,0,188.774682628617,192.337731316338,28.1687335339189,55.648970864606,18.5916498112834,27.6186955171301,0,0,7.25288290174703,7.38992663084347,1.07677316048551,2.12652385478655,0.706487648161136,1.04933393484962,0,0,819.174660231404,826.063456741936,76.5590620697789,150.814914967373,55.2834283716128,80.9890173623606,0,0,31.4731180417947,31.7387062261826,2.93238847475663,5.77506402229485,2.10813960380598,3.08803259578934,0,0,0,0,8.23936779773405,16.8050669471724,5.91836049160652,8.74653190421831,0,0,0,0,0,0,0,0,0,0,8.5915944684741,5.00741121186704,6.06172438914583,6.09106432403946
"10",1990,1558,0.75,9913.61818996831,9900.3537511119,556.511429947783,1052.31779307977,213.754056726345,309.748443509179,0,0,0,0,0,0,0,0,0,0,0,0,0.817470892499637,1.57461952063573,0.380650790854167,0.552847266575547,0,0,0,0,0,0,0,0,0,0,1772.50476595303,1779.76954592599,70.9993537143984,133.49446099327,20.5523461898314,29.756502438102,0,0,68.1024676430549,68.3815921072291,2.73496635609528,5.14275849821379,0.791999285135831,1.14670670468089,0,0,31506.3034604352,31700.3320192258,1506.67355764384,2834.51027450124,505.210528175423,728.703124285517,0,0,1210.43513896485,1217.97945576305,58.3017071315517,109.748928663026,19.7010751425304,28.4285697068232,0,0,0,0,2.21245177284055,4.23478957136355,0.878961572377019,1.27089791079903,0,0,0,0,0,0,0,0,0,0,188.232730039608,191.832264586266,28.7910877227372,57.0033158162481,18.9576103812588,28.2756084632264,0,0,7.23206149031383,7.37050576023129,1.10057751899596,2.17829737702885,0.720378176338675,1.07426574394397,0,0,816.35381328417,822.479907207096,78.298387506245,154.458484508666,56.6000267352827,83.1610375304021,0,0,31.3647430133823,31.6010202430921,2.99900390906894,5.91454411114677,2.15827892487736,3.17073666125822,0,0,0,0,8.440432541313,17.2345140311633,6.07118849847484,8.99351912880707,0,0,0,0,0,0,0,0,0,0,9.64919536497889,5.62516070548753,6.88738515930188,6.93511609872215
"11",1990,1558,0.833333333333333,9900.74090530271,9877.69972659278,567.835876357552,1073.90062443268,217.624676486729,315.936545169055,0,0,0,0,0,0,0,0,0,0,0,0,0.835637847128386,1.60977669758879,0.387447888592062,0.563793403559485,0,0,0,0,0,0,0,0,0,0,1773.11770698265,1778.53329158047,72.766051915547,136.857176832006,21.0716814069751,30.5652874621315,0,0,68.1260178176096,68.3340932382941,2.80304066497359,5.27234152593893,0.81201140809848,1.17787311979824,0,0,31445.7517814393,31606.4540903861,1542.82417318392,2903.27843592806,517.178229664288,747.276258064928,0,0,1208.10916099075,1214.37250174228,59.7010073184661,112.412973982582,20.1684047628134,29.1543429704912,0,0,0,0,2.2720376553803,4.34962703017292,0.899685135669724,1.30323286940921,0,0,0,0,0,0,0,0,0,0,187.72228517025,191.344859839775,29.4276111154597,58.3794300997562,19.3409499521999,28.9561666432517,0,0,7.21245062179423,7.35177886049134,1.12492052988669,2.23089712178131,0.734929897115866,1.10009649693013,0,0,813.523806374191,818.904636314155,80.0348735888801,158.113742430693,57.9390695419102,85.3784069296241,0,0,31.2560160377158,31.4636523409428,3.06550722463977,6.05446380091208,2.20927307780136,3.25516654252194,0,0,0,0,8.64738260649056,17.6761311071183,6.22748163860117,9.24648683737834,0,0,0,0,0,0,0,0,0,0,10.7038448240702,6.24131386849177,7.7305964821437,7.79954453575059
"12",1990,1558,0.916666666666667,9887.97234434995,9855.24754313527,578.933660474852,1095.1071054767,221.574572420337,322.24679713898,0,0,0,0,0,0,0,0,0,0,0,0,0.853854619533741,1.64507148254405,0.394416712384019,0.574999240735647,0,0,0,0,0,0,0,0,0,0,1773.79834526711,1777.37093442216,74.4985755619924,140.165544877412,21.6031892191238,31.3938852282461,0,0,68.1521690289543,68.2894336174663,2.86980467537234,5.39984217101544,0.832492914880846,1.20980339874022,0,0,31385.525209361,31513.1174706401,1578.29313182421,2970.92925095634,529.424925864659,766.281432346743,0,0,1205.79567153087,1210.786345769,61.0743524378636,115.0345815919,20.64662986208,29.897017422083,0,0,0,0,2.33173142167497,4.46484563322353,0.92098896205232,1.3364517462481,0,0,0,0,0,0,0,0,0,0,187.241642418524,190.874725876622,30.0753034641465,59.7727598565866,19.7412179789158,29.6601546129007,0,0,7.19398476614861,7.33371553241788,1.14968719700091,2.28414839840449,0.750125564296478,1.12681783736184,0,0,810.684725095618,815.336759524292,81.7693183773296,161.781431536508,59.3012922043396,87.6420560037498,0,0,31.1469404034001,31.3265685342851,3.13192874121528,6.19485110659468,2.26114996094678,3.34135750766091,0,0,0,0,8.86013785926706,18.1298188503362,6.38734953525035,9.50560845172874,0,0,0,0,0,0,0,0,0,0,11.7557147493039,6.85592748336576,8.5918787070916,8.68477998396722
"13",1991,1558,1,9872.49751653263,9828.4184095858,592.446102937366,1120.5594947545,225.596077394525,328.71831484789,0,0,0,0,0,0,0,0,0,0,0,0,0.872299439281888,1.6809313690295,0.401526690677652,0.586512772279261,0,0,0,0,0,0,0,0,0,0,1774.15285808019,1775.63854743747,76.5831391019309,144.091230013307,22.1468476915141,32.2471853386981,0,0,68.165789978159,68.2228725391344,2.95009810518927,5.55106922530733,0.853442790713473,1.24268574758766,0,0,31318.3855912297,31408.6122265316,1619.9611003433,3049.48511572422,541.932652437334,785.81315962156,0,0,1203.21658721129,1206.77107281237,62.6860938411916,118.075743511627,21.1350437386942,30.6602737456879,0,0,0,0,2.39200260242181,4.58157651984684,0.942797158042198,1.37066209297324,0,0,0,0,0,0,0,0,0,0,186.725344454322,190.348418977809,30.7808182695422,61.2917647508041,20.154348632278,30.395776285043,0,0,7.17414898658677,7.31349395001034,1.17667137018134,2.34221530156808,0.76581064345153,1.15474138599563,0,0,807.666879562418,811.502454724092,83.6635253390852,165.750721377413,60.6840069073639,89.9621007228218,0,0,31.0309965332436,31.1792481308194,3.2044850743046,6.34681482609739,2.31380714292911,3.42969521924775,0,0,0,0,9.07831973892077,18.5963222545591,6.55047192483347,9.77194601890226,0,0,0,0,0,0,0,0,0,0,12.8173647690935,7.45119798606248,9.48254117408162,9.56526710604216
"14",1991,1558,1.08333333333333,9856.06790884241,9800.06945936509,606.695849222481,1147.33236546916,229.721523253667,335.364634993478,0,0,0,0,0,0,0,0,0,0,0,0,0.891573796034204,1.71831939485631,0.408800015599342,0.59831233001642,0,0,0,0,0,0,0,0,0,0,1774.44426781649,1773.75282347916,78.7705567236519,148.202789731349,22.7072378598087,33.1285189182971,0,0,68.176986406241,68.1504200090642,3.03435033885568,5.70945136433819,0.875037196058642,1.27664804765035,0,0,31248.8091853771,31300.2095944559,1663.47227744813,3131.35820774043,554.782562796656,805.910123800673,0,0,1200.54388179529,1202.60605581699,64.3689571914106,121.245009721663,21.636780353001,31.4455819111859,0,0,0,0,2.45448252358421,4.70242210145073,0.96516122291562,1.4058155172712,0,0,0,0,0,0,0,0,0,0,186.21345335331,189.811066713481,31.5246288033003,62.8853082088672,20.5832410084163,31.1587640688472,0,0,7.15448251010702,7.29284798717201,1.20512213119732,2.40313535572025,0.782095512958293,1.18370532057933,0,0,804.574029186844,807.570378042675,85.6179364120136,169.846079553098,62.091563009635,92.3373546606998,0,0,30.9121709171771,31.0281711742846,3.27935076615005,6.50361062039238,2.3674108578894,3.52013480952209,0,0,0,0,9.3022363183187,19.0754464525389,6.71718391834685,10.0451579787831,0,0,0,0,0,0,0,0,0,0,13.8808968660187,8.03790076047657,10.3976803000924,10.4579489335233
"15",1991,1558,1.16666666666667,9839.77129986105,9771.97528843264,620.654733659146,1173.62582391998,233.953701164104,342.17099653613,0,0,0,0,0,0,0,0,0,0,0,0,0.911505840051611,1.75689420798363,0.416256674926101,0.610390929430122,0,0,0,0,0,0,0,0,0,0,1774.84524739491,1771.98322687402,80.9137013551121,152.244563605958,23.2847751485257,34.036799108763,0,0,68.192392682878,68.0824292776101,3.11690773970826,5.86516397480871,0.897292235851235,1.31164853309517,0,0,31179.59869063,31192.4527817766,1706.14989720516,3211.86887961949,567.980144403883,826.53616065844,0,0,1197.88523247595,1198.46585233164,66.0200986472077,124.362548322115,22.1520638592956,32.2515452251411,0,0,0,0,2.51867949227203,4.82640978668974,0.988129444441218,1.44189885856659,0,0,0,0,0,0,0,0,0,0,185.729753528085,189.290512485428,32.2858040686963,64.5072138843585,21.0294694665476,31.9463943791925,0,0,7.13589915905967,7.27284743223118,1.23423487904322,2.4651355997455,0.799040040350349,1.21360622577048,0,0,801.471752056338,803.645664819692,87.5710202763364,173.957153825176,63.5261957000056,94.7657370532773,0,0,30.792983100419,30.8773771359356,3.35416135031069,6.66099851232961,2.4220462182868,3.6125967739232,0,0,0,0,9.53221980189205,19.56728527527,6.88775781472563,10.3250872437918,0,0,0,0,0,0,0,0,0,0,14.9415904072241,8.62297099181271,11.3339650402491,11.3735438707899
"16",1991,1558,1.25,9823.60114371817,9744.12843856365,634.327826753334,1199.44666672659,238.288184253748,349.131951040367,0,0,0,0,0,0,0,0,0,0,0,0,0.931906875986435,1.79633111085728,0.423901661288427,0.622755517167522,0,0,0,0,0,0,0,0,0,0,1775.36821998058,1770.34188982173,83.016658970436,156.22354985677,23.8791353408333,34.9717912586283,0,0,68.2124861259412,68.0193664832854,3.19792630918171,6.01847425934102,0.920195509941779,1.34767827792988,0,0,31110.7467945895,31085.3326821024,1748.00678071182,3291.03367268414,581.51320077039,847.676650524961,0,0,1195.24035833987,1194.35011247299,67.63999594598,127.428970722397,22.6804306909243,33.0776101488495,0,0,0,0,2.5840623489413,4.95262378607223,1.01171293818026,1.47892848567973,0,0,0,0,0,0,0,0,0,0,185.272963198898,188.786269126559,33.0607160708094,66.1518739371327,21.4929683665071,32.758944257119,0,0,7.11834968698139,7.25347356742847,1.26387031216652,2.52800054570072,0.816641715687321,1.24445460408425,0,0,798.359996749843,799.727434527224,89.5236900038666,178.084927952103,64.9885204293289,97.2480888027237,0,0,30.6734311074587,30.7268321844264,3.42895164209816,6.81901589117019,2.47773655181424,3.7071129678732,0,0,0,0,9.76838483336024,20.0720707004683,7.06230315881017,10.6119114292464,0,0,0,0,0,0,0,0,0,0,15.9996025031278,9.20645976355012,12.2919785692229,12.312535473271
"17",1991,1558,1.33333333333333,9807.55147939134,9716.52206590826,647.720077081092,1224.80154156963,242.720650491685,356.242152244627,0,0,0,0,0,0,0,0,0,0,0,0,0.952621792858544,1.83636156255224,0.431736165054351,0.635408116214198,0,0,0,0,0,0,0,0,0,0,1776.02320604727,1768.83847795026,85.0831723231415,160.146164781379,24.4900472192801,35.9333186424218,0,0,68.2376517380572,67.9616029949736,3.27754899033759,6.16962727545489,0.943736635410241,1.38473055764192,0,0,31042.2477103582,30978.8417571843,1789.05568938232,3368.86918473573,595.369791638127,869.317215834493,0,0,1192.60903708244,1190.25854660833,69.2291249056945,130.444890959012,23.2214267715018,33.9232320126475,0,0,0,0,2.65019746496809,5.08031182947345,1.03591254215722,1.51690747734271,0,0,0,0,0,0,0,0,0,0,184.84192820565,188.297923507673,33.8462623573863,67.8144613751733,21.9736113421185,33.5965950346249,0,0,7.10178975066263,7.2347105196599,1.29390935466933,2.59154478369311,0.834895682762496,1.2762572728325,0,0,795.238845346371,795.815002607175,91.4765554766751,182.229926091916,66.4791406782523,99.7852579725257,0,0,30.5535180919207,30.5765100178919,3.50374482419265,6.97768249900851,2.53450473086646,3.80371551666318,0,0,0,0,10.0107621841187,20.5898896522544,7.24092979243151,10.9058090648937,0,0,0,0,0,0,0,0,0,0,17.0550831665226,9.78841673775582,13.2722411858438,13.2753582515569
"18",1991,1558,1.41666666666667,9791.6168296669,9689.14983549355,660.836324272273,1249.69696503537,247.246874655652,363.496347954338,0,0,0,0,0,0,0,0,0,0,0,0,0.97352163142469,1.87676098505584,0.439758769977759,0.648347339121854,0,0,0,0,0,0,0,0,0,0,1776.81828395185,1767.48066849079,87.1166797017527,164.018307860602,25.1172847667259,36.9212546215981,0,0,68.2681999026152,67.9094337841735,3.35590713676974,6.31884840431944,0.967906951718464,1.42280055389467,0,0,30974.0968712397,30872.9737201613,1829.30931607167,3445.39204623389,609.538221007311,891.44371132516,0,0,1189.99109327832,1186.19091318534,70.7879590670049,133.410924764783,23.774607077426,34.7878746633638,0,0,0,0,2.7167266636453,5.20884882802001,1.06072222229199,1.55582993117707,0,0,0,0,0,0,0,0,0,0,184.435599073016,187.825119044941,34.6397750783239,69.4908005028753,22.4712289609164,34.4594551345808,0,0,7.08617902896261,7.21654458838617,1.32424965120841,2.65560798371569,0.85379542182944,1.30901824437252,0,0,792.108486518647,791.907846045992,93.4299865416909,186.392305321966,67.9986391852865,102.378086005363,0,0,30.4332513028133,30.4263905412729,3.57855487504753,7.13700399163165,2.59237283469418,3.90243628619285,0,0,0,0,10.2593198143941,21.1207190004169,7.42374522140812,11.2069561489377,0,0,0,0,0,0,0,0,0,0,18.1081763123988,10.3688904364863,14.2752210282396,14.262406179826
"19",1991,1558,1.5,9775.79215946174,9662.00587773695,673.681301948804,1274.13932747186,251.862727853045,370.889379515348,0,0,0,0,0,0,0,0,0,0,0,0,0.994500573185655,1.91734380933075,0.44796591899993,0.66156898195871,0,0,0,0,0,0,0,0,0,0,1777.7597890692,1766.27435853078,89.1203270245914,167.845381506502,25.7606634760119,37.9355188006129,0,0,68.30437403485,67.8630854264163,3.43312096907528,6.4663440962616,0.992699381124891,1.46188520955127,0,0,30906.2907965618,30767.7233956615,1868.78027558454,3520.61890536475,624.007040869454,914.042228948732,0,0,1187.38639322639,1182.14701335695,72.3169693339646,136.327689005792,24.3395357814312,35.671010650235,0,0,0,0,2.78335831389702,5.33772216525668,1.08613036690946,1.59568261609025,0,0,0,0,0,0,0,0,0,0,184.053021816918,187.367548028754,35.4389831565617,71.1773134632741,22.9856170506743,35.3475706248343,0,0,7.07148086958211,7.19896395089464,1.35480410927119,2.7200528337109,0.873333071252914,1.34273913348054,0,0,788.969203142583,788.005588431856,95.3841413201525,190.571897350061,69.5475727209736,105.02739984058,0,0,30.3126416084807,30.2764592921882,3.65338765781355,7.29697354463913,2.65136194863066,4.00330658054855,0,0,0,0,10.5139717007135,21.6644402027053,7.61085341223252,11.5155245324092,0,0,0,0,0,0,0,0,0,0,19.1590200904567,10.947928343574,15.3013385699489,15.274036329407
"20",1991,1558,1.58333333333333,9760.07281692447,9635.08472714493,686.259643960699,1298.13490166098,256.564173871037,378.416178164275,0,0,0,0,0,0,0,0,0,0,0,0,1.0154718301686,1.95795670014786,0.456352528825779,0.675066806961744,0,0,0,0,0,0,0,0,0,0,1778.85258388827,1765.22394518006,91.0969916146357,171.632330880076,26.4200354424618,38.976072018717,0,0,68.3463609593625,67.8227268656927,3.50930047622662,6.61230338096671,1.01810824289969,1.50198303967176,0,0,30838.8269123408,30663.0865340758,1907.48109602334,3594.56640975333,638.76504728052,937.099095497201,0,0,1184.7948380597,1178.12668384544,73.8166236359019,139.195800975837,24.9157861123203,36.5721211436918,0,0,0,0,2.84985519293742,5.46651162405137,1.11212150556564,1.636447161034,0,0,0,0,0,0,0,0,0,0,183.693324884548,186.924941699992,36.2419585413618,72.8709431623614,23.5165468288713,36.2609385517835,0,0,7.05766178728361,7.18195828101374,1.38549882850906,2.78476206737613,0.893499818996733,1.37741967196271,0,0,785.821356144781,784.107979467426,97.3390035444197,194.768263756326,71.1264670482248,107.734003601653,0,0,30.1917028760177,30.1267066537813,3.72824235579342,7.45757397937841,2.71149197032956,4.10635682323817,0,0,0,0,10.7745894874767,22.2208587615518,7.80235346231981,11.8316801339443,0,0,0,0,0,0,0,0,0,0,20.2077474328618,11.5255770504511,16.3509730020718,16.310573972655
"21",1991,1558,1.66666666666667,9744.45448012591,9608.38126689288,698.575889640407,1321.68985009208,261.347266085308,386.071761983883,0,0,0,0,0,0,0,0,0,0,0,0,1.03636407008855,1.99847264414717,0.464912495961647,0.688833189436298,0,0,0,0,0,0,0,0,0,0,1780.10030179099,1764.33257818317,93.049304979545,175.383682027407,27.0952847194374,40.0429115550316,0,0,68.3943002764971,67.7884791202258,3.58454627962024,6.75689931448865,1.04412907730805,1.54309395030391,0,0,30771.7033896633,30559.0596444331,1945.42420974655,3667.25118803262,653.801277358646,960.600871181337,0,0,1182.21635753617,1174.12979052122,75.2873865754669,142.015877686879,25.5029402492106,37.4906958893496,0,0,0,0,2.91602397188623,5.59487194083511,1.13867770848238,1.67810184376736,0,0,0,0,0,0,0,0,0,0,183.355707525475,186.497061575582,37.0470671868683,74.5690825192166,24.0637737122453,37.1995187660117,0,0,7.04469101709596,7.16551841582702,1.41627121263261,2.84963573673986,0.914286243094495,1.41305816500555,0,0,782.665369761851,780.214876209458,99.2944162592244,198.980746224986,72.7358127691491,110.498671360789,0,0,30.0704514049276,29.9771271339154,3.80311276791311,7.61877969580805,2.77278145025115,4.21161628001613,0,0,0,0,11.0410125736673,22.7897211378104,7.99833855385647,12.1555815072947,0,0,0,0,0,0,0,0,0,0,21.2544865395886,12.1018823773307,17.4244680837796,17.3723172751994
"22",1991,1558,1.75,9728.93311913915,9581.89068940185,710.634487463307,1344.81022988766,266.208145122225,393.85123367859,0,0,0,0,0,0,0,0,0,0,0,0,1.05711912909506,2.03878713127412,0.473638967411139,0.702859469266729,0,0,0,0,0,0,0,0,0,0,1781.50551797155,1763.60233676805,94.9796708467638,179.10357202899,27.7863236423737,41.1360671908749,0,0,68.4482909293325,67.7604220772769,3.65895031771353,6.90029012404053,1.07075850596492,1.58521908919857,0,0,30704.9190320957,30455.6398782256,1982.62194653245,3738.68983555135,669.105006544745,984.534348247335,0,0,1179.65090571287,1170.1562239392,76.7297191615434,144.788535317804,26.1005892246391,38.4262331625029,0,0,0,0,2.98170856852459,5.72252166907999,1.16577930182147,1.72062252094996,0,0,0,0,0,0,0,0,0,0,183.039431775551,186.083693808195,37.852933881594,76.2695230041374,24.6270429302259,38.1632418784586,0,0,7.03254020632748,7.1496361389635,1.44706861566684,2.91458922966498,0.935682528502453,1.44965179797315,0,0,779.501721043012,776.326229455753,101.250105253585,203.208502029179,74.3760632859225,113.322142840223,0,0,29.9489055238068,29.8277188421378,3.87798820896566,7.78055803724204,2.83524751358003,4.31911289465408,0,0,0,0,11.3130544177909,23.3707254674564,8.19889552846725,12.4873792045303,0,0,0,0,0,0,0,0,0,0,22.2993612201001,12.6768894454394,18.5221363862463,18.4595407085095
"23",1991,1558,1.83333333333333,9713.50496024138,9555.60845920179,722.439798465861,1367.50199729606,271.143036524775,401.749778364687,0,0,0,0,0,0,0,0,0,0,0,0,1.07768986369571,2.07881456811736,0.48252459374627,0.717136278752991,0,0,0,0,0,0,0,0,0,0,1783.06990997303,1763.03439536566,96.8902832717964,182.795779379304,28.4930893965885,42.2555975583254,0,0,68.508397371757,67.738600860363,3.73259653382269,7.04262036217379,1.0979941014173,1.62836070735256,0,0,30638.4731701651,30352.8249208017,2019.08652681059,3808.89890006201,684.665745643824,1008.88654936429,0,0,1177.098456892,1166.20589516596,78.1440785444021,147.514388661915,26.7083328194587,39.3782397140697,0,0,0,0,3.04678390424537,5.8492327208764,1.1934055410257,1.76398350066622,0,0,0,0,0,0,0,0,0,0,182.74381491696,185.684644002658,38.6584088330286,77.9704055473222,25.206094597171,39.1520165655229,0,0,7.02118312487297,7.13430398143601,1.47784705578239,2.97955137872555,0.957678663142351,1.48719691817842,0,0,776.330930018721,772.442070893858,103.205701005667,207.450537369946,76.0476331277025,116.205119587748,0,0,29.8270852126189,29.6784829959122,3.95285435267314,7.94287057251397,2.89890579624456,4.42887314298908,0,0,0,0,11.5905084379278,23.963531600537,8.40410450673759,12.8272152005655,0,0,0,0,0,0,0,0,0,0,23.3424912191237,13.2506427421048,19.6442633325844,19.5724982993842
"24",1991,1558,1.91666666666667,9698.16645126366,9529.53027701621,733.996099582811,1389.77101200604,276.148248378644,409.76266133993,0,0,0,0,0,0,0,0,0,0,0,0,1.09803808903296,2.11848483330987,0.491561768588201,0.73165385270915,0,0,0,0,0,0,0,0,0,0,1784.79441231719,1762.62918301186,98.7831449179225,186.46375471495,29.2155406996569,43.4015866154593,0,0,68.5746555095909,67.7230319537269,3.80556157067468,7.18402207459982,1.12583426103817,1.67252202530901,0,0,30572.3655599454,30250.6128871583,2054.83005498044,3877.89486738124,700.473237601377,1033.64472577486,0,0,1174.55900172467,1162.27873177588,79.530917753747,150.194050572803,27.3257794479638,40.3462307078807,0,0,0,0,3.11114991613543,5.97482033088819,1.22153524877584,1.80815836839734,0,0,0,0,0,0,0,0,0,0,182.468222204625,185.299732326544,39.4625351932256,79.6701726649994,25.8006684230747,40.1657364588449,0,0,7.01059538575494,7.11951503378212,1.50856996538764,3.04446261705405,0.980264620030749,1.52568930067446,0,0,773.153550246672,768.562500639119,105.160759745452,211.705739473694,77.7508965709158,119.148261507969,0,0,29.7050117394678,29.52942344181,4.02769404078718,8.10567433031071,2.96377039225744,4.54092190072105,0,0,0,0,11.8731536484449,24.5677707089536,8.61403855254746,13.1752223748618,0,0,0,0,0,0,0,0,0,0,24.3839925353277,13.8231861811325,20.7911111302148,20.7114267929799
"25",1992,1558,2,9680.14755315061,9498.35023611274,748.849046835453,1417.53992480725,281.181974603218,417.787653711793,0,0,0,0,0,0,0,0,0,0,0,0,1.11852383344147,2.1582801306851,0.500643713678754,0.746188090921526,0,0,0,0,0,0,0,0,0,0,1786.15900210741,1761.503710224,101.158586133607,190.935273583878,29.9497620642241,44.5638243162725,0,0,68.6270852315411,67.6797894893956,3.89707041888448,7.35630102252934,1.1541278477029,1.71730928104253,0,0,30497.9510106617,30134.0671587663,2098.57501273923,3960.10797221607,716.418622428064,1058.54717695433,0,0,1171.70040067266,1157.80084415339,81.225325608318,153.381839116536,27.948662394638,41.3199661020075,0,0,0,0,3.17571725385567,6.10045179980972,1.24990049593723,1.85258982826136,0,0,0,0,0,0,0,0,0,0,182.127107874183,184.778414282876,40.3173562776965,81.431233920503,26.3951816311809,41.1696402387716,0,0,6.99749024246769,7.09948513350683,1.5412416283622,3.11173531388718,1.00284838856819,1.56380857881379,0,0,769.753069120908,764.327334278329,107.305341631225,216.278225281948,79.4706711495636,122.116978741005,0,0,29.5743665621929,29.3667013079286,4.10981086794642,8.28065850243721,3.02926278475348,4.65394120530817,0,0,0,0,12.1595840587909,25.1794773480119,8.8269554247818,13.5275603222919,0,0,0,0,0,0,0,0,0,0,25.4622273469865,14.4501611928637,22.0066517645528,21.9906155768226
"26",1992,1558,2.08333333333333,9662.22005448241,9467.36728924076,763.444196323739,1444.87605652264,286.315668029468,425.962571414849,0,0,0,0,0,0,0,0,0,0,0,0,1.13963902359892,2.19915134879783,0.509877539811305,0.760958989115947,0,0,0,0,0,0,0,0,0,0,1787.65415664341,1760.50537814547,103.507827578051,195.368923246899,30.7037816165256,45.7574984724752,0,0,68.6845314598193,67.6414319744365,3.98757827264775,7.52713545245326,1.18318404185829,1.7633075186865,0,0,30423.8213920516,30018.0424548842,2141.5871348706,4041.09180643272,732.680340633439,1083.93757294453,0,0,1168.85274467097,1153.34297521205,82.8918357710482,156.522935452552,28.5839228611013,42.3128351338601,0,0,0,0,3.24178517021333,6.22864037448235,1.27876576174783,1.8978188584646,0,0,0,0,0,0,0,0,0,0,181.806395830927,184.273501396023,41.1849869926621,83.2165883541899,27.0060232817544,42.1998062399571,0,0,6.98516897077828,7.08008554594408,1.57440167315873,3.17993298124782,1.026052827056,1.60292540268562,0,0,766.346223427545,760.094243330788,109.449789606782,220.862120421172,81.2235273221553,125.146221224989,0,0,29.4434768338444,29.2040589168388,4.19191690405829,8.45606715281045,3.09601486299649,4.76926339836977,0,0,0,0,12.4510740235832,25.8022817272502,9.044624014042,13.8880689145835,0,0,0,0,0,0,0,0,0,0,26.5391130656192,15.0762793987145,23.2498363288895,23.3010518117465
"27",1992,1558,2.16666666666667,9644.42259007826,9436.65962717878,777.729944183439,1471.69167693075,291.545611878379,434.28353492714,0,0,0,0,0,0,0,0,0,0,0,0,1.16119541208703,2.24078406829865,0.519272833652347,0.775980148841652,0,0,0,0,0,0,0,0,0,0,1789.29605530261,1759.65555198177,105.826321064408,199.75732166536,31.4775534511322,46.9828439224292,0,0,68.7476158319798,67.6087802942112,4.07690957384845,7.69624041495773,1.21300116221485,1.81052588901521,0,0,30350.1099120269,29902.7702582708,2183.74008956704,4120.63337978988,749.248611167789,1109.80595462728,0,0,1166.02115145279,1148.91401890214,84.5255812262237,159.609134929835,29.2311903282099,43.3244648562577,0,0,0,0,3.30885756059709,6.35856118498406,1.30815426609887,1.94387875696419,0,0,0,0,0,0,0,0,0,0,181.506706585372,183.786909101903,42.0619304561306,85.0208436116347,27.6335522257871,43.2571032251194,0,0,6.97365541163866,7.06138986522541,1.60791570102594,3.24884824984519,1.04989159994197,1.64307281150107,0,0,762.936414959104,755.868669738401,111.591534968591,225.453152844237,83.0100399395513,128.237179318045,0,0,29.3124732534662,29.0417053567855,4.27391333645673,8.63173583602727,3.16404835674907,4.88693354760478,0,0,0,0,12.7477461258428,26.4364128178611,9.26714424668744,14.2569394018778,0,0,0,0,0,0,0,0,0,0,27.6141633667783,15.7007155922493,24.5205145082957,24.6414878374521
"28",1992,1558,2.25,9626.7498039109,9406.22087014956,791.71162149236,1497.99417716225,296.867183327806,442.744692477205,0,0,0,0,0,0,0,0,0,0,0,0,1.18303536275362,2.2829118643004,0.528833137675232,0.791256099611035,0,0,0,0,0,0,0,0,0,0,1791.09098022841,1758.95992697096,108.11731878441,204.105975581874,32.2709465048079,48.2398896859835,0,0,68.8165797180176,67.5820532688737,4.16518855020418,7.86382628181611,1.24357422595684,1.85896558843099,0,0,30276.8126671158,29788.244306787,2225.04783860705,4198.75192817045,766.111286275255,1136.13727473349,0,0,1163.20547107238,1144.51373462122,86.1270840696319,162.641152508173,29.8900014364826,44.3542830624058,0,0,0,0,3.37652181985853,6.48951972053625,1.33807361238803,1.99077963819827,0,0,0,0,0,0,0,0,0,0,181.227343403673,183.318165977834,42.9457956136986,86.8400006346112,28.2777991014047,44.3417343666376,0,0,6.96292279626334,7.04337997852337,1.6416919196976,3.31832759459501,1.07436586912867,1.68425852270341,0,0,759.52369477663,751.650440038875,113.730831141531,230.051564349808,84.830495861651,131.390429576366,0,0,29.1813577830468,28.8796339630347,4.35580981402771,8.80767363071795,3.23337402406525,5.00697333635223,0,0,0,0,13.0496207951993,27.0819011026729,9.49458499830827,14.6342954040777,0,0,0,0,0,0,0,0,0,0,28.6875005823846,16.3235311276283,25.8191433196886,26.0123896129867
"29",1992,1558,2.33333333333333,9609.19673471635,9376.04505545727,805.39444033771,1523.79080412686,302.275867654635,451.340300683056,0,0,0,0,0,0,0,0,0,0,0,0,1.20502948943009,2.32531473227688,0.538558689412759,0.80678716562564,0,0,0,0,0,0,0,0,0,0,1793.04371107841,1758.42268625874,110.38378180414,208.419901639044,33.0838585689341,49.5286928761012,0,0,68.891606760022,67.5614116215714,4.25252834057683,8.03008475160796,1.27489934489714,1.90862887582081,0,0,30203.9266752286,29674.4592759774,2265.52423974234,4275.46665992937,783.256493317136,1162.91676399998,0,0,1160.40558898275,1140.14191779418,87.6968627877469,165.619702596473,30.5599030617327,45.401727798753,0,0,0,0,3.44444191789566,6.62094692219464,1.36852296557558,2.03852097557167,0,0,0,0,0,0,0,0,0,0,180.967676543873,182.866849909324,43.8345580237841,88.6706376918992,28.9387473444562,45.4538401943172,0,0,6.95294692975034,7.02603966751093,1.67565265383897,3.3882397274231,1.09947497861959,1.72648784391188,0,0,756.108210491757,747.439495523866,115.867743922047,234.657283656345,86.6851735906831,134.606542027489,0,0,29.0501360940953,28.7178424798867,4.43760878769061,8.98387760704106,3.3040023070771,5.12940420140988,0,0,0,0,13.3566550225528,27.7386698913367,9.72701446879965,15.0202594487582,0,0,0,0,0,0,0,0,0,0,29.7592430460733,16.9447858152814,27.1461384175209,27.4141849626715
"30",1992,1558,2.41666666666667,9591.75874856273,9346.12656731627,818.78350469754,1549.08867477949,307.767250595042,460.064716792998,0,0,0,0,0,0,0,0,0,0,0,0,1.22707056214717,2.36780925885726,0.548447422677264,0.822570712101932,0,0,0,0,0,0,0,0,0,0,1795.15782137005,1758.04680431546,112.628415505333,212.703685598659,33.9162123157565,50.8493354832704,0,0,68.9728342582469,67.5469696362119,4.33903234154023,8.19519110079312,1.30697357614826,1.95951895295205,0,0,30131.4496824418,29561.4105810448,2305.18304039015,4350.79673674308,800.67262096375,1190.12991835414,0,0,1157.62141861233,1135.79839226485,89.2354319965696,168.545498296416,31.2404518062831,46.466246896979,0,0,0,0,3.51234150374974,6.7523719964563,1.39949573310714,2.08709491562876,0,0,0,0,0,0,0,0,0,0,180.727130551066,182.432577217675,44.7264958753702,90.5098141956098,29.6163455191192,46.5935132807424,0,0,6.94370570294616,7.00935419062634,1.70973187733852,3.45847188639015,1.12521693098991,1.7697642403305,0,0,752.690186943861,743.235870400281,118.002192855203,239.269991322017,88.5743368537535,137.886071244008,0,0,28.9188168252495,28.5563322215982,4.51930710211134,9.160335324583,3.37594308533674,5.25424699044475,0,0,0,0,13.6687583215707,28.406561261865,9.96449820206901,15.4149504632404,0,0,0,0,0,0,0,0,0,0,30.8295056277426,17.5645381407125,28.501881440195,28.8472703663908
"31",1992,1558,2.5,9574.431509938,9316.46010699259,831.883812346871,1573.89477908406,313.337018059503,468.912398434277,0,0,0,0,0,0,0,0,0,0,0,0,1.24907088874496,2.41024439029528,0.5584953880618,0.838601671820716,0,0,0,0,0,0,0,0,0,0,1797.43581438449,1757.83418723621,114.853682310637,216.961503242623,34.7679532668043,52.201922601035,0,0,69.0603583927581,67.5388005480163,4.42479468980293,8.35930497642848,1.3397948456731,2.01163989820095,0,0,30059.3800723613,29449.0942838002,2344.03786781957,4424.7612577196,818.348322158669,1217.76250300157,0,0,1154.8528978828,1131.48300672078,90.7433020687804,171.419250800827,31.931214113755,47.5472981292999,0,0,0,0,3.57999666834712,6.88341074130389,1.43098066877701,2.13648765256143,0,0,0,0,0,0,0,0,0,0,180.505178820172,182.014997797615,45.6201618696502,92.3550288969508,30.3105133464797,47.7608054204737,0,0,6.93517888354041,6.99331009625335,1.74387412895492,3.52892822295566,1.15158862027681,1.81408961216958,0,0,749.269916948064,739.039681512145,120.133971114247,243.889150807138,90.4982304786054,141.229550460683,0,0,28.7874112268101,28.3951076774792,4.60089676075614,9.3370260283938,3.44920551785774,5.38152173687448,0,0,0,0,13.9857998983338,29.0853476927887,10.2070980806057,15.8184824484033,0,0,0,0,0,0,0,0,0,0,31.8983999074979,18.1828453325217,29.8867233060161,30.31201403779
"32",1992,1558,2.58333333333333,9557.21094264801,9287.04065234413,844.700259969458,1598.21598669261,318.980952639866,477.877900119601,0,0,0,0,0,0,0,0,0,0,0,0,1.2709588926063,2.45249589236572,0.568697285530909,0.854873211003562,0,0,0,0,0,0,0,0,0,0,1799.87929686103,1757.78585026147,117.06182333975,221.197156545818,35.6390473433601,53.5865804271812,0,0,69.1542408970488,67.5369433641479,4.50990108520399,8.52257177146325,1.3733618561112,2.0649965920571,0,0,29987.7167525607,29337.5069767426,2382.102222186,4497.37924387506,836.272508835277,1245.80054809452,0,0,1152.09998484597,1127.19563023948,92.2209788587815,174.241668790905,32.6317660767214,48.6443490527991,0,0,0,0,3.64722649959937,7.0137502928221,1.46296328089785,2.18668117667464,0,0,0,0,0,0,0,0,0,0,180.301336384032,181.613788982932,46.514345387307,94.2041627162419,31.021148831819,48.9557362493814,0,0,6.92734783897548,6.97789498702894,1.77803305366772,3.59952759708109,1.17858610731538,1.85946462760545,0,0,745.84774976298,734.851115342411,122.26277002217,248.514047256597,92.4570765647456,144.63748597034,0,0,28.6559327176666,28.2341760124814,4.68236586906908,9.51392214115083,3.52379789631815,5.51124744530923,0,0,0,0,14.3076176459761,29.774746740546,10.454871279991,16.230963119885,0,0,0,0,0,0,0,0,0,0,32.9660344620466,18.7997634742343,31.3009885892303,31.8087599957133
"33",1992,1558,2.66666666666667,9540.09319249875,9257.86341924201,857.237647666465,1622.05905279966,324.694930542108,486.955870243535,0,0,0,0,0,0,0,0,0,0,0,0,1.29267597881616,2.49446125724409,0.579046922131803,0.871377304437924,0,0,0,0,0,0,0,0,0,0,1802.48914453924,1757.90208684622,119.254879937837,225.414109578093,36.5294783066457,55.0034540603563,0,0,69.2545154184339,67.5414093596158,4.59442960899673,8.68512398990998,1.40767399023849,2.11959463462924,0,0,29916.4590465289,29226.6456729696,2419.38946873403,4568.66962158361,854.434347552428,1274.23034550583,0,0,1149.36265353252,1122.93614805853,93.6689633968377,177.013457795726,33.341693279196,49.7568768952704,0,0,0,0,3.71388447662414,7.14313517189429,1.49542702580142,2.23765476383649,0,0,0,0,0,0,0,0,0,0,180.115153199756,181.228649912342,47.4080360539057,96.0554233240562,31.7481348780224,50.1783013788956,0,0,6.92019527850057,6.96309730337079,1.81216999841502,3.67020144061973,1.20620487513048,1.90588903688204,0,0,742.42407992469,730.67041540117,124.388202440291,253.143824846409,94.4510710910266,148.110351922307,0,0,28.5243964562926,28.0735465826328,4.76369953384575,9.69099069977763,3.59972751523744,5.64344189275208,0,0,0,0,14.634026335636,30.4744344751061,10.7078694241432,16.6524927825182,0,0,0,0,0,0,0,0,0,0,34.0325151267533,19.4153476020809,32.7449797538722,33.3378320208372
"34",1992,1558,2.75,9523.07460322839,9228.92383667543,869.500681899308,1645.43062183497,330.474919403301,496.141049016009,0,0,0,0,0,0,0,0,0,0,0,0,1.31417471446043,2.53605671542004,0.589537431250531,0.888105015661285,0,0,0,0,0,0,0,0,0,0,1805.26560694129,1758.1825753755,121.434709066104,229.615514128254,37.4392457977166,56.4527056420633,0,0,69.3611915439542,67.5521861774597,4.67845130916435,8.84708222165759,1.44273123674338,2.17544027557572,0,0,29845.6066259132,29116.5077374007,2455.912832649,4638.65121116053,872.823255914757,1303.03844618234,0,0,1146.64089134878,1118.70445893312,95.087751685819,179.735319749164,34.0605906673178,50.884368461586,0,0,0,0,3.77985353917376,7.27135920507785,1.52835385328122,2.28938566869539,0,0,0,0,0,0,0,0,0,0,179.946210051263,180.859298236607,48.3003999707388,97.9073084050298,32.4913431777655,51.4284773997437,0,0,6.91370509574248,6.94890619695968,1.84625309668426,3.7408923420787,1.23443997906888,1.95336186529048,0,0,738.999340000551,726.49787396587,126.509817411774,257.777510712299,96.4803823703722,151.648587584085,0,0,28.3928190623438,27.9132306176829,4.84488042591065,9.8681942752742,3.67700061315353,5.77812152439127,0,0,0,0,14.9648222355335,31.1840531745381,10.9661383079236,17.0831639188341,0,0,0,0,0,0,0,0,0,0,35.0979451594816,20.029651760498,34.2189799329816,34.8995362711945
"35",1992,1558,2.83333333333333,9506.1516919345,9200.21752139513,881.493978517246,1668.33723119901,336.316975949264,505.428266242015,0,0,0,0,0,0,0,0,0,0,0,0,1.33541693097079,2.5772141267077,0.600161511567224,0.905046800225045,0,0,0,0,0,0,0,0,0,0,1808.20841407645,1758.62648755425,123.602999580887,233.804236903627,38.368363454825,57.9345126410407,0,0,69.4742589001335,67.5692419932576,4.76203081970885,9.00855617754204,1.47853411898441,2.23254034950939,0,0,29775.1594416055,29007.0908170169,2491.68539368599,4707.34271481974,891.428898620706,1332.21165715779,0,0,1143.93469642906,1114.50047245573,96.4778344888362,182.407952522174,34.7880624063291,52.0263200275955,0,0,0,0,3.84504092936556,7.39825709422722,1.56172481298434,2.34184988890793,0,0,0,0,0,0,0,0,0,0,179.79411435624,180.505466770232,49.1907553238085,99.7585679108429,33.2506381183796,52.7062268961301,0,0,6.90786220760492,6.9353114020922,1.8802563290161,3.81155259225303,1.26328619751313,2.00188160666021,0,0,735.573993247712,722.333823707702,128.627115047638,262.414039287851,98.5451495205717,155.252594593961,0,0,28.261218334594,27.7532408993752,4.92588935214766,10.045491908337,3.75562231443381,5.91530134910086,0,0,0,0,15.2997879377133,31.903219345941,11.2297175768549,17.5230607263346,0,0,0,0,0,0,0,0,0,0,36.1624254105457,20.6427290594715,35.7232557773959,36.4941639643489
"36",1992,1558,2.91666666666667,9489.32112631584,9171.74025442926,893.222065639954,1690.78531476126,342.217243683441,514.812439157222,0,0,0,0,0,0,0,0,0,0,0,0,1.35637201091956,2.6178781661997,0.610911631599544,0.922192766187438,0,0,0,0,0,0,0,0,0,0,1811.31687442848,1759.23258776133,125.761287994741,237.982885881676,39.316857111126,59.4490661813426,0,0,69.5936909178128,67.5925293324707,4.84522696038637,9.16964569238005,1.51508362671707,2.29090221294407,0,0,29705.1176607377,28898.3927772314,2526.72008120817,4774.76270523153,910.241183337844,1361.73703840591,0,0,1141.24407521506,1110.32410661134,97.8396971322593,185.032049477639,35.5237217311484,53.1822372281861,0,0,0,0,3.90937355011377,7.52369681127575,1.59552056858119,2.39502281539577,0,0,0,0,0,0,0,0,0,0,179.658496351949,180.166900509127,50.0785496765463,101.608168706985,34.0258802370109,54.0115029537723,0,0,6.90265240772289,6.92230312109448,1.9141586485105,3.88214282232417,1.29273816522082,2.05144639728966,0,0,732.148526827038,718.178629917091,130.739560110717,267.052274710235,100.645481302717,158.922734673789,0,0,28.1296129902103,27.593591462738,5.00670577736351,10.2228399704867,3.83559658524734,6.05499485267801,0,0,0,0,15.6386966680904,32.6315309224347,11.4986405016253,17.9722587728784,0,0,0,0,0,0,0,0,0,0,37.2260544805268,21.2546317258517,37.258060110735,38.1219938834778
"37",1993,1558,3,9471.79176166732,9142.37005762129,905.245313241287,1713.73615652298,348.186549400264,524.330930966881,0,0,0,0,0,0,0,0,0,0,0,0,1.3770572380724,2.65813267476561,0.62180535565352,0.939607675015161,0,0,0,0,0,0,0,0,0,0,1814.50393256725,1759.86844181729,127.994103101907,242.294709030238,40.2865125587041,61.0015852819866,0,0,69.7161427881496,67.6169598621387,4.93128763733508,9.33585546062119,1.55244855560488,2.3507269560552,0,0,29634.0023253712,28788.1797837655,2562.41979096031,4843.30812945092,929.289187348086,1391.71432155154,0,0,1138.51220648279,1106.08953381676,99.2272441372548,187.699752087079,36.2687095799681,54.3560250737079,0,0,0,0,3.97291115894046,7.64793740531268,1.62978784052379,2.4490748509458,0,0,0,0,0,0,0,0,0,0,179.530473912593,179.834452280649,50.979929796874,103.497459384329,34.8211462271341,55.3574194442812,0,0,6.8977344311329,6.90952990498819,1.94857939403254,3.95424676589464,1.32295070936294,2.10255425207984,0,0,728.696747214656,713.99001559234,132.878864124406,271.75027728516,102.785679164624,162.672408829632,0,0,27.9969966572783,27.4326579565662,5.0885477733671,10.4024676982796,3.91708717392376,6.19771230309594,0,0,0,0,15.9816415967128,33.3699077417513,11.7734143920901,18.4322991307744,0,0,0,0,0,0,0,0,0,0,38.2815099419601,21.8507814352051,38.8126824174976,39.7432171404065
"38",1993,1558,3.08333333333333,9450.35811514353,9107.57102976536,919.794780850586,1741.02833636444,354.301258516905,534.179173683176,0,0,0,0,0,0,0,0,0,0,0,0,1.39814538572831,2.699335543523,0.632944300605959,0.957598851009138,0,0,0,0,0,0,0,0,0,0,1817.43812265612,1760.01797772552,130.634934743936,247.306878884032,41.2886839327715,62.6185759495603,0,0,69.8288790636309,67.6227052708663,5.0330305069917,9.52898696918199,1.59106595423383,2.41303535876516,0,0,29555.7877691072,28667.3859741434,2604.38025488927,4922.56795162465,948.774204198293,1422.66054658949,0,0,1135.50758540319,1101.44842874449,100.855574173625,190.779830960306,37.030856154915,55.5678480655087,0,0,0,0,4.03746405892618,7.77465554198522,1.66479514168703,2.5048126983485,0,0,0,0,0,0,0,0,0,0,179.375005388305,179.470802496023,51.9687319164366,105.606098041958,35.6535994155338,56.797376499324,0,0,6.89176192307139,6.89555787557081,1.9863508803737,4.03474694900793,1.35457614123132,2.15723374004691,0,0,725.107971106919,709.593595460502,135.176907972674,276.754023510548,104.984862422224,166.55999710187,0,0,27.8591168103103,27.2637402150304,5.17648068755469,10.5938182901007,4.00082277435147,6.34567768660132,0,0,0,0,16.3298416098073,34.1236883036446,12.0560502572295,18.9094176076819,0,0,0,0,0,0,0,0,0,0,39.298445394065,22.3715003897919,40.3430192840595,41.1931920617693
"39",1993,1558,3.16666666666667,9429.0333385698,9073.04688411016,934.015531242476,1767.76149090094,360.49822958095,544.157066692608,0,0,0,0,0,0,0,0,0,0,0,0,1.41966640828916,2.74123745807896,0.64421019689063,0.975800911107352,0,0,0,0,0,0,0,0,0,0,1820.5730293909,1760.36136955138,133.258120129716,252.29955631615,42.3175496230979,64.2791620593734,0,0,69.9493271936274,67.6358989339573,5.13410088306145,9.72137978935603,1.63071133745129,2.47702273810722,0,0,29478.007975755,28547.3968355344,2645.47384608875,5000.35566519703,968.527346785774,1454.04546730268,0,0,1132.5196659719,1096.83824051617,102.450789109629,193.803771864383,37.8035612607414,56.7969883444963,0,0,0,0,4.10308055874685,7.90306640982434,1.70023519192546,2.56129005038993,0,0,0,0,0,0,0,0,0,0,179.23550104472,179.120751792639,52.9638918127612,107.72351795897,36.5023477967266,58.2651290730172,0,0,6.88640277607933,6.8821083447872,2.02436485846402,4.11558048716921,1.38682098872044,2.21296915818468,0,0,721.516701642458,705.206145936697,137.470011720812,281.76541251497,107.223239385711,170.523272514368,0,0,27.7211411451084,27.0951671406943,5.26421748667517,10.7854454313809,4.08604911268824,6.4965199464697,0,0,0,0,16.6817808843993,34.886391057013,12.3442070553017,19.3964009734271,0,0,0,0,0,0,0,0,0,0,40.3145451602292,22.8911850258441,41.905700631519,42.6753655486328
"40",1993,1558,3.25,9407.81361749467,9038.79272064745,947.91310087071,1793.94336693075,366.772684468139,554.258448286386,0,0,0,0,0,0,0,0,0,0,0,0,1.44145870047763,2.78357159632609,0.655608197882564,0.994219709345312,0,0,0,0,0,0,0,0,0,0,1823.90757991102,1760.89690051283,135.866149686595,257.276872901386,43.3728527936935,65.9832901827138,0,0,70.0774459571212,67.6564748899009,5.23459380919037,9.91319164790045,1.67137493821279,2.54268719232564,0,0,29400.663474918,28428.2100180964,2685.71509219598,5076.69186424325,988.536933686544,1485.85446680582,0,0,1129.5484685595,1092.25887884626,104.013433545284,196.77234269168,38.5863780381898,58.0428884258671,0,0,0,0,4.16933913894309,8.03248074420661,1.73612294028627,2.61852488992938,0,0,0,0,0,0,0,0,0,0,179.111787372725,178.784296611223,53.9637226175023,109.847480324178,37.3678143212056,59.7614643716753,0,0,6.88165032396024,6.86918117588187,2.06255648087371,4.19666123687518,1.41970145734009,2.26979058797155,0,0,717.923324701792,700.827860778699,139.758162293666,286.783637637952,109.500754180168,174.562303898514,0,0,27.5830844876931,26.9269461780207,5.35175779053178,10.977318433289,4.17276392347092,6.65024148849375,0,0,0,0,17.0375141967478,35.6580725071332,12.6379120359053,19.8933194950682,0,0,0,0,0,0,0,0,0,0,41.3298991944589,23.4098747463831,43.5011148360019,44.1900609875626
"41",1993,1558,3.33333333333333,9386.69532164166,9004.80383927661,961.492906077844,1819.58156505556,373.119949325868,564.477258175081,0,0,0,0,0,0,0,0,0,0,0,0,1.46338936084637,2.82611723452846,0.667139820622892,1.01285660761515,0,0,0,0,0,0,0,0,0,0,1827.44022413549,1761.62239618657,138.46129006509,262.242586035847,44.4543856589108,67.7309587835738,0,0,70.2131757975215,67.6843495938765,5.3345958109252,10.1045660192203,1.7130488546607,2.61002879022023,0,0,29323.7550269012,28309.8234053496,2725.11838804814,5151.59705505663,1008.79153882249,1518.07318534234,0,0,1126.59402239943,1087.71026241539,105.544047347802,199.686308453682,39.3788691320442,59.305000300112,0,0,0,0,4.23589563904854,8.16233258567261,1.77246367743836,2.67652339892458,0,0,0,0,0,0,0,0,0,0,179.003696616121,178.461425416644,54.9668008383795,111.976099911383,38.2503369695469,61.2870640094188,0,0,6.87749812153642,6.85677592565421,2.10087106396364,4.27791672258029,1.45323049125015,2.32772406419897,0,0,714.328273802864,696.458993347962,142.041218526918,291.807734851666,111.817369439091,178.677185828159,0,0,27.444963494339,26.7590870615435,5.43909629499199,11.1694005520203,4.26096565792739,6.80684571231962,0,0,0,0,17.3970311369873,36.4386828437114,12.9371938094096,20.4002443110034,0,0,0,0,0,0,0,0,0,0,42.3445965023456,23.9276089432504,45.1296294573239,45.7375897420773
"42",1993,1558,3.41666666666667,9365.67498158319,8971.07571617399,974.760247393224,1844.68354551901,379.535453036226,574.807536367687,0,0,0,0,0,0,0,0,0,0,0,0,1.48534922398181,2.86869195881487,0.678803869473003,1.03170959032836,0,0,0,0,0,0,0,0,0,0,1831.16903539206,1762.53532594999,141.045603045812,267.200110884323,45.5619846073698,69.5222137551961,0,0,70.3564426889993,67.7194258153162,5.43418561342096,10.2956333394703,1.75572686613385,2.67904940350971,0,0,29247.2835590554,28192.2350513019,2763.69798302059,5225.09163353832,1029.27999318143,1550.68752397033,0,0,1123.65636314241,1083.19231645464,107.043165165445,202.546430417593,40.1806067638442,60.5827855794377,0,0,0,0,4.30246949319269,8.29215784118445,1.80925559084938,2.73528301675862,0,0,0,0,0,0,0,0,0,0,178.911064648643,178.152117451165,55.971931383443,114.107799448539,39.1501828065135,62.8425193329541,0,0,6.87393986308138,6.8448917965565,2.1392627339715,4.35928636706584,1.48741831495786,2.38679216560422,0,0,710.732021336669,692.099846806252,144.318935261643,296.836614112247,114.173056871445,182.868026870837,0,0,27.3067963148419,26.5916014392057,5.52622370143189,11.3616502003703,4.3506531221256,6.96633656148972,0,0,0,0,17.7602696172642,37.228087114467,13.2420800905082,20.9172446555279,0,0,0,0,0,0,0,0,0,0,43.3587251424694,24.444426961926,46.7915941610953,47.318253230679
"43",1993,1558,3.5,9344.74926399314,8937.60397809074,987.720317552258,1869.25663858431,386.014721905737,585.243418059885,0,0,0,0,0,0,0,0,0,0,0,0,1.50724823848298,2.91114434968638,0.690597190038354,1.05077418212375,0,0,0,0,0,0,0,0,0,0,1835.09180280882,1763.63289513755,143.620968794312,272.152559389284,46.6955244313209,71.3571428453562,0,0,70.5071616863203,67.7615961787013,5.53343502515616,10.4865124902847,1.79940421468351,2.74975249641911,0,0,29171.2501098889,28075.4431246837,2801.46797754359,5297.1958732687,1049.99137599631,1583.68363684135,0,0,1120.73553070917,1078.70497060292,108.511316279651,205.353465632486,40.9911724087006,61.8757152185285,0,0,0,0,4.3688310653621,8.42157437568783,1.84649181341615,2.79479491290067,0,0,0,0,0,0,0,0,0,0,178.833729329979,177.856342300927,56.9781111303693,116.241261516501,40.0675616621654,64.4283470348279,0,0,6.87096931915688,6.83352762003736,2.17769301873454,4.44071962881223,1.5222729598801,2.44701461546375,0,0,707.135070149726,687.750764413631,146.590986237279,301.869088893107,116.567789560224,187.134939656749,0,0,27.1686022691129,26.4245024995929,5.61312759890507,11.5540220877592,4.44182518160209,7.12871814324043,0,0,0,0,18.1271278747189,38.026084268653,13.5525961667535,21.4443859757953,0,0,0,0,0,0,0,0,0,0,44.3723722642616,24.9603680741191,48.4873438045341,48.9323450427554
"44",1993,1558,3.58333333333333,9323.91495871635,8904.38438921491,1000.37820352564,1893.30804739764,392.553379100115,595.779133212597,0,0,0,0,0,0,0,0,0,0,0,0,1.52901300560859,2.95335007988285,0.702515063020407,1.07004392935897,0,0,0,0,0,0,0,0,0,0,1839.20608573412,1764.91209978206,146.189097350435,277.102759468332,47.8549151504713,73.2358726383153,0,0,70.6652390157449,67.8107452668082,5.63240937417108,10.6773115283871,1.84407748487262,2.82214301186734,0,0,29095.6557946554,27959.4458749422,2838.44231535295,5367.92991217715,1070.91501648149,1617.04793408982,0,0,1117.8315679684,1074.24815760044,109.949024308476,208.108166421651,41.8101568647769,63.1832696261688,0,0,0,0,4.43479492266189,8.5502714162771,1.88416147939677,2.85504526847302,0,0,0,0,0,0,0,0,0,0,178.771529640583,177.57405957226,57.98450906882,118.375402308334,41.0026338322695,66.0449978680549,0,0,6.86858030337165,6.82268184410519,2.21613008019123,4.52217498608816,1.55780056076854,2.50840861701379,0,0,703.537948499671,683.412123833709,148.856977531952,306.903893951407,119.001536910378,191.478034155945,0,0,27.0304016533679,26.2578047531311,5.69979298209671,11.7464679062073,4.53448056807822,7.29399447178448,0,0,0,0,18.4974710790263,38.8324176439813,13.8687639892605,21.9817287614503,0,0,0,0,0,0,0,0,0,0,45.3856240956315,25.4754714485187,50.2172001880443,50.5801522108284
"45",1993,1558,3.66666666666667,9303.16896240756,8871.41283431873,1012.73889117589,1916.84485397029,399.147141645987,606.409003754125,0,0,0,0,0,0,0,0,0,0,0,0,1.55058376237126,2.99520712280953,0.714551671879214,1.0895109713529,0,0,0,0,0,0,0,0,0,0,1843.50927553018,1766.36978797751,148.751545140345,282.053282704362,49.0400980082923,75.1585647031103,0,0,70.8305744492383,67.8667519783673,5.73116813569293,10.8681287390086,1.88974445211073,2.89622722602304,0,0,29020.5017679785,27844.2415953761,2874.63477901099,5437.31374150026,1092.04048945018,1650.76707851399,0,0,1114.9445193008,1069.82181187226,111.35680702692,210.811279951087,42.6371600948123,64.5049385477431,0,0,0,0,4.50021160361165,8.67799656767255,1.92225098427902,2.91601680228884,0,0,0,0,0,0,0,0,0,0,178.724304759495,177.305218814629,58.9904413601793,120.509338505019,41.9555192634458,67.6928672676598,0,0,6.86676663695055,6.81235253036766,2.25454775070857,4.60361865491643,1.59400570914827,2.57098926194853,0,0,699.941204245391,679.084330438926,151.116463175511,311.93970565449,121.474259457462,195.897410698184,0,0,26.8922155169093,26.0915237748653,5.78620285276816,11.9389371147464,4.62861768066962,7.4621692015719,0,0,0,0,18.8711391650104,39.6467874506784,14.1906012497711,22.5293273815589,0,0,0,0,0,0,0,0,0,0,46.3985659530695,25.9897761228157,51.9814742016283,52.2619566981301
"46",1993,1558,3.75,9282.50826443728,8838.68530424354,1024.80726910399,1939.87402407914,405.791817966219,617.127441361737,0,0,0,0,0,0,0,0,0,0,0,0,1.57191188046096,3.03663175892274,0.726700458935726,1.10916647843523,0,0,0,0,0,0,0,0,0,0,1847.99864828848,1768.00271212709,151.309730027581,287.006469490704,50.251041726443,77.1254119102251,0,0,71.0030633298793,67.9294915355163,5.82976550429374,11.0590535925345,1.93640394059747,2.97201260898567,0,0,28945.7891922743,27729.828592187,2910.05898531063,5505.36719501298,1113.35761178419,1684.82798319915,0,0,1112.07442938589,1065.42586833922,112.735176183846,213.463547810042,43.4717910995795,65.8402209827476,0,0,0,0,4.56496083882816,8.80454506065164,1.96074492824989,2.97768992221519,0,0,0,0,0,0,0,0,0,0,178.691893443563,177.049759682656,59.9953493516673,122.64235790078,42.9263054641058,69.3723046690681,0,0,6.86552212488432,6.80253736025679,2.2929246840674,4.68502345288525,1.63089175756151,2.63476988860147,0,0,696.34539969604,674.767811344087,153.368958706425,316.975159775371,123.985904579533,200.393153959021,0,0,26.7540654642215,25.9256759752176,5.87233874172807,12.1313776258064,4.72423442192471,7.63324539784087,0,0,0,0,19.2479532629619,40.4688610966877,14.5181207451647,23.0872292570312,0,0,0,0,0,0,0,0,0,0,47.4112822414856,26.5033209727625,53.7804677380734,53.978036725014
"47",1993,1558,3.83333333333333,9261.92993715477,8806.19788583645,1036.5881314685,1962.40241077217,412.483305949503,627.928945779149,0,0,0,0,0,0,0,0,0,0,0,0,1.5929582440483,3.07755596278092,0.73895432235838,1.12900089759366,0,0,0,0,0,0,0,0,0,0,1852.67139971749,1769.80756330826,153.864942784954,291.9644481183,51.4877396152281,79.1366354997988,0,0,71.1825979123021,67.9988368041593,5.92825083012573,11.2501674708389,1.98405571355342,3.04950771364757,0,0,28871.5192174436,27616.2051647767,2944.72838218877,5572.10994124902,1134.85643925166,1719.21780931623,0,0,1109.2213424218,1061.06026166091,114.084637377582,216.065705706755,44.3136678034423,67.188625107921,0,0,0,0,4.62894720124872,8.92975279218538,1.99962662151231,3.04004335107926,0,0,0,0,0,0,0,0,0,0,178.674133790543,176.807612317312,60.9987839298616,124.773898316023,43.9150528975278,71.0836200661106,0,0,6.86484054682817,6.79323364967496,2.33124375175932,4.76636798423381,1.66846102679388,2.69976233378392,0,0,692.751107994297,670.463011163171,155.61395043442,322.00886374192,126.53640389567,204.965329035204,0,0,26.6159735160129,25.7602784369579,5.95818106516266,12.3237362772627,4.82132809857995,7.80722538722708,0,0,0,0,19.6277197644129,41.2982798029114,14.8513301260152,23.6554745036311,0,0,0,0,0,0,0,0,0,0,48.4238564494608,27.0161446855188,55.6144750668146,55.7286677108949
"48",1993,1558,3.91666666666667,9241.43112620508,8773.94675195529,1048.08618088763,1984.43675794543,419.217590915885,638.808103045284,0,0,0,0,0,0,0,0,0,0,0,0,1.61369159822482,3.11792474842671,0.751305824732534,1.14900421088598,0,0,0,0,0,0,0,0,0,0,1857.52467952457,1771.78100499681,156.418358854715,296.929154385476,52.7502067364532,81.1924822279019,0,0,71.369068683706,68.0746595897007,6.02666906620492,11.441544413647,2.03270036544893,3.12872206753697,0,0,28797.6929609887,27503.3695865647,2978.65624569137,5637.56147563251,1156.52726303643,1753.92396366094,0,0,1106.38530136137,1056.72492549865,115.405689933051,218.618483160282,45.1624169292787,68.5496681908788,0,0,0,0,4.69209566478653,9.05348923622854,2.03887862813502,3.10305479503855,0,0,0,0,0,0,0,0,0,0,178.670863019379,176.578697761225,62.000389820655,126.903526422067,44.921800330221,72.8270905254146,0,0,6.86471564866038,6.78443836495179,2.36949143711055,4.84763582138537,1.70671501144305,2.76597718301,0,0,689.158909536335,666.170387798064,157.850904638636,327.039408772282,129.125670720259,209.613977564795,0,0,26.4779619716686,25.5953487533987,6.04370947851056,12.515959300134,4.9198953244551,7.98411061012014,0,0,0,0,20.0102344663717,42.134665331817,15.1902316191799,24.2340955468373,0,0,0,0,0,0,0,0,0,0,49.4363711455868,27.5282857329897,57.483784211543,57.5141232162957
"49",1994,1558,4,9220.03971557903,8740.25900172106,1060.41671166844,2007.78962691083,425.975571409403,649.736744168338,0,0,0,0,0,0,0,0,0,0,0,0,1.63411169590548,3.15772606457816,0.763716444716941,1.16912046420428,0,0,0,0,0,0,0,0,0,0,1862.39240123863,1773.66020336,159.130650503604,302.156020621774,54.0365436030769,83.2902596547963,0,0,71.5560943362714,68.1468613959709,6.1311932955257,11.6429981092914,2.08226468232925,3.20955190062519,0,0,28721.7716475508,27387.2382400952,3014.39327031275,5705.78757514405,1178.317668562,1788.86998094563,0,0,1103.46876793265,1052.26296054437,116.79630527377,221.278043111424,46.0159940923196,69.9203667950526,0,0,0,0,4.7543918756464,9.17569631132746,2.07839913622391,3.16657791380239,0,0,0,0,0,0,0,0,0,0,178.65670105431,176.32360749997,63.0150890528625,129.053914715728,45.9410712538306,74.5943361328459,0,0,6.86417229971853,6.77463736753936,2.40824274650367,4.92970165015935,1.74544568153928,2.83309625377169,0,0,685.513394701586,661.802855230172,160.12920922287,332.143804231364,131.748327421724,214.330820908212,0,0,26.3379019550583,25.4275409381999,6.13082211885756,12.711006909453,5.01973116359933,8.16358564928344,0,0,0,0,20.3948749860617,42.9767901308767,15.5341939318998,24.8221503663189,0,0,0,0,0,0,0,0,0,0,50.4563485914287,28.0468731143367,59.4028765798479,59.3602204027976
"50",1994,1558,4.08333333333333,9196.90744572687,8703.67295380639,1074.54206351727,2034.02957106005,432.762540213483,660.716777642609,0,0,0,0,0,0,0,0,0,0,0,0,1.65481222769681,3.19791933066924,0.776156372791933,1.18930444619304,0,0,0,0,0,0,0,0,0,0,1867.11177468624,1775.19469562814,162.136176053171,307.858767251074,55.3475415219379,85.4302642366115,0,0,71.7374202112056,68.2058190428257,6.24698899939345,11.8627450730242,2.13277886831536,3.29200831483564,0,0,28641.5067395738,27264.2079276362,3054.14727142532,5780.31330552297,1200.2310702479,1824.04674459208,0,0,1100.38535457098,1047.53592600948,118.341339283182,224.179865828827,46.8745003969392,71.3003252493403,0,0,0,0,4.81726806779136,9.29863840847368,2.11810676681035,3.23049067223815,0,0,0,0,0,0,0,0,0,0,178.61016205431,176.008883984576,64.0658660439637,131.261141033437,46.9687562449643,76.3787893154515,0,0,6.86238499011955,6.76254516456041,2.44838202454225,5.01395440004476,1.78449718364171,2.90087049752138,0,0,681.765610815268,657.283297387193,162.492615066783,337.390206731788,134.399765351832,219.108272015225,0,0,26.1939126688525,25.2538920666445,6.22120072350119,12.9114995750361,5.12066044024726,8.34536205379042,0,0,0,0,20.7811610411384,43.8236487463464,15.8825826395549,25.4186812562905,0,0,0,0,0,0,0,0,0,0,51.4903143688025,28.578110131828,61.3856856998414,61.2914937511998
"51",1994,1558,4.16666666666667,9173.8904858031,8667.38637728603,1088.32944873857,2059.6898042999,439.614111240236,671.799490576711,0,0,0,0,0,0,0,0,0,0,0,0,1.67589127848094,3.23868189869022,0.78869247328895,1.20965193193397,0,0,0,0,0,0,0,0,0,0,1871.99070791875,1776.87488872155,165.128172179414,313.550083880302,56.6882953160279,87.6200951480461,0,0,71.9248766282386,68.2703747483878,6.3622709746438,12.0820640960933,2.18443923669703,3.37638411697388,0,0,28561.7550583155,27142.0896385406,3093.05011265715,5853.37642321417,1222.36437766202,1859.59372752429,0,0,1097.32165753948,1042.84393296876,119.853804047483,227.025796844579,47.7417168776602,72.6949922472206,0,0,0,0,4.88098931084184,9.42279229943213,2.1581812619094,3.29505043015571,0,0,0,0,0,0,0,0,0,0,178.579713693374,175.710202484767,65.126682715529,133.486490181427,48.0160675535934,78.1980186445394,0,0,6.86121590186876,6.75106932166749,2.48890580594417,5.09890004292134,1.82429574063677,2.9699675026619,0,0,678.022880901865,652.779336703529,164.845820541395,342.628452974471,137.090166304133,223.962331349966,0,0,26.0501175378977,25.0808424650169,6.3111831317442,13.1116663974744,5.22307117063911,8.53004933991422,0,0,0,0,21.1699674977239,44.6769244715626,16.2365809063823,26.025538483772,0,0,0,0,0,0,0,0,0,0,52.5240575269385,29.1084223675716,63.4062321525151,63.260504515002
"52",1994,1558,4.25,9150.98415704407,8631.39340620696,1101.78444539702,2084.77825813298,446.525410069389,682.978472917087,0,0,0,0,0,0,0,0,0,0,0,0,1.69719373785126,3.27976241985826,0.801329421570909,1.23016783447805,0,0,0,0,0,0,0,0,0,0,1877.03241654001,1778.70335120946,168.10925011221,319.234288978037,58.0588861025058,89.8602194811424,0,0,72.1185871360126,68.3406272011943,6.47713890286732,12.3011200974759,2.23724898730443,3.46269738018324,0,0,28482.5134991332,27020.8768304899,3131.11629295515,5924.99806926161,1244.70638664162,1895.4966573798,0,0,1094.27755757758,1038.18673005493,121.334244049155,229.816626313025,48.6172135203816,74.1038211379812,0,0,0,0,4.94517679697126,9.54755408219789,2.19863436448699,3.36027017741251,0,0,0,0,0,0,0,0,0,0,178.565021594244,175.427224955246,66.1955945844589,135.727074730553,49.0832701449726,80.0525532237463,0,0,6.8606521878562,6.74019685061668,2.5297394197683,5.18442772869289,1.8648515778222,3.04040760776369,0,0,674.285349183764,648.291080590874,167.189091427106,347.858472395098,139.819380562853,228.892919397291,0,0,25.9065221035411,24.9083962602231,6.40077971321386,13.3115050341247,5.32695760411032,8.71764439260033,0,0,0,0,21.5613351764178,45.5366286111647,16.5961839945736,26.6427397019033,0,0,0,0,0,0,0,0,0,0,53.5576702111077,29.6378576761438,65.4650352992125,65.2677381629319
"53",1994,1558,4.33333333333333,9128.18405530567,8595.68846359324,1114.91251695913,2109.30272902313,453.491673403834,694.247426553562,0,0,0,0,0,0,0,0,0,0,0,0,1.71859232233721,3.32095346775538,0.81406834278787,1.25085273427649,0,0,0,0,0,0,0,0,0,0,1882.23917274984,1780.68173461245,171.081768781551,324.915275509382,59.4594011910407,92.151093874816,0,0,72.3186390360788,68.4166398553071,6.59168285359517,12.5200617733927,2.29121154371804,3.5509657606033,0,0,28403.7795217521,26900.5635340791,3168.36018618708,5995.19930274677,1267.24616473123,1931.74155124532,0,0,1091.25295710719,1033.56408791302,122.78319932644,232.553141737598,49.5005704708505,75.5262760122933,0,0,0,0,5.00952224878468,9.67242972924772,2.239469256259,3.42615269417896,0,0,0,0,0,0,0,0,0,0,178.565783757526,175.159642848765,67.2709541324696,137.980432656422,50.1705758236931,81.9428639609001,0,0,6.86068224497051,6.72991589652652,2.57081963597087,5.27044300444774,1.90617287716307,3.11220891846449,0,0,670.553227312556,643.818702945999,169.522541291182,353.079978268102,142.587269383749,233.899968199831,0,0,25.7631344977857,24.7365601336349,6.48999499057301,13.5110048419682,5.43231442309726,8.90814455946594,0,0,0,0,21.9552461720245,46.4026794496835,16.9613883819059,27.270302905881,0,0,0,0,0,0,0,0,0,0,54.5912427173725,30.16646293342,67.5625860738838,67.3136594991452
"54",1994,1558,4.41666666666667,9105.4860114421,8560.26622143917,1127.71901804501,2133.27088515107,460.508244897559,705.600161343209,0,0,0,0,0,0,0,0,0,0,0,0,1.73998217806044,3.36208320596907,0.826907797338921,1.27170405444088,0,0,0,0,0,0,0,0,0,0,1887.61247948446,1782.81094693738,174.047862904916,330.59655931905,60.8899349261833,94.4931687432488,0,0,72.5250900736499,68.4984475978018,6.70598435270269,12.7390234398,2.34633058826564,3.64120666250188,0,0,28325.551037202,26781.1442407557,3204.79602925252,6064.00107640643,1289.97304482401,1968.31470960588,0,0,1088.24777588886,1028.97579489477,124.201205009245,235.236127027896,50.3913778021633,76.9618314820549,0,0,0,0,5.07377386809508,9.79701365452692,2.28068305015732,3.4926934672137,0,0,0,0,0,0,0,0,0,0,178.581724323165,174.907171242227,68.3513655048245,140.244464953219,51.2781531026721,83.8693727178577,0,0,6.86129547440523,6.72021551219316,2.61209291617096,5.3568654040296,1.94826615849489,3.18538766127443,0,0,666.82678218024,639.362431718656,171.846161361129,358.292508943539,145.393697153513,238.983411978948,0,0,25.6199649749909,24.5653428434281,6.57882878990729,13.7101484664023,5.53913644194555,9.10154729105076,0,0,0,0,22.3516374122286,47.2749230623364,17.3321896774309,27.9082439579741,0,0,0,0,0,0,0,0,0,0,55.6248636829521,30.6942841271944,69.6993516414873,69.3987162836173
"55",1994,1558,4.5,9082.88606152894,8525.12157039097,1140.20919932805,2156.69027233007,467.57057149497,717.030591478344,0,0,0,0,0,0,0,0,0,0,0,0,1.76127715142811,3.40300958900268,0.839844398228686,1.29271680323719,0,0,0,0,0,0,0,0,0,0,1893.15319783248,1785.09127959749,177.009464835496,336.281316386981,62.3505886809435,96.886890605396,0,0,72.7379733331274,68.5860616252411,6.82011721351493,12.9581264510503,2.40261006372903,3.73343732980964,0,0,28247.826325356,26662.6138206768,3240.43791504452,6131.42422101191,1312.87661890698,2005.2027101477,0,0,1085.26194785362,1024.42165390259,125.588791041189,237.86636189185,51.2892352841257,78.4099724522857,0,0,0,0,5.1377267144441,9.92097393149987,2.32226831962976,3.55988249466531,0,0,0,0,0,0,0,0,0,0,178.61258918741,174.669544738399,69.4356505300882,142.517388447106,52.4061345262501,85.8324594407381,0,0,6.8624821132564,6.71108550062787,2.65351410259683,5.44362662636419,1.99113656198217,3.25995845873376,0,0,663.106326777974,634.922539563415,174.15984245824,363.495458466318,148.238525936185,244.143180330313,0,0,25.4770255606616,24.3947548654111,6.6672770848675,13.9089130202497,5.64741839766628,9.29784988019567,0,0,0,0,22.7504098516637,48.1531475431841,17.7085814180886,28.5565751333227,0,0,0,0,0,0,0,0,0,0,56.6586202275911,31.2213664239511,71.8757789460611,71.5233420097576
"56",1994,1558,4.58333333333333,9060.38042528009,8490.2495979511,1152.38821007172,2179.56831701122,474.674201745557,728.532733882625,0,0,0,0,0,0,0,0,0,0,0,0,1.78240707433992,3.44361613396732,0.852873251111929,1.31388410470872,0,0,0,0,0,0,0,0,0,0,1898.86164199518,1787.52250196982,179.968320712931,341.972410370744,63.8414708505721,99.3327038622692,0,0,72.9573008866268,68.679473076722,6.9341481511518,13.1774802486441,2.46005417457142,3.82767491593903,0,0,28170.6039730787,26544.9674615143,3275.29978442178,6197.48943017361,1335.94673612689,2042.39240622,0,0,1082.29541872663,1019.90148003832,126.946481869084,240.444621251594,52.193752314151,79.870194066098,0,0,0,0,5.2012157158481,10.0440415366961,2.36421418064027,3.62770556687154,0,0,0,0,0,0,0,0,0,0,178.658142818649,174.446514498333,70.5228234607935,144.797700699532,53.5546221716647,87.8324675543995,0,0,6.86423311218211,6.70251630103771,2.69504544364537,5.53066918070049,2.0347880602867,3.33593453759099,0,0,659.392213296433,630.499336768551,176.46339156923,368.68809980647,151.121611114895,249.379192585477,0,0,25.3343297863603,24.2248081213413,6.75533263440355,14.1072709782687,5.75715478299229,9.49704924652893,0,0,0,0,23.1514352382918,49.037093498432,18.0905541853978,29.2153040249602,0,0,0,0,0,0,0,0,0,0,57.6925980445126,31.7477542099642,74.0922973803555,73.6879580179826
"57",1994,1558,4.66666666666667,9037.96548184599,8455.64556394839,1164.26110206006,2201.91233084798,481.814782603977,740.10070509306,0,0,0,0,0,0,0,0,0,0,0,0,1.80331480700755,3.48380730564102,0.865988418402074,1.33519775850797,0,0,0,0,0,0,0,0,0,0,1904.73768189035,1790.10396289993,182.926010011263,347.672425915539,65.3626968885991,101.831052854095,0,0,73.1830677361815,68.7786569338497,7.04813752648833,13.397183630165,2.51866738989087,3.92393656447309,0,0,28093.8828081834,26428.2006031723,3309.39542000387,6262.21724637871,1359.17349699008,2079.87092119924,0,0,1079.34814348985,1015.415098095,128.274796197251,242.971674699555,53.1045477036228,81.3420014975901,0,0,0,0,5.26410807195609,10.1659986385492,2.40650743314342,3.69614561678291,0,0,0,0,0,0,0,0,0,0,178.718164836397,174.23784507593,71.6120626808684,147.08414040846,54.7236935345185,89.8697098413362,0,0,6.86654000396222,6.69449886720455,2.73665550268482,5.61794485848755,2.07922368548016,3.41332795552152,0,0,655.684825669489,626.093163671178,178.756549642212,373.869609882985,154.042797146663,254.691352257655,0,0,25.1918924032316,24.0555156875018,6.8429856674321,14.3051911403498,5.86833968363283,9.69914172396948,0,0,0,0,23.554563325154,49.926465263963,18.4780947658084,29.8844325169456,0,0,0,0,0,0,0,0,0,0,58.7268815110015,32.2734911430143,76.3493217354665,75.89297580776
"58",1994,1558,4.75,9015.63775045947,8421.30488089185,1175.83283268102,2223.72951421692,488.98805688773,751.72871887169,0,0,0,0,0,0,0,0,0,0,0,0,1.82395400417441,3.52350500630545,0.879183233388975,1.35664862262418,0,0,0,0,0,0,0,0,0,0,1910.7808246157,1792.83467118888,185.883961983886,353.383696489036,66.9143889943852,104.382383061983,0,0,73.4152549436977,68.8835751131759,7.1621399720611,13.6173258096383,2.57845443266906,4.02223945667972,0,0,28017.6618473078,26312.3088864322,3342.73844084175,6325.62804904228,1382.54724860382,2117.62564407805,0,0,1076.4200843794,1010.96234058371,129.574246776452,245.448286033181,54.0212495033486,82.8249097906681,0,0,0,0,5.32629756556283,10.286669766961,2.44913331435722,3.76518362053911,0,0,0,0,0,0,0,0,0,0,178.792447429885,174.043312054974,72.7026876947584,149.375654956117,55.9134062430783,91.9444733414719,0,0,6.86939480431705,6.68702457669612,2.77831827108732,5.70541348177691,2.12444571060199,3.49214978982831,0,0,651.984573481767,621.704384457764,181.039005792128,379.03908979753,157.001914395831,260.079542660048,0,0,25.0497291479278,23.8868915565073,6.93022442905689,14.5026394098762,5.98096665705317,9.90412289336015,0,0,0,0,23.9596272322133,50.8209393255263,18.8711856645562,30.5639561669314,0,0,0,0,0,0,0,0,0,0,59.7615537699345,32.7986201897774,78.6472546026489,78.1387989253771
"59",1994,1558,4.83333333333333,8993.39387555347,8387.22309884617,1187.10826741697,2245.02695899963,496.189861125676,763.411084235277,0,0,0,0,0,0,0,0,0,0,0,0,1.84428748036161,3.56264599088262,0.892450505629069,1.37822686604175,0,0,0,0,0,0,0,0,0,0,1916.99027617701,1795.71335635353,188.843469172254,359.108327143231,68.496675687369,106.987141799096,0,0,73.6538320026475,68.9941788007068,7.27620490632688,13.8379872847613,2.6394202643629,4.12260083910483,0,0,27941.9402567516,26197.2881145368,3375.34229841963,6387.74204510846,1406.05858036936,2155.64422554274,0,0,1073.51120938099,1006.54304625759,130.845340244343,247.875212887843,54.9434948456543,84.3184437160016,0,0,0,0,5.38770043215679,10.405915361622,2.49207597940566,3.83479917787661,0,0,0,0,0,0,0,0,0,0,178.880793492969,173.862700364037,73.7941411348396,151.671374826736,57.1238016413595,94.0570232198768,0,0,6.87278994024788,6.68008516612189,2.82001247502558,5.79304191705848,2.17045578753676,3.57241028623913,0,0,648.291887240465,617.333382364752,183.310408100621,384.195580399877,159.998776945105,265.543623677936,0,0,24.9078565609491,23.7189504529042,7.01703559562005,14.6995793921566,6.09502864878413,10.1119874593356,0,0,0,0,24.3664472912247,51.7201704135934,19.2698048622419,31.2538638794761,0,0,0,0,0,0,0,0,0,0,60.7966967894469,33.3231836528949,80.9864882486321,80.4258244383983
"60",1994,1558,4.91666666666667,8971.23061212062,8353.39589057291,1198.09218237546,2265.81165137735,503.416123320358,775.142203412969,0,0,0,0,0,0,0,0,0,0,0,0,1.86428557553546,3.60117928687179,0.90578273220735,1.39992222725089,0,0,0,0,0,0,0,0,0,0,1923.36500199147,1798.73852799682,191.805701091887,364.848217611999,70.109691475929,109.645779032833,0,0,73.8987591627043,69.1104107330035,7.39037705476305,14.0592407170678,2.7015700731008,4.22503805616367,0,0,27866.717314178,26083.1342157468,3407.22027275354,6448.57925966393,1429.69831939671,2193.91457378013,0,0,1070.62149075845,1002.15705867316,132.08857696922,250.253206369702,55.8709297761518,85.8221376179995,0,0,0,0,5.44825122119581,10.5236253193819,2.53531900278366,3.90497111375819,0,0,0,0,0,0,0,0,0,0,178.983014797884,173.695802632273,74.885970937841,153.970588220215,58.3549082623795,96.2076065161702,0,0,6.87671817987014,6.67367266796014,2.86172088870912,5.88080309656232,2.21725508071655,3.65411900320434,0,0,644.607213741318,612.980554988134,185.570374203445,389.338077554292,163.033180493626,271.083428623786,0,0,24.7662918086017,23.5517076529566,7.1034046815938,14.8959729813483,6.21051791205876,10.3227291303777,0,0,0,0,24.7748348885295,52.6237975861016,19.6739255601098,31.9541375694402,0,0,0,0,0,0,0,0,0,0,61.8323914227528,33.8472231982095,83.36740647173,82.7544443948408
"61",1995,1558,5,8947.50578467421,8317.71011886626,1209.90015767678,2288.22514718727,510.602143024832,787.073727482264,0,0,0,0,0,0,0,0,0,0,0,0,1.88389719187873,3.63956567479792,0.919057256052517,1.42200137887436,0,0,0,0,0,0,0,0,0,0,1929.70537978914,1801.67849279474,194.918953277143,370.890133929763,71.7452322739794,112.381459186653,0,0,74.1423666170282,69.2233688820407,7.51035313344983,14.2921086770055,2.76458766196566,4.33044362733127,0,0,27788.9000197323,25966.2045644854,3440.60134693179,6512.60814258463,1453.28213446222,2232.86744798286,0,0,1067.63209560303,997.664422205562,133.389516260167,252.754192111222,56.7963499580618,87.3528453356404,0,0,0,0,5.50775101973432,10.6410627144154,2.57852306233209,3.97645288908735,0,0,0,0,0,0,0,0,0,0,179.047097485246,173.530798449281,75.9744565513263,156.402253782844,59.5847579874834,98.4531702342559,0,0,6.87918108598124,6.66733292330697,2.90330648327737,5.97363179962362,2.26400898570816,3.73943914347415,0,0,640.877689690102,608.588788101184,187.850790908393,394.575128096465,166.083805553882,276.753628569382,0,0,24.6230038430194,23.3829687353868,7.19055881581066,15.0959845922922,6.32662244444489,10.5384297345632,0,0,0,0,25.1830159072775,53.5366820900656,20.0809965838263,32.6711238198606,0,0,0,0,0,0,0,0,0,0,62.8916915912847,34.3361345439968,85.8444233468462,84.96795936917
"62",1995,1558,5.08333333333333,8922.38725378842,8280.38820724471,1222.39390694287,2312.01405458674,517.766183743592,799.211426292507,0,0,0,0,0,0,0,0,0,0,0,0,1.90355577265587,3.67846728747845,0.932280721336184,1.44444417959967,0,0,0,0,0,0,0,0,0,0,1936.03639506915,1804.55880538286,198.166448476503,377.205079211489,73.407113509535,115.198019476693,0,0,74.3856143484511,69.3340350977838,7.63549089062268,14.5354804772414,2.82861972938909,4.43896497664428,0,0,27708.7964205142,25846.8728361409,3475.2202692955,6579.32657238805,1476.84928612103,2272.50801594263,0,0,1064.5548590327,993.079494074421,134.738000499102,255.358909638018,57.7212669309565,88.9107512437422,0,0,0,0,5.56715177589064,10.7596182419175,2.62170552017171,4.04919574612293,0,0,0,0,0,0,0,0,0,0,179.080884778187,173.367721995173,77.0682064403706,158.954882607667,60.8168558304966,100.787545511376,0,0,6.88048000489629,6.66106724536534,2.94509894644945,6.07109048348123,2.31085091943036,3.82813703913775,0,0,637.105402770311,604.164096965169,190.145501045036,399.905477283488,169.150014145605,282.556193169343,0,0,24.4780728723338,23.212964816321,7.27826217555445,15.2995650198264,6.44331845722881,10.7591640545009,0,0,0,0,25.5909722753991,54.458379263469,20.4910758118516,33.4045177605931,0,0,0,0,0,0,0,0,0,0,63.9721153877992,34.7931787317679,88.4135625861405,87.0794342141111
"63",1995,1558,5.16666666666667,8897.36396496687,8243.34831284228,1234.55806118389,2335.2292293178,524.96402706396,811.414799328328,0,0,0,0,0,0,0,0,0,0,0,0,1.92331782381261,3.71748271615859,0.945559785402842,1.46700455169256,0,0,0,0,0,0,0,0,0,0,1942.54052874756,1807.58957494081,201.414873294303,383.53588941065,75.1039048185105,118.077243236995,0,0,74.6355135655866,69.4504821109139,7.76066936060489,14.7794717711295,2.89399652343014,4.54990016687797,0,0,27629.2177305524,25728.4487778695,3509.05682593044,6644.6833187737,1500.55941116856,2312.44104643841,0,0,1061.49778776779,988.529440171403,136.056476280069,257.911473683253,58.6519206633403,90.4803990429615,0,0,0,0,5.62665732372779,10.878185581332,2.66516371962709,4.12251378214202,0,0,0,0,0,0,0,0,0,0,179.132066816729,173.216780245959,78.171561586907,161.510668634087,62.0718056243497,103.159850219916,0,0,6.88244725121069,6.65526780231353,2.98725975481006,6.16867174509601,2.3585639980785,3.91828049171798,0,0,633.338273784751,599.759001845555,192.424639317311,405.231379290858,172.250130569172,288.443328748678,0,0,24.3333400495905,23.0437138095721,7.36536604477589,15.5029647861826,6.56130410167213,10.9831122738169,0,0,0,0,26.0001098891043,55.384155470036,20.9063800951962,34.148639476035,0,0,0,0,0,0,0,0,0,0,65.0527957303812,35.2498092116635,91.0267144067931,89.2311815408902
"64",1995,1558,5.25,8872.43233481535,8206.58569505387,1246.39802199478,2357.87832549805,532.191096073582,823.677574616601,0,0,0,0,0,0,0,0,0,0,0,0,1.94307634471966,3.75643660022038,0.958894674210226,1.48968138480724,0,0,0,0,0,0,0,0,0,0,1949.21730960572,1810.76994772359,204.665695592771,389.885122407867,76.8356113853458,121.019655109214,0,0,74.8920461634597,69.5726771191824,7.88594453866128,15.024180226576,2.96071831789274,4.6632694913081,0,0,27550.1626807255,25610.9275302401,3542.12507839903,6708.69911096307,1524.40281026146,2352.65387694249,0,0,1058.46083306531,984.014073788622,137.345473328098,260.412661242711,59.587937079667,92.0613014423035,0,0,0,0,5.68603789731081,10.9963966531029,2.70889859786926,4.19640644775981,0,0,0,0,0,0,0,0,0,0,179.200266274495,173.077896312389,79.2830938630399,164.069057630223,63.349749102891,105.570946288158,0,0,6.88506832763841,6.64993163994465,3.02973418814597,6.26635422607347,2.40715382020873,4.00990255973633,0,0,629.576926958374,595.373720072547,194.688541084435,410.551268832008,175.384012840538,294.414478122063,0,0,24.1888293581644,22.8752240653002,7.4518834565271,15.7061245357608,6.68057403894853,11.2102533863751,0,0,0,0,26.4103823624608,56.3138712363293,21.3268720467317,34.9034615579674,0,0,0,0,0,0,0,0,0,0,66.1338364363074,35.7060578577759,93.6844765398973,91.4235397170654
"65",1995,1558,5.33333333333333,8847.58890991525,8170.09575552464,1257.91908031614,2379.96886793633,539.442919624942,835.993582261325,0,0,0,0,0,0,0,0,0,0,0,0,1.96274409575934,3.79518498229024,0.972283306225041,1.51247075808839,0,0,0,0,0,0,0,0,0,0,1956.06596268505,1814.09878035018,207.920247250714,396.255077097211,78.6022595305465,124.02578281645,0,0,75.1551823669228,69.700576192063,8.01136724464045,15.2696936362986,3.02878618687753,4.77909334880696,0,0,27471.6301534785,25494.30440559,3574.43891041676,6771.39450911387,1548.37003236853,2393.13410828999,0,0,1055.44395200496,979.533214817829,138.605514867546,262.863243283965,60.5289514160926,93.6529809312414,0,0,0,0,5.74510823567032,11.1139528766323,2.75290612702239,4.27086734470179,0,0,0,0,0,0,0,0,0,0,179.285128013334,172.950993697921,80.4015837954558,166.629638385838,64.6507889711624,108.021630094238,0,0,6.88832958938908,6.64505581914003,3.0724755524075,6.36412211706608,2.45662448078664,4.10303380136408,0,0,625.821994485532,591.008498475393,196.937422555523,415.863572996798,178.551512775961,300.469099799779,0,0,24.0445650876029,22.7075050670668,7.53782287597747,15.9089846026646,6.80112271241123,11.4405670046249,0,0,0,0,26.8217089175241,57.2473322255218,21.7525134499124,35.6689540592416,0,0,0,0,0,0,0,0,0,0,67.2153390753838,36.1619563397516,96.3874236734009,93.6568499907686
"66",1995,1558,5.41666666666667,8822.83034743815,8133.87401834692,1269.12642404135,2401.50826131494,546.715126483759,848.356749058218,0,0,0,0,0,0,0,0,0,0,0,0,1.98224937065208,3.83360873948716,0.98572200920935,1.53536679140397,0,0,0,0,0,0,0,0,0,0,1963.08548301797,1817.57471211447,211.179741756599,402.647829036018,80.4038946947434,127.096158782963,0,0,75.424883563515,69.8341270490502,8.13698379178644,15.5160912763675,3.09820192972656,4.8973923084388,0,0,27393.6191373723,25378.574842958,3606.01202811258,6832.78989648954,1572.45186361121,2433.86959327567,0,0,1052.44710574301,975.08668801887,139.837117616621,265.263984426921,61.4746078062489,95.2549693589304,0,0,0,0,5.80371782031964,11.2306102439048,2.79717893664623,4.34588610151478,0,0,0,0,0,0,0,0,0,0,179.386315743975,172.835995123042,81.5259860135346,169.192115337436,65.9749979072807,110.512642104529,0,0,6.8922181158658,6.64063737069805,3.11544384749222,6.46196409370798,2.50697891862328,4.19770264431461,0,0,622.074112186661,586.66360686176,199.171404718654,421.166722800504,181.752470766203,306.606659902681,0,0,23.9005716667537,22.5405671813024,7.62318911999763,16.1114854598761,6.92294414579567,11.6740330501134,0,0,0,0,27.2339835374517,58.1843033500413,22.1832640807712,36.4450831425648,0,0,0,0,0,0,0,0,0,0,68.2974031659054,36.6175361280263,99.136111324614,95.9314570374352
"67",1995,1558,5.5,8798.15340562729,8097.91612047713,1280.02514022152,2422.50379296739,554.003444230132,860.761097714525,0,0,0,0,0,0,0,0,0,0,0,0,2.00153386742694,3.87161025798028,0.999205858290434,1.55836205032896,0,0,0,0,0,0,0,0,0,0,1970.27467627664,1821.19620518541,214.445282953586,409.065248177073,82.2405800263473,130.231320621029,0,0,75.7011038652498,69.9732706042162,8.26283631894472,15.7634445815789,3.16896801808113,5.01818712948148,0,0,27316.128701356,25263.7343831058,3636.85795546216,6892.90546951422,1596.6393261991,2474.84843604562,0,0,1049.4702585238,970.674322059957,141.040791609789,267.615642561313,62.4245592449851,96.8668079141213,0,0,0,0,5.86174598995366,11.3461718082555,2.84170706273449,4.42144924810186,0,0,0,0,0,0,0,0,0,0,179.503510443555,172.732821947827,82.6554109447183,171.756293782746,67.3224235800638,113.044672118165,0,0,6.89672164986457,6.6366732731477,3.15860506174427,6.55987274239499,2.55821910988587,4.29393558715579,0,0,618.333916751908,582.339334223944,201.390526514294,426.45916053744,184.986712445551,312.826626960634,0,0,23.7568735578638,22.3744215115423,7.70798386324374,16.3135680045191,7.04603181521066,11.9106315551845,0,0,0,0,27.6470796883288,59.124516104701,22.6190811304586,37.2318103580347,0,0,0,0,0,0,0,0,0,0,69.3801262487463,37.0728284875025,101.931077957456,98.2477093895554
"68",1995,1558,5.58333333333333,8773.55493369612,8062.21780148925,1290.62021823245,2442.96263671164,561.303697103517,873.200745052421,0,0,0,0,0,0,0,0,0,0,0,0,2.02055049983203,3.90911000824477,1.01272901376233,1.5814479509777,0,0,0,0,0,0,0,0,0,0,1977.63219931523,1824.96158441388,217.717874934174,415.509018763932,84.1123949298245,133.431811712448,0,0,75.9837916663173,70.1179424956527,8.38896316663668,16.0118179034863,3.24108754144988,5.14149878512346,0,0,27239.1579695744,25149.7786439586,3666.99003169221,6951.76122984373,1620.92367474268,2516.05898872117,0,0,1046.51337671189,966.295948574062,142.217040092409,269.918968536674,63.3784674536816,98.4880470022171,0,0,0,0,5.91909692779305,11.4604799654083,2.88647869572935,4.4975410887815,0,0,0,0,0,0,0,0,0,0,179.636408657002,172.641393668668,83.7891054414292,174.322064535206,68.6930936823891,115.618364866265,0,0,6.90182853231136,6.63316043341207,3.20193042547115,6.65784396438621,2.61034626222367,4.39175741406474,0,0,614.602043146417,578.03598493045,203.59475838528,431.73934656153,188.254045696043,319.128466814956,0,0,23.6134951568898,22.2090797521012,7.79220615857136,16.5151738210829,7.17037853380248,12.1503424684788,0,0,0,0,28.0608550687417,60.0676759630193,23.0599186855983,38.0290920061525,0,0,0,0,0,0,0,0,0,0,70.4636039808047,37.5278644730283,104.772847220281,100.605959804244
"69",1995,1558,5.66666666666667,8749.03186184257,8026.77489339357,1300.91655326125,2462.89185700963,568.611803474741,885.66989989816,0,0,0,0,0,0,0,0,0,0,0,0,2.03926127860919,3.9460432211724,1.02628503572797,1.60461513775517,0,0,0,0,0,0,0,0,0,0,1985.15659915474,1828.8690754804,220.998432337277,421.980659873092,86.0194335281652,136.698181703964,0,0,76.27289114094,70.2680745511679,8.51539926851014,16.2612692931656,3.31456414944358,5.26734848283141,0,0,27162.7060974423,25036.7032972911,3696.42140949738,7009.37697727517,1645.29639149378,2557.48984696964,0,0,1043.57642787284,961.951401263164,143.36635944506,272.174705882497,64.3360027055557,100.118246083446,0,0,0,0,5.97569482221425,11.5734089838692,2.93148087433731,4.57414451307198,0,0,0,0,0,0,0,0,0,0,179.784720816138,172.561627520608,84.9264333509161,176.889388731369,70.0870207746267,118.234325680456,0,0,6.90752763767988,6.6300956715297,3.24539566247358,6.75587638598853,2.66336100156276,4.49119141211713,0,0,610.879122155955,573.753874976527,205.784015644749,437.005765536553,191.554257998672,325.511637671743,0,0,23.4704606991998,22.0445540440129,7.87585295030064,16.7162454240704,7.29597634967794,12.3931454661899,0,0,0,0,28.4751561440871,61.0134694668138,23.5057272913744,38.8368786019772,0,0,0,0,0,0,0,0,0,0,71.5479302347201,37.9826749244703,107.661930203136,103.006565587437
"70",1995,1558,5.75,8724.5811940471,7991.58331322929,1310.91894897945,2482.29841211242,575.923773879849,898.162861535429,0,0,0,0,0,0,0,0,0,0,0,0,2.05763586375686,3.9823575956344,1.03986706917722,1.6278537087406,0,0,0,0,0,0,0,0,0,0,1992.8463405449,1832.91683185677,224.287788377615,428.481541177463,87.9618031967516,140.030986492922,0,0,76.5683433023481,70.4235958241958,8.64217645657996,16.5118511018355,3.3894019964008,5.39575766480292,0,0,27086.7722550279,24924.5040525961,3725.16505388189,7065.77230447817,1669.74918237587,2599.12984646093,0,0,1040.65938013475,957.640515278428,144.489239132893,274.383590599483,65.2968436802838,101.756973543975,0,0,0,0,6.03148059533665,11.6848599084721,2.97669987991332,4.6512414633988,0,0,0,0,0,0,0,0,0,0,179.948170042895,172.493438331809,86.066860875162,179.45828663403,71.5042057646112,120.89312494805,0,0,6.91380832800976,6.62747571506275,3.28898042651983,6.85397092424387,2.71726350621624,4.59225954185611,0,0,607.165778622432,569.493329155456,207.958168360884,442.256930681243,194.88711482405,331.975586440351,0,0,23.3277941917814,21.8808568663458,7.95891945345272,16.9167264226185,7.42281648386102,12.6390198125183,0,0,0,0,28.889821164739,61.9615690120596,23.9564537761877,39.6551146419942,0,0,0,0,0,0,0,0,0,0,72.6331971755663,38.4372904603709,110.598827166875,105.449888801783
"71",1995,1558,5.83333333333333,8700.20000194275,7956.63905672894,1320.63211998895,2501.18915690301,583.235709174549,910.674018286647,0,0,0,0,0,0,0,0,0,0,0,0,2.07565034804019,4.01801136577264,1.05346799019218,1.65115339442648,0,0,0,0,0,0,0,0,0,0,2000.69982900697,1837.10295727651,227.586702102103,435.012897091748,89.9396231981701,143.430788116571,0,0,76.8700868881183,70.5844334571453,8.76932373712309,16.7636105198675,3.4656056897462,5.52674800457665,0,0,27011.3556133498,24813.1766438392,3753.2337413863,7120.96659254704,1694.27397307263,2640.96805940712,0,0,1037.76220166191,953.363126711321,145.586161669831,276.54635098232,66.2606773206841,103.403806570088,0,0,0,0,6.08640916432362,11.7947562803121,3.02212154494749,4.72881330223133,0,0,0,0,0,0,0,0,0,0,180.126491124372,172.43673847282,87.2099437526914,182.028827963357,72.9446408221865,123.595302061798,0,0,6.92066041352718,6.62529719714777,3.33266780808352,6.95213041197463,2.77205361920082,4.69498258844495,0,0,603.462629977228,565.254678608695,210.11704988345,447.491387160835,198.252358451784,338.519745590523,0,0,23.1855193568917,21.7180009420762,8.0413994807553,17.1165616519766,7.55088928472073,12.8879442399374,0,0,0,0,29.3046826632751,62.9116368334492,24.4120411529922,40.4837384635923,0,0,0,0,0,0,0,0,0,0,73.7194953306417,38.8917414715223,113.584029071361,107.936296426351
"72",1995,1558,5.91666666666667,8675.88541891357,7921.93819220147,1330.06069430801,2519.57084576921,590.543798637932,923.197846070322,0,0,0,0,0,0,0,0,0,0,0,0,2.09328606998396,4.05297141646583,1.06708055029892,1.67450373356858,0,0,0,0,0,0,0,0,0,0,2008.71543282965,1841.42552712847,230.895865605773,441.575840810725,91.9530233576231,146.898154658935,0,0,77.1780592052927,70.7505135033783,8.8968675650726,17.0165901117629,3.54318023987128,5.6603414042811,0,0,26936.4553313915,24702.7168169499,3780.64005950043,7174.97900677041,1718.86290489959,2682.99379091123,0,0,1034.88486015578,949.119072113005,146.657602589628,278.663707450424,67.2271986813404,105.058331015368,0,0,0,0,6.14044676628671,11.9030399599236,3.06773156028417,4.80684117611209,0,0,0,0,0,0,0,0,0,0,180.31942951028,172.391437834684,88.3553147399852,184.601122513653,74.4083121441457,126.34136926219,0,0,6.92807411412535,6.62355665565479,3.37644385260146,7.0503592338578,2.82773095481747,4.79938030870274,0,0,599.77028485637,561.038258455461,212.260465101198,452.707715222934,201.649706926707,345.143530125138,0,0,23.0436595788521,21.5559991470129,8.12328575929508,17.3156972950872,7.68018418762931,13.1398968338691,0,0,0,0,29.719569881014,63.8633288769883,24.8724285283851,41.3226821161493,0,0,0,0,0,0,0,0,0,0,74.8069136600214,39.3460581146785,116.618019073284,110.466160502058
"73",1996,1558,6,8650.61860603449,7886.11365297279,1339.82918193308,2538.69777783676,597.825964885531,935.843800914338,0,0,0,0,0,0,0,0,0,0,0,0,2.11055719903666,4.08756821176736,1.08066031390105,1.69809768991153,0,0,0,0,0,0,0,0,0,0,2016.85501718886,1845.86096715373,234.229062663844,448.228862155636,93.9992938938103,150.452293280785,0,0,77.4907950529469,70.9209302021683,9.02533703829661,17.2730401829918,3.62202119754962,5.79727790676183,0,0,26861.256971359,24592.3731646579,3807.74226845977,7228.97678984085,1743.449398398,2725.5244215079,0,0,1031.99606333451,944.879481246019,147.717296346579,280.780676367199,68.1938047005367,106.732979135012,0,0,0,0,6.19350397889219,12.0104629780325,3.1134080910114,4.88589118438728,0,0,0,0,0,0,0,0,0,0,180.502063890358,172.350390135374,89.505832274393,187.26122393491,75.8875526007398,129.177321597871,0,0,6.93509191551048,6.62197951925529,3.42042040331225,7.15194894332481,2.88400429502067,4.90720032327431,0,0,596.091657383904,556.859115171486,214.37933784897,457.925449921866,205.071484819927,351.889239932143,0,0,22.9023268203341,21.3954295911319,8.20423043351551,17.5148795655774,7.81040905627747,13.3964882368857,0,0,0,0,30.13378530794,64.8201860958573,25.336674046953,42.1769284389821,0,0,0,0,0,0,0,0,0,0,75.9019108481333,39.7791099247243,119.719525902135,112.920085459989
"74",1996,1558,6.08333333333333,8624.99067326757,7849.96153390227,1349.56540810021,2557.82542884659,605.096881590942,948.552161008053,0,0,0,0,0,0,0,0,0,0,0,0,2.12763597275659,4.12192187357193,1.09422441625719,1.72181541556931,0,0,0,0,0,0,0,0,0,0,2025.14397357236,1850.42279965914,237.583194425099,454.947245924702,96.0812937654648,154.085632606983,0,0,77.8092700126452,71.0962031021686,9.15461344474672,17.5320096791228,3.70223863013116,5.93726561227941,0,0,26786.2267673871,24482.5673311764,3834.34367853949,7282.29913860692,1768.06382350767,2768.37356497602,0,0,1029.11372486651,940.660554334877,148.757695947783,282.8717615068,69.1616811204544,108.420454715573,0,0,0,0,6.24573473175739,12.116783217247,3.15919927941307,4.96562367230764,0,0,0,0,0,0,0,0,0,0,180.690060121936,172.3178563678,90.6596328203666,189.953797256005,77.3872475361792,132.076221949015,0,0,6.94231572360152,6.62072950194394,3.46452474077952,7.25478345169679,2.94105948412836,5.0174198584511,0,0,592.423244054953,552.707009798459,216.47888890744,463.138452684508,208.520449371617,358.735174333537,0,0,22.7613864729905,21.2358988770638,8.28443418269786,17.7138750806905,7.94166913335403,13.6568923955833,0,0,0,0,30.5474555553495,65.779756864299,25.8051728783966,43.0436481819192,0,0,0,0,0,0,0,0,0,0,77.0007059591726,40.2031902624889,122.87861574335,115.366603642619
"75",1996,1558,6.16666666666667,8599.4263702685,7814.05231199135,1359.01052454006,2576.43152413186,612.361737753811,961.271254257623,0,0,0,0,0,0,0,0,0,0,0,0,2.14449683799711,4.15585961190442,1.1077853932121,1.74556722235138,0,0,0,0,0,0,0,0,0,0,2033.59631483366,1855.11814012571,240.953572775137,461.708506115191,98.2005425706777,157.791482708782,0,0,78.1340224806288,71.2766055915381,9.28451680358831,17.7926333271494,3.78389110964721,6.08004676661742,0,0,26711.7058093128,24373.609228449,3860.30898850947,7334.47880859883,1792.7243050071,2811.39626945065,0,0,1026.25095010497,936.474198677899,149.77360567481,284.918920650765,70.1315385019264,110.115085760737,0,0,0,0,6.29715226588387,12.2216419737543,3.20513929754086,5.04578218576237,0,0,0,0,0,0,0,0,0,0,180.893761407138,172.296758360047,91.8153389743117,192.642814517288,78.9107265876758,135.019580900865,0,0,6.95014293992238,6.61991886491929,3.50870327888061,7.35748502154737,2.99902323512265,5.12933690850135,0,0,588.764392905971,548.57589815933,218.562633541695,468.337205205471,211.999260266033,365.663369743291,0,0,22.6208134878538,21.0771747777182,8.36403206175629,17.912320914424,8.07406592696155,13.9204258659563,0,0,0,0,30.9606495205407,66.7401274036061,26.2782214460981,43.9206861378707,0,0,0,0,0,0,0,0,0,0,78.1006928399673,40.6272046330078,126.088229686676,117.856129044118
"76",1996,1558,6.25,8573.92324085824,7778.3824817991,1368.1692252112,2594.52288552521,619.616743828284,973.995498507503,0,0,0,0,0,0,0,0,0,0,0,0,2.16109688931745,4.18930673814106,1.12133914844112,1.76934650735432,0,0,0,0,0,0,0,0,0,0,2042.20952876975,1859.94438294714,244.3402787516,468.512797666178,100.357130878348,161.570409304943,0,0,78.4649559340404,71.4620375587168,9.41505017665174,18.0549170067452,3.86698214622128,6.22564319864986,0,0,26637.6936970246,24265.4950703788,3885.65038131743,7385.53446870959,1817.42369572208,2854.58259572975,0,0,1023.40772368961,932.320268806592,150.765486392956,286.922856316117,71.1030987262848,111.816486411876,0,0,0,0,6.34772758864989,12.324984534777,3.25121680519175,5.12635156552509,0,0,0,0,0,0,0,0,0,0,181.112854692161,172.286987943843,92.9728889514949,195.329296762509,80.4579860442372,138.008100630519,0,0,6.95856153656047,6.61954345218454,3.55295379167494,7.46009293633864,3.05789557429487,5.2429784945388,0,0,585.115877110146,544.466225522405,220.63033872834,473.519750510129,215.507620764536,372.67303817794,0,0,22.4806375709372,20.9192744010098,8.44301534134912,18.110142743606,8.20758835418565,14.1870591307822,0,0,0,0,31.3732167855962,67.7009851267667,26.755745150429,44.8079546996075,0,0,0,0,0,0,0,0,0,0,79.2019661001822,41.0511810472826,129.348853954647,120.388981775311
"77",1996,1558,6.33333333333333,8548.4788343184,7742.94855593943,1377.04610814971,2612.10621911879,626.858197756604,986.719396411875,0,0,0,0,0,0,0,0,0,0,0,0,2.17740186722486,4.22220295854921,1.13488080495491,1.79314564327021,0,0,0,0,0,0,0,0,0,0,2050.98128975096,1864.89909842428,247.743403172806,475.360274799834,102.55116817163,165.422997843381,0,0,78.801981018469,71.6524056507772,9.54621700620375,18.3188665764109,3.95151597400385,6.37407749141109,0,0,26564.1898790976,24158.2209573791,3910.37981953153,7435.48451556945,1842.15504678566,2897.92281890347,0,0,1020.58402444637,928.19861489202,151.733790763227,288.884260952368,72.076091144746,113.524278780207,0,0,0,0,6.39744020593282,12.4267708299487,3.29742020755697,5.20731624399876,0,0,0,0,0,0,0,0,0,0,181.347037831762,172.288433375169,94.132236776143,198.014179375813,82.0290188173748,141.042449743213,0,0,6.96755990472073,6.61959897035687,3.59727465717901,7.56264321066899,3.1176763979203,5.35837036702155,0,0,581.478437062026,540.378420430911,222.68177040691,478.684247509366,219.045205320274,379.763375422102,0,0,22.3408871688592,20.7622142122491,8.52137525904993,18.3072706857888,8.34222424528349,14.4567620722688,0,0,0,0,31.7850055362663,68.6620136432018,27.2376662723123,45.7053607432952,0,0,0,0,0,0,0,0,0,0,80.3046184380055,41.4751472404674,132.660973623075,122.965494986466
"78",1996,1558,6.41666666666667,8523.0907095484,7707.74706814368,1385.64568308063,2629.18812518877,634.082480015753,999.437531285967,0,0,0,0,0,0,0,0,0,0,0,0,2.19338419961497,4.25449919054758,1.1484049930276,1.81695633808397,0,0,0,0,0,0,0,0,0,0,2059.90942969422,1869.98000561473,251.163043506985,482.251088946925,104.782778966216,169.349849476315,0,0,79.145014432696,71.8476222302647,9.67802099433229,18.5844877932299,4.03749740268426,6.52537282827824,0,0,26491.193674246,24051.7828953959,3934.50905861917,7484.34708873683,1866.91159665945,2941.40741769498,0,0,1017.77982621157,924.109083475652,152.678963735731,290.803817502898,73.0502521694279,115.238092555059,0,0,0,0,6.44627611931578,12.5269720726938,3.3437378698307,5.28866052536867,0,0,0,0,0,0,0,0,0,0,181.59601917787,172.300980432249,95.2933500840625,200.698324094479,83.6238164884502,144.123268503038,0,0,6.97712683892007,6.62008103085389,3.64166477230424,7.66516904667751,3.17836555124147,5.47553720495544,0,0,577.852783734145,536.312896305279,224.716695323011,483.828957427727,222.61166120169,386.93355996712,0,0,22.2015895978086,20.6060100957047,8.59910308918194,18.5036387799098,8.47796040466797,14.7295039311923,0,0,0,0,32.1958640916659,69.622895466946,27.7239040902989,46.612805807101,0,0,0,0,0,0,0,0,0,0,81.4087407826928,41.8991306736933,136.025072910526,125.586013431479
"79",1996,1558,6.5,8497.75643819407,7672.77457618426,1393.97237204401,2645.77509939007,641.286054375682,1012.14456841202,0,0,0,0,0,0,0,0,0,0,0,0,2.20902222133741,4.28615629071304,1.16190596227632,1.84076977607036,0,0,0,0,0,0,0,0,0,0,2068.99192736887,1875.18496244966,254.599302384712,489.185387477025,107.052101055164,173.351579314604,0,0,79.4939785178072,72.0476049954697,9.81046604568288,18.8517862638819,4.12493175033812,6.67955292624644,0,0,26418.7042786455,23946.1768033964,3958.04964566137,7532.14006811543,1891.68677265413,2985.02707707663,0,0,1014.99509811328,920.05151775711,153.601442500708,292.68219930864,74.0253253342783,116.957565104811,0,0,0,0,6.49422702455892,12.6255694138664,3.39015820241576,5.37036869762084,0,0,0,0,0,0,0,0,0,0,181.859517705668,172.324512962614,96.4562092086178,203.382523288989,85.2423703021613,147.251170777021,0,0,6.98725154183177,6.6209851709129,3.68612351737797,7.76770099630072,3.23996286679883,5.59450269015565,0,0,574.239599452301,532.270051710161,226.734882267524,488.952239794959,226.206608494931,394.182751490971,0,0,22.0627710733319,20.4506773648623,8.67619018987823,18.6991848328532,8.61478261096347,15.0052532496057,0,0,0,0,32.6056417007131,70.5833134141942,28.2143748832958,47.5301860340346,0,0,0,0,0,0,0,0,0,0,82.5144223113796,42.3231585234975,139.441635379147,128.250893090961
"80",1996,1558,6.58333333333333,8472.47360773592,7638.02766436372,1402.03051290033,2661.87353745062,648.465466119387,1024.83525393028,0,0,0,0,0,0,0,0,0,0,0,0,2.22429909105448,4.31714328450557,1.17537772888166,1.86457680328797,0,0,0,0,0,0,0,0,0,0,2078.22689184263,1880.51195038725,258.052285694182,496.163312341209,109.359283104854,177.428813936772,0,0,79.8488006211601,72.2522763907872,9.94355619404061,19.1207673921153,4.2138247514306,6.83664194069339,0,0,26346.7207779682,23841.398524453,3981.01292450001,7578.88107925912,1916.47418668266,3028.77268473704,0,0,1012.22980503372,916.025758020016,154.501656678975,294.520070303402,75.0010611390035,118.68234134944,0,0,0,0,6.54128920773247,12.7225520810772,3.4366697657277,5.4524251713529,0,0,0,0,0,0,0,0,0,0,182.137262822744,172.358913556443,97.6208057835755,206.06750692128,86.8846722956809,150.426747047627,0,0,6.99792361695347,6.62230687946151,3.73065070215506,7.87026722564695,3.30246820799594,5.71528962198968,0,0,570.639539662735,528.250271112274,228.736103386946,494.052544852286,229.829640987077,401.510089811426,0,0,21.9244567782298,20.2962307915426,8.75262805266207,18.8938501286289,8.7526756502867,15.2839778310577,0,0,0,0,33.0141894315927,71.5429521994323,28.7089920189321,48.4573922674385,0,0,0,0,0,0,0,0,0,0,83.6217505227833,42.7472576789196,142.911144173927,130.960500398937
"81",1996,1558,6.66666666666667,8447.23982416118,7603.50294566533,1409.82436211932,2677.48973890824,655.617340725216,1037.50441416674,0,0,0,0,0,0,0,0,0,0,0,0,2.23920193992358,4.34743596978671,1.18881418460241,1.8883680656812,0,0,0,0,0,0,0,0,0,0,2087.61254894647,1885.95906192632,261.522101029495,503.184998955328,111.704482635812,181.582189286596,0,0,80.2094125763441,72.4615631269719,10.0772955424821,19.3914363354861,4.30418247952563,6.99666438497549,0,0,26275.2421572119,23737.4438348609,4003.41003967675,7624.58749724377,1941.26763189736,3072.63532844687,0,0,1009.48390798684,912.031641982311,155.380028467318,296.318085156038,75.9772169260398,120.412073666214,0,0,0,0,6.58746268039249,12.8179159157006,3.48326134440749,5.53481457918448,0,0,0,0,0,0,0,0,0,0,182.428994178557,172.404064095643,98.7871415323047,208.753948330679,88.5507161335096,153.650566881247,0,0,7.00913306128658,6.62404161821437,3.7752465191048,7.97289373490597,3.36588150131585,5.8379200113603,0,0,567.053234374994,524.253925463337,230.720135298443,499.12840724293,233.480326992271,408.914693976123,0,0,21.7866709179939,20.1426846282984,8.82840834456584,19.0875791865764,8.89162334743448,15.5656447060544,0,0,0,0,33.4213608605149,72.5014996888955,29.207666048432,49.3943101509139,0,0,0,0,0,0,0,0,0,0,84.7308113004414,43.1714547390091,146.434082246546,133.715211608474
"82",1996,1558,6.75,8422.05271425563,7569.1970635462,1417.35809728768,2692.62991041916,662.738382628152,1050.14695503354,0,0,0,0,0,0,0,0,0,0,0,0,2.2537212034047,4.37701581177113,1.20220917042042,1.91213410401747,0,0,0,0,0,0,0,0,0,0,2097.14722968501,1891.52448995758,265.008856437675,510.250575332911,114.087864281913,185.812348863389,0,0,80.5757502578873,72.6753957719942,10.2116882149852,19.6637979716701,4.39601128062935,7.15964506119752,0,0,26204.2673091658,23634.3084519716,4025.251940124,7669.27645027247,1966.06107934242,3116.60629339799,0,0,1006.75736444367,908.069005097235,156.236972774554,298.076889402558,76.9535567579132,122.146421794171,0,0,0,0,6.63275050657384,12.9116622247721,3.529921990298,5.61752183581847,0,0,0,0,0,0,0,0,0,0,182.734461428069,172.459846206554,99.9552271450743,211.442469318736,90.2404976847534,156.923181037458,0,0,7.02087025625508,6.62618483906671,3.81991150021809,8.07560455176843,3.43020275859723,5.96241516092421,0,0,563.481289450122,520.281372695541,232.686760038069,504.178440372024,237.158210248179,416.395661532736,0,0,21.6494367703005,19.9900526274517,8.90352294383758,19.2803195450332,9.03160859978845,15.8502201043501,0,0,0,0,33.8270125746337,73.4586478457923,29.7103048254222,50.3408202602969,0,0,0,0,0,0,0,0,0,0,85.8416889744224,43.5957760117716,150.010932573719,136.515412229702
"83",1996,1558,6.83333333333333,8396.90992765488,7535.10669349966,1424.63581947306,2707.30016884539,669.825374017799,1062.75786146201,0,0,0,0,0,0,0,0,0,0,0,0,2.26785004595594,4.40586898926501,1.2155565367664,1.93586543184563,0,0,0,0,0,0,0,0,0,0,2106.82935985744,1897.20651826406,268.512659325346,517.36016133678,116.509598218878,190.119942062844,0,0,80.9477531824769,72.8937083860541,10.3467383141757,19.937856869347,4.48931771299951,7.32560899672171,0,0,26133.795042026,23531.9880412175,4046.54938273601,7712.96482316635,1990.84867460335,3160.67705950958,0,0,1004.05012862487,904.137680823212,157.0728973531,299.797119573934,77.929851294344,123.885052737237,0,0,0,0,6.67715822483715,13.0037967925746,3.57664105542537,5.7005321848808,0,0,0,0,0,0,0,0,0,0,183.053423973729,172.526141652553,101.125081241031,214.133644767834,91.9540154569084,160.245123352521,0,0,7.0331259577926,6.62873199917884,3.86464647711284,8.17842190717154,3.49543209377857,6.08879573668068,0,0,559.924287785191,516.332958161791,234.635765887422,509.201331221374,240.862810842624,423.95206793406,0,0,21.5127767305221,19.8383480580078,8.97796397100044,19.472021562341,9.17261341237309,16.1376694323227,0,0,0,0,34.2310045837765,74.414093519614,30.2168136295797,51.296798244426,0,0,0,0,0,0,0,0,0,0,86.9544663814092,44.020247514011,153.642178362981,139.361496515183
"84",1996,1558,6.91666666666667,8371.80913865357,7501.22854438786,1431.66155543334,2721.50654410483,676.875173675092,1075.3321968693,0,0,0,0,0,0,0,0,0,0,0,0,2.2815838851414,4.4339856017335,1.22885018797992,1.95955259379952,0,0,0,0,0,0,0,0,0,0,2116.65745090285,1903.00351317537,272.033615541291,524.513868066553,118.969858770817,194.50562268811,0,0,81.3253641572226,73.116438200923,10.4824498858315,20.2136172643097,4.58410849375747,7.49458138717191,0,0,26063.8240861492,23430.4782223205,4067.31293581129,7755.66926072993,2015.62473445238,3204.83929869507,0,0,1001.3621517602,900.237500862407,157.888202925708,301.479403319155,78.9058776690454,125.627640665724,0,0,0,0,6.72069337277292,13.0943290631536,3.6234082124051,5.78383122947669,0,0,0,0,0,0,0,0,0,0,183.385650685075,172.602832665514,102.296729411028,216.828006786217,93.691270882343,163.616912389432,0,0,7.04589128556904,6.63167857371139,3.90945254430007,8.28136639310372,3.56156973396022,6.21708183063045,0,0,556.382790393911,512.409015022052,236.566948077582,514.195835625525,244.593626168807,431.58296607526,0,0,21.3767123532454,19.6875837205004,9.05172381521693,19.6626382354314,9.31461893400894,16.4279572553326,0,0,0,0,34.6332006335879,75.367539068198,30.7270952974829,52.2621149774979,0,0,0,0,0,0,0,0,0,0,88.0692249231578,44.4448949720852,157.32830324653,142.253866993257
"85",1997,1558,7,8348.42338275543,7468.74502050349,1439.0268021501,2736.47457617798,683.509579116447,1087.41781191819,0,0,0,0,0,0,0,0,0,0,0,0,2.2944019200601,4.46064643106466,1.24139259889876,1.98235654005964,0,0,0,0,0,0,0,0,0,0,2126.65219626141,1908.98745803967,275.455921746529,531.553189716975,121.396364523156,198.878931784647,0,0,81.709378257188,73.3463509319499,10.6143647013242,20.4849758152029,4.67759900864859,7.66307755145576,0,0,25995.6964917219,23331.4371204846,4086.45057593627,7796.10962303481,2039.24884856586,3247.72829461261,0,0,998.744998008814,896.432173074252,158.640473870977,303.073805216667,79.8369863423846,127.32068250969,0,0,0,0,6.76147050612496,13.1805336138708,3.66816739307746,5.86494677304681,0,0,0,0,0,0,0,0,0,0,183.67219475889,172.649544771093,103.320866696074,219.290742966222,95.2970958599428,166.834554635827,0,0,7.05690144826598,6.63347331022511,3.94862723353302,8.37547694253663,3.62271708933382,6.3395222546989,0,0,552.854502325587,508.530148091735,238.385282453868,519.009439125498,248.209215961828,439.100931052714,0,0,21.2411554642906,19.5385512852802,9.12116319611672,19.8463316812074,9.45223944024914,16.7139504070885,0,0,0,0,35.0236910650779,76.3027113410276,31.2236391252257,53.214359901406,0,0,0,0,0,0,0,0,0,0,89.2910159622441,44.9439826980193,161.419517474343,145.705591944383
"86",1997,1558,7.08333333333333,8325.31834404437,7436.64214379607,1446.22621588145,2751.15319604659,690.062282442461,1099.41259306316,0,0,0,0,0,0,0,0,0,0,0,0,2.30701475793079,4.48694469745736,1.2537775156027,2.00498548302077,0,0,0,0,0,0,0,0,0,0,2136.7071098527,1915.01336621077,278.869819260641,538.592528559576,123.839411419683,203.299079013715,0,0,82.0957041168744,73.5778759603307,10.7459568784865,20.7563384081123,4.77172785020704,7.8333799173366,0,0,25928.2967385985,23233.4525673048,4104.96331146489,7835.47495439252,2062.69145821147,3290.50025903575,0,0,996.155806818181,892.667439658206,159.368553815317,304.626635643169,80.7611588783907,129.009489888765,0,0,0,0,6.80112953526199,13.2648549692789,3.7126535400341,5.94595072723912,0,0,0,0,0,0,0,0,0,0,183.967947240967,172.704260556209,104.337765024899,221.740895159101,96.9116394337179,170.081052924046,0,0,7.06826541075926,6.63557556099319,3.98752771312174,8.46911254468028,3.68420148786555,6.46307043265357,0,0,549.347874015074,504.684012365598,240.167350449609,523.765140966868,251.822942281715,446.656328187191,0,0,21.1064307366597,19.3907764372541,9.18921674382627,20.0278132997092,9.58979267897032,17.0013736414931,0,0,0,0,35.4106934409868,77.2329833886592,31.7210561136192,54.1721441051223,0,0,0,0,0,0,0,0,0,0,90.5284736141484,45.4529217070159,165.611198278964,149.275951615453
"87",1997,1558,7.16666666666667,8302.2721853681,7404.76123941635,1453.1864845707,2765.38810002485,696.579866402681,1111.37095342264,0,0,0,0,0,0,0,0,0,0,0,0,2.31946194055049,4.51292215642145,1.26609505255335,2.02754628323257,0,0,0,0,0,0,0,0,0,0,2146.82298604337,1921.07496834461,282.29124366041,545.654152180458,126.30915431497,207.779418055766,0,0,82.4843722571179,73.8107724078406,10.8778397508474,21.0285621057644,4.8668860535941,8.00600262916092,0,0,25861.4446903929,23136.2995511748,4123.00559571399,7873.95048526749,2086.09495304319,3333.32345110594,0,0,993.587657012838,888.934655303038,160.078431543029,306.14509702454,81.6839685239915,130.700658508618,0,0,0,0,6.83993687965846,13.3476672023096,3.75712195925589,6.02714740756608,0,0,0,0,0,0,0,0,0,0,184.280049518704,172.771828628038,105.366181399335,224.208455160545,98.5543165075708,173.382352077575,0,0,7.0802575515235,6.63817161733196,4.0268704433328,8.56341788908221,3.7467609368531,6.58871222481479,0,0,545.863680225469,500.868107834609,241.925932493864,528.482318924822,255.452690752321,454.27240927642,0,0,20.9725679374197,19.2441631220157,9.25637410382633,20.207825408504,9.72795997507315,17.2911125589992,0,0,0,0,35.7953500936828,78.1601574819214,32.2214933213974,55.1382020294939,0,0,0,0,0,0,0,0,0,0,91.7679777493145,45.9620410793456,169.858471070024,152.898935665868
"88",1997,1558,7.25,8279.28072668181,7373.09734585873,1459.91125700781,2779.18471901071,703.059348632705,1123.28811895356,0,0,0,0,0,0,0,0,0,0,0,0,2.33170602640345,4.53850991591553,1.2783440995274,2.05003627199052,0,0,0,0,0,0,0,0,0,0,2157.00782092546,1927.17961274258,285.721467803322,552.740692229298,128.806895680604,212.322368716177,0,0,82.875689900563,74.0453226079705,11.0100621910159,21.3017478923705,4.96312359279503,8.18103858885532,0,0,25795.1324447328,23039.9676565444,4140.58626518641,7911.55018079184,2109.45429228511,3376.18992485048,0,0,991.040244989371,885.233419825978,160.770442475743,307.629715810146,82.6052166894478,132.393876259012,0,0,0,0,6.87791303404537,13.4289873304915,3.8015634134657,6.10852357599283,0,0,0,0,0,0,0,0,0,0,184.607757024309,172.851676618313,106.404839014422,226.69194172386,100.224033068614,176.737471383225,0,0,7.09284926331546,6.64123948793451,4.06660674244608,8.65833659061024,3.81035385888509,6.71641044674437,0,0,542.401984050431,497.082272835586,243.661719723223,533.161033583425,259.098367512605,461.94855646144,0,0,20.8395694906757,19.0987051281903,9.32266181773408,20.3863706965058,9.86673795146764,17.5831441631061,0,0,0,0,36.1775435207172,79.0839721973767,32.7248423890601,56.1123801305248,0,0,0,0,0,0,0,0,0,0,93.0096359069625,46.4713778439071,174.162141999679,156.575195433955
"89",1997,1558,7.33333333333333,8256.34008282222,7341.64578578907,1466.40413917296,2792.54845575565,709.497839315026,1135.15942189856,0,0,0,0,0,0,0,0,0,0,0,0,2.34371699243436,4.56365211671227,1.29052255905108,2.07245140062758,0,0,0,0,0,0,0,0,0,0,2167.26841008834,1933.3335178151,289.161572959412,559.854374848678,131.333761172595,216.93007059658,0,0,83.2699181446194,74.2817654819924,11.142665725459,21.5759812079252,5.06048366891663,8.35856996435658,0,0,25729.3529026708,22944.4472532441,4157.71408269,7948.28798270845,2132.76465990031,3419.09202539509,0,0,988.513298012037,881.563363219859,161.444919402803,309.081017889266,83.5247133692834,134.0888420686,0,0,0,0,6.91507769863504,13.5088340560414,3.84596941944708,6.19006682044421,0,0,0,0,0,0,0,0,0,0,184.950404066092,172.943295892507,107.452645545872,229.190105049429,101.919861213379,180.145637517344,0,0,7.10601496942317,6.64475963024623,4.10669497850938,8.75382111576479,3.87494502899444,6.84613586168746,0,0,538.962882404408,493.326388531359,245.375304442341,537.801271355216,262.759798817176,469.684062483026,0,0,20.7074391199336,18.9543978898488,9.3881026559192,20.563449026819,10.006120192414,17.8774420572415,0,0,0,0,36.5571624502184,80.0041740390411,33.2309937659894,57.0945218380366,0,0,0,0,0,0,0,0,0,0,94.2535507727239,46.9809674006441,178.522970125334,160.305361188012
"90",1997,1558,7.41666666666667,8233.44661266662,7310.40211759684,1472.66869404605,2805.48468093306,715.892533863075,1146.98029239484,0,0,0,0,0,0,0,0,0,0,0,0,2.35547057522837,4.58830308911649,1.30262766337123,2.09478666612245,0,0,0,0,0,0,0,0,0,0,2177.61057778828,1939.54198908383,292.612485806802,566.997097734392,133.890732142389,221.604434063831,0,0,83.667280766528,74.5203048765335,11.2756859519836,21.8513349001414,5.15900395427938,8.53867014022699,0,0,25664.0996144524,22849.7293491607,4174.39772760323,7984.1777817777,2156.02144133483,3462.02235778176,0,0,986.006568287121,877.924139992691,162.102192092673,310.499527508382,84.4422762549916,135.785264717726,0,0,0,0,6.95144988062106,13.5872272643412,3.89033208576911,6.27176539021181,0,0,0,0,0,0,0,0,0,0,185.307390496935,173.04623025716,108.508658110976,231.701880635767,103.641006164686,183.606241338071,0,0,7.11973161144889,6.64871451658241,4.14709922925062,8.8498310157288,3.94050431248494,6.97786552494535,0,0,535.546496885137,489.600368936446,247.067199571828,542.402962592387,266.436746244315,477.478148042793,0,0,20.5761814970346,18.8112381032775,9.45271635994044,20.7390581282069,10.1460978243414,18.1739771093483,0,0,0,0,36.9341012753223,80.9205171590684,33.739836927439,58.0844678400719,0,0,0,0,0,0,0,0,0,0,95.4998209063755,47.4908437741519,182.941676649113,164.090046994186
"91",1997,1558,7.5,8210.59690069924,7279.36211784305,1478.70843957416,2817.99872945367,722.240712702748,1158.74625842772,0,0,0,0,0,0,0,0,0,0,0,0,2.36694762186053,4.61242623880698,1.31465609817615,2.11703627834413,0,0,0,0,0,0,0,0,0,0,2188.03926696719,1945.80950506037,296.074992570991,574.170459365663,136.478657707035,226.347158993561,0,0,84.0679676820208,74.761112863171,11.4091530813109,22.1278703437922,5.25871705407657,8.72140443459834,0,0,25599.3667186993,22755.8055328777,4190.64578649485,8019.23339936959,2179.22021911217,3504.97378084528,0,0,983.519830626339,874.315426963791,162.742586932138,311.885766565222,85.3577305681735,137.482862604123,0,0,0,0,6.98704792436662,13.6641878161705,3.93464405775908,6.35360814000787,0,0,0,0,0,0,0,0,0,0,185.678176767515,173.16007167587,109.57206960473,234.226371034381,105.386793228352,187.11882045276,0,0,7.13397845924617,6.6530884695294,4.18778875929292,8.94633222740365,4.00700616560486,7.11158211579975,0,0,532.152969568474,485.904156520975,248.737846483951,546.965989603365,270.128912651142,485.329968528405,0,0,20.4458020805912,18.6692235580741,9.51651994157901,20.9131939010617,10.2866597436404,18.4727177101521,0,0,0,0,37.3082599722843,81.832763512643,34.251260465607,59.0820561388171,0,0,0,0,0,0,0,0,0,0,96.7485409910565,48.0010397014785,187.418948569938,167.929852773453
"92",1997,1558,7.58333333333333,8187.78772787982,7248.52175356677,1484.52684780676,2830.09589722323,728.539737869001,1170.45294209374,0,0,0,0,0,0,0,0,0,0,0,0,2.3781331375207,4.63599240711386,1.32660417596571,2.13919389456649,0,0,0,0,0,0,0,0,0,0,2198.5586738859,1952.13984465442,299.549760928901,581.375804720176,139.098274051247,231.159765084791,0,0,84.47214011815,75.0043346336589,11.5430927763602,22.4056391919501,5.35965124504036,8.90683125937966,0,0,25535.1488515842,22662.6678874428,4206.46674533026,8053.4685681077,2202.35676044216,3547.93939061971,0,0,981.052878957319,870.736919950615,163.366426619706,313.240253854908,86.2709085885685,139.181363111006,0,0,0,0,7.02188956900423,13.7397372617443,3.97889843029951,6.43558444047909,0,0,0,0,0,0,0,0,0,0,186.062276061924,173.284453613458,110.642187988044,236.762818615833,107.156648288749,190.683033593043,0,0,7.1487368087589,6.65786740621721,4.22873722798662,9.04329603057047,4.07442888908439,7.24727295549099,0,0,528.782457587393,482.23771631451,250.387626543833,551.490197412792,273.835951029039,493.238623845589,0,0,20.3163069077112,18.5283529106066,9.57952812327531,21.0858508279227,10.4277929548505,18.7736301497214,0,0,0,0,37.6795438036981,82.7406827606058,34.7651522265615,60.0871222074752,0,0,0,0,0,0,0,0,0,0,97.999802258657,48.5115867794516,191.955444135155,171.825367194509
"93",1997,1558,7.66666666666667,8165.01604923273,7217.87716096357,1490.12734412537,2841.78143848386,734.787050525993,1182.09605700349,0,0,0,0,0,0,0,0,0,0,0,0,2.38901556665272,4.65897862734263,1.33846795949161,2.16125278775592,0,0,0,0,0,0,0,0,0,0,2209.17235277182,1958.53618620058,303.037357011674,588.614260838721,141.750219483236,236.043615539466,0,0,84.8799346340159,75.2500923046951,11.6775268037817,22.6846847384649,5.46183105166476,9.09500302660192,0,0,25471.441076161,22570.308923404,4221.86898312876,8086.89691626404,2225.42700764302,3590.91250761724,0,0,978.605523608427,867.188331195859,163.974029916306,314.56350446279,87.1816492897083,140.880502122971,0,0,0,0,7.05599199367849,13.8138976294485,4.02308868510168,6.51768411292485,0,0,0,0,0,0,0,0,0,0,186.459248110637,173.4190458254,111.718420136825,239.310584439903,108.950082644902,194.298640722558,0,0,7.16398974430599,6.66303863812087,4.26992207170413,9.14069823879999,4.14275404777542,7.38492924480887,0,0,525.435128957137,478.601031335469,252.016870125349,555.975402086351,277.557471363647,501.203165880191,0,0,20.1877024335988,18.3886255084045,9.64175368208737,21.2570222908608,10.5694828325286,19.0766789031779,0,0,0,0,38.0478630860503,83.6440521892424,35.2813994243067,61.0994991193845,0,0,0,0,0,0,0,0,0,0,99.253692826051,49.0225155801344,196.551797074738,175.777169906182
"94",1997,1558,7.75,8142.27897515756,7187.42462756149,1495.51330676114,2853.06056375239,740.980168752013,1193.67140605879,0,0,0,0,0,0,0,0,0,0,0,0,2.39958621882351,4.68136712360904,1.35024335038776,2.1832059692527,0,0,0,0,0,0,0,0,0,0,2219.88330340327,1965.00119035108,306.538259515514,595.886766443652,144.435047027023,240.999936887198,0,0,85.2914664858993,75.4984881027934,11.8124735747442,22.9650430527676,5.56527772822678,9.28596690733819,0,0,25408.2388231684,22478.7215227023,4236.86076711504,8119.53195518932,2248.42706964981,3633.88666571446,0,0,976.177589034444,863.669387211773,164.565711453638,315.856029274229,88.0897980162356,142.580023603653,0,0,0,0,7.08937185741186,13.8866912650359,4.067208643717,6.59989737913354,0,0,0,0,0,0,0,0,0,0,186.868693894209,173.56354993404,112.80025830092,241.86913071917,110.766680408821,197.965486611581,0,0,7.17972193508997,6.66859070109143,4.31132398600624,9.23851852802997,4.21196598836704,7.52454543448712,0,0,522.11115918913,474.994098822502,253.625864179587,560.421397555929,281.2930463565,509.222604576879,0,0,20.0599954014602,18.2500412453617,9.70320773832217,21.4267008314403,10.7117133394845,19.3818268632263,0,0,0,0,38.4131329758396,84.5426566035674,35.7998887436155,62.1190176715012,0,0,0,0,0,0,0,0,0,0,100.510297987095,49.5338557499167,201.208620129151,179.785833362968
"95",1997,1558,7.83333333333333,8119.57375512437,7157.16057666846,1500.68806647119,2863.93843809133,747.116685476094,1205.17487943461,0,0,0,0,0,0,0,0,0,0,0,0,2.40983877388384,4.70314444580179,1.36192616279556,2.20504629107166,0,0,0,0,0,0,0,0,0,0,2230.69404775335,1971.53707251158,310.052872123776,603.194098088072,147.153235590715,246.029836611572,0,0,85.7068325720395,75.7496071473815,11.947948621047,23.2467439818391,5.67000968635146,9.47976550654833,0,0,25345.5378391805,22387.8988895925,4251.45024872719,8151.38706850737,2271.35321417597,3676.85560197427,0,0,973.768911824486,860.179826894412,165.141781575576,317.118334552367,88.99520618621,144.279679209253,0,0,0,0,7.12204533485616,13.9581406956505,4.11125242763951,6.68221481868502,0,0,0,0,0,0,0,0,0,0,187.29025093045,173.717695516271,113.887268193072,244.438005472233,112.606087462642,201.683486494133,0,0,7.19591945412305,6.6745132050387,4.35292647017403,9.33673984901956,4.28205141676767,7.66611867538585,0,0,518.810728415449,471.416926997821,255.214858870471,564.827961484053,285.04221642074,517.295913133706,0,0,19.9331927320253,18.1126004373788,9.76390000852764,21.5948783739255,10.8544672172061,19.6890355387007,0,0,0,0,38.7752732684247,85.4362882104087,36.3205064367837,63.1455065039304,0,0,0,0,0,0,0,0,0,0,101.76970047499,50.0456360978765,205.926508135031,183.851924401662
"96",1997,1558,7.91666666666667,8096.8977638106,7127.08155412046,1505.65490639976,2874.42017976669,753.194266588101,1216.60245280022,0,0,0,0,0,0,0,0,0,0,0,0,2.41976887324661,4.72430075113542,1.37351217913624,2.22676652434884,0,0,0,0,0,0,0,0,0,0,2241.60669541953,1978.14566464975,313.58153407564,610.536892479203,149.90519954334,251.134318286686,0,0,86.1261139465446,76.0035198255875,12.0839650002462,23.529812005674,5.77604286170874,9.67643744268561,0,0,25283.3341423005,22297.8345087165,4265.64546056484,8182.47550324754,2294.20186059821,3719.8132475192,0,0,971.379338999737,856.719399912774,165.702546215886,318.350921590607,89.8977310211216,145.979227942422,0,0,0,0,7.15402814801785,14.0282685218995,4.15521442670176,6.76462733466231,0,0,0,0,0,0,0,0,0,0,187.723589162902,173.881236717154,114.979078786437,247.016829491393,114.468002069731,205.452613948149,0,0,7.21256962025664,6.68079670382068,4.39471543711538,9.43534792846605,4.3529990387978,7.80964835384833,0,0,515.534019018791,467.869532353371,256.784073252599,569.194860162772,288.804493941184,525.422032320515,0,0,19.8073014324905,17.976303718093,9.82383902189013,21.7615464115403,10.9977261480944,19.9982652194172,0,0,0,0,39.1342082103959,86.3247464899101,36.8431384138006,64.178792215845,0,0,0,0,0,0,0,0,0,0,103.031980694057,50.557884673047,210.70604064947,187.976005557171
"97",1998,1558,8,8074.29596500433,7097.21908023822,1510.42547878572,2884.55585940904,759.194147298409,1227.94183902996,0,0,0,0,0,0,0,0,0,0,0,0,2.42934750801856,4.74481340490524,1.38496706616265,2.24834410286725,0,0,0,0,0,0,0,0,0,0,2252.63144810307,1984.84403602996,317.111877836762,617.900993389328,152.687985400139,256.312577561543,0,0,86.5497025750919,76.260881965845,12.2200471609489,23.8137029899737,5.88326343323197,9.8759516906237,0,0,25221.7272305074,22208.6879095576,4279.33080132351,8212.68672275431,2316.91920731304,3762.72819906342,0,0,969.012693286056,853.294235652138,166.24354155262,319.549522190165,90.7952616719082,147.677434482482,0,0,0,0,7.18525606219723,14.0970473448289,4.19899808216199,6.84707980513489,0,0,0,0,0,0,0,0,0,0,188.165771833854,174.053883008018,116.068133418945,249.600933747987,116.344626759968,209.268683915979,0,0,7.22955959983253,6.68743003486305,4.43640220215273,9.53416478784699,4.42451251240561,7.95497579658617,0,0,512.282950678649,464.355894291525,258.32804207501,573.515642736525,292.573010949169,533.596293340609,0,0,19.6823952586141,17.8413039825666,9.88281538595052,21.9264579492396,11.1412288628002,20.3093388344076,0,0,0,0,39.4894355030725,87.2075391345673,37.3668605145773,65.2182622508453,0,0,0,0,0,0,0,0,0,0,104.301395168359,51.0718348577017,215.563877666869,192.168569437729
"98",1998,1558,8.08333333333333,8052.41076615771,7068.04010443383,1515.12152176284,2894.96483369917,764.893821917527,1239.08133778274,0,0,0,0,0,0,0,0,0,0,0,0,2.43827654635708,4.76459506014131,1.39587909312305,2.26956558594914,0,0,0,0,0,0,0,0,0,0,2263.86151803059,1991.82283880903,320.473295921612,625.086668387082,155.45224568716,261.535050396695,0,0,86.9811798204899,76.5290187289035,12.3496338321942,24.0907382661413,5.98977039048122,10.0771697564947,0,0,25162.1126495587,22122.6852954056,4290.86955241313,8240.39682825049,2338.8122113888,3805.24264048791,0,0,966.722591685669,849.989868508252,166.701606307114,320.651543946273,91.6606376800155,149.360255076459,0,0,0,0,7.21447705939975,14.1635906500289,4.24135532707798,6.92892848887057,0,0,0,0,0,0,0,0,0,0,188.582415538916,174.235074578167,117.058177051584,252.129651037953,118.135899560765,213.075263269836,0,0,7.24556834214942,6.69439168939367,4.47430787822098,9.63087439506909,4.49278650985144,8.09995605525644,0,0,509.081324355784,460.929899565455,259.768553297834,577.707651450214,296.257661240556,541.767808130949,0,0,19.5593886655207,17.7096716469374,9.93783120439428,22.0864428589023,11.2815444919223,20.620320159566,0,0,0,0,39.8350407221833,88.0804759133158,37.8804589526067,66.257699136351,0,0,0,0,0,0,0,0,0,0,105.634453012517,51.6038339755893,220.716743059253,196.564427000483
"99",1998,1558,8.16666666666667,8030.55238998769,7039.0366658076,1519.62420187006,2904.9957161669,770.532421276529,1250.14144733202,0,0,0,0,0,0,0,0,0,0,0,0,2.44697355444526,4.78395416109401,1.40668165479071,2.29064747287876,0,0,0,0,0,0,0,0,0,0,2275.15929590257,1998.84138319093,323.850349494482,632.306974523127,158.243085204468,266.823193112958,0,0,87.4152585133905,76.7986824278965,12.4798212093191,24.3691065404547,6.09730188272569,10.2809186851338,0,0,25102.9965500445,22037.4145474349,4302.08044190693,8267.43290551234,2360.6005426802,3847.71519130319,0,0,964.4516403864,846.713620902736,167.146893745706,321.727369892277,92.5220589895389,151.041763266104,0,0,0,0,7.24272709166502,14.2284738954096,4.28359110036112,7.01082652477941,0,0,0,0,0,0,0,0,0,0,189.012942240365,174.42609921401,118.055803929977,254.664924635675,119.952934730186,216.934307018076,0,0,7.26211048504075,6.70173114617451,4.51250552793705,9.72783998741853,4.56204653623545,8.24694433907388,0,0,505.904644699375,457.534864363763,261.186223182952,581.861346143079,299.947555957962,549.987355352629,0,0,19.4373405184673,17.5792288275413,9.99197771606513,22.2449720055729,11.4220667320278,20.9331425356751,0,0,0,0,40.1771019323485,88.9476024324421,38.3954881464926,67.3032850146299,0,0,0,0,0,0,0,0,0,0,106.970507867046,52.1364015744055,225.931261279672,201.020823692086
"100",1998,1558,8.25,8008.71807532666,7010.20532607851,1523.93643250428,2914.65312056557,776.107887404309,1261.11839067767,0,0,0,0,0,0,0,0,0,0,0,0,2.45542460145155,4.80285625179454,1.4173728626096,2.31158600184756,0,0,0,0,0,0,0,0,0,0,2286.52917540368,2005.9037491268,327.24314012127,639.56258465156,161.06139526445,272.178816489917,0,0,87.8521074661848,77.0700298210714,12.6106133739211,24.6488338605301,6.20589210271106,10.48726801228,0,0,25044.3734454464,21952.8680861272,4312.97013571454,8293.80629678248,2382.28155030226,3890.14059010299,0,0,962.199628599152,843.465201617891,167.57965857446,322.777429850206,93.3794182847706,152.721748548372,0,0,0,0,7.27008770340969,14.291800874853,4.32569506812514,7.09275985019015,0,0,0,0,0,0,0,0,0,0,189.456784069473,174.626579360225,119.060477345312,257.206798077096,121.794711141296,220.845145581816,0,0,7.27916421029031,6.70943389892421,4.55097485479154,9.82506358310018,4.63225382770141,8.3959153845542,0,0,502.753084257195,454.170702295507,262.581602929366,585.976191449064,303.642600184005,558.253944710562,0,0,19.3162574468386,17.4499722050884,10.0452760447928,22.4020251992083,11.562792181794,21.2477688951357,0,0,0,0,40.5155140149501,89.8086852464986,38.9118318447865,68.3548383439647,0,0,0,0,0,0,0,0,0,0,108.309656879146,52.6695672829772,231.208169554593,205.538337358959
"101",1998,1558,8.33333333333333,7986.90520911343,6981.54273861894,1528.06115389968,2923.94175263303,781.61825156671,1272.00850227041,0,0,0,0,0,0,0,0,0,0,0,0,2.46361897382024,4.82127394292787,1.42795048326514,2.33237677983789,0,0,0,0,0,0,0,0,0,0,2297.97492559473,2013.01343872235,330.651713507274,646.853988427798,163.907934821906,277.603505426859,0,0,88.2918714922172,77.3431954649294,12.742012245983,24.9299392234194,6.31557017312086,10.6962786164274,0,0,24986.2380985851,21869.038504779,4323.54530736182,8319.52846447055,2403.85276453243,3932.51379704462,0,0,959.966355114934,840.244326075835,168.00015597491,323.802158602285,94.2326152019112,154.400008766514,0,0,0,0,7.29662854575051,14.3536617216878,4.36765896187752,7.17471650279249,0,0,0,0,0,0,0,0,0,0,189.913421637968,174.836172703959,120.071723021292,259.755332490168,123.660342793309,224.807247942679,0,0,7.29670956236764,6.71748679543334,4.58969792478257,9.92254784685604,4.70337478376653,8.54684924087313,0,0,499.62680581541,450.837328098249,263.955206671998,590.05171214367,307.342619809056,566.566501836551,0,0,19.1961457049698,17.3218985036478,10.0977459103203,22.5575845620854,11.7037144242221,21.5641589649765,0,0,0,0,40.8501880003205,90.663513097702,39.4293723836612,69.4121730882506,0,0,0,0,0,0,0,0,0,0,109.651992413871,53.2033594564978,236.548153279496,210.117521329401
"102",1998,1558,8.41666666666667,7965.11132147854,6953.04569278505,1532.00126783864,2932.86628291732,787.061614596328,1282.80820353868,0,0,0,0,0,0,0,0,0,0,0,0,2.47154858580778,4.839185686328,1.43841201530047,2.35301492004581,0,0,0,0,0,0,0,0,0,0,2309.49978533709,2020.1734572693,334.076074466329,654.181529727547,166.783353208895,283.098662697664,0,0,88.7346750337199,77.6182948275847,12.8740181596193,25.2124360130848,6.42636101806404,10.9080043978754,0,0,24928.5856339547,21785.9187615835,4333.81252378779,8344.61075436582,2425.31185699723,3974.82997265008,0,0,957.751632620281,837.0507237186,168.408637155168,324.801986696118,95.0815548269288,156.076349399276,0,0,0,0,7.32240901981774,14.4141345559692,4.40947609760309,7.2566861990651,0,0,0,0,0,0,0,0,0,0,190.382383663808,175.054571389667,121.089123763524,262.310601669875,125.549068101244,228.820214669337,0,0,7.31472843404855,6.72587800739761,4.62865896490763,10.0202959047777,4.77538055709484,8.69973100107606,0,0,496.525968179298,447.534664967477,265.307508217302,594.087478683143,311.047374076722,574.923895523717,0,0,19.0770113942401,17.195004772256,10.1494055023198,22.7116339760271,11.8448245078156,21.88227031025,0,0,0,0,41.1810478917574,91.5118927886713,39.9479916763833,70.4751012587796,0,0,0,0,0,0,0,0,0,0,110.997603279399,53.73780544261,241.951869486541,214.758925114987
"103",1998,1558,8.5,7943.33406633329,6924.7110956196,1535.75963830574,2941.43134604944,792.436142698224,1293.51399811714,0,0,0,0,0,0,0,0,0,0,0,0,2.47920742382028,4.85657457877956,1.44875478850709,2.37349520730235,0,0,0,0,0,0,0,0,0,0,2321.10655229316,2027.38639684757,337.516197012356,661.545435857537,169.688207946681,288.665537928414,0,0,89.180625581357,77.895427500893,13.0066302522536,25.4963331227255,6.53828604419519,11.1224933873194,0,0,24871.4114768133,21703.5021215029,4343.77824635169,8369.06438981359,2446.65662738598,4017.08445913806,0,0,955.555285357095,833.884135774801,168.80534937948,325.7773402056,95.9261471870317,157.75058284983,0,0,0,0,7.34748040444363,14.473287902828,4.4511409545266,7.33865990730419,0,0,0,0,0,0,0,0,0,0,190.863240171172,175.281496768512,122.112309894157,264.872685970763,127.460227225867,232.883750983547,0,0,7.33320430514875,6.73459682868112,4.66784400060769,10.1183111132475,4.84824618616758,8.85454976934077,0,0,493.450724627779,444.262641919222,266.638946791399,598.083102652024,314.756567977164,583.324949824131,0,0,18.9588604036965,17.0692882835844,10.2002716974519,22.8641589052518,11.9861114193232,22.2020587967843,0,0,0,0,41.5080283273692,92.3536463524145,40.4675716023748,71.5434333777217,0,0,0,0,0,0,0,0,0,0,112.346575173693,54.2729317162199,247.419951623277,219.463095840849
"104",1998,1558,8.58333333333333,7921.57121400814,6896.53596488612,1539.33909048735,2949.64153893805,797.740067380259,1304.12247224182,0,0,0,0,0,0,0,0,0,0,0,0,2.48659128904687,4.8734278089792,1.45897601140885,2.39381217682487,0,0,0,0,0,0,0,0,0,0,2332.79762276799,2034.65447395529,340.97202910786,668.945831010802,172.622972568542,294.305240158747,0,0,89.6298152050006,78.1746786462574,13.1398466476365,25.7816354715448,6.65136343967025,11.3397882260877,0,0,24814.7113257358,21621.7821308197,4353.44882761388,8392.90046343871,2467.88499975824,4059.27277544997,0,0,953.37714806811,830.744314281825,169.190535842775,326.728640411878,96.7663071113589,159.422528257068,0,0,0,0,7.37188682314001,14.531181792783,4.49264899345187,7.42062966229682,0,0,0,0,0,0,0,0,0,0,191.355599583292,175.516697078897,123.140955020751,267.441669272033,129.393251483976,236.997653699015,0,0,7.3521221308264,6.74363358619882,4.70724069530177,10.2165969436948,4.92195018991921,9.01129816002366,0,0,490.401221823506,441.021192375097,267.949929499852,602.038235089016,318.469858117654,591.768449907764,0,0,18.8416983681801,16.9447464795742,10.2503601519396,23.0151463305164,12.1275623077263,22.5234788154849,0,0,0,0,41.8310735706207,93.1886099047141,40.987994224358,72.6169786954023,0,0,0,0,0,0,0,0,0,0,113.698990862463,54.808763934594,252.95301169316,224.230578990704
"105",1998,1558,8.66666666666667,7899.82063967165,6868.51741814079,1542.74241079652,2957.50141982764,802.971683379179,1314.63029265758,0,0,0,0,0,0,0,0,0,0,0,0,2.49369745269341,4.88973591286416,1.46907283053148,2.41396021343089,0,0,0,0,0,0,0,0,0,0,2344.57504768917,2041.9795821082,344.443498882802,676.382754713881,175.588048033669,300.018756426035,0,0,90.0823227045682,78.45612101558,13.2736646957767,26.0683447136202,6.76560861063542,11.5599268771378,0,0,24758.4811140967,21540.752580707,4362.83051094072,8416.12993168892,2488.99501461321,4101.39060625203,0,0,951.217064517048,827.631020686172,169.564435650148,327.656303585534,97.6019539283879,161.092011077277,0,0,0,0,7.39566655371961,14.5878692572305,4.53399641203474,7.50258831570746,0,0,0,0,0,0,0,0,0,0,191.859104355385,175.759944076386,124.174769997083,270.017635365955,131.347648837592,241.16179391625,0,0,7.37146817379301,6.7529795104327,4.74683812146433,10.3151568459979,4.9964740125224,9.16997163400596,0,0,487.377598856875,437.810252519986,269.240835009765,605.952563407173,322.186860635922,600.253149603523,0,0,18.7255306315973,16.821376908336,10.2996854404803,23.1645846290685,12.2691627859211,22.8464835706263,0,0,0,0,42.1501360770789,94.0166319241589,41.509142036561,73.6955454800212,0,0,0,0,0,0,0,0,0,0,115.054930463554,55.3453270227173,258.551643272834,229.061919288079
"106",1998,1558,8.75,7878.08031459078,6840.65266444357,1545.97234688107,2965.0155075458,808.129347161397,1325.03420526715,0,0,0,0,0,0,0,0,0,0,0,0,2.50052439796673,4.90549221304965,1.47904237140905,2.43393362102613,0,0,0,0,0,0,0,0,0,0,2356.44057604053,2049.36333273252,347.93051915948,683.856175765178,178.583771616986,305.806966240188,0,0,90.538215278816,78.7398165224332,13.4080811476644,26.35645977367,6.88103452123952,11.7829431788979,0,0,24702.7169800698,21460.407478897,4371.92943020955,8438.76361048513,2509.9848226621,4143.43379340508,0,0,949.074886335996,824.544024754888,169.927283801217,328.560740813154,98.43301122874,162.758862760172,0,0,0,0,7.41885300170566,14.643397448146,4.57517997750694,7.58452936351764,0,0,0,0,0,0,0,0,0,0,192.373427480333,176.011030356431,125.213498244263,272.600665511544,133.322992589641,245.376103620794,0,0,7.39122987005661,6.76262663256665,4.78662658327249,10.4139941561197,5.07180159088013,9.33056798466771,0,0,484.379986576076,434.629760059294,270.512016494764,609.825808785163,325.907157376093,608.7777771382,0,0,18.610362221181,16.6991771764015,10.3482611673177,23.3124634729198,12.4108971659795,23.1710252990167,0,0,0,0,42.4651754220459,94.8375719595871,42.0308981453708,74.7789412352426,0,0,0,0,0,0,0,0,0,0,116.414471675479,55.8826452410937,264.216423850956,233.957661330685
"107",1998,1558,8.83333333333333,7856.3482987995,6812.93899736754,1549.03160776903,2972.18828101407,813.211475547302,1335.33103395524,0,0,0,0,0,0,0,0,0,0,0,0,2.50707161069629,4.92069236069941,1.48888176849555,2.45372667422197,0,0,0,0,0,0,0,0,0,0,2368.39569172579,2056.8070899302,351.432990980075,691.366003653917,181.610424489645,311.670653938017,0,0,90.9975499416971,79.0258175777957,13.5430922916456,26.6459772861533,6.99765198363455,12.0088673180704,0,0,24647.4152410745,21380.741025501,4380.75160998649,8460.81217206861,2530.85267921844,4185.39832835217,0,0,946.950472043617,821.483103646544,170.279311192902,329.442357870217,99.2594066516404,164.422920460124,0,0,0,0,7.44147548591591,14.6978085494364,4.61619690465456,7.66644681828139,0,0,0,0,0,0,0,0,0,0,192.898269407792,176.269767019287,126.256911779587,275.190836723534,135.31891181079,249.640564472191,0,0,7.4113957105498,6.77256769476871,4.8265974660969,10.5131120317335,5.14791898839638,9.49308690784275,0,0,481.40850713189,431.47965322071,271.763804230617,613.657723711854,329.630301125583,617.341039847881,0,0,18.4961978300026,16.5781449103693,10.3961000641455,23.4587737331409,12.5527486584557,23.497055449664,0,0,0,0,42.7761574221035,95.6512995575218,42.5531464072557,75.8669728778957,0,0,0,0,0,0,0,0,0,0,117.777689981129,56.4207422453134,269.947916809295,238.918350069899
"108",1998,1558,8.91666666666667,7834.62273473533,6785.37378890995,1551.92286409821,2979.02417892373,818.216544418278,1345.51767952331,0,0,0,0,0,0,0,0,0,0,0,0,2.51333940002325,4.93533394195773,1.49858818952524,2.47333366074302,0,0,0,0,0,0,0,0,0,0,2380.44164586938,2064.31200094952,354.950806538416,698.912098387067,184.668238418625,317.61051962321,0,0,91.4603747634133,79.3141682607814,13.6786940668549,26.9368919732539,7.11546991432254,12.2377262483742,0,0,24592.5723713163,21301.7475917473,4389.30296597169,8482.28614258739,2551.59693901924,4227.28034513028,0,0,944.84368618225,818.448041094301,170.620744632658,330.301555122617,100.081071687851,166.084026771298,0,0,0,0,7.46355991044701,14.7511405590568,4.65704475537298,7.74833510372071,0,0,0,0,0,0,0,0,0,0,193.433355269031,176.535981584519,127.304807712459,277.78822045559,137.335082962207,253.955198080279,0,0,7.43195513450395,6.78279607006316,4.86674310370918,10.612513402839,5.22481407452058,9.65752962879478,0,0,478.463273658672,428.359869921755,272.996507937659,617.448089694266,333.355820194279,625.941628183977,0,0,18.3830418047157,16.4582777249212,10.4432140784686,23.6035073905333,12.6946995465259,23.8245248363318,0,0,0,0,43.0830533745703,96.4576933268088,43.0757715460617,76.9594468955797,0,0,0,0,0,0,0,0,0,0,119.144658832487,56.9596411394824,275.746673155511,243.944531192863
"109",1999,1558,9,7812.99177996439,6757.96751193355,1554.62067849249,2985.44833746303,823.179017663021,1355.55381565762,0,0,0,0,0,0,0,0,0,0,0,0,2.51938146335883,4.94934628185597,1.50822485353089,2.49268039739951,0,0,0,0,0,0,0,0,0,0,2392.64953201415,2071.9562167317,358.43230333037,706.401927175824,187.765587387067,323.61831323786,0,0,91.9294212715716,79.6078712555274,13.8129024132436,27.2256473918668,7.23481097290617,12.4692020874605,0,0,24538.8347670138,21224.0950275483,4397.13901611389,8502.34294639014,2572.32798702858,4268.95826701708,0,0,942.779362975185,815.464496995441,170.934549878482,331.105893339221,100.902333049794,167.737399892328,0,0,0,0,7.48527053508632,14.8031933221009,4.69792718864569,7.82997428091874,0,0,0,0,0,0,0,0,0,0,193.98920079396,176.807504367495,128.371025122641,280.366816329427,139.389428917986,258.299024645856,0,0,7.45331216866851,6.79322839572078,4.90759213274542,10.7112044304419,5.30316892475103,9.82309871239786,0,0,475.559877221597,425.288859228925,274.203253600305,621.168284456241,337.098125077163,634.56068436977,0,0,18.2714931697599,16.3402844629644,10.489338130002,23.7455668203932,12.8372988553242,24.1527163762796,0,0,0,0,43.3867874120195,97.2552980390865,43.6005724507555,78.0540333782071,0,0,0,0,0,0,0,0,0,0,120.506756124195,57.5043242527665,281.576001018905,249.083758385191
"110",1999,1558,9.08333333333333,7791.63643250337,6730.73925724327,1557.07409637937,2991.30837961008,828.171485603584,1365.35767794022,0,0,0,0,0,0,0,0,0,0,0,0,2.52526880738072,4.96255959238257,1.51792781116617,2.51161731991148,0,0,0,0,0,0,0,0,0,0,2405.1652705248,2079.89860507555,361.776524431901,713.651905778471,190.918525471931,329.673319205664,0,0,92.410295959935,79.9130305169215,13.9418386068257,27.5051850031768,7.35629390881498,12.702496843834,0,0,24487.5445454026,21149.1648029339,4403.35141176603,8519.25220067878,2593.26627235742,4310.16407342491,0,0,940.809065939401,812.585549710636,171.185904569772,331.788732556327,101.731849624549,169.37251338924,0,0,0,0,7.50651197932868,14.8529463296895,4.73927358676715,7.91089876430632,0,0,0,0,0,0,0,0,0,0,194.58723367157,177.081212976268,129.476342715081,282.869280124639,141.517633482717,262.629526512243,0,0,7.4762900903304,6.80374470450434,4.94993702311035,10.8069914476088,5.38434140172138,9.98817738195545,0,0,472.730861626322,422.303195595836,275.373150743636,624.756293555687,340.890655118639,643.155824178123,0,0,18.1628022916426,16.2255703740339,10.534051115576,23.882574079074,12.9818200141842,24.480017416817,0,0,0,0,43.6893380920686,98.0411297687882,44.1315279174677,79.1459294278509,0,0,0,0,0,0,0,0,0,0,121.84597340136,58.0651899475214,287.358836392135,254.435002679254
"111",1999,1558,9.16666666666667,7770.2742071716,6703.64430057533,1559.37452204579,2996.8571129705,833.080384476454,1375.04067934131,0,0,0,0,0,0,0,0,0,0,0,0,2.53082344000684,4.97518077600862,1.52748889826321,2.53034873603744,0,0,0,0,0,0,0,0,0,0,2417.77126589523,2087.89827006606,365.146174899585,720.951845224394,194.101358943703,335.802039619638,0,0,92.8946384611873,80.2203904386752,14.0717508319747,27.7866427555431,7.4789287428325,12.9386317271953,0,0,24436.6849353038,21074.8617909049,4409.35324499032,8535.68431786069,2614.05651162016,4351.24767295703,0,0,938.855311745352,809.73070099743,171.428957168843,332.452848486328,102.555687182881,171.003113646637,0,0,0,0,7.52670641110178,14.9009330477359,4.78043600771249,7.99175099890696,0,0,0,0,0,0,0,0,0,0,195.193533573972,177.363884733477,130.57350783193,285.3752453849,143.662057390352,267.012605124412,0,0,7.49958564064444,6.81460539190921,4.99197260879927,10.902918488869,5.46613873839371,10.1552721118861,0,0,469.928694538623,419.344741046656,276.529978738133,628.298171371926,344.688347986845,651.777909166229,0,0,18.0551429300085,16.1119017032414,10.5782696641283,24.0178310143708,13.1265471733576,24.8083644974761,0,0,0,0,43.9876668261178,98.8190489281831,44.6626659495356,80.2414860781758,0,0,0,0,0,0,0,0,0,0,123.189341482784,58.6269375162478,293.211175581199,259.853980431329
"112",1999,1558,9.25,7748.90418624976,6676.6809182703,1561.52439741543,3002.09879951245,837.904567573356,1384.60028565168,0,0,0,0,0,0,0,0,0,0,0,0,2.5360593209879,4.98722154712149,1.53690453538897,2.54886899041049,0,0,0,0,0,0,0,0,0,0,2430.46647883309,2095.95441592912,368.539954673603,728.299351139435,197.314242283367,342.004620865467,0,0,93.3824088440542,80.529920445875,14.2025894957388,28.0699291412785,7.60272138288422,13.1776123642757,0,0,24386.2538777627,21001.1818164539,4415.14970960224,8551.64905848409,2634.69815066996,4392.20659991364,0,0,936.91802129007,806.899790445033,171.663908003346,333.09861428444,103.373818819027,172.629096596678,0,0,0,0,7.54598302669952,14.9473332432094,4.82140337887357,8.07251685990144,0,0,0,0,0,0,0,0,0,0,195.807969131808,177.655243095946,131.664059185718,287.885593487103,145.822606542269,271.447836430722,0,0,7.52319377224049,6.82579983270236,5.03375799498314,10.999019721236,5.54855743969167,10.3243671129599,0,0,467.15350753964,416.413730002478,277.672954636875,631.793893961278,348.490408531744,660.42614553164,0,0,17.9485201402572,15.9992874574133,10.6219638542819,24.151336856314,13.27145034325,25.13772804499,0,0,0,0,44.2816798029939,99.5888571031192,45.1938713126636,81.3405078345421,0,0,0,0,0,0,0,0,0,0,124.536916886984,59.1895949248459,299.133207524418,265.341247576758
"113",1999,1558,9.33333333333333,7727.52542515286,6649.84736503834,1563.52611850386,3007.03763702967,842.642930664222,1394.034020376,0,0,0,0,0,0,0,0,0,0,0,0,2.5409887213059,4.9986928628368,1.54617154397118,2.56717271601637,0,0,0,0,0,0,0,0,0,0,2443.25008961312,2104.06643729228,371.956695064057,735.692285414349,200.557312749641,348.28123712411,0,0,93.8735756133805,80.8415972791426,14.3343100078173,28.3549624329099,7.72767708313272,13.4194454546898,0,0,24336.2491776411,20928.1206140016,4420.74583284894,8567.15590920816,2655.1906925984,4433.03846502154,0,0,934.997110238318,804.092654162742,171.890951059519,333.726392733667,104.186219876612,174.250361092293,0,0,0,0,7.56444968557965,14.9922982322737,4.86216760983128,8.15318521899632,0,0,0,0,0,0,0,0,0,0,196.43041370644,177.955026037236,132.749328636065,290.401051700583,147.999218276738,275.934846314987,0,0,7.54710961950732,6.83731795940717,5.075344338042,11.0953233609393,5.6315952219431,10.4954484997293,0,0,464.405401534113,413.510357173375,278.801439533896,635.243497990117,352.296024719194,669.099660426503,0,0,17.8429377991772,15.8877351176145,10.6651092894209,24.2830931770238,13.4164988831432,25.4680754773687,0,0,0,0,44.5713050185099,100.350386749543,45.725027639084,82.4427968326932,0,0,0,0,0,0,0,0,0,0,125.888755251621,59.7531892861023,305.12515067007,270.897364271778
"114",1999,1558,9.41666666666667,7706.13696499564,6623.14188519892,1565.3820375412,3011.67776300305,847.294412635974,1403.33946667539,0,0,0,0,0,0,0,0,0,0,0,0,2.54562251493291,5.00960503643041,1.55528707198291,2.58525479737414,0,0,0,0,0,0,0,0,0,0,2456.12144897031,2112.23387559575,375.395342327353,743.128730689372,203.830688091524,354.632078920323,0,0,94.3681138233661,81.1554033198784,14.4668721550764,28.6416693272247,7.85380035450259,13.6641383301569,0,0,24286.6685353808,20855.6738557608,4426.14648613351,8582.21410169447,2675.53369649268,4473.74095740713,0,0,933.092490242936,801.309125869717,172.110274390555,334.336536966394,104.992867905216,175.866808991197,0,0,0,0,7.58219686957418,15.0359560439671,4.90272283611891,8.23374721434248,0,0,0,0,0,0,0,0,0,0,197.060745929143,178.262985846756,133.830469554922,292.922217390616,150.191854799454,280.473306301807,0,0,7.5713285193094,6.84915025458491,5.1167759360265,11.1918526067494,5.7152507597345,10.6685041262623,0,0,461.684450859736,410.634782172206,279.91491760389,638.64706930156,356.104374737933,677.797512683939,0,0,17.7383987628313,15.7772508164182,10.7076862922047,24.4131034474587,13.5616617733176,25.7993716118476,0,0,0,0,44.856488312968,101.103496056682,46.2560182366312,83.5481537296039,0,0,0,0,0,0,0,0,0,0,127.24491135484,60.3177469013724,311.187249088947,276.522893721929
"115",1999,1558,9.5,7684.73784234367,6596.56272113684,1567.09446588317,3016.02325947553,851.857995037197,1412.51426748741,0,0,0,0,0,0,0,0,0,0,0,0,2.54997042144469,5.01996783632846,1.56424853607893,2.60311033932271,0,0,0,0,0,0,0,0,0,0,2469.08003820729,2120.45638388624,378.85494243857,750.606958328165,207.134465769026,361.057344675963,0,0,94.8660035448284,81.4713252375815,14.6002395216594,28.9299837226618,7.98109493335866,13.9116986291651,0,0,24237.5095719364,20783.83717297,4431.35639721311,8596.83263362145,2695.72677502441,4514.31184384742,0,0,931.204069902783,798.549037710832,172.322060581395,334.929391265382,105.793742569315,177.478345132251,0,0,0,0,7.59930090248027,15.0784156550073,4.94306486939585,8.31419571270233,0,0,0,0,0,0,0,0,0,0,197.698849842165,178.578888479892,134.908482576534,295.449579124601,152.400497463055,285.062928513079,0,0,7.59584601640703,6.86128772586555,5.15809121830317,11.2886264539657,5.79952346553607,10.8435233934195,0,0,458.990706961394,407.787133804977,281.012977342876,642.004733386852,359.914632351906,686.518702579757,0,0,17.6349050077245,15.6678395027488,10.7496791839414,24.5413726679752,13.7069078200228,26.131579036126,0,0,0,0,45.1371901448317,101.848064683238,46.7867266261593,84.6563783205023,0,0,0,0,0,0,0,0,0,0,128.605439166503,60.8832933183766,317.319768962419,282.218401380835
"116",1999,1558,9.58333333333333,7663.3270963386,6570.10811948373,1568.66567523208,3020.07815536944,856.332702778636,1421.55612717793,0,0,0,0,0,0,0,0,0,0,0,0,2.55404115293775,5.02979054548271,1.57305358867442,2.62073465084599,0,0,0,0,0,0,0,0,0,0,2482.12544354588,2128.73370421278,382.3346318988,758.125408785876,210.46872228479,367.557234964114,0,0,95.3672288797483,81.7893531213632,14.7343791389475,29.219845969818,8.10956375489612,14.1621340756171,0,0,24188.7698446845,20712.6061700106,4436.38015600687,8611.02027881644,2715.76959366572,4554.74896977432,0,0,929.331755373953,795.812220799061,172.52648697001,335.505291451467,106.588825620949,179.084877378322,0,0,0,0,7.61582590447201,15.1197695651433,4.9831908747055,8.39452499285614,0,0,0,0,0,0,0,0,0,0,198.344615016536,178.902513256901,135.984231439767,297.983529772323,154.625142865649,289.703462295392,0,0,7.62065786798274,6.87372189437887,5.19932335433265,11.3856601994347,5.88441333940593,11.0204971198312,0,0,456.324200582266,404.967512579076,282.095299878735,645.316649378638,363.725970665682,695.262178080797,0,0,17.5324577149878,15.5595050382521,10.7910758353709,24.6679071350818,13.8522057994553,26.4646583457687,0,0,0,0,45.4133836390906,102.583991214355,47.3170369045458,85.7672699452739,0,0,0,0,0,0,0,0,0,0,129.970391872948,61.4498533606004,323.522996411238,287.984454434412
"117",1999,1558,9.66666666666667,7641.90377593004,6543.77633731864,1570.09789970771,3023.84642996245,860.717603997561,1430.46281206434,0,0,0,0,0,0,0,0,0,0,0,0,2.55784258548574,5.03908203207108,1.58170007898522,2.63812322433794,0,0,0,0,0,0,0,0,0,0,2495.25732796711,2137.06564297077,385.833626438252,765.682667919131,213.833512843428,374.131946376553,0,0,95.8717768793179,82.1094795326258,14.8692610553778,29.5112019670647,8.23920893903311,14.4154522425599,0,0,24140.4468648385,20641.9764392166,4441.22222336811,8624.78560219903,2735.66186881712,4595.05025874005,0,0,927.47545103887,793.0985057845,172.723725981508,336.064565453285,107.378100829568,180.686316600308,0,0,0,0,7.63182605262702,15.1600967804111,5.02309900421149,8.47473038579514,0,0,0,0,0,0,0,0,0,0,198.997936546122,179.233652263744,137.058461979013,300.524381839677,156.865798615427,294.39469002423,0,0,7.64576004341302,6.88644477173353,5.24050098345462,11.4829660328946,5.9699208057856,11.1994173814843,0,0,453.684944404321,402.17599383241,283.161645112733,648.583003287166,367.537565979362,704.026842412777,0,0,17.4310573718299,15.4522503175216,10.8318671342869,24.7927141789198,13.9975246052138,26.7985684317709,0,0,0,0,45.6850523188097,103.311190160913,47.8468341154464,86.8806279258921,0,0,0,0,0,0,0,0,0,0,131.339821918331,62.0174511724534,329.79723485078,293.821621232919
"118",1999,1558,9.75,7620.46694557665,6517.56564701643,1571.39333749104,3027.33201561117,865.011809989513,1439.23215099544,0,0,0,0,0,0,0,0,0,0,0,0,2.56138188821651,5.04785080379449,1.59018602580767,2.65527172103186,0,0,0,0,0,0,0,0,0,0,2508.47540992925,2145.45205236881,389.351211918165,773.277448130907,217.228871466317,380.781667080556,0,0,96.3796367262538,82.4316987929865,15.0048579900177,29.8040024407746,8.37003179400572,14.6716603808932,0,0,24092.5381104288,20571.9435718721,4445.88693808945,8638.13697151669,2755.40336607905,4635.2137117128,0,0,925.635060004987,790.407723276913,172.913945394793,336.607533754556,108.161553917327,182.282576654205,0,0,0,0,7.64734726205494,15.1994650451487,5.06278815077182,8.55480802984727,0,0,0,0,0,0,0,0,0,0,199.658714933064,179.5721097462,138.131817319404,303.072379479283,159.12247992601,299.136423254459,0,0,7.67114871986702,6.89944883673779,5.28164879870685,11.5805535001468,6.05604658229583,11.3802773645083,0,0,451.072935125869,399.412630240452,284.211840658627,651.804002830312,371.348600692371,712.811560333847,0,0,17.3307038513576,15.3460773644239,10.8720465606545,24.9158019624248,14.1428333592411,27.1332667187587,0,0,0,0,45.9521884146715,104.029589710687,48.3760045044559,87.9962518833634,0,0,0,0,0,0,0,0,0,0,132.71378104232,62.5861102587272,336.142802830901,299.730470866751
"119",1999,1558,9.83333333333333,7599.01569002903,6491.47434027511,1572.55415232003,3030.53880017047,869.214475070232,1447.86203581524,0,0,0,0,0,0,0,0,0,0,0,0,2.564665630582,5.05610505380476,1.59850959609714,2.67217595936639,0,0,0,0,0,0,0,0,0,0,2521.77944589648,2153.89281530838,392.886736320688,780.908571963527,220.654811373408,387.506573304156,0,0,96.89079906352,82.7560064033334,15.1411450275745,30.0982023190233,8.50203283034287,14.9307652837987,0,0,24045.0410368227,20502.5031670196,4450.37852320634,8651.0825677427,2774.99389849119,4675.23740608741,0,0,923.810484508969,787.739704184148,173.097308582403,337.134509790107,108.939172492956,183.873574346994,0,0,0,0,7.66242856841698,15.23793268583,5.1022577612656,8.63475468336603,0,0,0,0,0,0,0,0,0,0,200.326855901639,179.917701473626,139.204851110918,305.627708745039,161.395206710742,303.928499049464,0,0,7.69682027515467,6.91272701095439,5.32278805524397,11.6784298985352,6.14279156773727,11.5630712247759,0,0,448.488155250025,396.677454017988,285.245772245872,654.979873142058,375.158265635702,721.615163749761,0,0,17.2313964812913,15.2409874166927,10.9116098180031,25.0371793144929,14.2881015008311,27.4687093780533,0,0,0,0,46.2147914708334,104.739129861384,48.9044357122651,89.1139419920707,0,0,0,0,0,0,0,0,0,0,134.092320316931,63.1558535221701,342.560032116357,305.711572817851
"120",1999,1558,9.91666666666667,7577.5491184085,6465.50073151371,1573.58247486815,3033.47062917676,873.324796388406,1456.35042174127,0,0,0,0,0,0,0,0,0,0,0,0,2.56769987375574,5.06385270031767,1.60666908732192,2.68883190534778,0,0,0,0,0,0,0,0,0,0,2535.16921574031,2162.38783283588,396.439602612681,788.574957622833,224.111325491327,394.306826451602,0,0,97.4052554334284,83.082398561711,15.2780993466774,30.3937601790147,8.63521177979518,15.192773175435,0,0,23997.9530854059,20433.6508386328,4454.70109173114,8663.63039441234,2794.43332478533,4715.11949451967,0,0,922.001626250225,785.094279987747,173.273974728594,337.645800301231,109.710945985994,185.459229395567,0,0,0,0,7.67710329761224,15.2755501749799,5.14150768639138,8.71456757327327,0,0,0,0,0,0,0,0,0,0,201.002270170617,180.270254096218,140.278039171848,308.190506465819,163.684001107725,308.770776550809,0,0,7.72277127898067,6.92627263400528,5.36393701762942,11.7766006192153,6.23015674665952,11.7477939566808,0,0,445.930574642491,393.970478872821,286.263375307823,658.110853165094,378.965761965223,730.436456769156,0,0,17.1331341038166,15.1369810009937,10.9505545103533,25.1568555896356,14.43329885879,27.8048515193607,0,0,0,0,46.4728671619278,105.439760828997,49.432016929637,90.2334991943107,0,0,0,0,0,0,0,0,0,0,135.475490181685,63.7267032989798,349.049265963036,311.765496663373
"121",2000,1558,10,7556.76592605352,6440.08483193477,1574.70388449535,3036.4651534712,877.259817269152,1464.46014667369,0,0,0,0,0,0,0,0,0,0,0,0,2.57038672098172,5.07072702779407,1.61450983398464,2.70479850740511,0,0,0,0,0,0,0,0,0,0,2548.67942588698,2170.96185319771,399.972608466933,796.194638554612,227.575406919012,401.115301583733,0,0,97.9243393123764,83.411826135322,15.4142894126115,30.6875190037154,8.76868232589515,15.4550979858548,0,0,23951.9778430894,20365.8647481965,4458.67855436248,8675.28999304464,2813.45542491389,4754.0911932481,0,0,920.235517994111,782.489822420668,173.437079234951,338.122172806387,110.466416488578,187.009292333244,0,0,0,0,7.69103547355168,15.3111335041601,5.18004690166609,8.79282326286749,0,0,0,0,0,0,0,0,0,0,201.681456394822,180.612397529209,141.317155158566,310.622622220268,165.942367574218,313.513129495896,0,0,7.74886720864165,6.9394183192922,5.40378784822208,11.869788715317,6.31637247831401,11.9287338411391,0,0,443.402698791296,391.294308350085,287.244806390036,661.134099295571,382.733979457293,739.153971962227,0,0,17.036012982487,15.0341581497197,10.9881206379762,25.2724271715394,14.5770123088371,28.1370699897831,0,0,0,0,46.7242134633429,106.122867544553,49.9539107964622,91.3399778768029,0,0,0,0,0,0,0,0,0,0,136.882906165017,64.3285499877089,355.703254887838,318.213225362051
"122",2000,1558,10.0833333333333,7536.9235441793,6415.39100088652,1576.00094119309,3039.64979793718,880.997598842531,1472.1167035367,0,0,0,0,0,0,0,0,0,0,0,0,2.57282875188622,5.07686309233622,1.62197823500835,2.7199173762143,0,0,0,0,0,0,0,0,0,0,2562.27057367673,2179.57770260536,403.463803993664,803.718082591053,231.027480036666,407.886616922852,0,0,98.4465329450043,83.7428608477656,15.5488706896666,30.9775722586278,8.90169131853687,15.7159931028209,0,0,23907.3925171571,20299.3352029383,4462.26627099831,8685.91954810426,2831.96815517128,4791.87607647895,0,0,918.522810383175,779.933643393002,173.584875237696,338.558044621184,111.201960494491,188.512866413593,0,0,0,0,7.70412572193862,15.3443615903087,5.21769473229318,8.86898719469761,0,0,0,0,0,0,0,0,0,0,202.363672151724,180.939768198909,142.313890117276,312.890524916133,168.156787406614,318.110260800854,0,0,7.77507954014365,6.95199641129737,5.44202276087633,11.9567129243979,6.4009239546687,12.1041667219592,0,0,440.909638803537,388.652288445613,288.18289519098,664.019809443978,386.44821032574,747.714243149875,0,0,16.9402294919458,14.9326474214169,11.0240338668808,25.3827550734928,14.7186819349926,28.463330172949,0,0,0,0,46.9681002001527,106.785371647455,50.4682797607672,92.4275835149308,0,0,0,0,0,0,0,0,0,0,138.321650349234,64.9720555815878,362.553876879592,325.170550923506
"123",2000,1558,10.1666666666667,7517.07446818403,6390.82116673005,1577.17227120192,3042.57605535875,884.651719788931,1479.6411077604,0,0,0,0,0,0,0,0,0,0,0,0,2.57519992722549,5.08283358422204,1.62928446745513,2.73478286012562,0,0,0,0,0,0,0,0,0,0,2575.88144326816,2188.18941211811,406.9605684084,811.249308095627,234.495801928899,414.706232830375,0,0,98.9694843207912,84.0737364988268,15.6836664746374,31.2679267822165,9.03532746163831,15.9787512507667,0,0,23863.2447560308,20233.4103027407,4465.71717847217,8696.21071773505,2850.33261040907,4829.51088399522,0,0,916.826912767676,777.40069585391,173.727218522773,338.980516298128,111.931749985825,190.010721637928,0,0,0,0,7.71689232050621,15.3769509704826,5.25511340310604,8.94497224414794,0,0,0,0,0,0,0,0,0,0,203.053465895728,181.276031236554,143.316293772336,315.185760442403,170.390627315483,322.766891772145,0,0,7.80158302602854,6.96491616243388,5.4804777849765,12.0446897172821,6.48622292395046,12.2818815184162,0,0,438.449248110373,386.041651990298,289.104658428837,666.851989105192,390.15670392611,756.276115671257,0,0,16.8457011587633,14.8323424969767,11.0593291549071,25.4910529951941,14.8601455920893,28.7896792624588,0,0,0,0,47.2075476633504,107.438858934233,50.981407130452,93.5159841223985,0,0,0,0,0,0,0,0,0,0,139.765280310855,65.6167425131755,369.476010937036,332.204477433093
"124",2000,1558,10.25,7497.21628921824,6366.37231233345,1578.21963863639,3045.24710931255,888.221303631262,1487.03135030879,0,0,0,0,0,0,0,0,0,0,0,0,2.57747784161084,5.08859497123309,1.63643066811328,2.74939687758557,0,0,0,0,0,0,0,0,0,0,2589.51965782824,2196.80385180024,410.464068774545,818.790752525902,237.982106080733,421.57710340529,0,0,99.4934863340032,84.4047170473614,15.8187216342687,31.5586761456077,9.16965724959198,16.2434857470923,0,0,23819.5266830988,20168.0810304312,4469.03391031081,8706.16880253628,2868.54831636812,4866.99316149602,0,0,915.147522526187,774.890633348788,173.86421157448,339.389791244346,112.655761877683,191.502754570232,0,0,0,0,7.72935533476315,15.4089191472265,5.29230252159863,9.02077555166134,0,0,0,0,0,0,0,0,0,0,203.750488529665,181.620681874412,144.323844209212,317.505683788744,172.642816907264,327.480589161503,0,0,7.82836425349624,6.97815817871551,5.51913297676343,12.1336180152772,6.57222855527686,12.4617855768957,0,0,436.020942536274,383.462038033125,290.010369703513,669.632484181029,393.858868133094,764.839193020221,0,0,16.7524055383163,14.7332295080667,11.0940169657958,25.5973915457621,15.0013808980509,29.1161025967842,0,0,0,0,47.4425756986992,108.083319517797,51.4931872695295,94.6049825161474,0,0,0,0,0,0,0,0,0,0,141.213848746326,66.2626415232694,376.470195594901,339.315939054128
"125",2000,1558,10.3333333333333,7477.34687959666,6342.04166803727,1579.14482002557,3047.66618672453,891.705540804671,1494.2855262087,0,0,0,0,0,0,0,0,0,0,0,0,2.57964439133557,5.09411185016344,1.64341818170716,2.76376018699808,0,0,0,0,0,0,0,0,0,0,2603.19169166818,2205.42687449493,413.975231658134,826.344381228686,241.487823436594,428.501706540522,0,0,100.01878773803,84.736027368964,15.9540718033065,31.8498958098917,9.30473558213633,16.5102916611827,0,0,23776.2311963875,20103.3390808584,4472.21915249937,8715.79923515634,2886.6149465991,4904.32070268825,0,0,913.48436679925,772.403136780041,173.9959589428,339.786078096983,113.373978862256,192.988871390379,0,0,0,0,7.74153236941914,15.4402827557713,5.32926228434736,9.09639498032682,0,0,0,0,0,0,0,0,0,0,204.454441541002,181.973272610296,145.336112661443,319.847987511453,174.912484346743,332.24928580352,0,0,7.85541175328587,6.9917052663899,5.55797195547655,12.22340965009,6.65890762473819,12.6438002512919,0,0,433.624188600307,380.913116537102,290.900289200156,672.362958515775,397.554082434102,773.402958608392,0,0,16.6603221337205,14.6352957741218,11.1281072478159,25.7018343661328,15.1423643722006,29.4425809143149,0,0,0,0,47.673207832936,108.718748571438,52.0035171105737,95.6943843561938,0,0,0,0,0,0,0,0,0,0,142.667406017669,66.909781638134,383.536936821722,346.505816883591
"126",2000,1558,10.4166666666667,7457.46434958408,6317.82667341617,1579.94959819365,3049.83654523326,895.103683242175,1501.40182659415,0,0,0,0,0,0,0,0,0,0,0,0,2.58168492499793,5.09935538312055,1.65024777825274,2.7778727012313,0,0,0,0,0,0,0,0,0,0,2616.90306541864,2214.0634893502,417.494789991076,833.911776237902,245.014134004701,435.482124225631,0,0,100.54560064433,85.0678599231125,16.0897451816068,32.1416465298319,9.44060773989865,16.7792488884324,0,0,23733.3518372784,20039.1767437594,4475.27562188513,8725.10753692208,2904.53229974758,4941.49151402427,0,0,911.837197445411,769.93790990665,174.122566407584,340.169589043909,114.086388532992,194.468986536737,0,0,0,0,7.75343901149924,15.4710576336683,5.36599328661055,9.171828898786,0,0,0,0,0,0,0,0,0,0,205.165068177482,182.333404461561,146.352743358112,322.210645974831,177.198914434267,337.071212996664,0,0,7.88271566062957,7.00554209590324,5.59698113158786,12.3139872293477,6.74623290839294,12.8278583132435,0,0,431.258494487639,378.394581391941,291.77466716683,675.04491968173,401.241710561079,781.966800368905,0,0,16.5694320489481,14.5385295338792,11.1616095668671,25.804439115559,15.2830719206909,29.7690912964463,0,0,0,0,47.8994706122316,109.345145780782,52.5122961297143,96.7839980873243,0,0,0,0,0,0,0,0,0,0,144.126000544293,67.5581903979153,390.676714928816,353.774947502505
"127",2000,1558,10.5,7437.56702011314,6293.72495294668,1580.6357583936,3051.76146527069,898.415041252198,1508.37853425295,0,0,0,0,0,0,0,0,0,0,0,0,2.58358771524477,5.10430231777521,1.65691977905424,2.79173367183148,0,0,0,0,0,0,0,0,0,0,2630.65847090724,2222.71797315812,421.023312527281,841.494192016245,248.561999686591,442.520093114859,0,0,101.074105320423,85.4003790309975,16.2257636638763,32.4339764906473,9.57731064130216,17.0504240860732,0,0,23690.8827061405,19975.5868283506,4478.20605248061,8734.09929024419,2922.30028513738,4978.50379248828,0,0,910.205787799795,767.494676446835,174.244140448457,340.540538755776,114.792982829314,195.943021851708,0,0,0,0,7.76508910972524,15.5012588767697,5.40249641881063,9.24707606105893,0,0,0,0,0,0,0,0,0,0,205.882147730608,182.700721262197,147.373441189202,324.591879507055,179.501522181789,341.944857204331,0,0,7.91026749561501,7.01965498278538,5.63614923443941,12.4052827645279,6.83418216921414,13.0139022936762,0,0,428.923404232324,375.906145943586,292.63374579199,677.67973604975,404.921108238865,790.530026762195,0,0,16.4797177653266,14.4429197736165,11.1945331782243,25.9052581244061,15.4234791340869,30.0956077806119,0,0,0,0,48.1213931859943,109.962514996813,53.0194263271839,97.8736349026874,0,0,0,0,0,0,0,0,0,0,145.589679057337,68.2078940067744,397.889988774088,361.124128472398
"128",2000,1558,10.5833333333333,7417.65339958704,6269.73429536056,1581.20508490282,3053.44424311101,901.638980912299,1515.21401997332,0,0,0,0,0,0,0,0,0,0,0,0,2.58534350612804,5.10893414640085,1.66343416289285,2.80534184470682,0,0,0,0,0,0,0,0,0,0,2644.46187837192,2231.39396574311,424.561229209547,849.092603504788,252.132192959628,449.617048742394,0,0,101.604454309202,85.7337245404934,16.3621438126302,32.7269231499965,9.71487394078549,17.3238723659228,0,0,23648.8183897448,19912.5625986635,4481.01318353571,8742.7801145083,2939.91891019676,5015.35590625944,0,0,908.589929885306,765.073177593562,174.360787783088,340.89914345304,115.493757552577,197.410905838223,0,0,0,0,7.77649501440531,15.5309008892684,5.43877278092488,9.32213550678652,0,0,0,0,0,0,0,0,0,0,206.605490582114,183.07490471308,148.397961202577,326.99012338591,181.819830112192,346.868922593745,0,0,7.9380599728633,7.03403169747263,5.67546691003229,12.4972364837894,6.92273728672687,13.201883047884,0,0,426.618492789917,373.44753925842,293.477760692399,680.268651626796,408.591629612282,799.091880364905,0,0,16.3911629522247,14.3484560836157,11.2268870833521,26.0043389614704,15.563561534158,30.4221018806032,0,0,0,0,48.3390069461523,110.570863933903,53.524812212103,98.9631087157172,0,0,0,0,0,0,0,0,0,0,147.058486818757,68.8589174631097,405.177199304245,368.554123061591
"129",2000,1558,10.6666666666667,7397.722160751,6245.85263311568,1581.65935788032,3054.88818425426,904.774921100561,1521.90673832721,0,0,0,0,0,0,0,0,0,0,0,0,2.58694507245197,5.11323628489333,1.66979066604486,2.81869560693073,0,0,0,0,0,0,0,0,0,0,2658.3166424415,2240.09456404419,428.108855919668,856.707753256756,255.725325550903,456.774169890372,0,0,102.136776500868,86.0680154409503,16.4988978076277,33.0205150450423,9.85332112688579,17.5996389932679,0,0,23607.1538894262,19850.0977094599,4483.69974851101,8751.15564340403,2957.38826771375,5052.04637488782,0,0,906.989431652589,762.673169552281,174.472614939868,341.245620027279,116.188711874657,198.872572896859,0,0,0,0,7.78766781323627,15.5599974377904,5.47482360325994,9.39700646832101,0,0,0,0,0,0,0,0,0,0,207.334933304031,183.455669398251,149.42609851153,329.4039969202,184.153446343357,351.842294164036,0,0,7.96608681326544,7.04866127382526,5.7149263345965,12.589795648615,7.01188341676429,13.3917583433061,0,0,424.343361236988,371.018502614165,294.306942269851,682.812801150845,412.252632943388,807.651550902812,0,0,16.303752282614,14.2551285233385,11.2586800817109,26.101725011147,15.7032947926849,30.7485430854632,0,0,0,0,48.5523451700546,111.170203847469,54.0283607618188,100.052236107331,0,0,0,0,0,0,0,0,0,0,148.532467837878,69.5112846930534,412.538772935143,376.065664948199
"130",2000,1558,10.75,7377.7721226299,6222.07802633366,1582.00035095413,3056.09659828271,907.822331154666,1528.45522444125,0,0,0,0,0,0,0,0,0,0,0,0,2.58838688346048,5.11719744132429,1.67598885222865,2.83179309062236,0,0,0,0,0,0,0,0,0,0,2672.22558557356,2248.82239622997,431.666413522267,864.340187802367,259.341871073948,463.992413416079,0,0,102.671180338756,86.4033527108087,16.6360341765598,33.3147731868248,9.99267038928565,17.8777607206089,0,0,23565.8845643842,19788.1861556236,4486.26846672435,8759.23150747346,2974.7085256803,5088.57385354197,0,0,905.404114801609,760.294421596481,174.579727933862,341.580185364377,116.877847946467,200.327962720087,0,0,0,0,7.7986175141016,15.588561701446,5.51065019581488,9.47168830991245,0,0,0,0,0,0,0,0,0,0,208.070334758472,183.842758756509,150.457680775858,331.832278893951,186.502047847293,356.864008849827,0,0,7.99434259413038,7.06353385434948,5.75452092674014,12.6829136140918,7.10160834956614,13.5834917527591,0,0,422.097633021727,368.618786849383,295.121516542843,685.313222487017,415.903484590171,816.208185456409,0,0,16.217471289014,14.1629275195894,11.289920802442,26.1974559472692,15.8426548841607,31.0748992497727,0,0,0,0,48.761442740236,111.76054926854,54.5299813795702,101.140836281035,0,0,0,0,0,0,0,0,0,0,150.011665041803,70.1650186592865,419.975124017507,383.659461919829
"131",2000,1558,10.8333333333333,7357.80223505697,6198.40864904508,1582.22982921045,3057.07279449863,910.780728784547,1534.85809116276,0,0,0,0,0,0,0,0,0,0,0,0,2.5896648186187,5.12080908016043,1.68202816883677,2.84463225693666,0,0,0,0,0,0,0,0,0,0,2686.19106980649,2257.57968537883,435.234043998919,871.990288577609,262.982184631088,471.2725443931,0,0,103.207756576158,86.7398217642955,16.7735584141911,33.6097122463109,10.1329353697505,18.1582669420943,0,0,23525.0060828232,19726.8222285536,4488.72203643916,8767.01331944164,2991.87991841504,5124.93711920863,0,0,903.833812904435,757.936714392254,174.682231998421,341.903055775121,117.561170555711,201.777019761717,0,0,0,0,7.80935320096751,15.6166063181547,5.54625390977134,9.54618048081456,0,0,0,0,0,0,0,0,0,0,208.811572721494,184.235941548777,151.492561956778,334.273886271758,188.865366387143,361.933230738848,0,0,8.02282261946826,7.07864055446815,5.79424510840102,12.7765490140723,7.19190197053793,13.7770517052659,0,0,419.880950772886,366.248150182464,295.921705749154,687.770867608986,419.543562054664,824.760897104603,0,0,16.132306240889,14.0718437827178,11.3206177272833,26.2915681528099,15.9816182027114,31.4011369239636,0,0,0,0,48.9663359028064,112.341917765658,55.0295858502562,102.228731020386,0,0,0,0,0,0,0,0,0,0,151.496120421452,70.8201414571426,427.486656843823,391.336199055239
"132",2000,1558,10.9166666666667,7337.81156546617,6174.84277744653,1582.34954753632,3057.820078251,913.649678210886,1541.11402657701,0,0,0,0,0,0,0,0,0,0,0,0,2.59077592849998,5.12406496967943,1.687907991769,2.85721096343379,0,0,0,0,0,0,0,0,0,0,2700.21505826767,2266.36830403014,438.811824036554,879.658298093914,266.646519705137,478.615162069193,0,0,103.746580639568,87.0774945473676,16.9114735038958,33.9053415580527,10.2741258093281,18.4411806878651,0,0,23484.5143799765,19666.000478695,4491.06312920773,8774.50666197996,3008.90273882839,5161.135058636,0,0,902.278369792492,755.599838558666,174.780231365257,342.21444651976,118.238686828612,203.219692773527,0,0,0,0,7.8198831662785,15.6441434270778,5.58163610874595,9.62048247970379,0,0,0,0,0,0,0,0,0,0,209.558540970672,184.635008767044,152.530617163727,336.727855786808,191.243176790274,367.049229916652,0,0,8.05152280809054,7.09397334375738,5.83409410762952,12.8706650567182,7.28275581057522,13.9724106758331,0,0,417.692973590761,363.906356429965,296.707728768588,690.186612311451,423.172256252527,833.308772219736,0,0,16.0482440405659,13.9818682381638,11.3507792066067,26.3840950910358,16.1201616490766,31.7272216328484,0,0,0,0,49.1670620598016,112.914329731809,55.5270882956163,103.315744649669,0,0,0,0,0,0,0,0,0,0,152.985875155936,71.476674399265,435.073767262395,399.096541448408
"133",2001,1558,11,7317.19938698811,6150.50643616906,1582.7219793545,3058.90420168136,916.492332787683,1547.25988926996,0,0,0,0,0,0,0,0,0,0,0,0,2.59183412232238,5.12706863071371,1.69374366920789,2.86959590638068,0,0,0,0,0,0,0,0,0,0,2714.23972266619,2275.07928533215,442.480169252453,887.457288915494,270.354514428702,486.034012510193,0,0,104.285430673571,87.4121843793246,17.0528711921304,34.206007232626,10.4169982711555,18.7270313984317,0,0,23443.6225246017,19604.4238721561,4494.08098552581,8782.83410356986,3025.98635494752,5197.29353914942,0,0,900.707550805348,753.233959955885,174.904129378412,342.557553585586,118.918618799599,204.66092860001,0,0,0,0,7.83054518040605,15.6714711431483,5.61718322864521,9.69482724320972,0,0,0,0,0,0,0,0,0,0,210.311469803007,185.024671400946,153.610370236956,339.230761757121,193.674381419134,372.237835538153,0,0,8.08045200605512,7.10894479397228,5.87554280959143,12.9666624581012,7.3756515070873,14.1705522459097,0,0,415.527188750464,361.579787030628,297.499372168734,692.58367998464,426.818647193142,841.871057811836,0,0,15.9650344616672,13.8924776388664,11.3811636454953,26.475927257929,16.2593931183582,32.0538865389181,0,0,0,0,49.3653486003119,113.479159689777,56.0262409965156,104.404206434028,0,0,0,0,0,0,0,0,0,0,154.466215179619,72.1300644425572,442.661686055606,406.886987187693
"134",2001,1558,11.0833333333333,7296.17806411538,6125.71216938035,1583.2104994602,3060.11357281998,919.289875592814,1553.28599856719,0,0,0,0,0,0,0,0,0,0,0,0,2.59290341289932,5.1299616328236,1.69949603972591,2.88176360325845,0,0,0,0,0,0,0,0,0,0,2728.29681135582,2283.75786035166,446.213561031162,895.354192230503,274.103812568206,493.531477355979,0,0,104.825526500691,87.7456291100845,17.1967713404653,34.5104397003634,10.5614616188296,19.0159102501148,0,0,23402.5954386433,19542.5404402072,4497.48468695276,8791.58490344158,3043.06781368692,5233.37801907279,0,0,899.131534509051,750.856292669808,175.042732784954,342.916588878198,119.598483308894,206.099351430351,0,0,0,0,7.84147273700243,15.6988875064652,5.65277076844702,9.76914207309924,0,0,0,0,0,0,0,0,0,0,211.069806639129,185.41050617085,154.717101368651,341.769975733199,196.143245599117,377.488390713384,0,0,8.10958898353147,7.12376917162966,5.91802811664383,13.0640582905453,7.46999018627024,14.371071217335,0,0,413.384507251221,359.271394532473,298.292217315096,694.955918542919,430.474039007408,850.439864373635,0,0,15.882712505807,13.8037854264735,11.4116014960438,26.5668285884111,16.3989814731422,32.3808315603231,0,0,0,0,49.5606868155117,114.036002521499,56.5256845020562,105.493095188072,0,0,0,0,0,0,0,0,0,0,155.942199924987,72.7818262306164,450.277848305593,414.726882353086
"135",2001,1558,11.1666666666667,7275.14115618331,6101.03291981983,1583.57739774927,3061.07818306682,922.000859655208,1559.16692528429,0,0,0,0,0,0,0,0,0,0,0,0,2.5939100875058,5.13267809983442,1.70509031535805,2.89366911907393,0,0,0,0,0,0,0,0,0,0,2742.42791108583,2292.47820241013,449.959676396868,903.275882383422,277.882493485505,501.100266908452,0,0,105.368465950338,88.0806785972738,17.3411625096197,34.8158286047308,10.7070565958521,19.3075364520855,0,0,23361.943207077,19481.1940951432,4500.75682398646,8800.0260124362,3060.01240612807,5269.30669641894,0,0,897.569918865543,748.499261175446,175.17611414055,343.263348704709,120.272982269914,207.531732367033,0,0,0,0,7.85246513423124,15.7262333012049,5.68815416767148,9.84328167412733,0,0,0,0,0,0,0,0,0,0,211.833256394034,185.802370162965,155.825342894227,344.320658816483,198.624043271102,382.783452170339,0,0,8.13892240451645,7.13882520175304,5.9605750676374,13.1619015117149,7.56479237379594,14.5733040360912,0,0,411.268549991551,356.989532421588,299.073954853041,697.289535569142,434.118706724216,859.000934153073,0,0,15.8014172921316,13.7161125553625,11.4416209050203,26.6562701027931,16.5381754530614,32.7075141970991,0,0,0,0,49.7520493681901,114.584054164902,57.0228367144674,106.580607478445,0,0,0,0,0,0,0,0,0,0,157.423515085296,73.4349563935693,457.972178064414,422.652464280974
"136",2001,1558,11.25,7254.08820438886,6076.46729547446,1583.82474807604,3061.80180366345,924.624756808991,1564.90135423055,0,0,0,0,0,0,0,0,0,0,0,0,2.59483152017677,5.13518010358719,1.71052729549995,2.90531220355012,0,0,0,0,0,0,0,0,0,0,2756.63289478318,2301.24045816839,453.718201224953,911.22158858612,281.690208966124,508.739912869384,0,0,105.914244140164,88.4173384758365,17.4860325830491,35.1221442638414,10.8537698759691,19.6018921013029,0,0,23321.6631803451,19420.3805179046,4503.90052860328,8808.16368413981,3076.82032650436,5305.07864539976,0,0,896.022602079471,746.162699527324,175.304394941849,343.598073834603,120.942119516423,208.958027910943,0,0,0,0,7.86347911376459,15.753442952612,5.72333881735774,9.91725095601946,0,0,0,0,0,0,0,0,0,0,212.601823532579,186.200101934139,156.935236819997,346.882235828746,201.117144301662,388.123090420501,0,0,8.16845244057323,7.1541066814368,6.00318904299743,13.2601700930559,7.66007233107036,14.7772537946911,0,0,409.179066996329,354.734100126754,299.844567538916,699.585235155753,437.751857399055,867.553231624937,0,0,15.7211392164295,13.6294551614125,11.4712212078336,26.7442787209148,16.6769449752891,33.0338953383567,0,0,0,0,49.9395116395591,115.123402691335,57.5176223094897,107.666580325099,0,0,0,0,0,0,0,0,0,0,158.910196495024,74.0894758645382,465.744974574094,430.664343985573
"137",2001,1558,11.3333333333333,7233.01879137111,6052.01394015616,1583.95459249792,3062.28816458184,927.16108269967,1570.48803787946,0,0,0,0,0,0,0,0,0,0,0,0,2.59564954342404,5.13743713276691,1.71580729526964,2.91669201968623,0,0,0,0,0,0,0,0,0,0,2770.91158862418,2310.04472859117,457.488835696244,919.190585601711,285.52660941355,516.449955766818,0,0,106.462854391583,88.7556126249982,17.6313699937359,35.429358741672,11.0015880695934,19.8989596184027,0,0,23281.752736923,19360.095444855,4506.91886034849,8816.00404654637,3093.49179095595,5340.69298052298,0,0,894.489483432486,743.846443909418,175.427693925037,343.921000298878,121.605899791291,210.378196173811,0,0,0,0,7.87447980222982,15.7804636934178,5.75832873562188,9.9910531510831,0,0,0,0,0,0,0,0,0,0,213.375511266457,186.60355060801,158.046901266091,349.454168894344,203.622860283764,393.507334233593,0,0,8.1981792151158,7.16960781376844,6.0458745137148,13.3588434334387,7.7558420848192,14.9829219698171,0,0,407.115810635585,352.504985955657,300.604054872192,701.843665280065,441.372751820568,876.095743484351,0,0,15.6418687646023,13.5438089532126,11.5004023717988,26.8308792023978,16.8152620024851,33.3599367188516,0,0,0,0,50.1231409714049,115.654125094957,58.0099688545974,108.750854057933,0,0,0,0,0,0,0,0,0,0,160.402280016365,74.7454050153484,473.596547607539,438.763126824612
"138",2001,1558,11.4166666666667,7211.93254093862,6027.67153308146,1583.96894415434,3062.54095854138,929.609394655113,1575.92579373125,0,0,0,0,0,0,0,0,0,0,0,0,2.59634945897319,5.13942448319213,1.72093030985606,2.92780734733763,0,0,0,0,0,0,0,0,0,0,2785.26377128802,2318.8910690201,461.271291230047,927.182183647521,289.391343720376,524.229941129447,0,0,107.014288201097,89.0955031710733,17.7771636066786,35.7374454614168,11.1504977203416,20.198721602997,0,0,23242.2092830226,19300.3346656546,4509.81481146398,8823.55311152362,3110.02703620314,5376.14885522039,0,0,892.970463271839,741.550332553445,175.546127261128,344.232359748777,122.264328693357,211.792196825227,0,0,0,0,7.88543880948813,15.8072527177141,5.79312696882015,10.0646902993312,0,0,0,0,0,0,0,0,0,0,214.154321483489,187.012574598289,159.160434588447,352.035953688405,206.141452541014,398.936177037188,0,0,8.22810280069258,7.18532315877499,6.08863519761893,13.4579022143474,7.85211173349291,15.1903086688415,0,0,405.07853576353,350.302068677614,301.352430157108,704.065425694193,444.980697123449,884.627475176423,0,0,15.5635965180059,13.4591692728721,11.5291648847478,26.916094449391,16.9531002599546,33.6856007838994,0,0,0,0,50.3029985457208,116.176290058926,58.4998063612041,109.83327182402,0,0,0,0,0,0,0,0,0,0,161.899801528821,75.4027637139175,481.52721527272,446.949412644725
"139",2001,1558,11.5,7190.8291193921,6003.4387898582,1583.86978794079,3062.56384201382,931.969291936096,1581.21350523822,0,0,0,0,0,0,0,0,0,0,0,0,2.59691960009148,5.14112254256893,1.72589608466235,2.93865667207868,0,0,0,0,0,0,0,0,0,0,2799.6891725957,2327.77948836798,465.065289061489,935.195723626404,293.284059026367,532.079417125954,0,0,107.568535187997,89.4370104565059,17.9234026643831,36.046379022848,11.3004852963988,20.5011607439559,0,0,23203.0302527558,19241.0940232873,4512.59130757513,8830.81677623611,3126.426319397,5411.44546230581,0,0,891.465443016678,739.274205739913,175.659808581918,344.532379510305,122.917412673012,213.199991112976,0,0,0,0,7.8963333909603,15.8337759191545,5.8277357576843,10.1381634522609,0,0,0,0,0,0,0,0,0,0,214.938254619999,187.427041059383,160.275917194487,354.627117824966,208.673135575015,404.409579589689,0,0,8.25822321408262,7.20124761231495,6.13147412823263,13.557328337619,7.94888957904897,15.3994127325059,0,0,403.066999830245,348.125218174207,302.08971917623,706.251071492291,448.575043703231,893.147449573667,0,0,15.4863131577413,13.3755311210193,11.5575097045796,26.9999456430238,17.0904351169715,34.0108506367542,0,0,0,0,50.4791402155112,116.6899592213,58.9870671481814,110.913679450746,0,0,0,0,0,0,0,0,0,0,163.402796920197,76.061571343634,489.537302862639,455.223795680061
"140",2001,1558,11.5833333333333,7169.70823600972,5979.31446274414,1583.6590818399,3062.36043707333,934.240415089253,1586.35012136544,0,0,0,0,0,0,0,0,0,0,0,0,2.59735080108638,5.14251592179158,1.73070419685739,2.94923828772485,0,0,0,0,0,0,0,0,0,0,2814.18747314646,2336.7099492858,468.870558510759,943.230571368392,297.204400566458,539.997932093664,0,0,108.125583080394,89.7801330462873,18.070076720522,36.3561349817431,11.4515371855423,20.8062597257412,0,0,23164.213107698,19182.3694129359,4515.25120986069,8837.80082712104,3142.68991749634,5446.58203357073,0,0,889.974325141259,737.017905754888,175.768849062441,344.821282735028,123.565159008258,214.601541849092,0,0,0,0,7.90714543408864,15.8600063625666,5.8621567352325,10.2114729146383,0,0,0,0,0,0,0,0,0,0,215.727309560026,187.84682511781,161.393413845322,357.227218474912,211.218081686498,409.92747345743,0,0,8.28854041242326,7.21737637654822,6.17439374214171,13.6571048337014,8.04618230375873,15.6102318687578,0,0,401.080962936801,345.974296324197,302.815958515074,708.401117862257,452.155181011782,901.654705215883,0,0,15.4100094667729,13.2928891908013,11.5854381956535,27.0824524254725,17.2272434254834,34.3356499693122,0,0,0,0,50.6516175044268,117.195188672312,59.4716856432234,111.991925239677,0,0,0,0,0,0,0,0,0,0,164.91130207599,76.7218468340407,497.627141482171,463.586864558494
"141",2001,1558,11.6666666666667,7148.5696433957,5955.29734079493,1583.33875808803,3061.93433298675,936.422445343454,1591.33465619541,0,0,0,0,0,0,0,0,0,0,0,0,2.59763595445481,5.14359272746892,1.73535412034864,2.95955037832582,0,0,0,0,0,0,0,0,0,0,2828.75830440822,2345.68236869685,472.686835505918,951.286112715943,301.152011527599,547.98503238755,0,0,108.685417718696,90.124867748477,18.2171755832952,36.6666896615934,11.6036396904032,21.1140011468844,0,0,23125.7553362194,19124.1567807121,4517.79731700235,8844.51094338059,3158.81812665478,5481.55783930357,0,0,888.497013149271,734.78127684121,175.873357495003,345.099288532396,124.207575781194,215.996813393001,0,0,0,0,7.91786061477449,15.8859230075842,5.89639108540898,10.2846184387443,0,0,0,0,0,0,0,0,0,0,216.521483541951,188.271809167691,162.512975639452,359.835840109282,213.77642507982,415.489763983329,0,0,8.31905428962265,7.2337049328676,6.21739595432593,13.7572157748687,8.1439951272585,15.8227627670515,0,0,399.120187847548,343.849157780656,303.531194109172,710.516044372398,455.720533845297,910.148294875197,0,0,15.3346763303997,13.2112378977424,11.6129520736284,27.1636330641974,17.3635033776888,34.6599630054045,0,0,0,0,50.8204784360452,117.692030199043,59.9535982235515,113.06785980654,0,0,0,0,0,0,0,0,0,0,166.425352868175,77.3836086883321,505.797066828211,472.039202311138
"142",2001,1558,11.75,7127.41313768044,5931.3862498927,1582.91072416232,3061.28908751947,938.515104050902,1596.16618857789,0,0,0,0,0,0,0,0,0,0,0,0,2.59776966755615,5.14434399342134,1.73984527010879,2.96959107491204,0,0,0,0,0,0,0,0,0,0,2843.40124933901,2354.69661876292,476.513861382943,959.361749540354,305.126532902653,556.040260568713,0,0,109.248023079484,90.4712096513269,18.364689269391,36.9780200009342,11.756779023516,21.4243674513398,0,0,23087.6544525311,19066.4521221983,4520.23236689957,8850.95269994903,3174.81126161739,5516.37218772199,0,0,887.033411537168,732.564165142474,175.973440354224,345.366612082004,124.844671854922,217.385771631337,0,0,0,0,7.928467748539,15.9115097181527,5.93043965267901,10.3575993601815,0,0,0,0,0,0,0,0,0,0,217.320772069667,188.701882227137,163.63464165374,362.452592327678,216.348265458226,421.096332738851,0,0,8.34976467294682,7.2502290171703,6.26048222055479,13.8576461918876,8.24233194411881,16.037001192789,0,0,397.184439955856,341.749650636768,304.235480029393,712.596298791327,459.270559129834,918.627284449164,0,0,15.2603047349395,13.1305714053254,11.6400533593365,27.2435045982664,17.4991943826827,34.9837544567992,0,0,0,0,50.985768167448,118.180532242592,60.4327431057128,114.14133597813,0,0,0,0,0,0,0,0,0,0,167.944985143355,78.0468750076817,514.047418126524,480.581386387603
"143",2001,1558,11.8333333333333,7106.23855861875,5907.58005269365,1582.37686368474,3060.42822810504,940.518152128616,1600.84386176455,0,0,0,0,0,0,0,0,0,0,0,0,2.59774796858566,5.14476319246698,1.74417703828405,2.97935850188813,0,0,0,0,0,0,0,0,0,0,2858.11584325069,2363.75252803971,480.351381833617,967.456896268945,309.127603353173,564.163153805257,0,0,109.813381308697,90.8191521676733,18.5126079636055,37.2901034202258,11.9109413026435,21.7373408678947,0,0,23049.9079956253,19009.2514809228,4522.55903828378,8857.13157022369,3190.66965511362,5551.02442433451,0,0,885.583425753471,730.366418644427,176.069201858239,345.623464736781,125.476456850286,218.768383955026,0,0,0,0,7.93895823623869,15.9367544139479,5.96430303224789,10.4304147097638,0,0,0,0,0,0,0,0,0,0,218.125168833504,189.136939338899,164.758440390725,365.077107792656,218.933671284925,426.74703966316,0,0,8.38067131998143,7.26694459682987,6.30365359244875,13.9583819948184,8.34119544864405,16.2529420697521,0,0,395.273487225432,339.675617027239,304.928877404605,714.642300593421,462.804743023993,927.090752054199,0,0,15.1868857654736,13.0508836480991,11.666744337885,27.3220829726509,17.6342969552705,35.3069894869883,0,0,0,0,51.1475295279873,118.660740712205,60.9090602538791,115.212208711209,0,0,0,0,0,0,0,0,0,0,169.470234710329,78.7116635134978,522.378537167773,489.213988671069
"144",2001,1558,11.9166666666667,7085.04578958819,5883.87764849716,1581.73903724202,3059.35525287711,942.431389501289,1605.36688302906,0,0,0,0,0,0,0,0,0,0,0,0,2.59756806236166,5.14484582905229,1.74834882163049,2.98885081258088,0,0,0,0,0,0,0,0,0,0,2872.90157490902,2372.84988281593,484.199146001878,975.570976928333,313.154859074012,572.353242478076,0,0,110.381472763898,91.1686870863857,18.6609219841431,37.6029177084873,12.0661125461073,22.0529033573503,0,0,23012.5135281129,18952.5509467706,4524.77995223063,8863.0529285579,3206.39365724885,5585.5139312352,0,0,884.146962154102,728.187887113913,176.160744025992,345.870054117074,126.102941122561,220.144619233766,0,0,0,0,7.94932560567921,15.961648365136,5.99798163978135,10.503063300341,0,0,0,0,0,0,0,0,0,0,218.934665640353,189.576881014704,165.884391033218,367.709040265494,221.532682718332,432.441724899689,0,0,8.41177391594707,7.2838478493466,6.34691076524402,14.0594098977748,8.44058724721933,16.4705795509155,0,0,393.387100108614,337.626893665905,305.611453481578,716.654444150268,466.32259833597,935.537787313795,0,0,15.1144106027077,12.9721683523333,11.6930275229793,27.399383160507,17.7687926168443,35.6296336825488,0,0,0,0,51.30580346181,119.132699654813,61.3824913077839,116.28033503451,0,0,0,0,0,0,0,0,0,0,171.001137327131,79.3779915676327,530.790767441414,497.937575493114
"145",2002,1558,12,7064.26323367606,5860.24120667947,1581.56389599043,3058.886133803,944.206179872263,1609.46847395964,0,0,0,0,0,0,0,0,0,0,0,0,2.59722527798612,5.14427595958601,1.75226438864942,2.99756256349321,0,0,0,0,0,0,0,0,0,0,2887.69792991148,2381.85745434683,488.119973098095,983.744674718013,317.187519413115,580.506601187149,0,0,110.949972384969,91.5147723892343,18.8120436535994,37.9180162438824,12.2214924115882,22.36705131648,0,0,22975.4317031397,18895.5629308596,4527.65570390887,8869.46317718378,3221.81213953409,5618.90208250128,0,0,882.722509739177,725.998310095307,176.277232031922,346.13461659126,126.717387064997,221.477467847145,0,0,0,0,7.95945450351601,15.9850197194411,6.03114569524915,10.5737656795311,0,0,0,0,0,0,0,0,0,0,219.744492733781,189.988383299404,167.000156123764,370.192115950124,224.109438872541,437.964447104739,0,0,8.44288920256105,7.29965841488761,6.3897838986988,14.1547591732371,8.53914103158814,16.6816888967742,0,0,391.51620615745,335.585257990038,306.283300339479,718.5833094495,469.798549361651,943.806757656449,0,0,15.0425306723494,12.8937253778481,11.7189076942008,27.4735181367516,17.9017069137955,35.9455314608489,0,0,0,0,51.4592393030378,119.586421699036,61.8496116975332,117.325872047777,0,0,0,0,0,0,0,0,0,0,172.550046749838,80.0785606686077,539.352285467895,507.18347852503
"146",2002,1558,12.0833333333333,7043.59129656456,5836.71178722507,1581.4338525591,3058.4246140236,945.887235348217,1613.35496804415,0,0,0,0,0,0,0,0,0,0,0,0,2.59689718550742,5.1435920587477,1.75599700695043,3.0058636166904,0,0,0,0,0,0,0,0,0,0,2902.51049566266,2390.83675030435,492.058871068566,991.928730058371,321.23176133716,588.679896387595,0,0,111.519094848929,91.8597712993364,18.9638617788042,38.2335144798511,12.3773194714861,22.6819692219167,0,0,22938.7130117021,18838.8810651274,4530.62912109359,8875.82283808441,3237.0636977644,5651.88234190265,0,0,881.312007853478,723.820495900552,176.397316727221,346.396769370967,127.325234392378,222.794239374987,0,0,0,0,7.96969766190882,16.0081736343703,6.06403744280506,10.6437992814267,0,0,0,0,0,0,0,0,0,0,220.558049710801,190.397025455573,168.11872899442,372.656811677753,226.69156880502,443.480434909084,0,0,8.47414779513173,7.3153590897719,6.43276864989236,14.2494154940477,8.63790936155035,16.8925627288074,0,0,389.670293545559,333.565212948726,306.945941465324,720.459542516513,473.251916769177,952.00593613813,0,0,14.9716105219118,12.8161119512682,11.7444422403216,27.5456577843013,18.0337760765837,36.2588062849132,0,0,0,0,51.6089796126967,120.029355914724,62.3128447277509,118.362801963721,0,0,0,0,0,0,0,0,0,0,174.108072965423,80.7896343346749,548.013742702409,516.640130462708
"147",2002,1558,12.1666666666667,7022.91227806906,5813.2993960639,1581.19411226494,3057.74901461663,947.488455107117,1617.09995318767,0,0,0,0,0,0,0,0,0,0,0,0,2.59657197141893,5.14286134201858,1.75957644568923,3.01389638736368,0,0,0,0,0,0,0,0,0,0,2917.35618445929,2399.82421976003,495.998690548858,1000.11182081035,325.293374452248,596.901498911362,0,0,112.089489953265,92.2050842483087,19.1157176979909,38.5489798357387,12.533816607635,22.9987498559077,0,0,22902.3652244983,18782.7179714522,4533.49246379794,8881.93085141118,3252.19651852881,5684.71226247044,0,0,879.915754848542,721.662613810649,176.513035022475,346.648911922266,127.928375606816,224.105079301545,0,0,0,0,7.98006232932902,16.0313966284684,6.09675162398465,10.7136539671734,0,0,0,0,0,0,0,0,0,0,221.376495071041,190.811823802291,169.243258000706,375.145470780874,229.288540770539,449.048173062481,0,0,8.50559420413194,7.3312962954478,6.47598475934634,14.3449964352235,8.73725290575492,17.1054285281549,0,0,387.851624840371,331.571573923355,307.599700828553,722.297718582732,476.689214611146,960.178295567965,0,0,14.9017370822029,12.7395130872793,11.7696431531571,27.6163585663783,18.1652483765124,36.5710949271224,0,0,0,0,51.7554875445822,120.464368006139,62.7730604669804,119.396376002342,0,0,0,0,0,0,0,0,0,0,175.671874184471,81.5022474074416,556.757012067922,526.190167457895
"148",2002,1558,12.25,7002.22504312585,5790.00200079775,1580.84649010853,3056.86259682971,949.009390286518,1620.70245499042,0,0,0,0,0,0,0,0,0,0,0,0,2.59621930712609,5.14203305752789,1.76300519129005,3.021663620244,0,0,0,0,0,0,0,0,0,0,2932.23944651189,2408.82393276906,499.940582616919,1008.29601627616,329.373371520295,605.173204900528,0,0,112.661328682181,92.5508676141797,19.2676554513744,38.8644914793373,12.6910226677612,23.3174621040769,0,0,22866.3825576157,18727.066837694,4536.24775533074,8887.79116687755,3267.21019873756,5717.39020856176,0,0,878.533528504713,719.52440209194,176.6244654555,346.891196632076,128.52679252013,225.409917912462,0,0,0,0,7.99049826473539,16.0546086832169,6.12929146094267,10.7833316757799,0,0,0,0,0,0,0,0,0,0,222.19969315735,191.232479400115,170.373063489621,377.655544919022,231.899815069306,454.665812510501,0,0,8.53722321741909,7.34745854618221,6.51940610397398,14.4414043466243,8.83715103811202,17.3202158397092,0,0,386.059610704912,329.603975247981,308.244720474538,724.099400737308,480.109898662742,968.323551557167,0,0,14.8328877104271,12.6639147363934,11.7945157913838,27.6856800879993,18.2961030984539,36.8823866512094,0,0,0,0,51.8988308405811,120.891553490226,63.230206060697,120.426458582225,0,0,0,0,0,0,0,0,0,0,177.241484510333,82.2164223389281,565.582538494873,535.834445495533
"149",2002,1558,12.3333333333333,6981.52867065527,5766.81775090879,1580.3928058946,3055.76865007155,950.449655451378,1624.16160021054,0,0,0,0,0,0,0,0,0,0,0,0,2.59581457109693,5.14106588326089,1.76628492212868,3.02916699997762,0,0,0,0,0,0,0,0,0,0,2947.16391292718,2417.83925694848,503.885472747539,1016.48297408884,333.472525765013,613.496413178254,0,0,113.234750548604,92.8972507861825,19.41971043793,39.1801128086171,12.8489673111122,23.6381596146633,0,0,22830.7597695654,18671.9213430849,4538.89707496699,8893.4078568313,3282.10444875764,5749.91473706003,0,0,877.16512744259,717.405617890077,176.731688756085,347.12378071868,129.12047138588,226.708693012114,0,0,0,0,8.00096491570934,16.0777451868747,6.16165931172013,10.8528334800809,0,0,0,0,0,0,0,0,0,0,223.027533014035,191.658727194643,171.507576976601,380.184806557687,234.524954453858,460.331753778923,0,0,8.56903057191952,7.36383565815942,6.56301083040728,14.5385538725389,8.93758705904722,17.5368637526604,0,0,384.293707475035,327.662076043487,308.881115717335,725.865971895856,483.513448917071,976.441372007677,0,0,14.7650415185959,12.5893038014726,11.819064480123,27.7536750423336,18.4263204318072,37.1926688713389,0,0,0,0,52.0390689357181,121.310995987835,63.6842316355489,121.452918420868,0,0,0,0,0,0,0,0,0,0,178.816937151808,82.9321805022195,574.490741776146,545.573771535606
"150",2002,1558,12.4166666666667,6960.82241544339,5743.74494506932,1579.83487974271,3054.47048152571,951.808921730493,1627.47660615767,0,0,0,0,0,0,0,0,0,0,0,0,2.5953375706526,5.13992586117568,1.76941676384298,3.03640748397797,0,0,0,0,0,0,0,0,0,0,2962.132560673,2426.87299940094,507.834107979461,1024.67402644716,337.591421521931,621.872208207808,0,0,113.8098699324,93.2443416176893,19.5719112217387,39.4958947546627,13.0076729497309,23.9608839774786,0,0,22795.4920507853,18617.2755618467,4541.44253731062,8898.78507617705,3296.87907078984,5782.28456175446,0,0,875.810366877649,715.306033526863,176.834787047696,347.346824678288,129.709402061892,228.001348544923,0,0,0,0,8.01142914812354,16.1007533839738,6.19385693163113,10.9221598427292,0,0,0,0,0,0,0,0,0,0,223.859922401169,192.090329544795,172.646316161731,382.731288604511,237.163595404256,466.044590516363,0,0,8.60101272364884,7.38041850082762,6.60678039519012,14.6363696368636,9.03854709405777,17.7553187386626,0,0,382.553408645852,325.745554412385,309.508982475124,727.598665828815,486.899370570301,984.531389360696,0,0,14.6981790464276,12.5156679146837,11.8432927940176,27.820390401566,18.5558815112314,37.5019276238834,0,0,0,0,52.1762550011206,121.722770274063,64.1350897944888,122.475627882398,0,0,0,0,0,0,0,0,0,0,180.398264634236,83.6495423627211,583.482022293885,555.408912178348
"151",2002,1558,12.5,6940.10569487981,5720.782019625,1579.17452962274,3052.97141116528,953.086915598994,1630.64677907767,0,0,0,0,0,0,0,0,0,0,0,0,2.59477205253748,5.13858560356281,1.77240138536524,3.04338543007404,0,0,0,0,0,0,0,0,0,0,2977.14777514906,2435.92746088158,511.787074953353,1032.87021276135,341.730473397178,630.301390784957,0,0,114.386778484439,93.592228507392,19.7242802227296,39.811877031932,13.1671554826477,24.2856658997546,0,0,22760.5749814134,18563.1239270389,4543.88628254634,8903.92704399505,3311.5339511062,5814.49854092716,0,0,874.469076997901,713.22543511123,176.933843471453,347.560491575947,130.293577712014,229.28783411869,0,0,0,0,8.02186438293629,16.123591019278,6.2258855660731,10.9913107087962,0,0,0,0,0,0,0,0,0,0,224.696785330947,192.527073770832,173.788875198475,385.293261638888,239.815436644844,471.803087603396,0,0,8.63316675305444,7.3971989026896,6.65069919093578,14.7347853697883,9.14001965313558,17.9755338130338,0,0,380.838241724496,323.854105109389,310.128400237478,729.298578905148,490.267194910002,992.593205789188,0,0,14.6322821404272,12.4429953479981,11.8672036716849,27.8858678675439,18.6847684513518,37.8101477664688,0,0,0,0,52.310436728718,122.126943488408,64.5827354811732,123.494462821444,0,0,0,0,0,0,0,0,0,0,181.985498877541,84.3685275347464,592.556763024151,565.340596670198
"152",2002,1558,12.5833333333333,6919.37806777621,5697.9275304184,1578.41356853458,3051.27476542869,954.283415406622,1633.67150895121,0,0,0,0,0,0,0,0,0,0,0,0,2.59410498140664,5.13702312059735,1.77523913481256,3.05010077561153,0,0,0,0,0,0,0,0,0,0,2992.21144417402,2445.00451660588,515.744826894315,1041.07232867526,345.889955331018,638.784525340596,0,0,114.965548737735,93.9409835040681,19.8768347500231,40.1280900158435,13.3274254099291,24.612527018892,0,0,22726.0044681187,18509.4611757997,4546.2304640481,8908.83801957706,3326.06904775106,5846.55565721998,0,0,873.141100536857,711.163620435295,177.028941706991,347.7649461176,130.872994330688,230.568104226942,0,0,0,0,8.03224932855952,16.1462243455519,6.25774608667747,11.0602856404841,0,0,0,0,0,0,0,0,0,0,225.538058602503,192.96876840941,174.934910486208,387.869198893727,242.480223148176,477.606149033089,0,0,8.66549023187787,7.41416950741602,6.69475400054049,14.8337425650084,9.24199501724438,18.1974673046763,0,0,379.147763403225,321.987436299693,310.739436162085,730.966688516133,493.616479419519,1000.62640004096,0,0,14.5673337684322,12.3712748886396,11.8907995738275,27.9501445787416,18.8129643522868,38.117313241092,0,0,0,0,52.4416574681185,122.52357685066,65.0271257231974,124.509302257272,0,0,0,0,0,0,0,0,0,0,183.578671309983,85.0891548777235,601.715332569154,575.369521756621
"153",2002,1558,12.6666666666667,6898.63921811778,5675.18013884392,1577.55380228941,3049.38387224501,955.398248756539,1636.55026564694,0,0,0,0,0,0,0,0,0,0,0,0,2.59332598844209,5.13522092048245,1.77793013799478,3.05655316821373,0,0,0,0,0,0,0,0,0,0,3007.32503067903,2454.1056787246,519.707704474003,1049.28096382768,350.070023082522,647.32197642394,0,0,115.546236900441,94.2906647069679,20.0295878008919,40.4445561890606,13.4884886946474,24.9414813007054,0,0,22691.7766951764,18456.2823070028,4548.47723873668,8913.52228373711,3340.48438100767,5878.45500205841,0,0,871.826290893833,709.120397347495,177.120165599553,347.960353926436,131.44765037466,231.842117647846,0,0,0,0,8.04256702052282,16.168626608641,6.28943908899605,11.1290839143728,0,0,0,0,0,0,0,0,0,0,226.383689126001,193.415240279552,176.084129775373,390.457748746539,245.157734171997,483.452793235707,0,0,8.69798112034201,7.43132366111542,6.73893357866875,14.9331894249657,9.34446477942088,18.4210819110729,0,0,377.481555813526,320.145267104835,311.342148145882,732.603867840748,496.946807488229,1008.63053264205,0,0,14.503317875691,12.3004957447922,11.9140826017859,28.013253676767,18.9404532896756,38.4234072739854,0,0,0,0,52.5699570836324,122.912726960708,65.4682194459866,125.520028139919,0,0,0,0,0,0,0,0,0,0,185.177812951244,85.8114425710191,610.958087361282,585.496355419742
"154",2002,1558,12.75,6877.88894181313,5652.53860047128,1576.59702777324,3047.3020570479,956.431290273476,1639.28259570081,0,0,0,0,0,0,0,0,0,0,0,0,2.59242693389157,5.1331652896547,1.78047436820093,3.06274205977239,0,0,0,0,0,0,0,0,0,0,3022.48963194577,2463.23214725739,523.675952703757,1057.49653226309,354.270732356534,655.913937966211,0,0,116.128885131873,94.6413182227657,20.1825487077349,40.7612913062435,13.6503474579454,25.2725361611781,0,0,22657.888084577,18403.5825466549,4550.62875945522,8917.98412391464,3354.78002562655,5910.19576297077,0,0,870.524510601302,707.09558242307,177.20759886492,348.146880965695,132.01754646274,233.109836955029,0,0,0,0,8.05280407240863,16.1907768572582,6.32096496029463,11.1977045901846,0,0,0,0,0,0,0,0,0,0,227.233631774557,193.866332041121,177.236283475696,393.057711773959,247.847774230517,489.342133457104,0,0,8.73063768461865,7.44865531852682,6.78322831789278,15.0330799811967,9.44742149836977,18.6463439468892,0,0,375.839223433802,318.327325670258,311.936587169823,734.210898561736,500.25778763553,1016.6051499957,0,0,14.4402192660526,12.2306474713531,11.9370545880862,28.0752247941418,19.0672202858626,38.7284125328955,0,0,0,0,52.6953726156074,123.294446806652,65.9059773333809,126.526525174494,0,0,0,0,0,0,0,0,0,0,186.782954474165,86.5354081766168,620.285373288371,595.721739935447
"155",2002,1558,12.8333333333333,6857.12713514944,5630.00175515003,1575.54503147388,3045.03263932981,957.38245957675,1641.86811941854,0,0,0,0,0,0,0,0,0,0,0,0,2.59140152937011,5.13084566986301,1.78287170428631,3.06866678488221,0,0,0,0,0,0,0,0,0,0,3037.70603119826,2472.38485439096,527.649735634536,1065.71929886423,358.492054613761,664.560458823479,0,0,116.713523524751,94.9929798675656,20.3357237010663,41.0783054064402,13.8130005853275,25.6056934456802,0,0,22624.3352612656,18351.357317742,4552.68716845046,8922.227821344,3368.95610399194,5941.77721241536,0,0,869.235629989376,705.08899980553,177.291324836977,348.324693041266,132.582685111761,234.371228086644,0,0,0,0,8.06295003214078,16.2126589182898,6.35232393630575,11.26614656836,0,0,0,0,0,0,0,0,0,0,228.087847533775,194.321900044069,178.391157160606,395.668020498686,250.550165517103,495.273360781505,0,0,8.76345842573054,7.46615896038437,6.82762996078583,15.1333733179504,9.55085840774134,18.8732226938957,0,0,374.220390381312,316.533347532104,312.522799267623,735.788482244705,503.54905257624,1024.54978786328,0,0,14.3780234979199,12.161719907182,11.9597171724925,28.1360844907732,19.1932512748905,39.0323112605785,0,0,0,0,52.8179388453554,123.668786625613,66.3403617075639,127.528680670947,0,0,0,0,0,0,0,0,0,0,188.394126254864,87.2610686944756,629.69752703447,606.046294542591
"156",2002,1558,12.9166666666667,6836.35378504069,5607.56851865682,1574.39958829287,3042.57892978122,958.251719480577,1644.30652833904,0,0,0,0,0,0,0,0,0,0,0,0,2.59024502539677,5.12825414011203,1.78512197476735,3.07432662096836,0,0,0,0,0,0,0,0,0,0,3052.97474110835,2481.56450182016,531.629148692336,1073.94940147252,362.733890309067,673.26146412627,0,0,117.300171776749,95.3456766016053,20.4891163819588,41.3956036603278,13.9764442344166,25.9409502475564,0,0,22591.1150238204,18299.6022147524,4554.65459204783,8926.25764046171,3383.01278032752,5973.19869829804,0,0,867.959526059252,703.100480227789,177.371426261342,348.493955390713,133.143070512676,235.626259979763,0,0,0,0,8.07299685529174,16.2342605545223,6.38351614415249,11.3344086340395,0,0,0,0,0,0,0,0,0,0,228.946301967588,194.781812483784,179.548565360704,398.287721987368,253.264741939202,501.245730062718,0,0,8.79644202060666,7.48382952254285,6.87213136153948,15.2340329051673,9.654769187247,19.1016898623245,0,0,372.624698102207,314.763074290286,313.100827087674,737.337250333131,506.82025811166,1032.46397422705,0,0,14.3167167954984,12.0937031241187,11.9820718623748,28.1958566372933,19.3185330606904,39.335085384484,0,0,0,0,52.9376887526595,124.03579460202,66.7713364324041,128.526384424183,0,0,0,0,0,0,0,0,0,0,190.01135841041,87.9884406101789,639.194877106683,616.470617698088
"157",2003,1558,13,6816.41203282467,5585.55290013723,1573.78834724061,3040.89259314769,958.931582252817,1646.23803735901,0,0,0,0,0,0,0,0,0,0,0,0,2.58889972057707,5.12498828967405,1.78701576657085,3.07903524980648,0,0,0,0,0,0,0,0,0,0,3068.23033562931,2490.63375931628,535.655802881127,1082.19270847676,366.946283082808,681.851930937836,0,0,117.886316114522,95.694131977884,20.6443220929168,41.7133971317204,14.1387542408735,26.2719495089122,0,0,22558.5236166754,18247.8335156777,4557.18733416394,8930.71683318068,3396.5586080903,6003.13182760982,0,0,866.707581746512,701.111438288154,177.472986764035,348.678777375047,133.683288701624,236.822514464756,0,0,0,0,8.08259829094841,16.2539965746888,6.41378825217099,11.3999468525969,0,0,0,0,0,0,0,0,0,0,229.798219418551,195.208470806606,180.663672473863,400.687842578657,255.903854004377,506.928989179748,0,0,8.8291744566232,7.50022240824249,6.91501875135851,15.326305556951,9.75581239588087,19.3191596460943,0,0,371.043326485388,312.999193624806,313.658789652561,738.783163332142,510.011777114028,1040.11237386184,0,0,14.2559602791629,12.0259319549993,12.0036648632944,28.2517117655458,19.4407927011105,39.6277686458052,0,0,0,0,53.0515754588363,124.381716954586,67.1910138583312,129.49072168243,0,0,0,0,0,0,0,0,0,0,191.662309422015,88.7620797478774,648.939678963723,627.636066203164
"158",2003,1558,13.0833333333333,6796.50072501561,5563.66425119386,1573.10241210221,3039.05572528899,959.537123109969,1648.02618304031,0,0,0,0,0,0,0,0,0,0,0,0,2.58759857320202,5.12175729427126,1.78876056793644,3.0834618679692,0,0,0,0,0,0,0,0,0,0,3083.48595745959,2499.68266687611,539.677569404642,1090.4175685268,371.163784715385,690.463117606142,0,0,118.472461501563,96.0418054770676,20.799341768891,42.0304843013156,14.3012624528238,26.6037496976862,0,0,22526.3026654926,18196.5415392705,4559.65327243731,8934.99467184463,3409.98591505211,6032.87187033202,0,0,865.469869123634,699.140712845611,177.571863249015,348.85630537104,134.21877239065,238.01106976715,0,0,0,0,8.09232791675523,16.2738223453664,6.44386709973493,11.4651963850043,0,0,0,0,0,0,0,0,0,0,230.654179867242,195.639475232163,181.785526806492,403.108702983961,258.555255380398,512.652422311469,0,0,8.86206222807368,7.51678227825539,6.95816717328796,15.4193784068158,9.85733299499254,19.5381797531358,0,0,369.488268515397,311.260320126532,314.209007249044,740.192447767145,513.181433985435,1047.71313408062,0,0,14.1962147351284,11.9591216023052,12.0249666693955,28.3061801415046,19.5622341029968,39.918671499924,0,0,0,0,53.1627156893203,124.720105372511,67.6069755238778,130.449228756754,0,0,0,0,0,0,0,0,0,0,193.320422540855,89.5390647182855,658.774787295495,638.925448794821
"159",2003,1558,13.1666666666667,6776.58757489505,5541.88905654281,1572.32006234692,3037.03587717157,960.072088363486,1649.68377348272,0,0,0,0,0,0,0,0,0,0,0,0,2.58631241226539,5.11852277309909,1.79036771232077,3.08763658476651,0,0,0,0,0,0,0,0,0,0,3098.75009068319,2508.7216899129,543.694584600574,1098.62697318475,375.38993969241,699.104079475706,0,0,119.058933909946,96.3890991970687,20.9541805673297,42.3469802327831,14.4641051079849,26.9366991050281,0,0,22494.4345519775,18145.7370162803,4562.02936283047,8939.06975654953,3423.30853233535,6062.46586193786,0,0,864.245711245875,697.188716193472,177.667175956974,349.025740431192,134.750064708609,239.193777780846,0,0,0,0,8.10215234600891,16.293718433232,6.47378299695117,11.5302518665912,0,0,0,0,0,0,0,0,0,0,231.514361800161,196.075877921764,182.914734592142,405.555543975827,261.221084388794,518.425324761516,0,0,8.89511219252166,7.53354955830756,7.00159962254697,15.5134514776607,9.95941232771652,19.7591041569267,0,0,367.959161532328,309.546625405451,314.752184360306,741.569622160479,516.33108073833,1055.27495951922,0,0,14.1374662298426,11.8932786595541,12.046004083483,28.3594342079207,19.6829277463585,40.2081253934615,0,0,0,0,53.2712818985569,125.05156332174,68.0194729268017,131.402853214539,0,0,0,0,0,0,0,0,0,0,194.98471572254,90.3177741732438,668.694796397704,650.316170940544
"160",2003,1558,13.25,6756.67150729886,5520.2252922201,1571.44295898548,3034.83601953727,960.536188381472,1651.21027355841,0,0,0,0,0,0,0,0,0,0,0,0,2.58501251878811,5.11523542386342,1.79183990064089,3.09156301582947,0,0,0,0,0,0,0,0,0,0,3114.02857061269,2517.75604730873,547.708419540334,1106.82399867897,379.626315342974,707.777614221407,0,0,119.645957541713,96.7362136556834,21.1088986670355,42.6630027601738,14.6273423337932,27.2709050381356,0,0,22462.9124835078,18095.4125129197,4564.31700678726,8942.94473897962,3436.52583067426,6091.91193446396,0,0,863.034847138056,695.255162713386,177.758979337182,349.18718529213,135.277139681353,240.370561238935,0,0,0,0,8.11202988321034,16.3136140364044,6.50353800510023,11.595114037959,0,0,0,0,0,0,0,0,0,0,232.378574124097,196.517353471503,184.050301981644,408.025193390986,263.900363504982,524.24495561402,0,0,8.92831700789336,7.55051174585878,7.04527795270219,15.6084032168928,10.0620129912667,19.9818282062025,0,0,366.455287120221,307.857619447988,315.288529999379,742.916383789558,519.460386450137,1062.79798577072,0,0,14.07968716118,11.8283842996227,12.0667849682907,28.4115385628324,19.8028608667977,40.4961352298486,0,0,0,0,53.3773262558372,125.376177407397,68.4284733511494,132.351490872079,0,0,0,0,0,0,0,0,0,0,196.655218663258,91.0982289191346,678.700172375101,661.80912994971
"161",2003,1558,13.3333333333333,6736.75170965621,5498.67115471916,1570.47278253345,3032.45917725131,960.929202042561,1652.60525881281,0,0,0,0,0,0,0,0,0,0,0,0,2.58367554148304,5.11185501883934,1.79317905614834,3.09524371763304,0,0,0,0,0,0,0,0,0,0,3129.32616539443,2526.79005755364,551.720340734561,1115.01113902404,383.874133690658,716.48592463994,0,0,120.233715596671,97.0833147762044,21.2635445757443,42.9786474068009,14.7910210139089,27.6064519921653,0,0,22431.7303781606,18045.5612186515,4566.51770904025,8946.62249232614,3449.63733273779,6121.20848301353,0,0,861.837043130591,693.339790733289,177.847331858389,349.340751332987,135.799977261828,241.541353140813,0,0,0,0,8.12192692283845,16.3334520258707,6.53313368721212,11.6597832428537,0,0,0,0,0,0,0,0,0,0,233.246658951806,196.963616143879,185.191393121244,410.514892564976,266.592289506618,530.108957902134,0,0,8.96167060794015,7.56765786241565,7.08917008062599,15.7041279197047,10.1651042621353,20.2062619432956,0,0,364.975986599203,306.192849745685,315.818210180297,744.234219646055,522.56903153243,1070.28227805464,0,0,14.0228522221504,11.7644211363946,12.0873155344536,28.4625497457602,19.9220211140187,40.7827031958904,0,0,0,0,53.4808945805886,125.694024655221,68.8339468952254,133.295042280061,0,0,0,0,0,0,0,0,0,0,198.331959777792,91.8804485233548,688.791340042996,673.405153489163
"162",2003,1558,13.4166666666667,6716.82758335557,5477.22501996331,1569.41122560046,3029.9084134721,961.250968337166,1653.8684020331,0,0,0,0,0,0,0,0,0,0,0,0,2.58228233605169,5.1083484849548,1.79438656252666,3.0986805089429,0,0,0,0,0,0,0,0,0,0,3144.6467895745,2535.82731949775,555.731373243437,1123.19042615349,388.134343567793,725.230741617209,0,0,120.82235847794,97.4305408322085,21.4181575478679,43.2939919876058,14.9551775519505,27.9434063622349,0,0,22400.8827216956,17996.1768241097,4568.63304833528,8950.10605327042,3462.64268325552,6150.35411498609,0,0,860.652087364679,691.442357836913,177.932294876805,349.486556328936,136.31856217333,242.706094785749,0,0,0,0,8.13181609683477,16.3531858633127,6.56257124462221,11.7242595245347,0,0,0,0,0,0,0,0,0,0,234.1184839323,197.414412214844,186.33729620117,413.022218984856,269.29618948423,536.015274600224,0,0,8.99516790755621,7.58497815949284,7.13324868323961,15.8005327632465,10.26866040956,20.4323268860371,0,0,363.520650162406,304.551893382476,316.341358361744,745.524442311499,525.656711842861,1077.72784859906,0,0,13.9669379835273,11.7013729207409,12.1076007423503,28.5125176143878,20.040396713009,41.0678294322311,0,0,0,0,53.5820278962002,126.005174942617,69.2358660087316,134.23341204254,0,0,0,0,0,0,0,0,0,0,200.014966481433,92.6644515165047,698.96869176162,685.105011927103
"163",2003,1558,13.5,6696.89872473287,5455.88542718917,1568.25998911564,3027.18682207808,961.501384091408,1654.99946974423,0,0,0,0,0,0,0,0,0,0,0,0,2.58081748668905,5.10468911038827,1.79546336098027,3.10187460387791,0,0,0,0,0,0,0,0,0,0,3159.99359139634,2544.87078652105,559.742326696498,1131.36347904874,392.407650275322,734.013374008331,0,0,121.412007146069,97.7780052972781,21.5727685812313,43.6090984911378,15.1198390080633,28.2818183544756,0,0,22370.3645089211,17947.2534716435,4570.66466379831,8953.39859556394,3475.54163709616,6179.34763012429,0,0,859.479787539543,689.56263896363,178.01393210983,349.624723430816,136.832883449939,243.864735003912,0,0,0,0,8.14167551629781,16.372778335259,6.59185156959794,11.7885426635987,0,0,0,0,0,0,0,0,0,0,234.993938927274,197.869516842226,187.487409357474,415.545054907277,272.011502223352,541.962113781628,0,0,9.02880467508128,7.60246399829303,7.17749065631132,15.8975366031543,10.3726599814341,20.6599546924067,0,0,362.088712617602,302.934353778367,316.858079908118,746.788204555714,528.723140778458,1085.1346641866,0,0,13.9119227302358,11.6392244154071,12.127644473843,28.5614859050176,20.1579765455767,41.3515123240518,0,0,0,0,53.68076307382,126.309692031888,69.6342053432692,135.166508618178,0,0,0,0,0,0,0,0,0,0,201.704265301855,93.4502554667087,709.232590844224,696.909423023835
"164",2003,1558,13.5833333333333,6676.96489669647,5434.6510550583,1567.02077767252,3024.29751785367,961.680399322095,1655.99831487611,0,0,0,0,0,0,0,0,0,0,0,0,2.57926862164691,5.10085540729939,1.79641008372114,3.10482679363309,0,0,0,0,0,0,0,0,0,0,3175.36907921313,2553.92287334121,563.753832807187,1139.53157485626,396.694558704821,742.834781942585,0,0,122.002757975998,98.1258009487276,21.7274018542759,43.9240158040945,15.2850247517081,28.6217247952234,0,0,22340.1711588721,17898.7856832849,4572.61423705275,8956.50339468033,3488.3340415286,6208.18799043862,0,0,858.319967653524,687.700423640838,178.09230894469,349.755379797032,137.342933750322,245.017228992898,0,0,0,0,8.15148769191161,16.3921997500585,6.62097532120836,11.8526322327318,0,0,0,0,0,0,0,0,0,0,235.872931418121,198.328729484392,188.641220572884,418.081540906754,274.73775254,547.947898930349,0,0,9.06257735583107,7.62010767368443,7.22187634293721,15.9950681924333,10.4770848201957,20.8890852569182,0,0,360.679647023064,301.339856115977,317.368458232309,748.026521375587,531.768051113719,1092.50265607471,0,0,13.8577862168363,11.5779612192934,12.1474497686519,28.6094930782246,20.2747502228514,41.6337488835592,0,0,0,0,53.7771337339377,126.607634992197,70.0289414949831,136.094243946147,0,0,0,0,0,0,0,0,0,0,203.399882039121,94.2378770977251,719.583376548827,708.819059137229
"165",2003,1558,13.6666666666667,6657.02600722955,5413.52070357112,1565.69529595369,3021.24362893716,961.788013730428,1656.86487128987,0,0,0,0,0,0,0,0,0,0,0,0,2.57762589860829,5.09683025205428,1.79722714762509,3.10753757506131,0,0,0,0,0,0,0,0,0,0,3190.77521762309,2562.98553721444,567.766373844679,1147.69570271543,400.995406085772,751.695632343215,0,0,122.594686450731,98.4740029874706,21.8820758168718,44.23878177354,15.450747716973,28.9631512588822,0,0,22310.2984502684,17850.76830598,4574.48347862459,8959.42380086845,3501.01982275266,6236.87429739943,0,0,857.172465524337,685.855513879661,178.167491912736,349.87865555055,137.848708836869,246.163537435855,0,0,0,0,8.16123873374481,16.4114265955026,6.64994297852857,11.9165276362793,0,0,0,0,0,0,0,0,0,0,236.755383023875,198.79187037779,189.798292510182,420.630039997533,277.474532392625,553.971231542462,0,0,9.09648293831102,7.6379022788625,7.26638895137511,16.0930648058516,10.5819193384961,21.1196652778287,0,0,359.292959834052,299.76804392466,317.872559369019,749.240287460069,534.791195852007,1099.83172732223,0,0,13.8045094810456,11.5175696362111,12.1670190003323,28.6565729889025,20.3907081194392,41.9145350323194,0,0,0,0,53.8711709090033,126.899059249924,70.4200528174242,137.016533174031,0,0,0,0,0,0,0,0,0,0,205.101841881468,95.0273323791997,730.021367692003,720.834552682997
"166",2003,1558,13.75,6637.08209172947,5392.49327922037,1564.28524585753,3018.02829067743,961.824273718855,1657.59914916633,0,0,0,0,0,0,0,0,0,0,0,0,2.5758815899062,5.09260018713202,1.79791482214176,3.11000724505726,0,0,0,0,0,0,0,0,0,0,3206.21350634011,2572.06034454824,571.780305862834,1155.85660756085,405.310388663667,760.596344030853,0,0,123.187850191676,98.8226715973883,22.0368040803166,44.5534248850849,15.6170154254294,29.3061137968504,0,0,22280.742468556,17803.1964665828,4576.27411701705,8962.16321734391,3513.59897488212,6265.40577329031,0,0,856.037130754349,684.027722445734,178.239548266752,349.994682934397,138.350207149573,247.303625780523,0,0,0,0,8.17091771897395,16.4304404716124,6.67875487942134,11.9802281406319,0,0,0,0,0,0,0,0,0,0,237.641226678578,199.258777604983,190.958250236039,423.189107609046,280.2214861894,560.030861036555,0,0,9.13051884576629,7.655841592699,7.31101408384857,16.1914710888757,10.6871499557141,21.3516471044344,0,0,357.928186878081,298.218576337836,318.370435596231,750.430292275242,537.792348304908,1107.12175854694,0,0,13.7520746891025,11.4580365695051,12.1863540156097,28.7027554648621,20.5058413776908,42.193865822995,0,0,0,0,53.9629035596852,127.18401741034,70.8075192734591,137.93329443958,0,0,0,0,0,0,0,0,0,0,206.810169494299,95.8186366021237,740.546865438096,732.956500629366
"167",2003,1558,13.8333333333333,6617.13329768986,5371.56778214235,1562.79232404115,3014.65464032816,961.789269713653,1658.20123089291,0,0,0,0,0,0,0,0,0,0,0,0,2.57402972543168,5.08815481859109,1.79847328540284,3.11223597873823,0,0,0,0,0,0,0,0,0,0,3221.68504855739,2581.14852855581,575.795878804905,1164.01482802407,409.639584836613,769.537126877763,0,0,123.782291585279,99.1718541605036,22.1915961876613,44.867965715042,15.7838308733012,29.6506204385496,0,0,22251.4995599921,17756.0655328435,4577.98788936484,8964.72508151853,3526.07155035464,6293.78174494887,0,0,854.913822966496,682.216871360321,178.308545619227,350.103595584526,138.847429435039,248.437463610573,0,0,0,0,8.18051615112172,16.4492271761798,6.70741125326157,12.0437329002601,0,0,0,0,0,0,0,0,0,0,238.530404207782,199.729304531897,192.120770652842,425.757465238343,282.978298415778,566.125658861293,0,0,9.16468284306709,7.67391998127696,7.35573933091809,16.2902380476225,10.7927646234657,21.5849877452302,0,0,356.584889845696,296.691125762367,318.862128508891,751.59723350906,540.771301839722,1114.37261275384,0,0,13.7004650009393,11.3993494325072,12.2054562526305,28.748066822443,20.6201418990761,42.4717356252244,0,0,0,0,54.0523590127521,127.4625599542,71.1913223069432,138.844448681262,0,0,0,0,0,0,0,0,0,0,208.524889093396,96.611804444913,751.160155634197,745.185468404025
"168",2003,1558,13.9166666666667,6597.17987181234,5350.74329532336,1561.21821990503,3011.12581263003,961.683133816642,1658.67126748911,0,0,0,0,0,0,0,0,0,0,0,0,2.57206579720118,5.0834863148605,1.79890266655934,3.11422388900512,0,0,0,0,0,0,0,0,0,0,3237.19060834003,2590.25103762994,579.81325329499,1172.17072805794,413.982974458529,778.518014447681,0,0,124.378039988142,99.5215871155845,22.3464582571239,45.1824181421185,15.9511932717707,29.9966724429047,0,0,22222.5662931022,17709.3710806212,4579.6265337669,8967.11284946185,3538.43765188555,6322.001630114,0,0,853.802410323443,680.422790640565,178.3745516454,350.205527927569,139.340378435158,249.565024117741,0,0,0,0,8.19002751923641,16.4677759559438,6.73591224621801,12.1070409787024,0,0,0,0,0,0,0,0,0,0,239.422864323529,200.20331762934,193.285573739783,428.333977946753,285.74468377241,572.254597118238,0,0,9.19897295967269,7.69213231419006,7.40055393530925,16.389322186252,10.8987524473853,21.8196480491127,0,0,355.262653311259,295.18537596689,319.347671510767,752.74172883606,543.727869272295,1121.58413923538,0,0,13.6496644557159,11.3414960750869,12.2243268368157,28.7925303176099,20.7336023217801,42.7481382756715,0,0,0,0,54.1395633129339,127.734735798364,71.5714447371089,139.749919481435,0,0,0,0,0,0,0,0,0,0,210.24602450149,97.4068500297145,761.861510655805,757.521993181886
"169",2004,1558,14,6577.19763528784,5329.9399934803,1559.61349214925,3007.50817812834,961.066729751058,1657.88248509485,0.453276319677055,1.11117219741983,0,0,0,0,0,0,0,0,0,0,2.57000577774779,5.07856609824734,1.79838096264345,3.11385423125577,0.000848313208618144,0.00208723911680565,0,0,0,0,0,0,0,0,3252.73421443107,2599.35826138124,583.839623083625,1180.32852057276,418.149621132235,787.004450876385,0.197901360406539,0.529316850320811,124.975250191017,99.8715012161015,22.5016671395069,45.4969432386626,16.1117456041297,30.3236730314423,0.00762534622616492,0.0203948352971748,22193.9359180423,17662.9957645196,4581.26289355655,8969.38570369651,3549.07472206705,6345.75028541262,1.67442611609544,4.25443363065391,852.702633463779,678.640971686985,178.440383344417,350.302727948998,139.765154627891,250.51594978983,0.0659408475144399,0.167956958718065,0,0,8.19950669600397,16.4860014930996,6.76116660425136,12.1618822334362,0.00319142652302151,0.00815756258036782,0,0,0,0,0,0,0,0,240.321321041629,200.67712612489,194.461494286489,430.906955793356,288.39668774038,578.012481778887,0.135412158997961,0.385703705443509,9.23349347192933,7.71033678605027,7.44579624201408,16.4882764096198,11.0003853982913,22.0401776414,0.00516504448818947,0.0147072165053816,353.961413813455,293.69997990086,319.829450583704,753.861107305172,546.41183909096,1127.98857312179,0.257914544036081,0.756518972676859,13.5996706155345,11.2844247413863,12.2430569660674,28.8360435287801,20.836680955448,42.9938096701936,0.00983520716402638,0.0288350324200017,0,0,54.2249289649385,127.999969197984,71.9149752102982,140.554037286909,0.0339493922583938,0.0942780104627677,0,0,0,0,0,0,0,0,211.970071847836,98.2057707880804,772.628926865106,769.997287831984
"170",2004,1558,14.0833333333333,6557.01277917927,5308.72697043562,1558.20161370425,3004.08445367719,957.811985253388,1650.36588545142,3.56569983170864,8.73756193169532,0,0,0,0,0,0,0,0,0,0,2.56798162698988,5.07336007814782,1.79291964383226,3.10084201459956,0.00668213513439429,0.0164300500622055,0,0,0,0,0,0,0,0,3268.39399828771,2608.4664165854,587.927307756936,1188.54252540636,421.213296605994,792.380422298016,1.61060080163111,4.30908539391874,125.576924129434,100.221451104527,22.6592357443264,45.8136251430401,16.2297976350548,30.5308228753124,0.0620581974263854,0.166031255709254,22165.5194213602,17616.325393297,4583.22805413476,8971.78626903065,3550.05260303319,6343.89197399545,13.2508185158107,33.6689936183374,851.611072265905,676.84781628204,178.518845296796,350.404377263656,139.809396334401,250.455681607856,0.521893256635528,1.3293375535877,0,0,8.20928979503365,16.5036359783035,6.76804925403322,12.1677029563101,0.0253575043537396,0.06480889957417,0,0,0,0,0,0,0,0,241.238166593872,201.133239131839,195.690353247909,433.427584475233,290.317957618499,581.395716079112,1.04402727512594,2.97490481963144,9.26872050687837,7.72786136898002,7.49306807562194,16.5852342524131,11.074152893212,22.1701737148021,0.0398235195394724,0.113438838235081,352.678460303298,292.225223850425,320.317449310093,754.927654865346,547.586107128799,1129.77951504046,2.05027591280247,6.00968041812046,13.5503793186822,11.227762214915,12.262028796543,28.8775465605223,20.8822006244693,43.0636604876529,0.0781861837504649,0.229067593207529,0,0,54.3102997886065,128.255005426822,72.0598857154662,140.785381658425,0.27024511653778,0.750005805864953,0,0,0,0,0,0,0,0,213.679702628937,99.01831307245,783.34215457762,782.743388175372
"171",2004,1558,14.1666666666667,6536.73713366486,5287.54582130512,1556.68202829444,3000.46203452652,954.548815165996,1642.86100534285,6.63145998379072,16.2435866164986,0,0,0,0,0,0,0,0,0,0,2.5658924720355,5.06803539152419,1.78743617598413,3.08783736343109,0.0124427179099476,0.0305744817015328,0,0,0,0,0,0,0,0,3284.17418180448,2617.6555930593,592.041194604339,1196.80261457996,424.30879682813,797.812675373858,3.09516927957408,8.28323042604042,126.183224015332,100.574513959703,22.8178123402135,46.1320795950886,16.3490741386426,30.7401382183455,0.119260784130625,0.319158462433423,22137.2964070617,17569.9970991352,4585.08975692971,8973.9672292014,3551.03459034519,6342.08233228239,24.7942565734228,63.0018622670564,850.526943269479,675.06780407083,178.593226647877,350.497294261828,139.85361061882,250.396940083389,0.976650667446589,2.48774570078158,0,0,8.21904266546898,16.5211969489862,6.77495832485428,12.1736417615665,0.0476301566912659,0.121724603333227,0,0,0,0,0,0,0,0,242.156495987855,201.593029547754,196.917111010925,435.962418180774,292.237873072657,584.792628279066,1.90573919692714,5.43195508614803,9.30400455079377,7.74552724393104,7.5402615113882,16.6827409177778,11.1478753855852,22.3007031849612,0.0726949497511457,0.207137386493561,351.409705817755,290.764925043163,320.797242958031,755.955045399223,548.730018932633,1131.49165670102,3.84957048492959,11.276293020035,13.5016335389223,11.1716551596747,12.2806899554737,28.9175614058499,20.9265725167605,43.1305269733397,0.146804724342919,0.429823577299733,0,0,54.3933701647518,128.503494308327,72.2011637319751,141.010125424963,0.508579912613142,1.41058020604917,0,0,0,0,0,0,0,0,215.395848399155,99.832707461415,794.125018294536,795.564048820822
"172",2004,1558,14.25,6516.37894991796,5266.4022590145,1555.05841025903,2996.64769674768,951.277363666297,1635.36817901307,9.65068831718813,23.629716322661,0,0,0,0,0,0,0,0,0,0,2.56372017827717,5.06255785670886,1.78193116462224,3.07484132226698,0.01812854591092,0.0445182565069318,0,0,0,0,0,0,0,0,3300.05019567656,2626.90620909018,596.174080131745,1205.09386349183,427.428506989685,803.286286755206,4.64907849069808,12.4448248866837,126.79320585673,100.92993742091,22.9771202798814,46.4517334013488,16.4692826584208,30.9510458725371,0.179136262313014,0.479511129871448,22109.2800536036,17524.0198942491,4586.8533800236,8975.93903195036,3552.02205325105,6340.32352020459,36.3071512043638,92.2597887021751,849.450752802648,673.301281317039,178.663735992208,350.581884821934,139.897853390826,250.339814204446,1.43030374915313,3.64343572424162,0,0,8.22874908053944,16.5386485174467,6.78189782981886,12.179704755509,0.070003355435034,0.178894581509124,0,0,0,0,0,0,0,0,243.076666166726,202.056580244456,198.142633729911,438.511088635675,294.158176669013,588.204867149913,2.72585260007275,7.77131310640015,9.3393593180129,7.76333759497001,7.58740976527166,16.780782456651,11.2216196335873,22.4318295659735,0.103981883521271,0.296354778968336,350.156298335859,289.320230107023,321.269834183537,756.947988180181,549.845894208215,1133.13188474359,5.65094209921901,16.5427130671999,13.4534773834677,11.116147630939,12.299078678739,28.9562678569517,20.9698848361457,43.1946709941506,0.215505689798511,0.630582972680911,0,0,54.4742036887089,128.745581691278,72.3388874657992,141.228409909906,0.748924394129628,2.07592629407594,0,0,0,0,0,0,0,0,217.118521033467,100.648969023545,804.977472401346,808.459630847473
"173",2004,1558,14.3333333333333,6495.94565310067,5245.30130551058,1553.33421560431,2992.64780997678,947.997701803642,1627.88759211123,12.623529084132,30.8964523349148,0,0,0,0,0,0,0,0,0,0,2.56145061301325,5.05690067996483,1.77640498593985,3.06185460905238,0.0237383792724539,0.0582595892493676,0,0,0,0,0,0,0,0,3316.00109419407,2636.20168004089,600.31994167754,1213.4038349765,430.566168791963,808.789042778745,6.26974455527874,16.7867755981237,127.406064885959,101.287084279867,23.1369282030243,46.7721087713147,16.5901827712753,31.1630765958727,0.241585606429437,0.646817423010158,22081.4810842149,17478.4007983468,4588.52368578477,8977.71090423532,3553.01588990751,6338.61678997058,47.7918055122571,121.449222103009,848.382912861766,671.548517729022,178.730558153365,350.658507652655,139.942162255214,250.284357681099,1.88293909720883,4.79665061028433,0,0,8.23839517381205,16.5559597722793,6.78886936979616,12.1858935326461,0.0924719755342953,0.236310229482155,0,0,0,0,0,0,0,0,243.998921674637,202.523897918537,199.3674899482,441.072843370391,296.08003274883,591.633122925398,3.50916026563244,10.0060812943168,9.37479420432276,7.7812926793893,7.63453462618635,16.8793301384717,11.2954301918942,22.5635795151806,0.133867320314876,0.381591154479063,348.91918326696,287.892091822749,321.736107077249,757.910638659462,550.935864990654,1134.70648099074,7.45015166868424,21.7970090250024,13.405947176556,11.0612762360608,12.317228674463,28.9938245445528,21.012218658673,43.2563314331958,0.284127487667306,0.830891079846499,0,0,54.5528570325105,128.981398264553,72.4731306830358,141.440367712628,0.991248790758611,2.74596904546935,0,0,0,0,0,0,0,0,218.847734526152,101.467113001543,815.899518812737,821.430502532564
"174",2004,1558,14.4166666666667,6475.44396931453,5224.24739789547,1551.51271115021,2988.46839332215,944.709844893161,1620.41931339522,15.5501376794349,38.0443231380836,0,0,0,0,0,0,0,0,0,0,2.55907293017183,5.05104315925706,1.77085784194143,3.04887768133207,0.02927121399525,0.0717971178746517,0,0,0,0,0,0,0,0,3332.00899165897,2645.52794815335,604.473747414924,1221.7221800462,433.716651713609,814.310983467692,7.95455708960141,21.301904325817,128.021113905898,101.64541441503,23.2970427550642,47.0928080157546,16.7115773208149,31.3758476147584,0.306508728492196,0.820802117421662,22053.9081481117,17433.1451544131,4590.10491478867,8979.29104253493,3554.0166152835,6336.96265635407,59.2504100595054,150.576298580944,847.323755757956,669.809718592714,178.793857808564,350.727481644007,139.986559915686,250.230595540727,2.33463904550643,5.94762148648124,0,0,8.24796917675849,16.5731042619718,6.79587277986907,12.1922064092984,0.115031607306652,0.293964066386082,0,0,0,0,0,0,0,0,244.92341471798,202.994928507494,200.59201582279,443.646653239788,298.004155422634,595.077359686759,4.25998662071548,12.1481171187928,9.41031505774489,7.79939042001988,7.68164895910399,16.9783445800123,11.3693343251109,22.6959517585286,0.162516372211201,0.463299116632044,347.699131974387,286.481295456125,322.19683231019,758.846644259959,552.001876471458,1136.22114829699,9.24351485727892,27.0287926536179,13.3590725553611,11.0070711461988,12.3351693166353,29.0303706816173,21.0536479510934,43.3157251471415,0.352529692760433,1.0303520661509,0,0,54.6293809765971,129.211061808028,72.6039630697703,141.646123463137,1.23552303061664,3.42063339218736,0,0,0,0,0,0,0,0,220.583504275393,102.287154540275,826.891190094691,834.477024928591
"175",2004,1558,14.5,6454.88003447651,5203.24447939582,1549.59699966331,2984.11516348384,941.413767238881,1612.96332162683,18.4306793663416,45.0738811393458,0,0,0,0,0,0,0,0,0,0,2.5565789652291,5.04496958470527,1.76528980604794,3.03591079239357,0.0347262472750985,0.0851298431417262,0,0,0,0,0,0,0,0,3348.05857815204,2654.87307905151,608.631292864009,1230.0402938362,436.87575698822,819.844011370367,9.70090377666494,25.9830165249425,128.637764684968,102.004469288583,23.4573023213501,47.4135003597372,16.8333049036449,31.589047629892,0.37380542440763,1.00118924675252,22026.568148515,17388.2568999814,4591.60086655869,8980.6867763756,3555.02443600526,6335.36104170985,70.6850398913542,179.646832827034,846.273546719823,668.085035194325,178.853782604822,350.789092184529,140.031057073741,250.17852974593,2.78548154646669,7.09656728526316,0,0,8.25746117565973,16.5900595105619,6.80290664816517,12.1986394121308,0.13767840138703,0.351849439985279,0,0,0,0,0,0,0,0,245.850222327407,203.469570273223,201.816369388053,446.231300603909,299.930914792316,598.537007248223,4.98222856779802,14.2081378529036,9.44592483792792,7.81762690791989,7.7287587877251,17.0777791322479,11.4433460858194,22.8289244616604,0.190077822198544,0.541887730387912,346.496766480679,285.088481648324,322.652673397878,759.759188768399,553.045691230746,1137.68104074615,11.0278446437964,32.2290630096374,13.3128774191977,10.9535569758021,12.3529258821822,29.0660277549999,21.0942397219828,43.3730480951366,0.420590854219947,1.22862301161376,0,0,54.7038213122783,129.434679165996,72.7314505809599,141.845794546571,1.48171680721023,4.09984426618877,0,0,0,0,0,0,0,0,222.325846482258,103.109108464781,837.952535940058,847.599540794947
"176",2004,1558,14.5833333333333,6434.25948430832,5182.29607454769,1547.59004073973,2979.5935746433,938.109414088474,1605.51952749664,21.2653282702026,51.9857000624621,0,0,0,0,0,0,0,0,0,0,2.5539627459458,5.03866834577554,1.75970085859242,3.02295403669514,0.040102848401296,0.0982570776415831,0,0,0,0,0,0,0,0,3364.13671862025,2664.22692798908,612.789065461286,1238.35103006966,440.04005608255,825.381568780596,11.5061903713212,30.8229575686716,129.255512553424,102.363859123152,23.617571836141,47.7339109974853,16.9552336771866,31.802424441483,0.443376145070682,1.18770426974747,21999.4665146974,17343.7387917856,4593.01496636822,8981.90470354993,3556.03931147941,6333.81139446213,82.0976532185153,208.666314287151,845.232494345715,666.374573451852,178.910465737361,350.843596385339,140.075654796856,250.128143786313,3.23554011539259,8.24369458298758,0,0,8.26686288936116,16.6068065684296,6.80996870140006,12.2051870109226,0.16040894769027,0.409960303031,0,0,0,0,0,0,0,0,246.779360474733,203.94768444857,203.040573411168,448.825447488081,301.860420546288,602.011111057464,5.67939313963504,16.1958176211738,9.48162415854158,7.83599681143225,7.77586493955011,17.1775824990614,11.5174695244276,22.9624609896657,0.216685561531969,0.61772622539649,345.312580160245,283.714165695309,323.104193952327,760.65103466793,554.068896682559,1139.09079755584,12.8003993809739,37.3900649852883,13.2673807245571,10.9007535233555,12.3705198265005,29.1009011398924,21.1340542982188,43.4284766149854,0.488206512314121,1.42540850934962,0,0,54.7762196067972,129.65234792452,72.8556557750797,142.03949179102,1.72979962907011,4.78352661874949,0,0,0,0,0,0,0,0,224.074777668973,103.932989109899,849.083613094735,860.798366945674
"177",2004,1558,14.6666666666667,6413.58752939324,5161.4053518951,1545.49466833189,2974.90885185553,934.796711405634,1598.08779162675,24.0542665860724,58.7803728790206,0,0,0,0,0,0,0,0,0,0,2.55122009209526,5.03213119818153,1.75409091492077,3.01000738713244,0.0454005341485023,0.11117840247084,0,0,0,0,0,0,0,0,3380.2321177292,2673.58086117644,616.944131354101,1246.6484619776,443.206756457938,830.918369149984,13.3678569182983,35.8146585694835,129.873923526458,102.723252194733,23.7777384430112,48.0538119269966,17.0772562127161,32.0157746505629,0.515122622045296,1.38007583770419,21972.6074298204,17299.5925935713,4594.35032103538,8982.95080294647,3557.06100422895,6332.31278670364,93.4900914154828,237.63990694144,844.2007593574,664.678401131068,178.964028103328,350.891227439651,140.12034646944,250.079406462154,3.68488382585856,9.38919757883583,0,0,8.2761674685534,16.6233296019111,6.81705609517689,12.211842668579,0.18322017984942,0.468291042177137,0,0,0,0,0,0,0,0,247.710795783728,204.429103966955,204.264549505253,451.427688470506,303.792588244208,605.498449970953,6.35463219543238,18.1198772053011,9.51741173722433,7.85449371159077,7.82296435556199,17.2777007698475,11.5917012346997,23.0965144336267,0.242459914325132,0.691147423496053,344.146955256465,282.358753954562,323.551865409807,761.524563129035,555.072914484578,1140.45457871394,14.5588357805758,42.5051609132284,13.2225971581349,10.8486764017523,12.387969077716,29.135081625942,21.1731456785121,43.482168769861,0.555287403270039,1.62045576456867,0,0,54.8466138550023,129.864157844083,72.9766381277754,142.227320107538,1.9797408577323,5.47160542631872,0,0,0,0,0,0,0,0,225.830314291048,104.758810189957,860.284477844307,874.073789094675
"178",2004,1558,14.75,6392.86901849386,5140.57517688051,1543.31360562909,2970.06601932212,931.475573934447,1590.66793950411,26.7976839481564,65.4585101466051,0,0,0,0,0,0,0,0,0,0,2.54834828375695,5.02535265436065,1.74845984800674,2.99707072603516,0.0506189477697372,0.12389363009167,0,0,0,0,0,0,0,0,3396.33503642965,2682.92752038226,621.09403975887,1254.92768000863,446.373588841371,836.450171292882,15.2833909120263,40.9511737759693,130.492623414222,103.082365788311,23.9377078281558,48.3730141942285,17.1992851725334,32.2289349998855,0.588948375778373,1.57803723836314,21945.9940239642,17255.8192349283,4595.60976604247,8983.83052971727,3558.08912177457,6330.86399540652,104.864080021375,266.5724518421,843.178462016456,662.996553948136,179.014580120795,350.932198300224,140.1651194167,250.032275033946,4.13357734403339,10.5332581808412,0,0,8.28536931508781,16.6396155203083,6.82416563541469,12.2185992590365,0.206109298826864,0.526836345784806,0,0,0,0,0,0,0,0,248.644455346777,204.913640690617,205.488145549183,454.036591946621,305.727192373828,608.997629503182,7.01077444936579,19.9881672703377,9.55328477275528,7.87311037984078,7.87005114309437,17.3780790059811,11.6660323915685,23.2310311954838,0.267508860438749,0.762450915500833,343.000177896492,281.022557980073,323.996074910099,762.381811602674,556.059011072656,1141.77610107631,16.3011662028271,47.5687136177122,13.1785377137175,10.7973375813837,12.4052883371398,29.1686468526133,21.2115619314353,43.534265716003,0.621757828438154,1.81355013043225,0,0,54.9150390386123,130.070192092388,73.0944543227416,142.409379080488,2.23150973756285,6.16400568867334,0,0,0,0,0,0,0,0,227.592472422824,105.586584699408,871.555180400774,887.426058521682
"179",2004,1558,14.8333333333333,6372.10849209408,5119.80815658248,1541.04947772128,2965.06992438025,928.145911848185,1583.25977387301,29.4957769236621,72.0207386605994,0,0,0,0,0,0,0,0,0,0,2.54534578625947,5.0183294762476,1.74280750657282,2.98414387092332,0.0557578410405998,0.136402772459093,0,0,0,0,0,0,0,0,3412.43705167906,2692.26062358175,625.236742052558,1263.18462045669,449.538712487644,841.973589419543,17.2503378905851,46.2257108832017,131.111288589952,103.440958538447,24.097401118186,48.6913613219409,17.3212496765124,32.441775087704,0.664759125225422,1.78132756753756,21919.6285380678,17212.4189459529,4596.79590539372,8984.54889565309,3559.12315147818,6329.46356998891,116.221230529338,295.468471831908,842.165688422965,661.329040743537,179.062223267558,350.966704785514,140.20995625619,249.986697843916,4.58168099366398,11.6760461767109,0,0,8.29446391935419,16.6556536372114,6.83129394494054,12.2254493800968,0.229073712084615,0.585591102911367,0,0,0,0,0,0,0,0,249.580234958862,205.401091390408,206.711157637756,456.650731957918,307.663908624775,612.507155122192,7.65035503283702,21.8077454691745,9.58923926141703,7.89183900779248,7.91711741881548,17.478662465065,11.740450375027,23.3659538066745,0.291929164322013,0.831906004659629,341.872451015109,279.705806755455,324.437133152137,763.224509011918,557.028308847084,1143.0586742127,18.0257198304925,52.5759798204921,13.1352101887326,10.7467458601546,12.4224893791451,29.2016626534671,21.2493456195818,43.5848930635288,0.687554171781589,2.00451103914927,0,0,54.9815276067784,130.270528306454,73.2091585205375,142.585763510511,2.48507541906003,6.86065242150258,0,0,0,0,0,0,0,0,229.361267504002,106.416324838822,882.895760801658,900.85539016084
"180",2004,1558,14.9166666666667,6351.31022682449,5099.1066768609,1538.70482218649,2959.92525748245,924.807636082398,1575.86308476832,32.1487486152788,78.4677003805399,0,0,0,0,0,0,0,0,0,0,2.54221202764578,5.01106026305433,1.7371337291013,2.97122659539647,0.0608170591792483,0.148706014128441,0,0,0,0,0,0,0,0,3428.53085648216,2701.57479923372,629.37052467859,1271.41592311102,452.700637277539,847.485936714002,19.2663096355283,51.6316547192858,131.729638307205,103.798824061939,24.2567523072332,49.008723850606,17.4430923138101,32.6541913670089,0.742463105465907,1.98969264619969,21893.5124606576,17169.3913693364,4597.9111446735,8985.11053570533,3560.16248882157,6328.10988715429,127.56304287577,324.332178205876,841.162495768753,659.675847788714,179.107051357544,350.994928150792,140.254835995313,249.942616444923,5.02925084829644,12.8177194802717,0,0,8.30344771552708,16.6714353661147,6.8384375807102,12.2323855717095,0.252110986996986,0.644550330585558,0,0,0,0,0,0,0,0,250.51800587172,205.891242562276,207.933346993731,459.268711373454,309.602346243615,616.025487219624,8.27564260030814,23.5849474256828,9.62527025650124,7.91067139227774,7.96415395837537,17.5793974931877,11.8149400132569,23.5012230430058,0.315807410169425,0.89975441676145,340.763905323225,278.408657146792,324.875282133235,764.054108445329,557.981797790714,1144.30523562365,19.7311076534077,57.5230137189451,13.0926196056712,10.6969072650985,12.4395813468812,29.2341843055883,21.2865342413417,43.6341622157139,0.752623562866487,2.19318832137499,0,0,55.0461098819468,130.465239492423,73.3208026046146,142.756563909086,2.74040697620587,7.56147064423626,0,0,0,0,0,0,0,0,231.13671414292,107.248041964294,894.306246177311,914.361961958479
"181",2005,1558,15,6330.05086024946,5077.95683689278,1536.25294776828,2954.68424735944,919.747523550468,1564.23735315651,36.5281937881456,89.1235186632159,0,0,0,0,0,0,0,0,0,0,2.53901863486942,5.0036717911401,1.72822016492674,2.95032161530787,0.0691271808961641,0.168962157242813,0,0,0,0,0,0,0,0,3444.68116572029,2710.90530353396,633.474123785161,1279.63706855146,455.017927804939,850.692071612247,22.2183817842256,59.5489438064366,132.350159015212,104.15731695821,24.4149464397099,49.325700305293,17.5323908075471,32.7777490527003,0.856240590887691,2.29483360499368,21867.579266933,17126.4813086119,4598.80212392833,8985.57022405408,3554.57982167227,6309.68159186083,145.747268019966,370.632160887032,840.166327658253,658.027170033196,179.143245845601,351.019119504829,140.038655755466,249.223740915118,5.74646927897631,14.6482813587644,0,0,8.31254387566661,16.687366797182,6.83285932566373,12.2062887410726,0.288425299876569,0.737560051759878,0,0,0,0,0,0,0,0,251.465922404391,206.385469073699,209.188220325088,461.956708999672,310.998601213513,617.934446530541,9.47744272774817,27.0044803935831,9.66169105762156,7.92966035794008,8.01244363539012,17.682816806445,11.8687440460541,23.5751029243508,0.36169045343796,1.03026948461188,339.679525159727,277.134333041239,325.314770027739,764.885118204743,557.876134450655,1142.40885319714,22.4941188637181,65.5726871287115,13.0509574701155,10.6479456631195,12.4567261707115,29.266766102785,21.2833235976504,43.5635962635252,0.858046008043132,2.50019169556872,0,0,55.1104591173582,130.657652382398,73.2925760390668,142.534663651483,3.13920157156693,8.6616970036396,0,0,0,0,0,0,0,0,232.903077233293,108.070880027604,905.681715248151,927.763001688006
"182",2005,1558,15.0833333333333,6308.40022235507,5056.47267179776,1533.6842968958,2949.29212858304,913.589711070706,1549.93817312963,41.9969932516122,102.413252009393,0,0,0,0,0,0,0,0,0,0,2.53571306437161,4.99610745038055,1.7172388941459,2.92435694738247,0.0795017909994585,0.19422191880665,0,0,0,0,0,0,0,0,3460.9620538845,2720.31358201645,637.584592640508,1287.90205657538,456.799311359895,852.411413435856,25.8660455649815,69.3247635970422,132.975696774377,104.518798062937,24.5734059770843,49.6443640683497,17.6010384048614,32.8440165392343,0.996824836320989,2.67159793274029,21841.7436280787,17083.685983623,4599.50034042674,8985.86601089613,3544.69435634262,6280.18602611079,168.427201792073,428.329721267485,839.173905839554,656.382900655274,179.171981726218,351.03683254226,139.652722290353,248.06719175249,6.6409497937416,16.9293698475904,0,0,8.32156024860308,16.7032405687293,6.81900730961009,12.1587361485865,0.333632313504799,0.853252631655493,0,0,0,0,0,0,0,0,252.420160247817,206.882517904169,210.458919429616,464.683937792839,312.027139463076,618.76047331494,11.0164441176092,31.3796288619323,9.69835472969375,7.94875776171147,8.06134073277929,17.7877419856346,11.9085190843553,23.6076724096102,0.420447101527505,1.19725713107804,338.609977540465,275.875219652158,325.74995635729,765.702381281579,557.056460472164,1138.41175213564,25.9541732577194,75.6477654156522,13.0098651962734,10.5995684818882,12.4737079889017,29.2988280585372,21.2528778360474,43.4129279411237,0.99006827720448,2.88445311683197,0,0,55.1738672357549,130.846328062858,73.1710337519718,142.052611369858,3.63487439544559,10.0292870704586,0,0,0,0,0,0,0,0,234.665565405264,108.888409843216,917.04106552186,941.092114072217
"183",2005,1558,15.1666666666667,6286.63809539407,5034.9942273283,1531.01745781738,2943.71449053022,907.495731357915,1535.84230095839,47.3566072922355,115.407565634172,0,0,0,0,0,0,0,0,0,0,2.53224060216755,4.98827103867322,1.70636993637798,2.89875442717306,0.0896882289369366,0.218959502549821,0,0,0,0,0,0,0,0,3477.31866621482,2729.7666856301,641.713380198569,1296.19466899508,458.605589753781,854.176642013766,29.622574666629,79.3822209978698,133.6041439771,104.882001420886,24.7325694339624,49.9640895963007,17.6706444745994,32.9120509128594,1.1416093688013,3.05922905660383,21816.0424485353,17041.1678157619,4600.11076322548,8985.96404147819,3534.97719141965,6251.17540354832,190.994461914981,485.672976427492,838.186648520051,654.749280140198,179.197243169401,351.046671164596,139.273177878433,246.929251734274,7.53113989854811,19.1968068909657,0,0,8.33033895013504,16.7187745005768,6.80546822905724,12.1120588356233,0.378876511117647,0.968903813951512,0,0,0,0,0,0,0,0,253.375212646117,207.381303080711,211.722774204219,467.404752657899,313.052801422839,619.588030342709,12.4936185060442,35.5710239913716,9.7350496959861,7.9679218787471,8.10997726433288,17.8924261706093,11.948188373151,23.6403042163332,0.476849846931326,1.35725089480438,337.551796098869,274.62907457807,326.178246377363,766.498073267282,556.225455683762,1134.40777875683,29.3831070737092,85.6058638013226,12.9692096018967,10.5516895647307,12.4904277170799,29.3300707999892,21.2220034245179,43.2619985668335,1.12091146713625,3.26427971840667,0,0,55.235228380897,131.029114265565,73.0482830773242,141.571100305258,4.13251601841269,11.3990169529062,0,0,0,0,0,0,0,0,236.434731685466,109.707909581603,928.450417640812,954.464997390146
"184",2005,1558,15.25,6264.77696441208,5013.53061856795,1528.25693526359,2937.95981386549,901.464888994259,1521.94702248839,52.6081491150119,128.110297716817,0,0,0,0,0,0,0,0,0,0,2.52860288425374,4.98015739026886,1.69561040834652,2.87350727108497,0.0996865006361957,0.243178170672328,0,0,0,0,0,0,0,0,3493.71885189527,2739.23950552539,645.851102537505,1304.49612839299,460.42740138256,855.970053538485,33.482506679749,89.7057878798824,134.234265337616,105.245962309905,24.8920763761128,50.2841555390157,17.7408493106276,32.9811719118883,1.29038447297223,3.45713074845422,21790.4938778055,16998.9397344545,4600.6394548299,8985.87622778275,3525.42767848119,6222.64553115416,213.454000543633,542.676848023635,837.205253019832,653.126805257242,179.219265910719,351.049099343,138.900003022267,245.809770031882,8.41722696789197,21.4511595607217,0,0,8.33890110406066,16.733977884164,6.79223666885149,12.0662438517833,0.424152767727291,1.08450744062645,0,0,0,0,0,0,0,0,254.331287902777,207.881876993059,212.980893403039,470.120205646529,314.07718728973,620.419645990018,13.9160949467619,39.5986401356095,9.77178395984892,7.98715472194364,8.15839573667054,17.9969096877658,11.9878130382515,23.6730949733267,0.531170913385947,1.51101323352899,336.50670722923,273.397369819124,326.600889438457,767.276150189399,555.386593645876,1130.40487704966,32.7757871459413,95.4329057813403,12.9290570178116,10.5043654682422,12.5069330572976,29.3606453624357,21.190832613449,43.1111105012196,1.25037981979782,3.63913472589,0,0,55.2945871897765,131.206148165626,72.924442562061,141.090344915792,4.63207294448629,12.7707739910805,0,0,0,0,0,0,0,0,238.210582630607,110.529386268069,939.909592957849,967.881617081957
"185",2005,1558,15.3333333333333,6242.82815742616,4992.09000291479,1525.40693810071,2932.03602220655,895.496383625081,1508.24944005273,57.7527447947559,140.525296690182,0,0,0,0,0,0,0,0,0,0,2.52480244327239,4.97176437168094,1.68495771300825,2.8486090136692,0.109496900580227,0.266881677258608,0,0,0,0,0,0,0,0,3510.13531771526,2748.71087793656,649.989965577506,1312.79089775573,462.257240446615,857.777591130338,37.4403874862205,100.27998119465,134.865012207127,105.60986758427,25.0516273539078,50.6039648582188,17.8113644252869,33.0508392374766,1.44294068132897,3.86470831538349,21765.1127857807,16957.0120464444,4601.09167277965,8985.61290432858,3516.04457229674,6194.5911286301,235.81053394605,599.355554689607,836.230290653549,651.515872007977,179.238254571085,351.044520008479,138.533154899631,244.708553203891,9.29938945495357,23.6929683174325,0,0,8.34726351225179,16.7488569026239,6.77930583997251,12.0212750598675,0.469456541435112,1.20005790729401,0,0,0,0,0,0,0,0,255.288466548464,208.384199679741,214.23400762237,472.830727203899,315.101257261851,621.256691497722,15.2902929144625,43.4805195858468,9.80856061539573,8.00645475591687,8.20662413291967,18.1012089794175,12.0274296361054,23.7060968719077,0.583655412897743,1.65923280249103,335.476146810753,272.181322019011,327.018961847306,768.040005802153,554.542942800856,1126.41002922951,36.1279123900152,105.117165872961,12.8894626128708,10.4576429378129,12.5232650980081,29.3906812909549,21.1594822185472,42.9605294834593,1.37830932925598,4.00857105065312,0,0,55.3519860019969,131.377555464317,72.7996210288794,140.610540164881,5.13349251638613,14.1444488949082,0,0,0,0,0,0,0,0,239.993125732329,111.352846922861,951.418458374627,981.341969404936
"186",2005,1558,15.4166666666667,6220.80199618508,4970.67970485969,1522.47141404158,2925.95054882993,889.589333080662,1494.74651531332,62.7915300743775,152.656413064351,0,0,0,0,0,0,0,0,0,0,2.52084250585607,4.96309230771937,1.6744094817716,2.82405344043873,0.119119975397414,0.29007420248967,0,0,0,0,0,0,0,0,3526.54495057386,2758.16302726146,654.123530761243,1321.0662005042,464.089155009985,859.588241780696,41.4908168325302,111.089490003794,135.495496543336,105.97303427692,25.2109749215722,50.9230264299174,17.8819609724794,33.1206294301813,1.59907052879983,4.28137349057277,21739.9112233301,16915.3928115918,4601.47198461691,8985.18305705385,3506.82614474594,6167.00604936397,258.068535650316,655.722595032778,835.262224426633,649.91679006509,179.254387094994,351.033283897958,138.172571779981,243.625373769127,10.1777966166657,25.9227463231172,0,0,8.35543949295684,16.7634154698275,6.76666804079139,11.9771341849,0.514783734874047,1.31554992052706,0,0,0,0,0,0,0,0,256.246724672088,208.88815704915,215.482547470319,475.536265811912,316.125478870371,622.099657810504,16.6219755220702,47.2329123712174,9.84537874392028,8.02581759708416,8.25467891384782,18.2053219657256,12.0670558105558,23.7393282970461,0.63452337753475,1.80252979040247,334.461295514691,270.981923625644,327.433375849426,768.792515794028,553.697189334333,1122.42932210285,39.4359301630071,114.649036563145,12.8504717504975,10.4115601048716,12.539458654007,29.4202883229966,21.1280544809597,42.81048713666,1.50456454743345,4.37222239246768,0,0,55.4074649770451,131.543451698889,72.673918492096,140.131863286261,5.63672285240228,15.519935394767,0,0,0,0,0,0,0,0,241.782368669385,112.178298256227,962.976908795141,994.846064196799
"187",2005,1558,15.5,6198.70793438556,4949.3063302693,1519.45408191426,2919.71039849413,883.742793525165,1481.43510639091,67.7256477878901,164.507493071814,0,0,0,0,0,0,0,0,0,0,2.51672681832065,4.95414347759236,1.66396352537018,2.79983453213228,0.128556489571849,0.312760290674343,0,0,0,0,0,0,0,0,3542.92819801172,2767.58105820251,658.246501484276,1329.31158310004,465.918476175233,861.393497258625,45.6284845268014,122.119276215454,136.124967109484,106.3348900867,25.3699154507307,51.2409382767889,17.9524593623481,33.1902151962663,1.75856994785162,4.70654831608163,21714.8988437728,16874.088185543,4601.7843727909,8984.59453179833,3497.77028539314,6139.88347422157,280.232235083573,711.790746095303,834.301425228643,648.329795938289,179.267818800981,351.01569761331,137.818176926481,242.559977731947,11.0526084500995,28.1409793491353,0,0,8.36343960977429,16.7776559311848,6.75431503497646,11.9338016749315,0.560130579224931,1.43097830722481,0,0,0,0,0,0,0,0,257.205954721716,209.393576992844,216.726711561249,478.23640859352,317.149953002376,622.948391349321,17.9163048261563,50.8704226676442,9.88223421310113,8.04523663276336,8.30256762855744,18.3092326761371,12.1066951316711,23.7727828820822,0.683971871420464,1.94146150902273,333.463111796754,269.799971970787,327.844890676989,769.53608454071,552.851663994838,1118.46801937637,42.6969542084717,124.020799144734,12.8121212562948,10.3661476041713,12.5555426861789,29.4495581700598,21.096638081159,42.6611837055024,1.62903545058346,4.72979449109779,0,0,55.4610622371626,131.703943500734,72.5474270511494,139.654475516575,6.14171278863964,16.8971299226331,0,0,0,0,0,0,0,0,243.578318689169,113.005746423399,974.584852833981,1008.39391114367
"188",2005,1558,15.5833333333333,6176.55469869722,4927.97588299837,1516.35846464453,2913.32221055815,877.955779788846,1468.31200535027,72.5562453346717,176.08237243212,0,0,0,0,0,0,0,0,0,0,2.51245947609213,4.94492161399832,1.65361778702077,2.77594641339716,0.13780738943463,0.334944784718928,0,0,0,0,0,0,0,0,3559.26843481986,2776.95243696602,662.354504847526,1337.51846798729,467.741543790572,863.186809073282,49.8482058399335,133.354673161052,136.752785138457,106.694953445215,25.5282807640618,51.5573704288702,18.0227187418803,33.2593445037946,1.92123963392239,5.1396689452125,21690.0833343591,16833.1027701307,4602.03234167314,8983.85424686164,3488.87460271552,6113.21610610454,302.30561819218,767.572067485733,833.348188411145,646.755066437254,179.278686513879,350.992031838665,137.469882524603,241.51209214003,11.9239757042501,30.3481258998225,0,0,8.3712723872161,16.7915797272899,6.74223840318398,11.8912575028581,0.605493524898956,1.54633784688077,0,0,0,0,0,0,0,0,258.165986600838,209.900245658299,217.966533821368,480.93050029558,318.174536698662,623.802322992832,19.1779026252265,54.4061701883791,9.91912048755419,8.06470364639797,8.35029149896801,18.4129158191133,12.1463418111562,23.8064383035813,0.732177312797407,2.07652855559408,332.482366057245,268.636099392439,328.254126020133,770.2726976102,552.008374107758,1114.53064470854,45.908676338173,133.226376751062,12.7744407305219,10.32142973114,12.5715408142124,29.478566519913,21.0653093521056,42.5127912058128,1.75163406648293,5.08105569802245,0,0,55.5128140409261,131.859129930391,72.4202318370952,139.178523940391,6.6484118165416,18.2759312737713,0,0,0,0,0,0,0,0,245.380982000408,113.835196788448,986.242199474074,1021.9855072065
"189",2005,1558,15.6666666666667,6154.3503737104,4906.69383524946,1513.18790921513,2906.79229704654,872.227277158498,1455.37396002342,77.2844732079152,187.384872766785,0,0,0,0,0,0,0,0,0,0,2.50804483565972,4.93543162893141,1.64337031995889,2.75238333117161,0.146873780052888,0.356632783581968,0,0,0,0,0,0,0,0,3575.55158136764,2786.26667894574,666.443960962765,1345.67988584666,469.555545867938,864.963270371779,54.1449403513121,144.781438067493,137.37840966833,107.052821517126,25.6859331241798,51.8720546565877,18.0926308344398,33.3278283782912,2.08688577401518,5.58018767131356,21665.4706768844,16792.4398246467,4602.21898141387,8982.96831958879,3480.13648207295,6086.99628064201,324.292431235266,823.077913697757,832.402743800732,645.192726789075,179.287111031146,350.962526235299,137.127591934385,240.481429389986,12.7920400173962,32.5446176613237,0,0,8.37894468537266,16.8051876945072,6.73042969004625,11.8494815027865,0.650869191953062,1.66162321835441,0,0,0,0,0,0,0,0,259.126600001602,210.40791684309,219.201919929066,483.617706934365,319.1989062825,624.660584586355,20.410894629863,57.8519082038089,9.95602910269538,8.08420917849657,8.39784681951703,18.5163392275335,12.1859831272554,23.8402607580454,0.779297161487563,2.20817932059524,331.519661980884,267.49079210996,328.661573822819,771.003961243724,551.169030954473,1110.62104803375,49.0693053891624,142.261163079437,12.737453367997,10.2774251670932,12.5874717667902,29.5073745441391,21.0341333210416,42.3654559477025,1.87229214317693,5.42583043747841,0,0,55.5627549379333,132.009103366198,72.2924116483562,138.704142751897,7.15677003155321,19.6562403604809,0,0,0,0,0,0,0,0,247.190363458478,114.666653810397,997.948852309825,1035.62083166854
"190",2005,1558,15.75,6132.10248746995,4885.46519835137,1509.94560685984,2900.12668112068,866.556253052214,1442.61769555752,81.9114836529452,198.418798354653,0,0,0,0,0,0,0,0,0,0,2.50348742612401,4.92567933794486,1.63321926502816,2.7291396332741,0.155756901879211,0.377829599288139,0,0,0,0,0,0,0,0,3591.76571827693,2795.51503395319,670.511951068619,1353.79020540772,471.358357681534,866.719297828833,58.5138093795783,156.385800617454,138.001382737535,107.408158106197,25.8427601767257,52.1847741097561,18.162113766868,33.3955286977705,2.25532072120822,6.02757480706831,21641.0654110335,16752.101478906,4602.34703238572,8981.94219402799,3471.55314357702,6061.21607637113,346.196185813644,878.318949913439,831.465265816949,643.642858824513,179.293199612016,350.927394378345,136.791201939245,239.467691514145,13.6569341019256,34.7308600842778,0,0,8.38646207721071,16.8184803663596,6.71888055177195,11.8084537086959,0.696254320632386,1.77682894767141,0,0,0,0,0,0,0,0,260.087536757276,210.916321375219,220.432683567272,486.297078859442,320.222619881231,625.522124064415,21.6189561318036,61.2181457717504,9.99295013934211,8.10374288704006,8.44522634965359,18.6194662818157,12.2256018262509,23.8742093852283,0.825471663696031,2.33681465654046,330.575458258958,266.364409406496,329.067610659322,771.7311434048,550.335078062159,1106.74247366066,52.177504880325,151.121847318558,12.7011767926903,10.2341477162537,12.6033498541177,29.536030465944,21.0031647863557,42.2193011270125,1.99095876812393,5.76399252277418,0,0,55.6109179261662,132.153950404766,72.1640395945317,138.231454529418,7.66673808804193,21.0379599822114,0,0,0,0,0,0,0,0,249.00646626025,115.500120934878,1009.70470394744,1049.29984139646
"191",2005,1558,15.8333333333333,6109.81809050101,4864.29458816065,1506.63461179092,2893.33113270125,860.941667589962,1430.03993392374,86.4384294966128,209.187933330285,0,0,0,0,0,0,0,0,0,0,2.49879186991323,4.91567121019272,1.62316283098758,2.70620975024658,0.164458108961893,0.398540716758284,0,0,0,0,0,0,0,0,3607.90072999194,2804.69019540484,674.55609593423,1361.84488435652,473.148394847279,868.452341727413,62.9501103803092,168.154503061198,138.62131569024,107.760682481806,25.9986702876021,52.4953537648548,18.2311064325086,33.4623470684724,2.42636355268194,6.48132023932492,21616.870878177,16712.088930174,4602.4189445964,8980.78075849297,3463.1216945606,6035.86741429171,368.020165064878,933.305171026762,830.535882839184,642.105508544269,179.29704827254,350.886828303577,136.460604785825,238.470574055901,14.5187819743834,36.9072330914284,0,0,8.39382918865726,16.8314582366433,6.70758288308046,11.7681546467418,0.741645728408743,1.89194936765459,0,0,0,0,0,0,0,0,261.048512096261,211.42517561245,221.658578836446,488.96760674997,321.245172579956,626.385806544678,22.8053562886829,64.5142665564736,10.0298726561107,8.12329387403962,8.49242055892612,18.7222580616838,12.265178240977,23.9082401525487,0.870825544052788,2.4627924168437,329.650088971606,265.257201620516,329.472510054067,772.455213771099,549.507718979898,1102.89762642212,55.232333615999,159.806247097439,12.6656238408376,10.191606997015,12.6191854385495,29.5645710881233,20.9724493756278,42.0744293440514,2.10759809997202,6.09545877908415,0,0,55.6573346046325,132.293752705478,72.035183702926,137.76057143779,8.17826715957322,22.4209946176608,0,0,0,0,0,0,0,0,250.829291682442,116.335600504868,1021.50963133472,1063.02246705811
"192",2005,1558,15.9166666666667,6087.5038132356,4843.18627273809,1503.25785487542,2886.41119436165,855.382480863947,1417.63740744638,90.8664632934146,219.696039689503,0,0,0,0,0,0,0,0,0,0,2.49396283715959,4.90541420965418,1.61319928470933,2.68358818928811,0.17297885219227,0.41877176266771,0,0,0,0,0,0,0,0,3623.94804597955,2813.78608929451,678.574468676865,1369.84029077357,474.924511087627,870.16068489619,67.4493249582002,180.074822506006,139.237879232858,108.110161270921,26.1535891989216,52.8036535752386,18.2995645669837,33.5282171065157,2.59984038223148,6.940934298663,21592.8893988249,16672.4025862638,4602.43692014042,8979.4884292952,3454.83916492868,6010.9421243068,389.767431304891,988.045924539463,829.614684024568,640.580691617008,179.298743425977,350.841001746895,136.13568956073,237.489768661625,15.3776992422347,39.0740919373246,0,0,8.40104990006832,16.84412187106,6.69652885817964,11.7285654323298,0.787040291573687,2.00697862598655,0,0,0,0,0,0,0,0,262.009222425523,211.934187208914,222.879320183434,491.628255125577,322.266027285066,627.250469620722,23.972996678957,67.7486328456577,10.066784988468,8.14285090709899,8.53941839288424,18.8246746348109,12.3046914769449,23.9423079811548,0.915469479043266,2.58643143014267,328.743779102723,264.169323894993,329.876454427354,773.176879230367,548.687943966096,1099.08873289265,58.233196066107,168.313168406937,12.6308031570431,10.1498089702073,12.6349853915548,29.5930231505055,20.9420245644262,41.9309249390097,2.22218747371012,6.42018369601969,0,0,55.7020353225915,132.428587666089,71.9059074116388,137.291596223268,8.69130889878349,23.8052502388405,0,0,0,0,0,0,0,0,252.658838941493,117.17309372306,1033.36349426317,1076.78861255943
"193",2006,1558,16,6065.16084048439,4822.11116526791,1499.79874971663,2879.37402437896,849.438159030523,1404.3162959527,95.6415162596949,231.039822279017,0,0,0,0,0,0,0,0,0,0,2.48901186991494,4.8949194052765,1.60249783037247,2.65920436471482,0.182159934903165,0.440598448827157,0,0,0,0,0,0,0,0,3639.92872769995,2822.8208128248,682.542222764233,1377.75275858683,476.439746054819,871.167216341431,72.2577816931067,192.815806261612,139.851882580371,108.457289797007,26.3065622703547,53.1087638777402,18.3579722348736,33.5670486267797,2.78524279949995,7.43219653482806,21569.2464987949,16633.1230490122,4602.27618080208,8977.96718642771,3444.91940879484,5981.78455926715,413.245898844567,1047.20868305033,828.706492127601,639.071504896908,179.293499911348,350.786156663107,135.746078710533,236.341341720049,16.3049224966668,41.4158382286424,0,0,8.40814899372527,16.8564823707096,6.68225242762049,11.680593026976,0.835938395759365,2.1310129639979,0,0,0,0,0,0,0,0,262.971865354079,212.443821455565,224.097040771783,494.279267393339,323.121186591313,627.629117660721,25.2930423996925,71.4151450872307,10.1037715716852,8.16243186344559,8.58630129847882,18.9267248914418,12.3378791803261,23.9578226285139,0.965939005693277,2.7265844017214,327.859180248246,263.103132482201,330.278021451852,773.89464747941,547.592785186949,1094.46646599021,61.4668165551476,177.494845131995,12.5968166197803,10.1088441668094,12.6506948303234,29.6213288763354,20.9010894246507,41.7563835539264,2.34567092474424,6.77068193254107,0,0,55.7452137374033,132.558625352626,71.7391181939558,136.718359337042,9.24343424501117,25.2971786238365,0,0,0,0,0,0,0,0,254.493482435527,118.012248450224,1045.2553353832,1090.59189624827
"194",2006,1558,16.0833333333333,6042.70720693645,4800.85848594989,1496.15046386969,2872.20444218624,840.988261859135,1384.83512159797,102.915425150289,248.480716452214,0,0,0,0,0,0,0,0,0,0,2.4839508395626,4.88421083875513,1.58705780057549,2.62312664903701,0.196070935454851,0.474003735964612,0,0,0,0,0,0,0,0,3656.05475224049,2831.96351763474,686.369183055385,1385.52702445513,476.505694314803,868.199633291731,78.652573462433,209.833261392107,140.471470231461,108.808567136537,26.454124812457,53.4085608748548,18.3605360330616,33.4527519717688,3.03177913101704,8.0882627640988,21546.4703870209,16594.5786208078,4601.30115325641,8975.68654168988,3424.6771304609,5925.82937729782,447.282495571739,1133.47371207763,827.831601115521,637.590562299515,179.256923962706,350.701917584143,134.949489158436,234.133625396572,17.648323204914,44.8286839013215,0,0,8.41505790652685,16.8684535319678,6.6479032357341,11.5801413500626,0.905575844084385,2.30862269120114,0,0,0,0,0,0,0,0,263.947889630046,212.957276362773,225.319426434868,496.922934533406,323.003390263626,625.133843820108,27.5576261616023,77.7901847309682,10.1412722831779,8.18215961577714,8.63336252830276,19.0284952595869,12.3339157252336,23.8636278563139,1.05248153995884,2.97014841781821,327.003163749742,262.065031508396,330.665156337414,774.58672323987,544.824717912584,1084.86134456396,66.3436224359317,191.516356665673,12.5639282362518,10.0689586436072,12.6658504943983,29.6486520498223,20.7962989553606,41.3917209045341,2.5318856003629,7.30586899766623,0,0,55.7875776612389,132.684118788273,71.3530963367231,135.523000766492,10.0198742746457,27.4184797439572,0,0,0,0,0,0,0,0,256.325182398549,118.851314481738,1057.11731552068,1104.37750576367
"195",2006,1558,16.1666666666667,6020.13895521531,4779.59715178265,1492.42206925754,2864.87671113724,832.689216425769,1365.79935898739,110.004270782004,265.405054747482,0,0,0,0,0,0,0,0,0,0,2.4787226691086,4.87326016748129,1.57188844177834,2.58785744592885,0.209652622470397,0.506472189260842,0,0,0,0,0,0,0,0,3672.18414726322,2841.09609048555,690.204135074107,1393.3050465513,476.601075288887,865.319702905372,85.1667974160758,227.127954572784,141.091187381868,109.159455189995,26.6019915315951,53.7084977814509,18.3642331171684,33.3418312088503,3.28292796700611,8.75503981554794,21523.7775444751,16556.2508142834,4600.26369189599,8973.2414036215,3404.82936199066,5871.05855745921,481.05973801867,1218.84800007275,826.959907837355,636.117942693376,179.217852984304,350.611108246439,134.168201824374,231.972138860553,18.9816644207225,48.2066692066384,0,0,8.42155692253213,16.8799001984161,6.61426051674666,11.4818218735854,0.975027048383675,2.48528993467237,0,0,0,0,0,0,0,0,264.921896587105,213.469797543512,226.529911094543,499.550323738579,322.88828415445,622.671513347706,29.7369751299832,83.8955435986799,10.1786954838489,8.20185149290829,8.67996818965312,19.1296443402769,12.3300535912431,23.770680924309,1.1357779000355,3.20344267008395,326.158290832825,261.039264819115,331.044725292023,775.259233729113,542.080339992813,1075.37632700856,71.1434253322583,205.250470973447,12.5314679842734,10.0295470238752,12.6807169347697,29.6752288396816,20.6924083066599,41.031619210278,2.71517552867587,7.83013546812345,0,0,55.8280561203938,132.804337518473,70.9705883199085,134.343995554248,10.7960813144233,29.5309943011136,0,0,0,0,0,0,0,0,258.163661015275,119.692404133294,1069.00312715534,1118.16505816028
"196",2006,1558,16.25,5997.47261387543,4758.33952196881,1488.6188140143,2857.40089706617,824.538334936924,1347.19900764347,116.911264864806,281.824129657204,0,0,0,0,0,0,0,0,0,0,2.47333408396551,4.86206501652966,1.55698326245573,2.55337747838654,0.222908177085946,0.538019302165884,0,0,0,0,0,0,0,0,3688.27932116018,2850.1896828655,694.03567345638,1401.06424038902,476.715351185912,862.507356399212,91.7915836324737,244.674488092274,141.709589701896,109.508845551426,26.7497244535691,54.0077070792502,18.3686585487046,33.2335151105286,3.53834840504621,9.43155144132409,21501.190337796,16518.1558366393,4599.17044351461,8970.64506277228,3385.37096925869,5817.45109916195,514.586794735239,1303.36263397145,826.092271640958,634.654268785116,179.176546057642,350.514247358387,133.402023873436,229.856077504155,20.305296764535,51.5509913799538,0,0,8.42770067279077,16.890864982195,6.58130880595315,11.3855912763049,1.04428939663594,2.66102337844529,0,0,0,0,0,0,0,0,265.89399482821,213.98139350237,227.729823159963,502.162689053174,322.777375336812,620.24465841905,31.8404183245,89.7586108100011,10.2160453463954,8.22150782159843,8.72616923260022,19.2302201878944,12.3263503796996,23.679078797223,1.21618434109338,3.42751265709565,325.326594494092,260.027487461206,331.418355645787,775.916978357083,539.363502714681,1066.01872767887,75.8614211703547,218.685281161762,12.4995139748282,9.99067289715635,12.6953563231306,29.7012425686332,20.5895642172857,40.676357267275,2.89535721078614,8.34302627065657,0,0,55.8666831484412,132.91942544711,70.5916828996484,133.181362169024,11.5720182102473,31.6347679673847,0,0,0,0,0,0,0,0,260.008904712147,120.535513769803,1080.91260321867,1131.95478305559
"197",2006,1558,16.3333333333333,5974.7231641807,4737.0966886443,1484.74555100188,2849.78631757302,816.53282656347,1329.02400211326,123.639596520303,297.749069148442,0,0,0,0,0,0,0,0,0,0,2.46779207727187,4.8506260976515,1.54233618964503,2.51966800489304,0.235841114094649,0.568661006735199,0,0,0,0,0,0,0,0,3704.3088677208,2859.22038787193,697.854477032076,1408.78624179281,476.840356571178,859.747190359814,98.5181984060755,262.447942118699,142.325470514714,109.855819679399,26.8969655487327,54.3054831593237,18.3734984464133,33.1272115267397,3.79770468239217,10.1168394930448,21478.7269588117,16480.3066037152,4598.02701861513,8967.90878473231,3366.29615127127,5764.98500937314,547.872397404719,1387.04726334311,825.229391474209,633.200036821981,179.133222179547,350.411775204457,132.650736266759,227.784597388658,21.6195542779999,54.8627929432588,0,0,8.43353316160091,16.9013809825326,6.54903179176865,11.2914034748571,1.11336058839594,2.83583118013045,0,0,0,0,0,0,0,0,266.864148264295,214.491966866526,228.920018643823,504.760512774254,322.671451345891,617.854461066172,33.8763210831187,95.4040418949169,10.2533204842151,8.24112486062755,8.77199846224597,19.3302412055083,12.3228360678634,23.5888665998582,1.29402028390515,3.64329942361095,324.509731719083,259.031036463864,331.787428840398,776.563995840423,536.677441182138,1056.79448594616,80.4938762833533,231.811956851354,12.4681298720349,9.95238763424509,12.7098214317335,29.7268474780968,20.4878899420126,40.3261614942942,3.07228801157149,8.84420375230575,0,0,55.9034942361332,133.029515923292,70.2164546909511,132.035092390798,12.3476495623019,33.7298509635573,0,0,0,0,0,0,0,0,261.860900201865,121.380639595019,1092.84562624579,1145.7469447458
"198",2006,1558,16.4166666666667,5951.90425275893,4715.87865108754,1480.80678824939,2842.04163860043,808.66983220977,1311.26427610839,130.192426661453,313.190823086794,0,0,0,0,0,0,0,0,0,0,2.46210375055984,4.83894648059702,1.52794147312003,2.48671074033906,0.248455224623174,0.598413557330839,0,0,0,0,0,0,0,0,3720.24659261318,2868.16845270899,701.652958853229,1416.45619294657,476.969836004298,857.027531632367,105.338117905422,280.424081908412,142.937823392198,110.199618639909,27.0434233192032,54.6012549560085,18.3785122562654,33.0224715246358,4.06066901225171,10.8099719015222,21456.4020899554,16442.7132738589,4596.83816278442,8965.04214934014,3347.59861332533,5713.63764080565,580.924832240713,1469.93008334869,824.371831450892,631.755637103916,179.088066877817,350.304066756542,131.914100481281,225.756828386753,22.9247540726978,58.1431609847922,0,0,8.43908991957804,16.9114740310663,6.51741284542038,11.199211101621,1.18223849525391,3.00972075311121,0,0,0,0,0,0,0,0,267.832208894627,215.001339871578,230.100996857144,507.343711968369,322.570791186487,615.501159130383,35.8521622496109,100.853970368907,10.2905152108798,8.26069578000266,8.81747498087652,19.4297040744971,12.319521110877,23.5000532055439,1.36957126299841,3.85164763950012,323.7090352835,258.050975185125,332.153095661003,777.203633534534,534.024825802367,1047.70829906858,85.0379977114692,244.624368822041,12.4373668834184,9.91473209105128,12.7241562110266,29.7521713694575,20.3874872002016,39.9812109663525,3.24586120526118,9.3334333472776,0,0,55.9385255984935,133.134732713676,69.8449658457213,130.905154535186,13.122941516892,35.816297170981,0,0,0,0,0,0,0,0,263.719633519466,122.227777250416,1104.8021042082,1159.54181767749
"199",2006,1558,16.5,5929.0284095911,4694.69449423265,1476.80674186931,2834.17497535481,800.946453678704,1293.90981098475,136.572885070093,328.16016080535,0,0,0,0,0,0,0,0,0,0,2.45627620135361,4.82703096518133,1.51379360657442,2.45448778769227,0.260754519043081,0.627293424932288,0,0,0,0,0,0,0,0,3736.07055338689,2877.01750460475,705.42492685411,1424.06205133335,477.099015987083,854.33957891551,112.243075219278,298.579485879401,143.545805270316,110.539613364876,27.1888597899661,54.8945594506786,18.3835163314016,32.9189564583138,4.32692340116844,11.5100476258517,21434.2275586673,16405.383770495,4595.60792311721,8962.05337899623,3329.27171649559,5663.38596947823,613.751954232301,1552.03788961085,823.520045993448,630.321374061522,179.041238639581,350.191444371714,131.191864326534,223.771885005814,24.2211968524733,61.3931291947121,0,0,8.44439993201223,16.9211645983138,6.4864353739637,11.1089665177213,1.25092106826852,3.18269869966159,0,0,0,0,0,0,0,0,268.797946351355,215.509277003977,231.273000095453,509.911813182659,322.475335632911,613.184370914259,37.7746372025999,106.128294554969,10.3276206752847,8.28021153091615,8.86260801620304,19.5285904646837,12.3164029815967,23.412623704575,1.44309286354567,4.05331655680059,322.925567355462,257.088139095201,332.51630118041,777.83863672369,531.407834184267,1038.76379379194,89.4917868443095,257.118666229463,12.4072658193803,9.8777383676692,12.7383967403565,29.7773190118723,20.2884389086747,39.6416439369485,3.4160003852464,9.81056743375032,0,0,55.9718136523593,133.235191252747,69.4772679030318,129.791497024823,13.8978615139371,37.8941632193131,0,0,0,0,0,0,0,0,265.585089330391,123.076921542922,1116.78195330243,1173.33966995569
"200",2006,1558,16.5833333333333,5906.10715517247,4673.55247663588,1472.74936137506,2826.19394067124,793.359771278317,1276.95066854243,142.78406739338,342.667663681141,0,0,0,0,0,0,0,0,0,0,2.45031646503159,4.81488575606566,1.499887292582,2.42298161783138,0.272743194471659,0.655317230958487,0,0,0,0,0,0,0,0,3751.76256588047,2885.75415122402,709.165406829687,1431.59422846228,477.224378681009,851.676947780572,119.225096779355,316.891647256072,144.148717484504,110.875289299365,27.3330837230316,55.1850278209943,18.3883752512657,32.8164205130126,4.59616105418501,12.2162005757006,21412.2126759278,16368.324053834,4594.33973410717,8958.94950849113,3311.30856067159,5614.20675553837,646.361186696755,1633.39608187277,822.674392839721,628.897476695533,178.992872227681,350.074184358155,130.483765170696,221.828872647207,25.5091668831731,64.6136779644101,0,0,8.44948661301644,16.9304687424959,6.45608298297724,11.0206222882588,1.31940630197542,3.35477081155237,0,0,0,0,0,0,0,0,269.761064229192,216.015497601934,232.43606595611,512.464045246671,322.38477348935,610.903258863131,39.6497095440898,111.244820285964,10.3646254890609,8.29966132989283,8.90739893087419,19.626870599334,12.3134694843644,23.3265456928477,1.51481269672312,4.24898546214523,322.160146935918,256.143159365532,332.877799012465,778.471197223602,528.828192807866,1029.96362542423,93.8539591351017,269.293043655782,12.3778581474951,9.8414307147068,12.7525717714455,29.8023739974774,20.1908107673421,39.3075616074874,3.58265639659882,10.2755364367834,0,0,56.0033947541693,133.330999308257,69.113402730689,128.694050285738,14.6723781381116,39.9635078922335,0,0,0,0,0,0,0,0,267.457250491176,123.928066269726,1128.7850897335,1187.14075551421
"201",2006,1558,16.6666666666667,5883.15113901488,4652.46014384546,1468.63836328676,2818.105709029,785.906862396025,1260.37702210611,148.82903347751,356.723723725604,0,0,0,0,0,0,0,0,0,0,2.44423145035266,4.80251807373224,1.48621739835409,2.39217503687106,0.284425595705108,0.682501673254449,0,0,0,0,0,0,0,0,3767.30758554227,2894.36748284064,712.870423238985,1439.04514318654,477.343392257669,849.035134324814,126.276529007227,335.339045941136,144.745981999027,111.206227274251,27.4759422136223,55.472368312971,18.3929914763095,32.7146901265123,4.8680874065301,12.9276023955227,21390.3646594593,16331.5384580465,4593.03652461495,8955.73659589994,3293.70207858811,5566.07671692582,678.75953375673,1714.02870866605,821.835149302791,627.484111531601,178.943082812753,349.952525132456,129.789533600716,219.92689438187,26.78893245591,67.8057360548363,0,0,8.45436900388299,16.9393992648988,6.42633966498685,10.9341317372936,1.38769219012666,3.52594207394802,0,0,0,0,0,0,0,0,270.721219063669,216.519690338062,233.590088736936,514.999446418914,322.298641864279,608.656719198534,41.4826834422936,116.219462510518,10.4015164557507,8.31903321523629,8.95184358072738,19.724507371175,12.3107026063168,23.2417765559443,1.58493316460139,4.43926138014323,321.413385159111,255.216492971653,333.238170849686,779.103018433143,526.287229656174,1021.30959988293,98.1238436666143,281.147450514393,12.3491673488021,9.80582668988612,12.7667034740721,29.8274012259396,20.0946532627342,38.9790327718334,3.74580349966169,10.7283377317159,0,0,56.0333049044506,133.422257858109,68.753403737366,127.61272911509,15.4464609697412,42.0243915542963,0,0,0,0,0,0,0,0,269.336097630152,124.781204058195,1140.81142041668,1200.94530551026
"202",2006,1558,16.75,5860.17025708384,4631.42442470989,1464.47725958772,2809.91707066584,778.584817102856,1244.17918264463,154.7108058429,370.33854221698,0,0,0,0,0,0,0,0,0,0,2.43802789558038,4.78993584618899,1.47277892452574,2.36205116732433,0.295806180591466,0.70886346048314,0,0,0,0,0,0,0,0,3782.69318202779,2902.84864957286,716.536813983002,1446.40884430623,477.454287753981,846.41107298542,133.390058397232,353.901201674547,145.337121220174,111.532087262924,27.6173135880389,55.7563517679082,18.3972967849897,32.6136470193199,5.14242090334782,13.6434645304756,21368.6889936513,16295.0299779376,4591.70080791629,8952.41989987645,3276.44511262022,5518.97266991629,710.953594247077,1793.95851546575,821.002526099639,626.081393634802,178.891969452214,349.826674078393,129.10889641439,218.065056441342,28.0607464062929,70.970182401586,0,0,8.45906273337421,16.9479665995656,6.39718991176133,10.8494492970179,1.45577670364424,3.69621671745688,0,0,0,0,0,0,0,0,271.678036093664,217.021525175874,234.734867874727,517.516948182755,322.216400530686,606.443521235753,43.2782719155116,121.066436036533,10.4382791764291,8.33831450641648,8.99593417563686,19.8214595622823,12.3080813740543,23.1582688218262,1.65363407036952,4.62468636307841,320.685716052161,254.308448954386,333.597846354877,779.735377524454,523.785926096326,1012.80279176593,102.301290829249,292.683323441536,12.3212100996302,9.77093816704067,12.7808081960329,29.852449281104,20.0000036454734,38.6560983146097,3.9054358434342,11.1690254251489,0,0,56.061579547902,133.509061910994,68.3972969482064,126.547434825271,16.2200804424366,44.0768756076922,0,0,0,0,0,0,0,0,271.221608839735,125.636326254747,1152.86083711449,1214.75352332151
"203",2006,1558,16.8333333333333,5837.17372950933,4610.4516952733,1460.26937663121,2801.63446741042,771.390747753555,1228.34761425606,160.432368828573,383.522129683321,0,0,0,0,0,0,0,0,0,0,2.4317123521612,4.77714753210583,1.45956699085653,2.33259344302975,0.306889496315687,0.734419268260705,0,0,0,0,0,0,0,0,3797.90919390486,2911.19058383727,720.162110224237,1453.68076589922,477.555920208626,843.8028634366,140.558719619188,372.5586935654,145.92174472947,111.852597717527,27.7571027943682,56.0368022370522,18.401246942876,32.5132177093959,5.41889331786639,14.3630389966089,21347.1896664092,16258.8004572548,4590.33473988121,8949.0039938381,3259.53046072093,5472.87161059651,742.949576009728,1873.20699233286,820.176676451095,624.689393844707,178.839617338829,349.696811966009,128.44157841441,216.242471412259,29.3248466522463,74.1078479114663,0,0,8.46358058534449,16.9561792975728,6.36861873710334,10.7665306065898,1.52365779149505,3.86559830085586,0,0,0,0,0,0,0,0,272.631119016596,217.520660671224,235.870135291858,520.015421426032,322.137468705153,604.262374892693,45.0406497821218,125.798404113494,10.4748984245141,8.35749208460298,9.03966033048792,19.9176836195296,12.3055832672193,23.0759727558742,1.72107464283596,4.80574317055786,319.977417689429,253.419206485386,333.957119815813,780.369173923875,521.324958383915,1004.44363650258,106.386604443967,303.903389173607,12.2939970843767,9.73677203022245,12.7948971001712,29.8775522851712,19.9068875145097,38.3387747266223,4.06156487282191,11.5977028277858,0,0,56.088253499879,133.591501129611,68.0451017656973,125.498056794604,16.9932077364839,46.1210220958315,0,0,0,0,0,0,0,0,273.113759545177,126.493422886934,1164.93321481093,1228.56558378823
"204",2006,1558,16.9166666666667,5814.17017948405,4589.54784355603,1456.01787442008,2793.26402920823,764.321798422558,1212.87294904139,165.99666800608,396.284306698621,0,0,0,0,0,0,0,0,0,0,2.42529116552789,4.7641619361472,1.44657682041474,2.30378560220493,0.317680155564834,0.759185695156311,0,0,0,0,0,0,0,0,3812.94737718657,2919.38771849796,723.74441415055,1460.85747846572,477.647628781311,841.209496767823,147.775901061799,391.293172328317,146.499535779754,112.167544739797,27.8952367143458,56.3135874356481,18.4048163330514,32.413363000066,5.69724997133665,15.085618871007,21325.8694103462,16222.8507799473,4588.94017823436,8945.4928822194,3242.95092266603,5427.75079619171,774.753311774871,1951.7944261766,819.357705348672,623.308146123894,178.786100091165,349.563097450991,127.787304214521,214.458261425501,30.5814567931777,77.2195174377607,0,0,8.46793309033523,16.9640445421568,6.34061171354243,10.6853326489696,1.59133337794624,4.03408978277683,0,0,0,0,0,0,0,0,273.580059827582,218.01675132157,236.995583456091,522.493723678114,322.061263764392,602.112001883384,46.7735070985409,130.426628532179,10.5113585238029,8.37655267503514,9.08301014345456,20.013135470488,12.303185706111,22.9948390966846,1.78739557959665,4.98286100717684,319.288633812993,252.548833271032,334.31616676439,781.004978204296,518.904738019721,996.232019627361,110.380474253392,314.811468451823,12.2675338261963,9.70333088080896,12.8089768000999,29.902731768759,19.8153203573964,38.0270575100776,4.21421675013108,12.0145149670186,0,0,56.1133608593219,133.669660446987,67.6968317282036,124.464473995762,17.7658146888261,48.1568933557037,0,0,0,0,0,0,0,0,275.01252237883,127.352482628363,1177.02840971771,1242.38163206118
"205",2007,1558,17,5790.62472298183,4568.20517180994,1451.52211817026,2784.59686978122,756.805470376205,1196.215928865,172.045431369782,410.285780477844,0,0,0,0,0,0,0,0,0,0,2.41886566187025,4.7512027375923,1.43272657857808,2.2727060509506,0.329392925420022,0.786317699602635,0,0,0,0,0,0,0,0,3827.90470718733,2927.53242051922,727.220125030456,1467.91314564442,477.372900699408,837.564296537302,155.443054812524,411.256908625696,147.074220317685,112.480477216211,28.0292752851019,56.5857230954198,18.3942672333698,32.2729809003297,5.99295970158201,15.85560319145,21304.7716013272,16187.2173410763,4587.09305581897,8941.62759452718,3224.2716374178,5376.70615692874,809.096251426766,2037.17302398927,818.547278833603,621.939048839855,178.715235405461,349.415867523797,127.050135962613,212.439652712007,31.9382055649037,80.5996290920901,0,0,8.4724730581227,16.9723579291462,6.30840878329345,10.5922611732331,1.66414242165807,4.21635672526939,0,0,0,0,0,0,0,0,274.541428679716,218.524090650744,238.164291886754,525.090887901214,321.801510595821,599.338747624617,48.7536423171647,135.794236795042,10.5482961232908,8.39604545781239,9.12801694036974,20.1131389919705,12.2937721587786,22.8899031882947,1.86317113337768,5.18823967763483,318.629203082647,251.707129513005,334.682114774541,781.672831964309,516.136014732755,986.90215363087,114.720376361237,326.77666300086,12.2421983410843,9.67099125824368,12.8233194569719,29.9291366193113,19.7104371366706,37.6726282793963,4.38009776273373,12.4717230328373,0,0,56.1394260124082,133.750093125027,67.3017848456313,123.288647277769,18.5948784111018,50.355243236638,0,0,0,0,0,0,0,0,276.892758500514,128.19169917485,1188.986066068,1255.85108123442
"206",2007,1558,17.0833333333333,5765.90523261403,4545.83434382616,1446.55561815478,2775.37922699415,748.256159450795,1176.83701458838,179.231528301057,427.185989759736,0,0,0,0,0,0,0,0,0,0,2.41239504620652,4.73831339929124,1.41692260040106,2.23644414519151,0.343273020634608,0.818988038369646,0,0,0,0,0,0,0,0,3843.00986461417,2935.81592827387,730.562722000629,1474.90162141643,476.38943335609,831.817788378123,164.03329496023,433.785831372881,147.654584621728,112.798742830876,28.1582017131947,56.8552862283804,18.3564062681867,32.051626541645,6.32425186890963,16.7244656295235,21283.8394761959,16151.8582213538,4584.3231840041,8937.08963396466,3200.95766247457,5312.67047543251,848.838700409429,2137.01878461179,817.743215498684,620.580491396645,178.60905328759,349.243155877081,126.130173618124,209.907363464753,33.5078314584166,84.5515368591717,0,0,8.47718693424143,16.9815526018141,6.26708500647437,10.4734188803858,1.74777005860387,4.42775292518383,0,0,0,0,0,0,0,0,275.531935568978,219.057112858573,239.418506706779,527.930358324931,321.150177728942,595.237303784272,51.2431391241962,142.686809470785,10.5863532450668,8.41652501802862,9.17629848280712,20.2224207436681,12.2693944922311,22.7342250902414,1.95841444094161,5.45188446862602,318.000856394548,250.897530723691,335.060111617089,782.400673496592,512.603464956172,975.13403474389,119.868018470724,341.215635953146,12.2180571329851,9.6398851604073,12.8381213708772,29.9578354180479,19.5763753952928,37.2250926857694,4.57684162175626,13.0234110019748,0,0,56.1689225687148,133.839329954626,66.8067856503287,121.80755383526,19.5410431352782,52.8943328352796,0,0,0,0,0,0,0,0,278.72716210742,128.987360496827,1200.62536757444,1268.58051679652
"207",2007,1558,17.1666666666667,5741.13573299813,4523.49990811495,1441.54402404263,2766.05521172105,739.879360823011,1157.98730693039,186.201887519449,443.476611938326,0,0,0,0,0,0,0,0,0,0,2.40563552215107,4.72498171977782,1.40144558151238,2.20117441248967,0.356759744542428,0.850532863908201,0,0,0,0,0,0,0,0,3858.07272913817,2944.05507535598,733.912222230354,1481.89080281976,475.453504468356,826.232477582471,172.705032136231,456.454545119021,148.23332396481,113.115304037561,28.2873873345328,57.1248667847134,18.3203747844659,31.8364791184367,6.65869841134134,17.5987517517541,21262.9552883026,16116.6726628177,4581.52079460705,8932.42083148443,3178.129451412,5250.2089124544,888.242830193395,2235.63010887373,816.940992467334,619.228602488053,178.501521354612,349.065177405482,125.229186882724,207.436882038759,35.0642395329172,88.4548476415261,0,0,8.48124785047149,16.9898599994445,6.22665809360559,10.3574959740966,1.83100472212657,4.63738266564309,0,0,0,0,0,0,0,0,276.515620882004,219.584784451928,240.641750551959,530.709943891601,320.495185140452,591.178275918066,53.6581443721494,149.320295762772,10.6241482692409,8.43679899912894,9.2233924404064,20.3294084273593,12.2448722702889,22.5801500080628,2.05082095678657,5.70566008141153,317.380440087906,250.097329274533,335.434386365046,783.12536248137,509.126155444892,963.599820197971,124.903358879099,355.240728527736,12.1942206048281,9.60914012381458,12.8527798484619,29.9864125255878,19.4444128088947,36.7864503549971,4.76931425161058,13.5593521308601,0,0,56.1965116108441,133.923637517727,66.3187442947769,120.355190246257,20.4846296762157,55.4142420901203,0,0,0,0,0,0,0,0,280.5681491022,129.784950417079,1212.27683700458,1281.29556624655
"208",2007,1558,17.25,5716.33325689967,4501.21445910814,1436.4923553437,2756.63487380885,731.671617789492,1139.65210364297,192.9611386759,459.17447334006,0,0,0,0,0,0,0,0,0,0,2.39862372450435,4.71125229876519,1.38628358921373,2.16686366014501,0.369859255357618,0.880978302584317,0,0,0,0,0,0,0,0,3873.05478140889,2952.22087711948,737.256361669887,1488.85665435187,474.553830425261,820.786623989573,181.448374062622,479.235123273487,148.808958371889,113.429047199814,28.4163614303234,57.3935418744367,18.2857392838964,31.6267032743581,6.99591875828411,18.4773870738265,21242.1426957711,16081.6777146984,4578.69253185368,8927.63501966192,3155.77962783377,5189.28686346102,927.319434281164,2333.04857940785,816.141518709931,617.884037172839,178.392899307787,348.88247262682,124.346893172181,205.026864679482,36.6078457434393,92.311177579252,0,0,8.48475977627674,16.9973917866076,6.18710425441209,10.2444199971884,1.91384814096782,4.84527460678088,0,0,0,0,0,0,0,0,277.492718615089,220.107256297262,241.837386875506,533.435088120876,319.839742000888,587.167617820092,56.0062883317872,155.71902360323,10.6616901863017,8.45687319764388,9.26942782325346,20.434310675761,12.2203282849406,22.4279060280602,2.1406820279908,5.95049504429808,316.769976451147,249.308097048975,335.80524641557,783.848245399944,505.705934983152,952.300350187284,129.825161946405,368.851439678057,12.1707664562077,9.57881654273759,12.8673065036086,30.0149190915456,19.3146198757055,36.3567337147603,4.95746807721016,14.079525642681,0,0,56.2222012324063,134.003121857879,65.8376719948866,118.931222756761,21.4256459636315,57.9152957159051,0,0,0,0,0,0,0,0,282.415674853131,130.584449786979,1223.93982528389,1293.99609817981
"209",2007,1558,17.3333333333333,5691.51313091114,4478.98921191578,1431.40519847171,2747.12743449576,723.629390914357,1121.8168372567,199.513838330274,474.295995874628,0,0,0,0,0,0,0,0,0,0,2.39139141418588,4.69716502530312,1.37142613884774,2.13348081269223,0.382577892753787,0.910350455519769,0,0,0,0,0,0,0,0,3887.92421344386,2960.2896203792,740.585150359002,1495.7796871364,473.681636868489,815.463289646086,190.253811093954,502.100865328411,149.380265729411,113.739061219138,28.5447404930114,57.6605630093834,18.2521625679178,31.4216479611205,7.33554695987625,19.359343996601,21221.4208315925,16046.8869187344,4575.843892201,8922.74379216061,3133.90015047813,5129.86910521368,966.078745777361,2429.31374492658,815.345529336891,616.54731574627,178.283402433708,348.695495318679,123.48298378997,202.675942897264,38.1390446475609,96.1220647854814,0,0,8.48780717238435,17.0042380448555,6.14840003566617,10.1341175661913,1.99630171516271,5.0514552578658,0,0,0,0,0,0,0,0,278.463306133586,220.624563528756,243.008054360283,536.109996588238,319.186114053978,583.209453805438,58.2943969937645,161.904884218507,10.6989819687272,8.476748963485,9.31450581594773,20.5372886007337,12.1958491422123,22.2776510732363,2.22825824853304,6.18722474844219,316.17109233351,248.531082329864,336.172945852524,784.570319282914,502.344194129973,941.235562974984,134.632947875799,382.049493261595,12.1477571933796,9.54896237819473,12.8817109343478,30.0433929395428,19.1870496384563,35.9359408499125,5.14128439295031,14.5839957384676,0,0,56.2460082916577,134.07788758143,65.3635652293479,117.535295509442,22.3641008343732,60.3978162692996,0,0,0,0,0,0,0,0,284.269695809496,131.385839812467,1235.61380502644,1306.68209544858
"210",2007,1558,17.4166666666667,5666.68924044575,4456.83421705542,1426.28677098219,2737.54140905899,715.749095473708,1104.46713380089,205.864467717528,488.857199108052,0,0,0,0,0,0,0,0,0,0,2.38396627965129,4.68275571196976,1.356863837878,2.10099650299097,0.394922139291281,0.938675313931467,0,0,0,0,0,0,0,0,3902.65472802775,2968.24190864503,743.890444850538,1502.64409498383,472.830113202003,810.249261445857,199.112257121367,525.026411028443,149.94623565631,114.044600851367,28.6722118395379,57.9253229873445,18.2193828200294,31.2208051230994,7.67723326791508,20.2436462204662,21200.8051245224,16012.3109553922,4572.97943860009,8917.75692349004,3112.48251343985,5071.92016156394,1004.53045215973,2524.46318370491,814.553617138381,615.218848568913,178.17320987767,348.504628749196,122.637131706046,200.38273770923,39.6582099511908,99.8889717188258,0,0,8.49045913328254,17.0104720782261,6.11052258827098,10.0265156263102,2.07836653099954,5.25594911685641,0,0,0,0,0,0,0,0,279.427342982961,221.136655312515,244.155830507752,538.73792387532,318.535887218429,579.306586293364,60.5285695693967,167.897560620619,10.7360220621679,8.49642434353277,9.35870605768758,20.6384668080965,12.1714953778831,22.1294923810589,2.3137824212993,6.41660017821323,315.585083247285,247.767263188436,336.537677891049,785.292267223781,499.041912247115,930.404608554924,139.326873481313,394.838476119352,12.1252425921571,9.51961520924137,12.89600042593,30.0718599110605,19.0617394616158,35.5240398012147,5.320768806838,15.072897772082,0,0,56.2679560507587,134.148037084669,64.8964081971842,116.16703493053,23.3000037439813,62.86212318303,0,0,0,0,0,0,0,0,286.130168471966,132.189101641074,1247.29833529967,1319.35361980678
"211",2007,1558,17.5,5641.87422653638,4434.75852008058,1421.14096945827,2727.88469815238,708.027127434022,1087.58885044098,212.017431823762,502.873705921522,0,0,0,0,0,0,0,0,0,0,2.37637253725844,4.66805660266562,1.34258815727763,2.06938280704791,0.406898587470743,0.965978694394277,0,0,0,0,0,0,0,0,3917.22466132283,2976.06196444493,747.165637998622,1509.43712895376,471.994026455282,805.134291988838,208.015072183587,547.987799906576,150.506035793296,114.345059900792,28.7985217208745,58.1873319146711,18.1871987946953,31.0237805767085,8.02064501366547,21.1293710596462,21180.3078983603,15977.9581153833,4570.10295562323,8912.68267243715,3091.51788302915,5015.40454415762,1042.68371446509,2618.53258002931,813.766255609204,613.898954183107,178.062470635319,348.310197413134,121.808996881063,198.145869029129,41.1656952268452,103.613288066488,0,0,8.49277224587245,17.0161536787307,6.0734497748881,9.92154208635093,2.16004339591881,5.45877886953216,0,0,0,0,0,0,0,0,280.384698202692,221.643415681964,245.282344928315,541.32137165292,317.890137593842,575.46082189486,62.714248292467,173.714734238362,10.7728054348904,8.51589488216604,9.40209099190012,20.737941002167,12.1473079821994,21.98349901764,2.3974622267728,6.63929580907513,315.012961509336,247.017387605736,336.899574219574,786.014493036139,495.799706288422,919.805959497511,143.907633927191,407.22354060983,12.1032615475751,9.49080377449897,12.9101799205634,30.1003351817679,18.9387128839953,35.1209727740512,5.4959474856301,15.546426886174,0,0,56.2880726230189,134.213670224565,64.4361746862787,114.826053127826,24.2333645168909,65.3085319972256,0,0,0,0,0,0,0,0,287.997048734412,132.994216103251,1258.99303952153,1332.01078996072
"212",2007,1558,17.5833333333333,5617.07962061309,4412.77027097532,1415.97140210703,2718.16464988481,700.459882742892,1071.16810617613,217.977057936435,516.360742645169,0,0,0,0,0,0,0,0,0,0,2.36863135341792,4.65309673208175,1.32859127890304,2.03861307423948,0.418513913104942,0.992286182056846,0,0,0,0,0,0,0,0,3931.61636729951,2983.73713970062,750.405440393641,1516.14865647271,471.169451012349,800.110570849659,216.954080665768,570.962519861575,151.058988151694,114.639952408019,28.9234669443632,58.4462003041421,18.1554594498234,30.8302737267775,8.36546731443922,22.0156513305878,21159.938793834,15943.8346317318,4567.21755843991,8907.52799508163,3070.99719586885,4960.28692987622,1080.54717905735,2711.55577047121,812.983815158058,612.587872071509,177.951307761067,348.112475269893,120.998230081469,195.963962587611,42.661834352179,107.296332479024,0,0,8.49479256948337,17.0213313781435,6.03716023240956,9.81912622842317,2.24133287144334,5.65996555477057,0,0,0,0,0,0,0,0,281.335169917372,222.144678481066,246.388858489364,543.862227207285,317.249547134865,571.67319245829,64.8562686655175,179.372232962272,10.8093243304991,8.53515419540418,9.44470890525203,20.8357833043887,12.1233128399104,21.8397103615732,2.47948214442441,6.85591526738694,314.455490316256,246.28200189982,337.258705861196,786.737148507838,492.617868632428,909.437495762548,148.376390152035,419.211183871029,12.081843383104,9.46254906437395,12.9242520469557,30.1288242978308,18.8179810569879,34.7266593618707,5.66686438120545,16.0048295788517,0,0,56.3063898971651,134.27488411471,63.9828293964353,113.511950395938,25.1641931691703,67.7373537301392,0,0,0,0,0,0,0,0,289.87029140633,133.801163526698,1270.69759066395,1344.65376680968
"213",2007,1558,17.6666666666667,5592.31599732508,4390.87684796986,1410.78142612406,2708.38813104055,693.04377615919,1055.19130690229,223.747595980449,529.33314711922,0,0,0,0,0,0,0,0,0,0,2.36076131892443,4.63790233888359,1.3148659297098,2.00866173565803,0.429774847099509,1.01762307682022,0,0,0,0,0,0,0,0,3945.81553294101,2991.25737327626,753.605638906446,1522.77067480506,470.353479587773,795.172165422819,225.921576649257,593.92951685274,151.60454280251,114.928891808122,29.0468856177452,58.7016204209047,18.1240528591247,30.6400561146301,8.71140328776817,22.9016757498645,21139.7052373802,15909.9450469985,4564.32581343776,8902.29878048938,3050.91125985564,4906.53233230229,1118.12900067939,2803.56482865061,812.206581118537,611.285776766457,177.839823027862,347.911694861502,120.204476810416,193.835656630419,44.1469423818522,110.939355787641,0,0,8.4965578069997,17.0260449066051,6.00163342493281,9.71919911104602,2.32223531088579,5.85952875630511,0,0,0,0,0,0,0,0,282.278506113159,222.640243120001,247.476348706755,546.361912273677,316.61452564366,567.944188172759,66.9589206955309,184.884212743299,10.8455690662009,8.55419457626562,9.48659720634649,20.9320479675826,12.0995254121439,21.6981450490762,2.56000579445264,7.06699827311819,313.91322236,245.561482743514,337.615085358802,787.460165768253,489.496409209751,899.296595218289,152.734689453499,430.809007271101,12.0610093343172,9.43486555123135,12.9382172005303,30.1573244080025,18.6995443469879,34.3409999878069,5.8335781958867,16.4483945140445,0,0,56.3229423880899,134.331772961845,63.5363294012359,112.224317868986,26.0924997614158,70.1488944168052,0,0,0,0,0,0,0,0,291.749849761803,134.609923563234,1282.41169556215,1357.28273788127
"214",2007,1558,17.75,5567.59309402238,4369.08495454999,1405.57417692166,2698.56158267656,685.775255506694,1039.6451634144,229.333218765631,541.805375764162,0,0,0,0,0,0,0,0,0,0,2.35277882442149,4.62249720859646,1.30140527012809,1.97950417532139,0.440688150457367,1.04201434771374,0,0,0,0,0,0,0,0,3959.81064523735,2998.61476888405,756.762910130077,1529.29693589304,469.544006132559,790.31460369377,234.910323429337,616.86918724739,152.142257397489,115.211574713094,29.1686499966357,58.9533518963015,18.0928978816042,30.4529554064836,9.05817404108412,23.7866886642885,21119.6128061347,15876.2924990173,4561.42983118437,8897.00003194866,3031.25082844723,4854.10622417474,1155.43686498705,2894.59014679352,811.434767772434,609.992788828406,177.728100519178,347.708054325445,119.427380204212,191.759606713823,45.6213164008734,114.543544102148,0,0,8.49809890270539,17.0303269720422,5.9668496421376,9.62169374746923,2.40275090061153,6.05748679830511,0,0,0,0,0,0,0,0,283.214420243278,223.129886335545,248.545572538001,548.82149202259,315.985293226542,564.273914697976,69.0260037881778,190.26332061796,10.8815286323934,8.57300744662023,9.5277848370304,21.0267755609314,12.0759539012708,21.5588070039519,2.63917803747991,7.2730268738626,313.386530780865,244.856062830424,337.968671375994,788.18328784083,486.435095900031,889.380218406324,156.984397386166,442.025509952753,12.0407737381471,9.40776217552384,12.9520737172793,30.1858254285907,18.5833938749319,33.9638791334014,5.99615978007155,16.8774446343307,0,0,56.337766430201,134.384428056887,63.0966253286634,110.962739730874,27.0182942705956,72.5434547029347,0,0,0,0,0,0,0,0,293.635675252128,135.420475083347,1294.1350847255,1369.89790728056
"215",2007,1558,17.8333333333333,5542.91989932587,4347.4006914635,1400.35258987713,2688.69106142067,678.650811392807,1024.5167019778,234.738022524054,553.791510748279,0,0,0,0,0,0,0,0,0,0,2.3446983409644,4.60690294115705,1.28820282360514,1.9511166476437,0.451260594397703,1.0654845990076,0,0,0,0,0,0,0,0,3973.59259914965,3005.80328518792,759.874684473358,1535.72267366663,468.739573834914,785.534585315359,243.913546879994,639.763352596383,152.671782106477,115.487769005143,29.2886612731063,59.2012112692578,18.061938327268,30.2688443023968,9.40551842390866,24.6699891026004,21099.6654964583,15842.8789306121,4558.53133404305,8891.63599847961,3012.00665097551,4802.97461559357,1192.4780101825,2984.66051264729,810.668528666778,608.708982903597,177.616209242465,347.501722484958,118.666582997793,189.734488778337,47.0852363458676,118.110021738417,0,0,8.49944115307347,17.0342044750199,5.93278996918876,9.52654514626282,2.48287969746969,6.25385691739442,0,0,0,0,0,0,0,0,284.142602128644,223.613370335689,249.597109600413,551.241749593885,315.361931653854,560.662190909479,71.0608728324389,195.520831928437,10.9171911114843,8.59158367011878,9.56829393219607,21.1199958324266,12.0526012222346,21.4216891883559,2.7171267375729,7.47443069290696,312.87563270613,244.165850349234,338.319374234812,788.906095083398,483.433488932821,879.684978768295,161.127643969391,452.869925731989,12.0211449372733,9.38124309402581,12.9658180844432,30.2143110529751,18.4695128290517,33.5951680169786,6.15469007680775,17.2923309303044,0,0,56.350899648224,134.432937854234,62.6636622534293,109.726794907358,27.9415865001593,74.9213295682775,0,0,0,0,0,0,0,0,295.527717354246,136.232796125541,1305.86750628751,1382.49948976706
"216",2007,1558,17.9166666666667,5518.30474148685,4325.8296284842,1395.11942208928,2678.78228079423,671.666986513484,1009.7932736432,239.966027790222,565.305268284019,0,0,0,0,0,0,0,0,0,0,2.336532699232,4.59113921508374,1.27525240320782,1.92347619072848,0.461498941341114,1.08805803833011,0,0,0,0,0,0,0,0,3987.15430580743,3012.81842673977,762.939010537316,1542.04433185607,467.939225211301,780.829698326007,252.9249255021,662.595224903782,153.192844563733,115.757301961964,29.4068443750728,59.4450615468554,18.0311372033744,30.087629662545,9.75319265258401,25.5509294617651,21079.8659924535,15809.7052988066,4555.63172374366,8886.21030627036,2993.16952214162,4753.10412956283,1229.25925031898,3073.80319139151,809.907966930532,607.434395762244,177.504205741015,347.2928439368,117.921729458433,187.759002118813,48.5389658913387,121.639854340299,0,0,8.50060533155284,17.0376997441304,5.89943626488516,9.43369037997775,2.56262166356679,6.44865542347325,0,0,0,0,0,0,0,0,285.062728732696,224.090450834451,250.631405394136,553.623260538261,314.744436673446,557.108648632534,73.066484055136,200.666787045666,10.9525440918777,8.60991386090318,9.60814147969708,21.2117305676043,12.0294670101224,21.2867774291785,2.79396451646756,7.67159215827156,312.38061289782,243.49084848697,338.667061252315,789.628031324435,480.490973294701,870.207207858258,165.166771590933,463.352065026866,12.0021261887031,9.35530842917983,12.9794451435677,30.2427597496847,18.3578777013995,33.2347270803356,6.30925813135525,17.6934264026155,0,0,56.3623804156232,134.477388034002,62.2373805747188,108.516058701383,28.8623860119183,77.2828081210358,0,0,0,0,0,0,0,0,297.42592342926,137.046863849886,1317.60871970258,1395.08770455054
"217",2008,1558,18,5493.41588445746,4303.99236970314,1389.64495527437,2668.61710897198,664.710087776461,994.832935304615,245.196714816026,577.060194175831,0,0,0,0,0,0,0,0,0,0,2.32838260045507,4.57535477854311,1.2623407009881,1.89536269260597,0.471743875693718,1.11109398201543,0,0,0,0,0,0,0,0,4000.67841276718,3019.82397694003,765.824108187312,1548.14636240765,467.067903959703,775.711638705862,262.065833718046,685.90770571272,153.712462380463,116.026466403719,29.518140008824,59.6804690283885,17.9976019805354,29.8904949947353,10.1058733864619,26.450428340238,21060.7409001988,15777.1744963112,4552.00222543123,8880.07162023977,2974.23757759269,4701.48324524283,1266.57654475539,3165.36471398466,809.173314891004,606.184507201018,177.36420688071,347.056590840806,117.173056065712,185.714201762737,50.0138610121341,125.265230916692,0,0,8.50193290241265,17.0413221518717,5.86580603137022,9.33715890205549,2.64353922295073,6.64850905995704,0,0,0,0,0,0,0,0,286.001648871245,224.575958147325,251.704751085906,556.061039901664,314.139496377102,553.334653601776,75.134602283198,206.108487667684,10.9886191450489,8.6285678234572,9.64948414612488,21.3056183859969,12.0068067090344,21.14342483072,2.87319850981733,7.88007365744618,311.916949659807,242.845679764347,339.01486223389,790.361053528755,477.527962631716,860.396605705937,169.23061908463,474.089075883373,11.9843121921475,9.33052000164644,12.9930735208041,30.2716276146164,18.2454476560446,32.8615390937862,6.46478615076172,18.1043002945777,0,0,56.374920721049,134.522334548095,61.8075067631623,107.262091797751,29.7971884965012,79.7041418825429,0,0,0,0,0,0,0,0,299.302312861379,137.847210445032,1329.18631685557,1407.42414305753
"218",2008,1558,18.0833333333333,5468.2481182906,4281.88882953744,1383.93829673616,2658.19868394849,657.779157438464,979.673947413113,250.42225935109,589.009636849452,0,0,0,0,0,0,0,0,0,0,2.32013800981835,4.55943782825775,1.24947662446881,1.86685783409991,0.481982899864399,1.1345104398981,0,0,0,0,0,0,0,0,4014.21186715928,3026.8519819325,768.556628035122,1554.07330888632,466.141279913731,770.230031782834,271.341041560387,709.710007098354,154.232439340491,116.296493594499,29.6235695015335,59.9091424432119,17.9619351201383,29.6793500815212,10.4637435375184,27.3688382265922,21042.2375632473,15745.2440227604,4547.6650175836,8873.22990302832,2955.2125853419,4648.26932025308,1304.40205663964,3259.16440667646,808.462549474302,604.957684286369,177.197044394724,346.793319818045,116.420647754966,183.606313040211,51.5088264563161,128.979022732586,0,0,8.5029981043918,17.0446436488058,5.83193663306702,9.23729136791739,2.72558894744656,6.85311203127592,0,0,0,0,0,0,0,0,286.957436921053,225.069164757052,252.801392211798,558.535374411702,313.539314068727,549.344729662833,77.2581617141478,211.801729170505,11.0253422857555,8.64751760539992,9.69171745842718,21.4009032679193,11.9843223290718,20.9918035948994,2.95455850786944,8.09818597239914,311.480690295309,242.226417784517,339.363677200515,791.102685361399,474.547003801687,850.277674572054,173.31635774712,485.053318785704,11.9675510795289,9.30672695296074,13.0067377025323,30.3008197352068,18.1323198196538,32.4765384813629,6.62116602721958,18.5238975985726,0,0,56.388357021909,134.567474661556,61.3743933965986,105.968652267047,30.7454752103393,82.1815649207784,0,0,0,0,0,0,0,0,301.157374775535,138.634076948284,1340.60421846404,1419.510038225
"219",2008,1558,18.1666666666667,5443.140031682,4259.90120847628,1378.23210428086,2647.75158063667,650.980472383505,964.937672565462,255.470466281126,600.461618711359,0,0,0,0,0,0,0,0,0,0,2.31170362814251,4.54325397547934,1.23686000725232,1.83914412075943,0.491888283358259,1.15698732170623,0,0,0,0,0,0,0,0,4027.57119084102,3033.73881544089,771.267760606941,1559.94039583746,465.233703578084,764.869945961827,280.622866151485,733.445018973743,154.745725920164,116.561096751104,29.7281690228961,60.1355023734026,17.9270017800408,29.4728864543346,10.8218828304404,28.2846913938673,21023.8330822267,15713.5115403626,4543.34484534997,8866.33502487998,2936.57433749893,4596.41185123387,1341.95736622876,3351.91023485315,807.755580774963,603.738468542136,177.030447301717,346.527807301478,115.683412914105,181.551860514825,52.9931905150325,132.651177745819,0,0,8.50344177379128,17.0471421746083,5.79876978861207,9.13994467553307,2.80722609166524,7.0559026861051,0,0,0,0,0,0,0,0,287.902894408606,225.555050768301,253.864024355033,560.950538172843,312.936294336456,545.415108589685,79.3495378205612,217.35069604257,11.0616685081096,8.66618611828683,9.73264568065783,21.4939188674322,11.9617235611276,20.8424687898337,3.03469501659616,8.31080372129536,311.05596858781,241.617903307875,339.709706869848,791.839213811866,471.625892572986,840.392096124591,177.300609703552,495.646077239832,11.9512332475628,9.28334684084781,13.0202931940049,30.3298122274328,18.0214665118155,32.1004137435355,6.77368341480739,18.9293502945045,0,0,56.3999855352449,134.608338961866,60.948140635203,104.703324317444,31.6909350314622,84.639651361975,0,0,0,0,0,0,0,0,303.018592294153,139.422656845739,1352.03176761536,1431.57942854713
"220",2008,1558,18.25,5418.10144242205,4238.03619490421,1372.5291971869,2637.28202899419,644.311212286602,950.611058582286,260.345386841878,611.431037750551,0,0,0,0,0,0,0,0,0,0,2.30311170057925,4.52683991046969,1.22448247847806,1.81219482767324,0.501466599226393,1.17855007309248,0,0,0,0,0,0,0,0,4040.74133816049,3040.47399560282,773.952058043257,1565.737322792,464.341451153992,759.623078993359,289.90503746415,757.095349541055,155.251744041473,116.819873143618,29.8317296754755,60.3591534127075,17.8926587918813,29.2707848216591,11.1800495194356,29.1973172699327,21005.5357532379,15681.9822179231,4539.04433471965,8859.39337560708,2918.31552076608,4545.8762858259,1379.24910612426,3443.63313586909,807.052727541082,602.527058561967,176.864520131763,346.260305477999,114.961068125782,179.549494226424,54.467210410542,136.282907273738,0,0,8.50336867644159,17.0489241606229,5.76628294358646,9.04504829443398,2.88845158464189,7.25690580519692,0,0,0,0,0,0,0,0,288.837995841964,226.033535578634,254.895566427227,563.310225145359,312.331955292653,541.54754768007,81.4114593569597,222.767103521698,11.0975968326452,8.68457026524348,9.77238075048938,21.5848066863602,11.9390683820376,20.6954878543173,3.11371200542099,8.5183734803795,310.643304122331,241.020578444206,340.05202097684,792.569865391959,468.763844289371,830.736166256798,181.185888650363,505.876970672678,11.9353786597689,9.26039665186649,13.033704219418,30.3585751687899,17.9128577646251,31.7330240759732,6.92243383163811,19.3210238270751,0,0,56.4097952916072,134.644978893038,60.5286869276543,103.465603485503,32.6335872957902,87.0787797280108,0,0,0,0,0,0,0,0,304.885898477746,140.21292438896,1363.46826669626,1443.63235675926
"221",2008,1558,18.3333333333333,5393.14127835734,4216.29976765511,1366.83216643262,2626.7958078421,637.768563410666,936.681367738908,265.050991472043,621.932363211538,0,0,0,0,0,0,0,0,0,0,2.2943897288796,4.51022788200576,1.21233665016589,1.78598467041485,0.510724407868301,1.19922374617827,0,0,0,0,0,0,0,0,4053.71035852456,3047.04941442955,776.605118557342,1571.45588382709,463.46170820422,754.482871070296,299.18176265297,780.645072287488,155.750034543519,117.072511250149,29.9340826642766,60.5797805008245,17.8587979057512,29.0727927974675,11.5380201734519,30.1061015262538,20987.3518225584,15650.6596824872,4534.76556327042,8852.41027868046,2900.42867421369,4496.62847226911,1416.28350324828,3534.36240400218,806.354229764601,601.32359370261,176.699346155091,345.991025165356,114.253324074312,177.597879458592,55.9311277725112,139.87535915519,0,0,8.50286452352781,17.0500768302389,5.73445566628046,8.95253396817072,2.96926604761855,7.45614464544253,0,0,0,0,0,0,0,0,289.762662134272,226.504505608993,255.898455961049,565.617461044915,311.72746279743,537.743136682865,83.4463321287483,228.061422332216,11.1331242206961,8.70266568238086,9.81101613073792,21.6736825844845,11.9164012818715,20.5509026519933,3.19170109542762,8.72129426274198,310.243036662156,240.434734894966,340.389828444824,793.293858838499,465.959948299221,821.305921521165,184.974821453581,515.756129928197,11.9200003706476,9.23788759364684,13.0469403549288,30.3870783693509,17.8064588067658,31.3742187814866,7.06751711756839,19.6993031994455,0,0,56.4177883064234,134.677453199277,60.1159638815338,102.254981466167,33.5734505537853,89.4993195746667,0,0,0,0,0,0,0,0,306.759226053796,141.00485348808,1374.91310107814,1455.66891915686
"222",2008,1558,18.4166666666667,5368.26771930141,4194.6973101553,1361.14340967545,2616.29831244388,631.349732123614,923.136182497705,269.591173652238,631.979659008697,0,0,0,0,0,0,0,0,0,0,2.28556139953115,4.49344647713262,1.20041585723316,1.76048954985852,0.519668247435862,1.21903297475129,0,0,0,0,0,0,0,0,4066.46877737045,3053.45885416359,779.223372635202,1577.08952775703,462.592341602921,749.444060969964,308.447691535574,804.079631959281,156.240233398449,117.31877217451,30.0350911042966,60.797132063445,17.8253370406177,28.878707872642,11.8955883570675,31.0104824867937,20969.285909148,15619.5463447821,4530.51017224613,8845.39021018006,2882.90626631551,4448.63476769395,1453.06641527693,3624.12582567131,805.66026491439,600.128166587899,176.534991712064,345.720144283332,113.559888549323,175.695700981762,57.3851700331725,143.429622939842,0,0,8.50200021623534,17.0506725557508,5.70326919296532,8.86233568046145,3.04966990630859,7.65364123886911,0,0,0,0,0,0,0,0,290.67677815414,226.967826944149,256.874752027728,567.874759665897,311.123732340741,534.002495910989,85.45628129867,233.243035323392,11.1682462487087,8.72046722446181,9.84863076000656,21.7606427798581,11.8937571706981,20.4087370700176,3.26874317802893,8.91992350817172,309.85536096219,239.86054306452,340.722448749068,794.010406255849,463.213193664059,812.097196184267,188.670112059233,525.294048310203,11.9051058632589,9.21582621339038,13.0599754269816,30.4152914078104,17.702231041388,31.023839437992,7.20903605517455,20.064587280982,0,0,56.4239762818943,134.70582569932,59.7098979255445,101.070948352209,34.5105425471623,91.9016316489573,0,0,0,0,0,0,0,0,308.638507084869,141.798417608548,1386.36572006281,1467.68924956175
"223",2008,1558,18.5,5343.48826998593,4173.23366948068,1355.46514905422,2605.7945885481,625.051953595642,909.963414861524,273.969750415896,641.586590017755,0,0,0,0,0,0,0,0,0,0,2.27664707332734,4.47652103869771,1.18871403544056,1.73568644031426,0.528304623871944,1.23800194797652,0,0,0,0,0,0,0,0,4079.00926543988,3059.69772763994,781.803969140564,1582.63312401753,461.731778790456,744.502449559734,317.697902192391,827.385806095368,156.72205900444,117.558479670486,30.134645656112,61.0110110370586,17.7922156505321,28.6883683393662,12.2525640822488,31.9099496655709,20951.3412313115,15588.6435746711,4526.27942625381,8838.33691469262,2865.7407380196,4401.86210784586,1489.60334802926,3712.94974247695,804.970956644896,598.940829850004,176.371508518384,345.447812336533,112.880468125507,173.841665786392,58.829551090656,146.94673229405,0,0,8.50083402716063,17.0507710842948,5.67270620024502,8.77438961372921,3.12966344950817,7.84941656463772,0,0,0,0,0,0,0,0,291.580202275055,227.423352214879,257.826189311423,570.08420419795,310.521477716715,530.325870956686,87.4431759604143,238.320327137223,11.2029574751465,8.73796922932516,9.88529112855046,21.8457669705397,11.8711632453254,20.2690006522787,3.34490935558544,9.11458051358055,309.480345948637,239.298068178317,341.049297561748,794.718716636903,460.522487969997,803.105664889127,192.274517098909,534.501482825597,11.8906977861338,9.19421501715653,13.0727869599913,30.443183762467,17.6001327633214,30.6817215233283,7.34709543769281,20.4172850340552,0,0,56.4283789032478,134.730164160016,59.3104112104415,99.9129940790519,35.4448801703783,94.2860677546079,0,0,0,0,0,0,0,0,310.523672803233,142.593589724171,1397.82562763128,1479.69351159
"224",2008,1558,18.5833333333333,5318.80983350941,4151.91321566597,1349.79944923379,2595.28936702921,618.872499336487,897.151311222283,278.190463765381,650.766432315826,0,0,0,0,0,0,0,0,0,0,2.2676642725624,4.45947408512933,1.17722560287708,1.7115532765771,0.536640001695986,1.25615438943244,0,0,0,0,0,0,0,0,4091.32631118667,3065.76282225543,784.344662700104,1588.08273159904,460.878892541051,739.654676893507,326.92788041612,850.551647377735,157.195299599072,117.791510304726,30.2326602103094,61.2212660100317,17.7593903021735,28.5016447367324,12.6087730236944,32.8040415667909,20933.5198310487,15557.9518739093,4522.07427237727,8831.25352002212,2848.92454239648,4356.27806452213,1525.89947650418,3800.85912801999,804.28638341588,597.761602766975,176.20893594855,345.174154852558,112.214769710343,172.034505339717,60.264472113723,150.427667942504,0,0,8.49941374769393,17.0504217255635,5.64275057955563,8.68863409019391,3.20924688543007,8.04349071967253,0,0,0,0,0,0,0,0,292.472775448756,227.870927061759,258.754231387252,572.24752660216,309.92125764228,526.713223059896,89.4086548452721,243.300778624015,11.2372517891029,8.75516576623496,9.9210533235311,21.9291213817465,11.8486407768607,20.1316920652914,3.42026192532713,9.30555004480703,309.117953901864,238.747286354471,341.369872553506,795.417999559897,457.886674983717,794.326881666583,195.790823449928,543.389361581969,11.8767746903072,9.17305308735815,13.0853556301442,30.4707249492415,17.5001198324052,30.3476959013838,7.4818012117626,20.7578119760581,0,0,56.4310221790493,134.750539214312,58.9174224800486,98.780609752041,36.3764794646074,96.6529707662765,0,0,0,0,0,0,0,0,312.414653473544,143.39034228235,1409.29237334656,1491.6818911912
"225",2008,1558,18.6666666666667,5294.23878487073,4130.73990104908,1344.14823555274,2584.78709878511,612.808683887415,884.688453916262,282.256982612831,659.532086076022,0,0,0,0,0,0,0,0,0,0,2.25862816233506,4.44232573016001,1.16594534763899,1.68806884359196,0.544680794999562,1.27351353990324,0,0,0,0,0,0,0,0,4103.41589764406,3071.65204815545,786.843702966467,1593.43537242784,460.032891489979,734.898012341085,336.133494546206,873.566411084202,157.65980084406,118.017783781674,30.3290676436238,61.4277825335008,17.7268304729981,28.3184317956852,12.9640555568923,33.6923429126797,20915.8227950919,15527.4710457268,4517.89539837347,8824.14264991963,2832.45018111325,4311.85089262981,1561.95966882499,3887.87767599779,803.606586984926,596.590477778407,176.047303284534,344.899277744628,111.56250196969,170.272977441477,61.6901224587329,153.873361046549,0,0,8.49777877923297,17.0496654770236,5.61338721621701,8.6050094923623,3.28842039564328,8.23588308892372,0,0,0,0,0,0,0,0,293.354329758994,228.310396147097,259.660122764395,574.366184262628,309.323519242816,523.164312942458,91.3541533146348,248.191066441955,11.2711227389506,8.7720508668687,9.95596502684077,22.0107617083764,11.82620677779,19.9968023128769,3.49485541248059,9.49308614668526,308.768059641418,238.208100656669,341.683739554733,796.107469362187,455.304551952828,785.75631768588,199.221826789747,551.968694047945,11.8633317664336,9.15233669954029,13.0976647331088,30.4978846782829,17.4021463335524,30.0215902608958,7.6132596583152,21.0865867510546,0,0,56.4319368408785,134.767023334798,58.5308479156974,97.673288901564,37.3053556311253,99.0026747358312,0,0,0,0,0,0,0,0,314.311378287819,144.188647183623,1420.76554358714,1503.65458962097
"226",2008,1558,18.75,5269.78102418627,4109.71730335363,1338.51330719917,2574.29198001889,606.857869177073,872.563760286391,286.172904261935,667.896086202874,0,0,0,0,0,0,0,0,0,0,2.24955189060798,4.42509398941705,1.15486836149642,1.66521270833825,0.552433359452383,1.29010214611031,0,0,0,0,0,0,0,0,4115.27527265002,3077.3642593958,789.299756490508,1598.68887257376,459.193247313238,730.230215420018,345.310973763876,896.420490290782,158.115456996937,118.23725607232,30.423816824372,61.6304770317435,17.6945157551205,28.1386430954378,13.3182659281438,34.5744821661173,20898.2504117896,15497.2003149102,4513.74327377545,8817.00650312786,2816.31022769658,4268.54955548732,1597.78850618176,3974.02787459397,802.931578435079,595.427425099148,175.886631304459,344.623270371672,110.923376239747,168.555867231901,63.1066804331475,157.284696056712,0,0,8.49596154160101,17.0485364420703,5.58460184351339,8.52345816760002,3.3671841682856,8.42661247002104,0,0,0,0,0,0,0,0,294.224694007848,228.741606974752,260.544924798521,576.441411314271,308.728623574877,519.678749846003,93.2809253979592,252.99714457234,11.304563746977,8.78861867208077,9.99006689371892,22.0907350855207,11.8038749800953,19.8643166159898,3.56873741384779,9.67741526163746,308.430464659899,237.680352946273,341.990523307372,796.786349767472,452.774884053387,777.389392889853,202.570315043339,560.250501542037,11.850361387832,9.13205977775673,13.1096998283625,30.5246330292484,17.3061651287026,29.7032303229226,7.7415767605359,21.4040284746528,0,0,56.4311572882255,134.779690192861,58.1506017217686,96.5905284021204,38.2315230487432,101.335504992181,0,0,0,0,0,0,0,0,316.213775337005,144.988475788927,1432.24475596826,1515.61181923629
"227",2008,1558,18.8333333333333,5245.44202170268,4088.84866215752,1332.89634839583,2563.80797370114,601.017467769622,860.766480148586,289.941755871798,675.870612632242,0,0,0,0,0,0,0,0,0,0,2.24044687228911,4.4077950403186,1.1439899886286,1.6429651650382,0.559903985442843,1.30594245302453,0,0,0,0,0,0,0,0,4126.90275662497,3082.89910473121,791.711841673735,1603.84173058099,458.359636822169,725.649426189402,354.456886750321,919.105351163226,158.56220352557,118.449913681261,30.5168701190324,61.8292917521434,17.6624336314741,27.9622068541599,13.671271438029,35.4501290551357,20880.8023022587,15467.1384278238,4509.61818417217,8809.84691905667,2800.4973453906,4226.34374052201,1633.39030159679,4059.33107672047,802.261343213832,594.272396562303,175.726933607912,344.346208081515,110.29710722865,166.881987824833,64.5143140144035,160.662513407907,0,0,8.4939886255651,17.0470629856336,5.55638092355289,8.44392433489721,3.44553842396162,8.61569717732953,0,0,0,0,0,0,0,0,295.083698101498,229.164412821905,261.409545262796,578.474260163445,308.136864961494,516.256028504618,95.1900634763922,257.724317405838,11.3375682778921,8.80486354454573,10.0233936879233,22.1690816824737,11.7816565759536,19.7342158295074,3.64194935128034,9.8587390258451,308.104909194951,237.163833996431,342.289899924247,797.453878315098,450.296416625073,769.221502615075,205.839054699814,568.245758929737,11.8378535743086,9.11221428317045,13.1214484492409,30.5509406195503,17.212128324496,29.3924408574645,7.86685768155559,21.7105545073713,0,0,56.4287207357617,134.788614154705,57.7765966072807,95.5318292278313,39.1549953004875,103.651778272008,0,0,0,0,0,0,0,0,318.121771612663,145.789798937472,1443.72965487491,1527.55380024474
"228",2008,1558,18.9166666666667,5221.22686191361,4068.13691462579,1327.29893938461,2553.33883066238,595.284945815726,849.286192403888,293.566996042294,683.467501162442,0,0,0,0,0,0,0,0,0,0,2.23132306715149,4.39044347601941,1.13330577428378,1.62130717952636,0.567098891846797,1.32105619778763,0,0,0,0,0,0,0,0,4138.29755482137,3088.25688217402,794.079265329218,1608.89298917909,457.531886326313,721.154060665021,363.568119204923,941.613464571739,159.000009894487,118.655768058607,30.6082009604395,62.0241898446828,17.6305773391403,27.7890619126478,14.0229515809364,36.3189919556953,20863.4775484833,15437.2837498541,4505.5202646896,8802.66544190164,2785.004304116,4185.20387252024,1668.76911917528,4143.80757198578,801.595846054836,593.125329363188,175.568217910526,344.068154694012,109.683413683114,165.250180845533,65.9131815878194,164.00761228243,0,0,8.49188192443423,17.0452688696831,5.5287115295933,8.36635399655708,3.52348344099332,8.80315514116829,0,0,0,0,0,0,0,0,295.931177228987,229.578675507135,262.254767185076,580.465641881719,307.548490124619,512.895565686159,97.0825175887001,262.377311659442,11.3701299993836,8.82078017511237,10.0559753887119,22.2458362534172,11.7595609505332,19.6064778422359,3.71452721067759,10.0372370206034,307.791084078687,236.658293400226,342.581589465207,798.109310519287,447.867886347884,761.248041761143,209.030778149669,575.965339858823,11.8257964474296,9.09279059474052,13.1328998175159,30.576778762374,17.1199876994624,29.089046606412,7.98920628124249,22.0065783634532,0,0,56.4246663768616,134.793869784605,57.4087442549228,94.4966971700674,40.0757852081672,105.951802883275,0,0,0,0,0,0,0,0,320.035293016923,146.592586967881,1455.21990702067,1539.48075745646
"229",2009,1558,19,5196.59977655794,4046.96169334095,1321.40044627784,2542.54592663349,589.138247069641,836.883484424284,297.677265264198,692.010767325201,0,0,0,0,0,0,0,0,0,0,2.22233738490948,4.37321031119523,1.12182568603596,1.59787605594126,0.575217001862218,1.33797494507705,0,0,0,0,0,0,0,0,4149.75342835168,3093.67277053584,796.234321553995,1613.69656887474,456.314141771941,715.700593924038,373.141416882043,965.094869521883,159.440162875402,118.863855150391,30.6913734643477,62.2095674838161,17.5836923247532,27.5789957660339,14.3924474314163,37.2253846089289,20846.9934459478,15408.0616327117,4500.50832499542,8794.56972672703,2767.38180289337,4139.0106240472,1706.88105428675,4233.998607576,800.962645697173,592.002566211122,175.374529296547,343.755090595607,108.985837789875,163.418837241274,67.4197106066531,167.578275750467,0,0,8.49023539824045,17.0438152111959,5.49674308200784,8.27852539355929,3.60690477657514,9.00209149033853,0,0,0,0,0,0,0,0,296.816669342943,230.004289023164,263.190717005202,582.55157717592,306.794973277397,508.938350292861,99.2959371142211,267.769707752383,11.404152234512,8.83713292284877,10.0920330330533,22.3262094149815,11.7311441208185,19.4559101324033,3.79938198293356,10.244010563,307.510262882751,236.181894008872,342.877645899878,798.769444495248,445.094965508177,752.352889017605,212.62223228355,584.603611944672,11.8150073700935,9.07448655828881,13.1445144686882,30.6027889473697,17.0146694799995,28.7503971673422,8.12684646689283,22.3377393006235,0,0,56.4238320221148,134.801663518747,56.9966266423877,93.3470960350657,41.0550204476988,108.383503619151,0,0,0,0,0,0,0,0,321.902165882898,147.374974816724,1466.40218893048,1551.06739879725
"230",2009,1558,19.0833333333333,5171.82573793326,4025.64149176731,1315.37566700863,2531.6051292191,582.874779219843,824.280351102124,301.910504762311,700.724929284612,0,0,0,0,0,0,0,0,0,0,2.21327658574806,4.35587157347553,1.11012448263587,1.57405676822642,0.583574434643268,1.35522906172358,0,0,0,0,0,0,0,0,4161.19195703744,3099.07594255086,798.301342133297,1618.39215271885,454.948223755834,709.918439614491,382.933839689412,988.972747874897,159.879649439652,119.071453659794,30.7711578316633,62.3907843152132,17.531095512959,27.3562600280191,14.7703960690948,38.1470759434813,20830.8922033094,15379.1873441279,4495.09369620884,8786.02870601966,2749.00391807152,4091.27435734966,1746.06424422725,4326.1442938522,800.344153624709,590.893167226643,175.165379928703,343.424860228153,108.258498198083,161.526557564119,68.9684607214356,171.226062849524,0,0,8.48826072259826,17.0418939834211,5.46323278191306,8.18748266113512,3.69254934158922,9.20508846149719,0,0,0,0,0,0,0,0,297.711133709856,230.430066553166,264.13836077174,584.638870920192,305.959944653596,504.749654240284,101.62156519339,273.38878341892,11.438519194462,8.8534919723303,10.128536542974,22.4066301028665,11.6996038172088,19.2964755214258,3.88853140137048,10.4594595026028,307.245574466821,235.71931740944,343.173118176157,799.418466153385,442.197732789677,743.164209609364,216.349570549522,593.481948011599,11.804838128019,9.05671361585516,13.1561034345651,30.6283662971843,16.9045857364718,28.4004946036579,8.26969292528201,22.6781060607365,0,0,56.4234402045256,134.808298069461,56.568612969241,92.1621730673045,42.0587691834467,110.862588182851,0,0,0,0,0,0,0,0,323.750518133578,148.148707744781,1477.44270919446,1562.48274085222
"231",2009,1558,19.1666666666667,5147.15828458541,4004.46710747821,1309.37593871053,2520.67804220774,576.73610349175,812.046766996403,305.976240742464,709.002032089254,0,0,0,0,0,0,0,0,0,0,2.20407748956676,4.33835987448322,1.09865873410583,1.55093492040033,0.591616706314515,1.37165469966282,0,0,0,0,0,0,0,0,4172.47381749649,3104.35524406875,800.357107013088,1623.04480610805,453.616999548538,704.290859142212,392.713847129536,1012.70765998917,160.313116560094,119.274292866608,30.8505006723759,62.5703364605621,17.47983413015,27.1394778594691,15.1478752252891,39.0632788105218,20814.8398976431,15350.4611695045,4489.71544445157,8777.46034809599,2731.00610430351,4044.82784099482,1784.94619740709,4417.20881296363,799.727540412934,589.789459047534,174.957543650777,343.093401723176,107.546115142858,159.685198024467,70.5053745390002,174.831100725138,0,0,8.48571134851043,17.0392307693845,5.43042794258796,8.09888847506323,3.77768329339433,9.40605401769097,0,0,0,0,0,0,0,0,298.591474144924,230.846794145087,265.04709686481,586.665622864837,305.122593882497,500.638265348475,103.901920794089,278.856710038711,11.4723434888928,8.8695033087589,10.1635464061067,22.4847270464493,11.66796817338,19.1399788039738,3.97595347673245,10.6691393281375,306.986816373683,235.261774756243,343.461718325581,800.047568948251,439.358913994056,734.199279565441,219.992748930986,602.05143716606,11.7948967276665,9.03913408590939,13.167426272402,30.6531740849548,16.796721419745,28.0591061779269,8.40933367568085,23.0067011823254,0,0,56.4212194252798,134.810908492391,56.148149781679,91.0060112747421,43.0586197896569,113.320285149106,0,0,0,0,0,0,0,0,325.604387948348,148.923856412238,1488.48501198087,1573.87617983656
"232",2009,1558,19.25,5122.60624660017,3983.44438977212,1303.40352120212,2509.77005451557,570.719527981607,800.170539022662,309.878793000444,716.856732260893,0,0,0,0,0,0,0,0,0,0,2.19477039595384,4.32070807070272,1.08742033210632,1.52848512355581,0.599350442556573,1.38727637316534,0,0,0,0,0,0,0,0,4183.58226322043,3109.4989746117,802.395064984186,1627.64183085997,452.315397302984,698.806882036214,402.47555523306,1036.28578169144,160.739920809092,119.471923219764,30.9291508748841,62.7477367024925,17.4297132768007,26.9282274685181,15.5246582246672,39.9734603808826,20798.8468965882,15321.8898850281,4484.37625669477,8768.87146148378,2713.38136556829,3999.63648235601,1823.5341739038,4507.22371071773,799.113204403069,588.691702025606,174.751127603763,342.760983656253,106.848415588414,157.89340102348,72.0307348387503,178.394629519086,0,0,8.48269187265742,17.0359298049405,5.39830742984676,8.01267184080262,3.86231039501695,9.60502336868837,0,0,0,0,0,0,0,0,299.457961469494,231.254556358306,265.920652953048,588.636137537588,304.285213036589,496.605719665515,106.140590120032,284.185118827658,11.5056355231696,8.88517018104115,10.1972056441996,22.5606653103709,11.6363249628217,18.9864792853705,4.06178511536734,10.8734938725324,306.734620574813,234.80990269154,343.74260063366,800.657204050587,436.577555293178,725.454515812213,223.55320839951,610.320916507985,11.7852074505579,9.02177242926116,13.1784504780718,30.6772293975284,16.691040230965,27.726095906424,8.54582314360646,23.3238601477353,0,0,56.4171714526763,134.809565607457,55.7351395729746,89.8779881312367,44.0546204510974,115.757080071542,0,0,0,0,0,0,0,0,327.463688387389,149.700390560639,1499.5283582136,1585.24792284941
"233",2009,1558,19.3333333333333,5098.17751830045,3962.578451977,1297.46043839262,2498.88608011753,564.822364704957,788.639806450031,313.622374643863,724.303193085043,0,0,0,0,0,0,0,0,0,0,2.18538102240728,4.30294496458095,1.07640213365281,1.50668346027415,0.606782312217728,1.40211824368521,0,0,0,0,0,0,0,0,4194.50398404778,3114.49804392122,804.409887406617,1632.17304246856,451.03942477728,693.457555225858,412.213575160504,1059.69476980027,161.159550788959,119.663995456994,31.0069041839383,62.9225942217813,17.3805794929868,26.7221645056931,15.9005373871803,40.8771446728986,20782.92125788,15293.4785466636,4479.07818935063,8760.26761087607,2696.12249796247,3955.66609407559,1861.8349930808,4596.21883630214,798.501455187405,587.600090418964,174.546214488581,342.427826363636,106.165118341986,156.149824675431,73.5448073963379,181.917823506051,0,0,8.4792875386162,17.0320759178117,5.36685172558315,7.9287635437112,3.94643391181023,9.80202952002863,0,0,0,0,0,0,0,0,300.310787428031,231.653389837314,266.762154243972,590.553919643191,303.44958319654,492.652757338548,108.340776444022,289.384455093723,11.5384026643992,8.900493997117,10.2296341551733,22.6345792595235,11.6047423739411,18.8360057373752,4.1461485745244,11.0729216302056,306.489435573254,234.364177285572,344.01509611392,801.247740806185,433.85263872923,716.926089329105,227.032572160671,618.299588722344,11.7757875290815,9.00464693728602,13.1891503418076,30.7005462228552,16.5875034335956,27.4013184147609,8.67922274220248,23.6299324942007,0,0,56.4113101618295,134.804345402416,55.3294794021038,88.777483480633,45.046817315837,118.173443728945,0,0,0,0,0,0,0,0,329.328333993394,150.478280144447,1510.57211744216,1596.59823138743
"234",2009,1558,19.4166666666667,5073.87922413963,3941.87380334945,1291.54851961662,2488.03063861842,559.041943275185,777.443038338019,317.211100427578,731.355123952989,0,0,0,0,0,0,0,0,0,0,2.1759314548192,4.28509604935523,1.06559769169241,1.48550720801031,0.613918999975275,1.41620407718452,0,0,0,0,0,0,0,0,4205.2283719619,3119.34540525782,806.397206455638,1636.63021877073,449.785898403913,688.23542969576,421.922964184771,1082.92361279503,161.571598922731,119.850238831297,31.0835931724571,63.0945934654605,17.3323103665777,26.52100237371,16.2753221528729,41.7739068363198,20767.0692337828,15265.2308733611,4473.82280601686,8751.65339002496,2679.22218156705,3912.88300556637,1899.85508205666,4684.22251814338,797.892532990171,586.514767115464,174.342867887867,342.094112499147,105.495937627182,154.453147153281,75.047842849986,185.401797887974,0,0,8.47556882193,17.0277392494429,5.33604259316285,7.84709628330141,4.03005675872592,9.99710371828592,0,0,0,0,0,0,0,0,301.15008699892,232.043298895106,267.574256748341,592.421871397486,302.617115733729,488.779567242633,110.505351789842,294.464138511188,11.5706500986463,8.91547492269868,10.260933828208,22.7065801334707,11.5732744286747,18.6885657849149,4.22915343997603,11.2677818867616,306.251565348082,233.92494715263,344.278671352856,801.819472251639,431.183092990357,708.609974055971,230.432603560828,625.996901801953,11.7666486427953,8.98777100429796,13.1995053655981,30.7231356515894,16.4860702583146,27.0846207924996,8.80959926051542,23.9252772085628,0,0,56.4036581597735,134.795327018549,54.9310625084318,87.703881251299,46.035254647991,120.569833073376,0,0,0,0,0,0,0,0,331.198240241565,151.257495162194,1521.61574190374,1607.92740242786
"235",2009,1558,19.5,5049.71778189781,3921.33439993334,1285.66941529978,2477.20788501901,553.375619237763,766.569044215132,320.648987153027,738.025784657406,0,0,0,0,0,0,0,0,0,0,2.16644053139116,4.26718381008653,1.05500115763607,1.46493475378939,0.620767188028811,1.42955720362096,0,0,0,0,0,0,0,0,4215.74721876998,3124.03581991251,808.35350744379,1641.00687214425,448.552329375728,683.134342869939,431.599214837184,1105.96259296772,161.975749838514,120.030452063098,31.1590831163621,63.2634854158212,17.2848101631742,26.3245038787267,16.6488386695699,42.6633717114906,20751.2954802882,15237.1494075263,4468.61123457047,8743.03253400093,2662.67302439051,3871.25413823861,1937.60048933032,4771.26161127943,797.286616705175,585.435829798224,174.141134469012,341.759991373134,104.840584793618,152.802069626588,76.5400772214603,188.84761060407,0,0,8.47159325506549,17.0229771237032,5.30586295278234,7.7676047347354,4.11318156192325,10.1902756400153,0,0,0,0,0,0,0,0,301.975948098954,232.424262427147,268.359201640165,594.242373408724,301.788906998333,484.985881850701,112.636878026804,299.432628185455,11.6023812037956,8.93011214691608,10.2911906304244,22.7767591515663,11.5419630806009,18.5441495472518,4.31089743366362,11.4583972091205,306.021185859695,233.49244747049,344.532911991006,802.3726194589,428.567803282282,700.501981242261,233.755182681295,633.422476237154,11.7577975525841,8.97115366619854,13.2094996278049,30.7450060393995,16.3866982777496,26.7758438998839,8.93702396786266,24.2102599422235,0,0,56.3942453972805,134.782591922721,54.5397790534317,86.6565706941372,47.01997482297,122.946691152649,0,0,0,0,0,0,0,0,333.07332331905,152.03800558975,1532.65875655435,1619.23576089506
"236",2009,1558,19.5833333333333,5025.69899353421,3900.96371705129,1279.82461959795,2466.42165355788,547.820782178575,756.006974733446,323.93995750955,744.328004758776,0,0,0,0,0,0,0,0,0,0,2.15692437188121,4.24922814813291,1.04460714761744,1.44494545961641,0.627333536660643,1.44220048519455,0,0,0,0,0,0,0,0,4226.05430578762,3128.56554042624,810.275982672847,1645.29794177791,447.336776838963,678.149142561478,441.238225834218,1128.80319520497,162.371764604508,120.204491169025,31.2332663951483,63.4290757946113,17.2380041940235,26.1324706396468,17.0209286814923,43.5452103398323,20735.6033398607,15209.2357297329,4463.44424427655,8734.40807112085,2646.46761342142,3830.74707048357,1975.07691308854,4857.36159855845,796.683834759195,584.363339195229,173.941046962642,341.425584829339,104.198770304405,151.195318800926,78.0217330047376,192.256266232282,0,0,8.46740790203506,17.0178365751701,5.27629670283302,7.69022558228668,4.19581073903518,10.3815736474971,0,0,0,0,0,0,0,0,302.788423922241,232.7962424628,269.118888939404,596.017391945445,300.965811046767,481.271101121663,114.737638995673,304.29752182607,11.6335980236326,8.9444042108766,10.3204774351955,22.8451916307879,11.5108410043786,18.4027343920123,4.39146764336933,11.6450572396595,305.798367408677,233.066819031445,344.777500416238,802.907338043025,426.005621071783,692.597795726395,237.002279017208,640.586025394982,11.74923695972,8.95480033244805,13.2191209253479,30.7661632511785,16.2893437758556,26.4748237478882,9.06157156800523,24.4852499637083,0,0,56.383107353076,134.766222866959,54.1555170334136,85.63494753277,48.0010184158523,125.304447549736,0,0,0,0,0,0,0,0,334.953499852025,152.81978130385,1543.70074538806,1630.52364997307
"237",2009,1558,19.6666666666667,5001.82811820795,3880.7648076337,1274.01548861143,2455.67549295347,542.374861993942,745.746321047079,327.087843221882,750.274199937912,0,0,0,0,0,0,0,0,0,0,2.14739680233161,4.23124672759704,1.0344106423739,1.42551956037309,0.633624667733371,1.45415629118335,0,0,0,0,0,0,0,0,4236.14507462053,3132.93205673968,812.16241428943,1649.49954746566,446.137733537702,673.275473484664,450.836275850083,1151.43802412597,162.759468079916,120.372259708586,31.3060580034512,63.591215624847,17.1918344283002,25.9447348964498,17.3914485265079,44.4191367934103,20719.9950683692,15181.4906307207,4458.32230761873,8725.78244437619,2630.598554092,3791.33008510404,2012.28972600705,4942.54667910882,796.084273830949,583.297325687768,173.742626551138,341.09099194251,103.570205273646,149.631648775298,79.4930201196514,195.628719399092,0,0,8.46305130359479,17.0123563262377,5.24732857807725,7.61489751997358,4.27794656248661,10.5710249964651,0,0,0,0,0,0,0,0,303.587542612237,233.159190787654,269.854936158142,597.748563008765,300.148494771684,477.634384896425,116.809668408028,309.065641681896,11.6643016394581,8.95834926210543,10.348856273335,22.9119402133087,11.479933710119,18.2642884806402,4.47094159072381,11.8280219842604,305.583092850593,232.648123797998,345.012198231963,803.423725037043,423.495373023087,684.89300771264,240.175928404377,647.49728872326,11.7409662057016,8.93871338374009,13.2283600995353,30.7866109205663,16.1939620874972,26.1813927084568,9.18331931600681,24.7506176022696,0,0,56.3702836191716,134.746303103499,53.7781630050093,84.6384148982468,48.9784242838066,127.643518768615,0,0,0,0,0,0,0,0,336.83868670966,153.602792032626,1554.74134081653,1641.79142383374
"238",2009,1558,19.75,4978.10993181452,3860.74034985599,1268.24325526706,2444.97269520093,537.035333474789,735.776911977198,330.096387811456,755.876387011281,0,0,0,0,0,0,0,0,0,0,2.13786969534404,4.21325526287056,1.02440691879356,1.4066380897555,0.639647150440978,1.46544648037487,0,0,0,0,0,0,0,0,4246.01636323447,3137.13389294433,814.011080492645,1653.60879346784,444.95403806602,668.509614121932,460.389999304587,1173.86072657847,163.138738774325,120.533700975016,31.3773919569939,63.7497937108404,17.1462561253223,25.7611532486976,17.7602682102319,45.2849052086986,20704.4720167492,15153.9142487739,4453.24564974686,8717.15760797399,2615.05849952516,3752.97219909079,2049.24399779764,5026.83984961811,795.487985830752,582.237794588744,173.545884779354,340.756292754338,102.954602607753,148.109842214322,80.954136778483,198.965877911853,0,0,8.45855496588024,17.006568283226,5.21894404101757,7.54156120677977,4.35959120602865,10.7586560045596,0,0,0,0,0,0,0,0,304.373314643079,233.513053876311,270.568724596928,599.437256661898,299.337477450078,474.074717199523,118.85477534682,313.743112910712,11.694492453691,8.97194524407108,10.3763801102948,22.9770573363881,11.4492610600634,18.1287732358788,4.5493882074681,12.0075248111351,305.375272493116,232.23635770591,345.236832767598,803.921826688541,421.035870273742,677.383143364856,243.278212614519,654.165973740488,11.7329818446235,8.92289266391537,13.2372105173381,30.8063507458077,16.1005079519845,25.8953806817047,9.3023462372722,25.0067320277259,0,0,56.3558168457933,134.722915846925,53.407602651157,83.6663840723869,49.9522296429884,129.964308596805,0,0,0,0,0,0,0,0,338.728800879083,154.387007332539,1565.7802157079,1653.03944262111
"239",2009,1558,19.8333333333333,4954.54877901711,3840.89268877727,1262.50904234396,2434.31632081083,531.799719905063,726.088909834172,332.969249252089,761.146198411071,0,0,0,0,0,0,0,0,0,0,2.12835326532539,4.19526777122837,1.01459149333335,1.3882828166912,0.645407489166323,1.47609238824157,0,0,0,0,0,0,0,0,4255.66617726348,3141.17043157588,815.82067436535,1657.62359924834,443.784801314714,663.848341183007,469.89636250517,1196.06591549428,163.509500061006,120.688791244348,31.4472181820885,63.9047301481419,17.1012350112629,25.5816014525338,18.1272704932863,46.1423068712405,20689.034788358,15126.506188349,4448.21429126363,8708.53511063795,2599.84017448952,3715.64318420335,2085.94451670028,5110.262981735,794.894993946278,581.184730700527,173.350825208287,340.42155149769,102.351677941112,146.628711162272,82.4052703122958,202.268605743001,0,0,8.45394463274295,17.0004988099245,5.19112918779283,7.47015921526917,4.44074678406449,10.9444921960093,0,0,0,0,0,0,0,0,305.145739005687,233.857776953515,271.261439162844,601.08463145313,298.533163487255,470.590958559215,120.874567670189,318.335435412751,11.724170427548,8.98519005222058,10.4030943746935,23.0405873219598,11.4188385241294,17.9961453492199,4.62686873147269,12.1837751995962,305.174757155892,231.83146190972,345.45128559482,804.401646050016,418.62591645053,670.063691235847,246.31124160656,660.601706383439,11.7252781449559,8.90733591203228,13.2456676298347,30.8253827782852,16.0089358188232,25.6166161047984,9.4187324482886,25.2539593501845,0,0,56.3397518504697,134.69614383482,53.0437212620688,82.7182750974696,50.9224701494406,132.267208482118,0,0,0,0,0,0,0,0,340.623759374047,155.172396577087,1576.81707662558,1664.26806835674
"240",2009,1558,19.9166666666667,4931.14861765055,3821.22387190766,1256.81387361221,2423.70922041651,526.665595702612,716.672805009133,335.710002447497,766.094895947319,0,0,0,0,0,0,0,0,0,0,2.11885631664247,4.17729678977626,1.00496007915665,1.37043619379302,0.650912113303468,1.4861148189346,0,0,0,0,0,0,0,0,4265.09349789073,3145.04176632674,817.59023580194,1661.54255820103,442.629347301219,659.288821416165,479.35264085079,1218.04909697141,163.871712795386,120.837534116396,31.5154999067934,64.0559709060254,17.0567450074837,25.4059702667283,18.4923500188926,46.9911674229143,20673.6833709951,15099.2656192831,4443.2280840811,8699.91616509227,2584.93639393663,3679.31357833655,2122.39580956352,5192.83689467946,794.305297714937,580.13810212671,173.157444801335,340.086819286837,101.761150361333,145.18709749858,83.8465979430375,205.53772583028,0,0,8.44924132471879,16.9941697595237,5.16387067041279,7.40063596863045,4.5214153827094,11.1285584219428,0,0,0,0,0,0,0,0,305.904808146156,234.193307146547,271.934101408464,602.691678386841,297.735867766349,467.181885314363,122.870473365835,322.847549283192,11.7533352707849,8.99808165509935,10.4290382266364,23.1025680650055,11.3886781517347,17.8663582888541,4.70343752432033,12.3569612447026,304.98134931056,231.433332414404,345.655483166123,804.863150448888,416.264314876733,662.930125679096,249.27713811656,666.813988786939,11.7178475175608,8.89203913243095,13.253728612289,30.8437057070024,15.9192001229462,25.3449268463899,9.53255856691688,25.4926610042187,0,0,56.3221349061555,134.666069000045,52.6864041290453,81.7935172605728,51.8891799785895,134.552597906773,0,0,0,0,0,0,0,0,342.523479179261,155.958928958039,1587.85165837511,1675.47766187642
"241",2010,1558,20,4907.03191545953,3800.78875249117,1250.69431243862,2412.55193561913,520.453036410892,702.545749720659,339.661866300191,775.81055958785,0,0,0,0,0,0,0,0,0,0,2.10961891823441,4.1595385267513,0.993268195175222,1.34356968105801,0.658730810605097,1.50526214039593,0,0,0,0,0,0,0,0,4274.76913245392,3149.11785259391,819.12430966852,1665.17695861555,440.50838082842,650.240962393911,489.936629775694,1244.6565379964,164.243466148281,120.994143869132,31.5747412078088,64.1962785199562,16.9750471789594,25.0573759947231,18.9008922381137,48.0182360859788,20659.3335638021,15072.7187719468,4437.09502804334,8689.93999302459,2564.53021410948,3618.26043863998,2165.24747519762,5300.86345754303,793.754082505752,579.118127499313,172.920293756764,339.700181275304,100.954023023958,142.769951704555,85.5399141296307,209.811151685141,0,0,8.44544544388624,16.9884599878609,5.12556950150382,7.28125298621026,4.61494177550754,11.3639573668554,0,0,0,0,0,0,0,0,306.736669351645,234.549089277557,272.787456931722,604.457895635698,296.441898534284,460.684208042584,125.627028456017,330.585811887289,11.7852968938712,9.01175136992746,10.4619082988067,23.1706436323336,11.3395130528378,17.6184367053924,4.80910535248721,12.6535308204889,304.822833120587,231.06517159644,345.876560971047,805.326077856455,413.010377670448,651.327902477313,253.245601470203,677.544523433167,11.7117574724984,8.87789379755602,13.2624321411215,30.8620734441157,15.7953254436544,24.9023574104385,9.68473366062106,25.9041239424133,0,0,56.3111828430162,134.641407064496,52.2170299248829,80.3198617937279,52.9885411868975,137.406630216706,0,0,0,0,0,0,0,0,344.33528619253,156.714474138378,1598.34377256166,1686.19914536308
"242",2010,1558,20.0833333333333,4882.86985498515,3780.33298855273,1244.53173016834,2401.32290437525,514.200134468089,688.198914659219,343.638430523021,785.706214312826,0,0,0,0,0,0,0,0,0,0,2.1002690908324,4.14162980668269,0.981503994713581,1.31626909246204,0.666607740638959,1.52478652005552,0,0,0,0,0,0,0,0,4284.45789416373,3153.20146951598,820.646476113924,1668.79733092359,438.308358229663,640.822021849498,500.707877616016,1271.89228643525,164.615723867142,121.151042961673,31.6335178785365,64.3360336543675,16.8902994444285,24.6944767106949,19.3166545467232,49.0695225540861,20645.0641369785,15046.3082354225,4430.807583567,8679.711898715,2543.68217762287,3555.34496475595,2208.72432741641,5411.01707149961,793.205954229793,578.103390180864,172.677176660803,339.3037422405,100.129507618859,140.279346133149,87.2578749015184,214.168480650887,0,0,8.44115669666697,16.9820537863484,5.08636287420848,7.15799880898075,4.70986103463395,11.6040498152007,0,0,0,0,0,0,0,0,307.564967251577,234.899688891352,273.62492118791,606.190667596352,295.071995715364,453.866331920799,128.424411733611,338.442533232745,11.8171216068554,9.02522196420302,10.4941667874573,23.2374327764965,11.2874370678613,17.3582506158501,4.91633773944797,12.9546379493039,304.66531036573,230.697337815522,346.091070966681,805.7538453991,409.673872540202,639.346508673273,257.290033913418,688.592349853613,11.7057055887938,8.86376102812954,13.2708807109686,30.8790861285344,15.6682790234252,24.4452508195227,9.83982252043816,26.3277425332988,0,0,56.2996186616659,134.614038303761,51.7385857941938,78.8046025070043,54.1031675411663,140.312428908361,0,0,0,0,0,0,0,0,346.137387863667,157.466095156318,1608.74193660361,1696.79770151407
"243",2010,1558,20.1666666666667,4858.81105925506,3760.01285592767,1238.40221996352,2390.12288231753,508.092845668014,674.415353054889,347.429792413708,794.985277686239,0,0,0,0,0,0,0,0,0,0,2.09079106094718,4.1235629814475,0.970017125289193,1.29003010872622,0.674138823067127,1.54315445349941,0,0,0,0,0,0,0,0,4294.05528544885,3157.2120231726,822.177034208557,1672.4116431737,436.175814724864,631.744321189637,511.473575013673,1298.96872856691,164.98447098817,121.305134846715,31.6926083603876,64.4755414416687,16.8081499940336,24.3447243910758,19.7322079689594,50.1146790822203,20630.7489817176,15019.9636303615,4424.55942988154,8669.45804843383,2523.31275717128,3494.63411132345,2251.77903680519,5519.14942963524,792.65606775811,577.091186081023,172.435483110576,338.906140607339,99.3238417524886,137.87577297444,88.9592440007072,218.446002531962,0,0,8.4363033484115,16.9749047194064,5.0480781822087,7.03905250336086,4.80406486566214,11.8404400175166,0,0,0,0,0,0,0,0,308.376646933784,235.240809415122,274.418368595063,607.863135121856,293.709230322246,447.235813341324,131.14189635404,345.909801164952,11.8483078200908,9.03832835671705,10.5247355243469,23.3019066889179,11.2356281099498,17.1052117547505,5.02051651957524,13.2408581051892,304.505945926152,230.327494482932,346.294999166749,806.146844422638,406.404908456743,627.72651141188,261.240527507516,699.199402866736,11.6995829369838,8.84955104866863,13.27892063602,30.8947590075578,15.5438017979325,24.0019218991595,9.99132667403181,26.734531885533,0,0,56.286148093793,134.582675087787,51.2698653802415,77.3383428635174,55.2115386874187,143.177274437158,0,0,0,0,0,0,0,0,347.944300112718,158.218823557207,1619.1300284806,1707.3461774181
"244",2010,1558,20.25,4834.8693524958,3739.8381791032,1232.30911887478,2378.95936502692,502.127778305145,661.17121925709,351.04176075683,803.674910367904,0,0,0,0,0,0,0,0,0,0,2.08121578794178,4.10537299811414,0.958797297974034,1.2648064674783,0.681332083813166,1.56040906621403,0,0,0,0,0,0,0,0,4303.52502086917,3161.12327378572,823.703286055484,1675.99441144097,434.100439571975,622.982159652906,522.223312106651,1325.85713931183,165.348313366728,121.455411350022,31.7515255067213,64.6138236689777,16.7282025766707,24.0071303229097,20.1471522300898,51.1526015758706,20616.4133582762,14993.7028287211,4418.35620153768,8659.1911213848,2503.41311875525,3436.05202029696,2294.42458603724,5625.34201831482,792.105393625415,576.082201868933,172.195434905522,338.507873653161,98.536679594369,135.556249059669,90.6445281910419,222.646918649303,0,0,8.43099385982858,16.9671266117428,5.01068793127519,6.92425968329105,4.89756344587941,12.073238132188,0,0,0,0,0,0,0,0,309.17235881606,235.572737795376,275.172555726228,609.480510541582,292.356677706561,440.792364573552,133.786288569455,353.022599703824,11.8788805236435,9.05108157241331,10.5537970628587,23.3642653983208,11.1842040515663,16.8593101377668,5.12190196527946,13.5135288660083,304.346741315424,229.957441146764,346.488692782866,806.509604484717,403.203802860737,616.461766986846,265.097966566215,709.3720798698,11.6934664184355,8.83533300068792,13.286565194134,30.9092655847676,15.4219062523321,23.5721374671681,10.1392793044837,27.1247340337967,0,0,56.2708071856403,134.547461726224,50.8107295800924,75.9196160764295,56.3137902749207,146.002525059047,0,0,0,0,0,0,0,0,349.755927435751,158.972629482845,1629.50744829381,1717.84586744607
"245",2010,1558,20.3333333333333,4811.05682231394,3719.81741904268,1226.25532356592,2367.83898135386,496.30151253319,648.443551352213,354.479948914303,811.801049422761,0,0,0,0,0,0,0,0,0,0,2.07156982086776,4.08709094231466,0.947835401561469,1.24055433656374,0.688195720908405,1.57659280903581,0,0,0,0,0,0,0,0,4312.83781179487,3164.91427323944,825.215028556126,1679.52535193979,432.074155934534,614.514249625535,532.94766737416,1352.53164550714,165.706125686823,121.601067611484,31.8098778365997,64.7501015927271,16.6501466893108,23.6808752678689,20.5611249328739,52.1822951928425,20602.0776872429,14967.5401015873,4412.20228270678,8648.92131225512,2483.9739206037,3379.52445315491,2336.67309250701,5729.67169143076,791.554716420767,575.076985862482,171.957205404139,338.109342303558,97.7676555011937,133.317854702433,92.3142007627984,226.774250059305,0,0,8.42531591356022,16.9588105454815,4.97416565726392,6.81346965341391,4.99036559873609,12.3025467383147,0,0,0,0,0,0,0,0,309.952578103633,235.895646907069,275.891353601394,611.046754179251,291.016535166427,434.534252488646,136.363671746772,359.812425506468,11.908857975634,9.06348825342397,10.5814999558115,23.4246608510324,11.1332490789329,16.6204802655495,5.22072667001802,13.7738543604387,304.189296731927,229.588638049361,346.672489782801,806.845949774053,400.070534210022,605.545495772517,268.863604622589,719.118767074182,11.6874175153798,8.82116298903197,13.293827329986,30.922752375295,15.302591917964,23.1556399972352,10.2837277593053,27.4986672593782,0,0,56.2536393956605,134.508537039249,50.3610304898922,74.546981251378,57.4100518385316,148.78948878908,0,0,0,0,0,0,0,0,351.572177714861,159.727483831637,1639.87372626634,1728.29810273361
"246",2010,1558,20.4166666666667,4787.38414051527,3699.9579266586,1220.24337184886,2356.76765059492,490.610627787252,636.210237231715,357.749793143448,819.38851737497,0,0,0,0,0,0,0,0,0,0,2.06187614740334,4.06874462676428,0.937123177840282,1.21723196200168,0.69473803044585,1.59174730875639,0,0,0,0,0,0,0,0,4321.96988948638,3168.56823528512,826.704006357869,1682.98822853702,430.090560216035,606.32259777512,543.638098393969,1378.96900504692,166.056994715468,121.741458676583,31.8673485682834,64.8837517575862,16.5737360719779,23.3652665350452,20.9737973802202,53.2028659213372,20587.7585793703,14941.4868953132,4406.10108489093,8638.6568862798,2464.98550391561,3324.97894868183,2378.5359110317,5832.21112906021,791.004674354943,574.075977848756,171.720930255034,337.710872607916,97.0163914273547,131.157739808586,93.9687054988679,230.830855324758,0,0,8.41934147644907,16.9500307068466,4.93848596244802,6.7065360672167,5.08247913652214,12.5284620307275,0,0,0,0,0,0,0,0,310.717651333747,236.209628647241,276.577963836884,612.564920761754,289.690388067579,428.458796471742,138.879504056979,366.30774601635,11.9382534905545,9.07555193058026,10.6079670534663,23.4832102111708,11.0828239049929,16.3886202417013,5.31719928862431,14.0229227981335,304.034891396556,229.222272736792,346.846703103628,807.15909920922,397.004794740617,594.970413292217,272.538986097784,728.44938986238,11.681485377605,8.80708664111791,13.3007190427972,30.9353427263586,15.1858473778632,22.7521526073044,10.4247305471131,27.8567088663181,0,0,56.2346930044557,134.466034114207,49.9206138924541,73.2190247693904,58.5004473690167,151.539426929623,0,0,0,0,0,0,0,0,353.392961069068,160.483357869897,1650.22848571894,1738.7042233124
"247",2010,1558,20.5,4763.86068847044,3680.26604261928,1214.27547465793,2345.75064311984,485.05171858049,624.450028197119,360.856554990811,826.461039454076,0,0,0,0,0,0,0,0,0,0,2.0521545392816,4.05035882951698,0.926653103067505,1.19479958045527,0.700967364536166,1.60591325285856,0,0,0,0,0,0,0,0,4330.90239497805,3172.07206536154,828.163683167048,1686.37036903673,428.144682881407,598.392029229895,554.286914726105,1405.14857480838,166.400195861047,121.876081431337,31.9236868548485,65.0142874540225,16.4987795323542,23.0597197221284,21.3848735436385,54.2135193818188,20573.4692619223,14915.552155291,4400.05516302899,8628.40441084624,2446.43798310456,3272.34496901445,2420.02366342667,5933.02894731757,790.455775641185,573.079521523921,171.486711879237,337.312724693528,96.2825004334128,129.073129579316,95.6084578094675,234.819434717959,0,0,8.41312882026612,16.9408467013071,4.90362451864886,6.60331721533138,5.17391101301829,12.751074324314,0,0,0,0,0,0,0,0,311.467816787155,236.514708704121,277.235007754113,614.037304529248,288.379314665236,422.562564738193,141.338658010408,372.534178377011,11.9670762235112,9.08727359086497,10.633298924949,23.540001433301,11.0329697936781,16.1635993124609,5.41150605160565,14.261713318106,303.884516861742,228.859287657948,347.011615791976,807.451711755011,394.006023208248,584.72881946152,276.125903400957,737.375175762431,11.6757081022388,8.79314016733696,13.3072511967543,30.9471385467523,15.0716515140707,22.3613824623007,10.5623556933414,28.1992861043262,0,0,56.21402003737,134.420080208012,49.4893204809324,71.934362515933,59.5850953563268,154.253553947304,0,0,0,0,0,0,0,0,355.218189368911,161.240223063651,1660.57142893779,1749.06556636887
"248",2010,1558,20.5833333333333,4740.49472427359,3660.74722959568,1208.35355858732,2334.79266212091,479.62140927045,613.142522839669,363.805330225224,833.04129864675,0,0,0,0,0,0,0,0,0,0,2.04242200559651,4.03195562293376,0.916418233423426,1.17321925697767,0.706892087933297,1.61913030152352,0,0,0,0,0,0,0,0,4339.62059898907,3175.41576417501,829.588953204405,1689.66205625256,426.232701289954,590.709626022984,564.887215150998,1431.05217258169,166.735163201034,122.00455168689,31.9786967245164,65.1413353728116,16.4251299292143,22.7637371662323,21.7940876641032,55.2135555625135,20559.2201236302,14889.742736256,4394.06636174073,8618.16904727923,2428.32134469497,3221.55398408456,2461.14629560122,6032.18994833757,789.908419433087,572.087880257727,171.254625121067,336.915104055134,95.5655905311802,127.06132779564,97.2338469350305,238.742539889198,0,0,8.40672509505088,16.9313064886104,4.86955805679613,6.50367626804494,5.26466750703197,12.9704687236303,0,0,0,0,0,0,0,0,312.203228923635,236.810863859996,277.864637505999,615.465615173008,287.084015156499,416.841612005451,143.745477203565,378.514752827783,11.9953321090758,9.09865234221639,10.6575781248413,23.5951000185596,10.9837135130737,15.9452669932534,5.50381293839676,14.491106069452,303.738920375779,228.500416146116,347.167475789152,807.725948096047,391.073439589287,574.812682327643,279.626350829387,745.908392098077,11.6701143998705,8.77935174352412,13.3134333175371,30.9582226627129,14.959974829749,21.9830239672443,10.6966789728674,28.5268661196065,0,0,56.1916749783001,134.37079674514,49.0669872165423,70.6916409688974,60.664109097992,156.933039139643,0,0,0,0,0,0,0,0,357.04777567281,161.998050894424,1670.90231925078,1759.38345313935
"249",2010,1558,20.6666666666667,4717.29355193475,3641.40620625632,1202.47930898182,2323.89792631441,474.316368905157,602.268149003637,366.601057714898,839.150992597199,0,0,0,0,0,0,0,0,0,0,2.03269325575136,4.01355472199853,0.906412060503802,1.15245473137219,0.712520532549491,1.63143699996026,0,0,0,0,0,0,0,0,4348.11311264583,3178.59182442106,830.975850153255,1692.85591373528,424.351656179284,583.264178365423,575.432820058464,1456.6639189103,167.061459156693,122.126581000601,32.0322259241001,65.2646120527716,16.3526732943544,22.4768868834494,22.2012016678305,56.2023627876803,20545.0192661717,14864.0638172544,4388.13596262407,8607.95484422799,2410.62554466287,3172.53954778822,2501.91313820883,6129.75538788976,789.36291701305,571.101253037261,171.024722940168,336.518172907755,94.8652684708928,125.119719789419,98.8452382846737,242.602584209291,0,0,8.40016885627401,16.9214492360221,4.83626433323206,6.40748142811416,5.35475440801832,13.1867258299234,0,0,0,0,0,0,0,0,312.923982750239,237.098039146345,278.468645822752,616.851149329068,285.804933276242,411.29169997437,146.103838093073,384.27019856515,12.0230247975529,9.10968607265595,10.6808734070499,23.6485556008625,10.9350720026206,15.7334615356417,5.59426804344218,14.7118931532848,303.598649374343,228.146219405427,347.314492919524,807.983539263577,388.206084959029,565.213733028146,283.042474661369,754.062064899323,11.6647253039812,8.76574293203679,13.3192734734341,30.9686614406379,14.8507809703238,21.6167623918571,10.8277819967786,28.8399451879038,0,0,56.1677135394205,134.318299419228,48.6534487230966,69.4895383982895,61.7375970143995,159.579008308406,0,0,0,0,0,0,0,0,358.881633696643,162.756812692553,1681.22096411221,1769.65917709178
"250",2010,1558,20.75,4694.26361792237,3622.24702385369,1196.65419456319,2313.07021721884,469.133318480974,591.808144847504,369.248525099542,844.810873336609,0,0,0,0,0,0,0,0,0,0,2.0229809658071,3.99517370876563,0.896628450501947,1.13247133844495,0.717860972010773,1.64287074613491,0,0,0,0,0,0,0,0,4356.37144875497,3181.59489593929,832.321387432692,1695.94656946615,422.499305649469,576.04590678659,585.918225755102,1481.97011334996,167.378757636484,122.241963810751,32.0841597948711,65.3839109825699,16.2813232273994,22.1987918980116,22.6060034194665,57.1794129934581,20530.872810295,14838.5191314679,4382.26476462829,8597.76489685986,2393.34055570664,3125.23730741929,2542.33294681983,6225.78316421549,788.819503553934,570.119783297163,170.797039519204,336.122056350706,94.1811415847859,123.245772822096,100.442974983689,246.401850067289,0,0,8.3934913306655,16.9113066935383,4.80372207000938,6.31460582558848,5.44417711426645,13.3999221889877,0,0,0,0,0,0,0,0,313.630126457741,237.376156513541,279.048522118989,618.19487353144,284.542308879738,405.908386820012,148.417192351001,389.819140071592,12.0501561404923,9.1203717833921,10.7032418795653,23.7004051338942,10.8870543917252,15.5280133651821,5.68300319879857,14.9247861391036,303.464077122995,227.797108002,347.452840994791,808.225834969806,385.402851305859,555.923534220233,286.376540662707,761.849801980043,11.6595551561674,8.75232950747883,13.324778354411,30.9785066361997,14.7440278632642,21.2622764880725,10.955750966789,29.1390419371167,0,0,56.1421921253405,134.262698459108,48.2485380663378,68.3267653762031,62.805662850458,162.192544962168,0,0,0,0,0,0,0,0,360.719677591257,163.516479580747,1691.52720775105,1779.89400017284
"251",2010,1558,20.8333333333333,4671.41061368415,3603.27314746823,1190.87949357655,2302.31292941457,464.069038321827,581.744537135913,371.752375195886,850.040791095081,0,0,0,0,0,0,0,0,0,0,2.01329606141043,3.97682826692438,0.887061574773937,1.11323591722277,0.722921595555724,1.65346775828822,0,0,0,0,0,0,0,0,4364.38955377483,3184.42142916569,833.623388107327,1698.93029764674,420.673970957063,569.046171310545,596.338552441528,1506.95909220439,167.686826053654,122.350563737415,32.1344147511617,65.4990888626391,16.2110149767648,21.9291190749677,23.0083047324761,58.1442562932259,20516.7852227512,14813.1112111517,4376.45316976431,8587.60151667632,2376.45641723799,3079.58501070594,2582.41394631127,6320.32802470389,788.278350680197,569.143568330551,170.57159357803,335.726848943089,93.5128197361677,121.437036368219,102.027379584813,250.142496862205,0,0,8.38671779667333,16.9009047048492,4.77191090036346,6.22492744815094,5.5329407367571,13.6101307511187,0,0,0,0,0,0,0,0,314.321674861557,237.645124039863,279.605512741754,619.497513452006,283.296236204749,400.687127740472,150.688611231098,395.178303303989,12.0767267071108,9.13070594264524,10.7247313181405,23.7506763193609,10.8396642359956,15.3287489431184,5.77013567377418,15.1304239585087,303.335430148084,227.453364802524,347.582659564379,808.453854107832,382.662510360154,546.933544492438,289.630901750464,769.285613350565,11.6546126600778,8.73912233803779,13.3299533375917,30.9877973264363,14.6396688200545,20.9192409536062,11.0806754356869,29.4246904679406,0,0,56.1151672338916,134.204098873436,47.8520875631162,67.2020651992191,63.8684059233972,164.774691735923,0,0,0,0,0,0,0,0,362.561821706626,164.277022414483,1701.82092294533,1790.08914836284
"252",2010,1558,20.9166666666667,4648.73957097986,3584.4875315594,1185.15631811222,2291.62911733488,459.120374416199,572.060117634864,374.11711231179,854.859738035846,0,0,0,0,0,0,0,0,0,0,2.00364798060428,3.95853240388531,0.877705848269778,1.09471672426826,0.727710484698404,1.66326305170804,0,0,0,0,0,0,0,0,4372.16337585573,3187.06934652349,834.880328780916,1701.80469029571,418.874397964804,562.257211899756,606.689492316578,1531.62108203633,167.98550872966,122.45230095677,32.1829322947331,65.6100530093033,16.1417001210933,21.6675691525181,23.4079393838791,59.0965153788917,20502.759617972,14787.8416132508,4370.70126172603,8577.46638701595,2359.9632794294,3035.5225010285,2622.16387440614,6413.44177111933,787.739578058705,568.172667957552,170.348391414394,335.332620726377,92.8599170378392,119.691141938667,103.598755746949,253.826568941367,0,0,8.37986883777671,16.8902645698321,4.74081131325379,6.13832904899337,5.62105019239693,13.8174212989445,0,0,0,0,0,0,0,0,314.998621485419,237.904844128772,280.14067541782,620.759633174794,282.066715037558,395.623362363639,152.920828170337,400.362714280915,12.1027362485658,9.14068480060015,10.7453822572533,23.7993906525693,10.7929014809476,15.1354941231585,5.85576980701324,15.3293805080881,303.21281382498,227.11516639553,347.70405619087,808.668333253262,379.983740420858,538.235177103014,292.80796825419,776.383745630695,11.6499018645513,8.72612820852424,13.3348025731278,30.9965617658558,14.537653561988,20.5873286793898,11.2026471674081,29.6974340108552,0,0,56.0866949283257,134.14260071068,47.4639295171194,66.114214155074,64.9259213746056,167.326451861355,0,0,0,0,0,0,0,0,364.407980397224,165.038411738285,1712.10200373301,1800.24580806669
"253",2011,1558,21,4626.19368547269,3565.82875566025,1179.28221256337,2280.36529942282,454.515006625569,563.165021163032,376.290429946954,859.478735967884,0,0,0,0,0,0,0,0,0,0,1.99378628071095,3.93926609886939,0.868997180244062,1.0776998672668,0.732091070035045,1.67254627390106,0,0,0,0,0,0,0,0,4379.72071115033,3189.55939975652,835.955521471337,1704.0980848091,417.311554893165,556.093301265273,616.881215322795,1555.99235449547,168.275873637136,122.547972783999,32.2244469734853,65.6986223976143,16.0815084176671,21.4301066796404,23.8014468910807,60.0375948106059,20488.8738480321,14762.7486687988,4364.30002805915,8564.98377412179,2345.04246580542,2995.26156132795,2661.05963100336,6505.24698858295,787.206176823018,567.20855491876,170.099881666125,334.846586435433,92.2689162260975,118.095297840446,105.136296065385,257.458139972184,0,0,8.37187553856091,16.8749810482061,4.71279834255518,6.05928994997631,5.70738966412483,14.0218904912275,0,0,0,0,0,0,0,0,315.66719208574,238.158035418228,280.63005673081,621.835685393885,281.007549122174,391.018696851895,155.02209544955,405.267512160215,12.1284239679914,9.15041281167937,10.7642757088671,23.8409675670225,10.752651326074,14.9597882123591,5.93639838652825,15.5176567142949,303.098681898705,226.784475652653,347.770305807181,808.656405148744,377.557040661491,530.221900705634,295.774986336703,782.981218496406,11.6455170463906,8.71342253560483,13.3375339763788,30.9966404009674,14.4452708234249,20.2815915449703,11.316591031429,29.9510540799604,0,0,56.0495732953714,134.043179668541,47.1078303310873,65.111378312001,65.9632662115212,169.836448064628,0,0,0,0,0,0,0,0,366.251673112686,165.797587933377,1722.3349755177,1810.32501363742
"254",2011,1558,21.0833333333333,4602.56310724043,3546.02241077811,1169.12673795287,2255.17389219584,454.921448243531,563.610884223279,377.139588112722,867.962943018245,0,0,0,0,0,0,0,0,0,0,1.97822227967785,3.89758885521899,0.869891528473983,1.07859678966572,0.733212688174289,1.68698231198943,0,0,0,0,0,0,0,0,4387.61298215946,3192.28147278764,834.037778138292,1696.06683748277,420.315034213416,559.093259492261,625.060081042372,1580.95937711596,168.579107310384,122.65255918291,32.1506600723727,65.3892060457432,16.1972860175986,21.5457914412632,24.1174299146794,61.001825760521,20476.7786216981,14738.6689350455,4342.7006181237,8501.30852478175,2356.04491424403,3004.80072586064,2688.26317180488,6597.88354392864,786.741568334083,566.283371105609,169.260578957629,332.360775559126,92.6980458627485,118.463257613159,106.20892190373,261.105977494012,0,0,8.33970441198683,16.7630502345479,4.73688735369815,6.08095991353726,5.76906177623748,14.2256733626232,0,0,0,0,0,0,0,0,316.454933970022,238.462758985037,280.533408025994,619.670341940076,283.286378715592,393.132198700578,155.133886762442,407.655208228041,12.1586904294537,9.16212077539521,10.7606851554737,23.758260695259,10.8401235171298,15.0410969785572,5.94098010810012,15.6099245383432,303.050427720987,226.503943632352,346.827779381253,804.02877035703,379.351192581317,531.112107045665,295.756706795346,785.547179529301,11.6436633465472,8.70264404120758,13.3015712732353,30.8197809394434,14.5143685796471,20.3164006556083,11.3164163580789,30.050845420029,0,0,55.8534690693207,133.179168456014,47.2753333529278,65.1968037174496,66.6717356770883,172.065610778327,0,0,0,0,0,0,0,0,367.960111069747,166.491604701818,1731.8100205202,1819.51284864418
"255",2011,1558,21.1666666666667,4579.23723844213,3526.5091221738,1159.20872198629,2230.61275474687,455.199629566044,563.830681596552,377.937238841745,876.150781051743,0,0,0,0,0,0,0,0,0,0,1.96254201428175,3.85611184915063,0.870577068274469,1.07912322439776,0.734345780697256,1.70124938002001,0,0,0,0,0,0,0,0,4395.13299044848,3194.72550858241,832.099138301677,1688.00215682012,423.208602048798,561.895333759459,633.048011179337,1605.538404341,168.868038054615,122.746462946572,32.0760575165952,65.0784885774918,16.3088295357924,21.6538495324393,24.4260669592833,61.9511369223761,20464.8734014378,14714.8243945027,4321.50943672486,8438.72048293179,2366.66231235202,3013.65325948454,2715.48531599383,6690.26160200147,786.28425898801,565.367223816052,168.436928483431,329.916901245956,93.1122486256958,118.804564180229,107.282340941815,264.743953304153,0,0,8.30673383083816,16.6509616858026,4.76024797268846,6.10126024869075,5.83078537711298,14.4293374719985,0,0,0,0,0,0,0,0,317.223181069867,238.756753437135,280.373466621383,617.427989593953,285.520735977239,395.196486758937,155.388132473232,410.28486931064,12.1882078691359,9.17341650939575,10.7546641499933,23.672593828622,10.925889780472,15.1205128079301,5.95100798600654,15.7114338900295,303.018929626289,226.234935996245,345.908489630672,799.466462560736,381.165814275909,532.023514983305,295.735931237838,788.090144553073,11.6424534353627,8.69230833221181,13.2664960886158,30.6454127765927,14.584243688614,20.3520059733999,11.3161452546095,30.1497543463243,0,0,55.6567686406769,132.318388269074,47.4397389519507,65.2753202741112,67.3821670535004,174.298087136491,0,0,0,0,0,0,0,0,369.67275221869,167.186492904353,1741.32088011374,1828.6996464634
"256",2011,1558,21.25,4556.20826027937,3507.28144659683,1149.52096648684,2206.66348369944,455.355084534733,563.836002235615,378.683797572739,884.046419491602,0,0,0,0,0,0,0,0,0,0,1.94682914416054,3.81497164871515,0.871053038598302,1.07928345185856,0.735472905357627,1.71528916871631,0,0,0,0,0,0,0,0,4402.31422693517,3196.91768189965,830.149336312069,1679.92697455634,426.003638717181,564.518789278687,640.857864776597,1629.75147436514,169.143952644446,122.830689751077,32.0010142724427,64.767352305676,16.4165761848619,21.7550216950803,24.7278505018607,62.8863711283384,20453.13347233,14691.1957403824,4300.71442694866,8377.1906903198,2376.901974863,3021.83709754893,2742.71526313157,6782.3601834777,785.833299212109,564.459371252095,167.628471273631,327.513857316144,93.5118023419817,119.119905398262,108.356134361477,268.371249039021,0,0,8.27320749301723,16.5390299250121,4.78286655648074,6.12019686352014,5.89249866415165,14.632705680227,0,0,0,0,0,0,0,0,317.971726701519,239.039627035442,280.156794845093,615.116464762231,287.707899428374,397.204029588732,155.769044736594,413.128863249313,12.2169683458788,9.18428496243936,10.7464644539762,23.5842674730272,11.0098452521811,15.1977464730038,5.96587756956832,15.8211273716146,303.001422108092,225.975672593735,345.005336449804,794.958006351242,382.99478302174,532.949332943345,295.723104379641,790.627922494615,11.6417810579754,8.6823470123791,13.2320360978342,30.4730961723185,14.6546617800924,20.3881476453392,11.3161768889962,30.2484605108512,0,0,55.4593625096135,131.460728404826,47.6009752193635,65.346909793228,68.0944765283154,176.533607828812,0,0,0,0,0,0,0,0,371.389492856686,167.882221181048,1750.86579107968,1837.88426218377
"257",2011,1558,21.3333333333333,4533.46914400426,3488.33255271514,1140.05656969377,2183.30827596715,455.393279769658,563.63815909355,379.379779800983,891.654320908914,0,0,0,0,0,0,0,0,0,0,1.9311512390031,3.77427665492274,0.871321185125888,1.07908528878218,0.736579692915454,1.72905451370021,0,0,0,0,0,0,0,0,4409.18541293649,3198.88052524513,828.195978700834,1671.85961876882,428.709676246323,566.980099978332,648.501863840858,1653.61941405775,169.407954598806,122.906105331329,31.9258235731248,64.45650279661,16.5208922966514,21.8499415795424,25.0232487834382,63.8083251549332,20441.5375973062,14667.7662540064,4280.30436329996,8316.69196276019,2386.77180050222,3029.37087580247,2769.943081831,6874.16019524454,785.387873057884,563.559171055083,166.834780359238,325.150605821558,93.8970077601102,119.409996795815,109.42991680195,271.987119189919,0,0,8.23932629684575,16.4275130806772,4.80473938565384,6.13778737558685,5.95415078985673,14.8356310456284,0,0,0,0,0,0,0,0,318.70050985015,239.311114126273,279.889540012146,612.743476077666,289.846142475755,399.149233330713,156.262347465393,416.162071779793,12.2449695153609,9.19471592768672,10.7363219242798,23.4935772860126,11.0919233325424,15.2725832077555,5.98504229953628,15.9380438013599,302.995481253124,225.724604867805,344.112441420341,790.493852474728,384.832354009609,533.882963323466,295.727025168935,793.175597198481,11.6415530840533,8.67270058366721,13.1979658404341,30.3024652285472,14.7254028938993,20.4245731661589,11.3168474506418,30.3475393677981,0,0,55.2611868358454,130.606140255459,47.758975811767,65.4115659564778,68.8085758183467,178.771891591898,0,0,0,0,0,0,0,0,373.110226253227,168.578756726833,1760.44303943564,1847.06556128405
"258",2011,1558,21.4166666666667,4511.01367352772,3469.65626877436,1130.80901211768,2160.53018426911,455.319535223552,563.248057672259,380.025763852264,898.979062248045,0,0,0,0,0,0,0,0,0,0,1.91556240294,3.73411191377507,0.871385070242904,1.0785390197053,0.737654397359556,1.74250763624798,0,0,0,0,0,0,0,0,4415.77101418852,3200.63332115782,826.24490977689,1663.81457772969,431.334606694192,569.293225095167,655.991501466283,1677.16167221802,169.6609839304,122.973450553312,31.8507109332154,64.1464981483536,16.6220812873021,21.9391463137637,25.3127022571307,64.7177432787092,20430.067617146,14644.521553317,4260.26891221389,8257.19913481535,2396.27995858776,3036.2734034314,2797.15967332487,6965.64420369215,784.947282831779,562.666070643054,166.055463045193,322.82618645034,94.2681764145374,119.675561137837,110.503334989791,275.590882398152,0,0,8.20525467501203,16.3166213583643,4.8258698410886,6.15405735797946,6.01570025099232,15.0379922786115,0,0,0,0,0,0,0,0,319.409579252231,239.57104933935,279.577374968056,610.316432331877,291.934507738141,401.02807640944,156.855236938001,419.361849423286,12.2722132500843,9.20470305134742,10.7244542294798,23.4008074678662,11.1720870175304,15.3448686736693,6.00801199753223,16.0613166368805,302.998993825452,225.480393026017,343.22501952188,786.066196848952,386.673207143362,534.818116296284,295.755001782306,795.74575131468,11.641688319956,8.66331756910339,13.1641017989826,30.1332209496973,14.7962632881087,20.4610417581315,11.3184360863975,30.4474707442212,0,0,55.0622147424224,129.754626835771,47.9136795650665,65.4692916994431,69.5243743544648,181.01265044894,0,0,0,0,0,0,0,0,374.834845650709,169.276066101459,1770.05098968585,1856.24243490765
"259",2011,1558,21.5,4488.83628254172,3451.2469540087,1121.77209901401,2138.3129962977,455.139025762343,562.676215025849,380.622379443578,906.025312496743,0,0,0,0,0,0,0,0,0,0,1.90010622720217,3.6945442716046,0.87124952168034,1.07765658477218,0.738687368694267,1.75561823057392,0,0,0,0,0,0,0,0,4422.09207648134,3202.19273747049,824.300620845937,1655.80336079125,433.885003093338,571.470080665589,663.337595139531,1700.39643696292,169.903849252139,123.033365821815,31.775849853496,63.8377820173478,16.7203959567644,22.0230945775526,25.5966256081817,65.6153217311338,20418.7078569082,14621.4491452576,4240.59845084537,8198.68866498409,2405.43478728732,3042.56352719592,2824.35667985836,7056.79625467314,784.510926289485,561.779590012523,165.290153920497,320.53970128665,94.6256266731446,119.917323135138,111.576064203466,279.181914486818,0,0,8.17112823436347,16.2065268580271,4.84626613584038,6.16903758267567,6.07711299121669,15.239688548499,0,0,0,0,0,0,0,0,320.099066351625,239.819345370877,279.225514765173,607.842368547755,293.972599547699,402.837740787102,157.536190242133,422.707719522494,12.2987046003047,9.21424297907009,10.71106148711,23.3062279178796,11.2503209234493,15.4144947914655,6.0343455329614,16.1901623471905,303.010105675794,225.24186972001,342.339191724194,781.668687988854,388.512443598139,535.748865928442,295.813078383147,798.34882797932,11.6421155265431,8.65415311729242,13.1302952117285,29.9651200309054,14.8670553255762,20.497326547478,11.3211735821595,30.5486526790668,0,0,54.8624473985948,128.906229907189,48.0650310538584,65.5200993459126,70.2417803110472,183.255592817592,0,0,0,0,0,0,0,0,376.563244831664,169.974115531412,1779.68808631088,1865.4138096304
"260",2011,1558,21.5833333333333,4466.93197950332,3433.09944012796,1112.93993747123,2116.64118866962,454.856776912889,561.932757695012,381.170302467965,912.797821589138,0,0,0,0,0,0,0,0,0,0,1.88481713041453,3.6556247223671,0.87092038239233,1.07645120574446,0.739670812496616,1.76836259053722,0,0,0,0,0,0,0,0,4428.16660535829,3203.57311564936,822.36644452428,1647.83490517046,436.366271242987,573.520761335518,670.550293736794,1723.34065740386,170.137242365791,123.086402158906,31.7013692778166,63.5306992232093,16.8160443053643,22.1021751041656,25.8754080103725,66.5017095075095,20407.4448582363,14598.5382240728,4221.28398715193,8141.13846226634,2414.24473770331,3048.26004895868,2851.52645279604,7147.60181278201,784.078286350794,560.89931398881,164.538511768857,318.290308101805,94.9696815736545,120.136006247818,112.647807044273,282.759646116226,0,0,8.13705723971325,16.0973680781365,4.86594031660543,6.18276278988562,6.13836152242507,15.4406370936145,0,0,0,0,0,0,0,0,320.769172213705,240.055982465692,278.838722809713,605.327907966712,295.960484019806,404.576435663252,158.294883858761,426.181247225371,12.3244512912502,9.22333495182989,10.6963264975741,23.2100927712705,11.3266274454534,15.4813929656182,6.06364770656958,16.3238755545453,303.027199392973,225.008024106551,341.451893473476,777.296283434156,390.345588916204,536.669684288379,295.906142031136,800.993302696649,11.6427725605093,8.64516839001676,13.096428563101,29.7979693562968,14.937607601921,20.533215884508,11.3252464574359,30.6514080036692,0,0,54.6619097633486,128.061023692427,48.2129809035735,65.5640106955601,70.9607012037158,185.500425320954,0,0,0,0,0,0,0,0,378.2953184614,170.672871077004,1789.35285500419,1874.5786527192
"261",2011,1558,21.6666666666667,4445.29625209795,3415.20895620779,1104.30690374127,2095.49985921731,454.4776646441,561.027430894749,381.670247962798,919.301405447882,0,0,0,0,0,0,0,0,0,0,1.86972208157281,3.61739141790734,0.870404199933097,1.07493692808082,0.740598477758487,1.78072247878432,0,0,0,0,0,0,0,0,4434.01006012412,3204.78684554922,820.444794481028,1639.91607965002,438.78284570891,575.453828680183,677.639107202991,1746.01011209998,170.361757242567,123.133035602618,31.6273627953382,63.2255150749678,16.9091970463354,22.1767177347173,26.149414248087,67.3775109610729,20396.2670280351,14575.779406791,4202.31705639729,8084.52766032827,2422.71831068141,3053.38163926958,2878.66199644339,7238.04765026502,783.648917601308,560.024882062878,163.800215573979,316.077211632341,95.3006663694435,120.332329321277,113.718291270281,286.323558489485,0,0,8.10313111286105,15.9892557350484,4.88490701654038,6.19527017290918,6.19942379304656,15.640770134375,0,0,0,0,0,0,0,0,321.420151474436,240.280995197804,278.421327960272,602.779229620775,297.898568515237,406.243179829503,159.122073415913,429.765847163872,12.3494631064195,9.23198029801553,10.6804153981351,23.1126391496856,11.4010221234591,15.5455257203046,6.09556464700494,16.4618216766961,303.048863404781,224.777980225422,340.560756209822,772.945064184943,392.168584703485,537.575467303201,296.0380678883,803.685917950237,11.6436051871938,8.63632973148039,13.0624110394932,29.6316188871434,15.0077646379386,20.5685143489041,11.3308025249617,30.7559933195604,0,0,54.4606453100425,127.219107216265,48.3574860095159,65.6010569252352,71.6810445164078,187.746854680786,0,0,0,0,0,0,0,0,380.030962430488,171.372298816189,1799.04390213464,1883.73597692763
"262",2011,1558,21.75,4423.92498172941,3397.57106152445,1095.86761407324,2074.87466670385,454.006415272645,559.969607314157,382.122963645182,925.540931687243,0,0,0,0,0,0,0,0,0,0,1.854842109655,3.57987230615078,0.869707968215783,1.07312824142918,0.741465378246043,1.79268411938955,0,0,0,0,0,0,0,0,4439.63579602136,3205.84470081929,818.537376842448,1632.05213034718,441.13836881744,577.276575985725,684.612934163333,1768.41947174183,170.577907012243,123.173680093784,31.5538967568482,62.9224324776366,16.9999944678161,22.2470035722285,26.4189857591382,68.2432881757867,20385.1643238607,14553.1644962134,4183.68963113041,8028.83641986374,2430.86400006042,3057.94675936608,2905.75691454212,7328.12174157298,783.222434204719,559.155979284988,163.074961043818,313.899655945073,95.6189063242284,120.50700354731,114.787267735487,289.873179281449,0,0,8.06942241740836,15.8822779542514,4.9031824464117,6.20659815748972,6.2602821722491,15.8400321103048,0,0,0,0,0,0,0,0,322.052298142169,240.494460680574,277.97724783055,600.202052244133,299.787497525796,407.837609547223,160.009477775804,433.446596203612,12.3737513420633,9.24018198044563,10.6634785547413,23.0140865383264,11.4735296383779,15.6068793149502,6.12977937302863,16.6034297624691,303.0738637832,224.550977393609,339.663994722821,768.612057083788,393.977774150437,538.461548647555,296.211859355724,806.431912925535,11.6445659972937,8.62760791502194,13.0281742087681,29.4659548539633,15.0773863338341,20.6030432938928,11.3379562562881,30.8626077895089,0,0,54.2587113686841,126.380597508207,48.4985095944719,65.6312782979793,72.4027182691255,189.994589433214,0,0,0,0,0,0,0,0,381.770074146964,172.072365006725,1808.75991262783,1892.88484354213
"263",2011,1558,21.8333333333333,4402.81439046841,3380.18160382513,1087.61690603863,2054.75179200423,453.447606471203,558.768295352811,382.529225681491,931.521309760735,0,0,0,0,0,0,0,0,0,0,1.84019319493544,3.54308668879038,0.868838995367825,1.07103988830513,0.742267620757093,1.80423757990405,0,0,0,0,0,0,0,0,4445.05533895181,3206.75604743249,816.645316010007,1624.24694899917,443.435805266546,578.995200169804,691.480083401919,1790.58234473378,170.786134518398,123.20869548806,31.481015107778,62.6216022322306,17.0885508284445,22.3132715776052,26.6844414464483,69.0995626908395,20374.1280579743,14530.6863329852,4165.3940682247,7974.04581035523,2438.69025905994,3061.97361574209,2932.80537107709,7417.81318654235,782.798502374304,558.292330581036,162.362458565328,311.756919869265,95.9247254025376,120.660730687894,115.854508882514,293.40807967833,0,0,8.03598926878134,15.7765034569309,4.92078391521888,6.21678583228164,6.32092281862984,16.0383779713264,0,0,0,0,0,0,0,0,322.665937152505,240.696491374257,277.510014369603,597.601642480447,301.628094225561,409.35986444535,160.949694824486,437.210094795271,12.3973284827095,9.24794432002308,10.645651541625,22.9146370964126,11.5441815630142,15.6654593571162,6.16600856912306,16.7481871859752,303.10112581501,224.326357582698,338.760329295811,764.295110530496,395.769882700807,539.323694323538,296.429748188861,809.235191686121,11.6456136987796,8.61897765813425,12.9936690338429,29.3008949920441,15.1463472333649,20.636640644441,11.3467926148491,30.9713995730273,0,0,54.056176362276,125.545625541255,48.6360210399051,65.6547236947736,73.1256313576784,192.243340956948,0,0,0,0,0,0,0,0,383.512552682773,172.773036178201,1818.4996463199,1902.0243624341
"264",2011,1558,21.9166666666667,4381.96098717284,3363.03667697976,1079.54981952176,2035.11789867241,452.805668442109,557.432147949274,382.889834275748,937.247480459403,0,0,0,0,0,0,0,0,0,0,1.82578719333216,3.50704683606613,0.867804761666471,1.06868665813228,0.743002228609328,1.81537613563324,0,0,0,0,0,0,0,0,4450.2786672264,3207.52905722415,814.769282279057,1616.5033445119,445.677559035192,580.614976723563,698.248298161078,1812.51132975763,170.986823143694,123.238395760429,31.4087442902663,62.3231334608332,17.174958841145,22.3757252816235,26.9460785976841,69.9468174925023,20363.1506960061,14508.3386438365,4147.42305483058,7920.13768974031,2446.20546619732,3065.48011455026,2959.80204878423,7507.11212826752,782.376832637324,557.43369492171,161.662431117637,309.648312348834,96.2184449412045,120.794201291242,116.919807146441,296.92787121149,0,0,8.00287782124985,15.6719848370222,4.93772930595342,6.22587232521315,6.38133503302897,16.2357714249653,0,0,0,0,0,0,0,0,323.261415736051,240.887227725134,277.022799290669,594.98282238201,303.421301119673,410.81047178748,161.936115196173,441.044324793018,12.4202078694973,9.25527271291849,10.627056115262,22.814475940728,11.6130140783642,15.7212863529404,6.20399928193824,16.8956342054272,303.129714955295,224.103552405457,337.848907414781,759.992769814738,397.541997982589,540.15809650955,296.693296168836,812.098493339285,11.6467123851002,8.61041712246795,12.9588628694526,29.1363837621144,15.2145357596118,20.6691606672127,11.3573709484334,31.0824723375214,0,0,53.8531169660788,124.714332084367,48.7699957376144,65.6714501653082,73.8496938858422,194.49282448054,0,0,0,0,0,0,0,0,385.258298921003,173.474279225468,1828.26193435548,1911.15369218222
"265",2012,1558,22,4361.39498233459,3346.09592298467,1071.42814513363,2015.80305641035,452.067207532572,555.814015649252,383.255657890991,942.881924439825,0,0,0,0,0,0,0,0,0,0,1.81163576004645,3.47181168294431,0.866579554254491,1.06578546589408,0.743760166910263,1.82640065206428,0,0,0,0,0,0,0,0,4455.51879997089,3208.31752924217,812.719869086436,1608.7024020805,447.848575238461,581.978158919749,704.973265787121,1834.39037209238,171.188157423596,123.268690116262,31.3298080083975,62.0224617614217,17.2586384357133,22.4282856758784,27.206042543524,70.7921392377429,20353.032715625,14486.6366436032,4128.86561524336,7866.52661492746,2453.32256687635,3067.62555603751,2986.99660534403,7596.90657133655,781.988180261722,556.599867690562,160.939894493114,307.551433266648,96.4966340212138,120.874274909861,117.992967404181,300.467561755623,0,0,7.97013510015652,15.5689941598407,4.95384672392297,6.23215421360479,6.44202311464003,16.4340136210175,0,0,0,0,0,0,0,0,323.862169186327,241.079355820005,276.530555377306,592.37948371028,305.179491850095,412.092694939689,162.997064669664,445.069977938923,12.4432899228438,9.26265457888755,10.6082650404202,22.7149019261816,11.6805009077083,15.7706585962278,6.24483628127426,17.0503900345827,303.173080617615,223.892784950933,336.918162054057,755.706428179796,399.276275157133,540.809990464649,297.0397833866,815.184155605908,11.6483788036339,8.60231909546214,12.9233112441152,28.972473947,15.2812688466545,20.6946811332702,11.3711180350656,31.2020367207348,0,0,53.6499405610909,123.888932790589,48.898538781787,65.6631566555599,74.5795995558313,196.762341623792,0,0,0,0,0,0,0,0,386.994554854693,174.170690578109,1837.9748084579,1920.20216855978
"266",2012,1558,22.0833333333333,4341.17605944325,3329.25280382952,1062.68969075849,1996.41257283702,451.186642546031,553.549287895629,383.745248665173,948.80025587126,0,0,0,0,0,0,0,0,0,0,1.79757382309812,3.43736405317792,0.865090169157293,1.06164383873567,0.74476597013307,1.8380377759732,0,0,0,0,0,0,0,0,4461.32240631767,3209.51076193951,810.060521213612,1600.58424231054,449.912176552659,582.705009128962,711.792544538596,1856.68915156458,171.411141260388,123.314536024675,31.2274289531953,61.7096072195519,17.3381759780275,22.4563179621066,27.4696336152841,71.6536244615782,20345.7225988224,14466.8310173168,4107.52747570519,7811.81077761326,2459.78968403736,3066.34296847181,3014.9980908475,7689.34511027072,781.707408169367,555.838902220092,160.110544936448,305.412611488593,96.7494026272988,120.819497537047,119.097916667946,304.111871115107,0,0,7.9369850325132,15.4674942615073,4.96868764808392,6.23146933405239,6.50425162580041,16.6375586296744,0,0,0,0,0,0,0,0,324.524175649278,241.303629832433,276.044388983462,589.8486768834,306.9261110708,412.965315165134,164.206564987406,449.577607221187,12.4687254102282,9.27127154249174,10.5897013647885,22.6180998362778,11.7475395834925,15.8043451158602,6.29135421583297,17.2235750464932,303.263817044765,223.717913292256,335.9415080153,751.439177924022,400.933545688365,540.905643415953,297.557897839501,818.879383377698,11.6518652757832,8.59560024246382,12.8859923494531,28.8092822478257,15.3450472780828,20.6989003531653,11.3914288870188,31.3449083814945,0,0,53.4473860306693,123.074363273702,49.0169996489501,65.5854130114328,75.3270259601829,199.099177656689,0,0,0,0,0,0,0,0,388.690249780728,174.849073844204,1847.46283052886,1928.9953270233
"267",2012,1558,22.1666666666667,4321.17686189528,3312.62651327286,1054.15191441028,1977.48609853512,450.225428425577,551.19066240471,384.182236996285,954.448949422841,0,0,0,0,0,0,0,0,0,0,1.78352405587935,3.40346351611149,0.863454835358383,1.0573209531291,0.745690833475778,1.8492098816724,0,0,0,0,0,0,0,0,4466.99879159224,3210.61147405156,807.464191424188,1592.58463614613,451.928725047537,583.367905105823,718.548656957255,1878.83405684885,171.629237060138,123.356827144245,31.1274595871354,61.401300218513,17.4158978136581,22.4818808540253,27.7307814338442,72.5091653618516,20338.4018903846,14447.0997028028,4086.56612636464,7757.96245441432,2465.92910155993,3064.64297510577,3042.91192979159,7781.27677570771,781.426228123786,555.080791946962,159.29563773381,303.307308880021,96.98942911726,120.748487000163,120.199531520877,307.736584825937,0,0,7.90308017046172,15.3664476298471,4.98290826498022,6.22993913216645,6.56623713623832,16.8400087311089,0,0,0,0,0,0,0,0,325.167105508689,241.516652016628,275.514687716049,587.282738635741,308.619497358546,413.76734683058,165.438831733174,454.090519976789,12.4934279429392,9.27945619288912,10.5694648026966,22.5199444828064,11.8125357393627,15.8353203273693,6.33873680443234,17.3969462102126,303.351248746756,223.540590767392,334.956480087531,747.181709159681,402.565186762113,540.969292039917,298.121510657152,822.621415560308,11.6552247709458,8.58878722334877,12.8483488111069,28.6464548780748,15.4078372767505,20.7018785521382,11.4134746295043,31.4895531239972,0,0,53.2441849474841,122.263356648348,49.1318505226211,65.50243576278,76.0753148348186,201.434759527235,0,0,0,0,0,0,0,0,390.389357102299,175.52807199887,1856.97059026381,1937.77348977401
"268",2012,1558,22.25,4301.39764500477,3296.21608656077,1045.81006808732,1959.0126399255,449.188294057092,548.745489887536,384.567852780395,959.834094215934,0,0,0,0,0,0,0,0,0,0,1.76953875811987,3.37014369900737,0.861676605897213,1.05282722257713,0.746532199878878,1.85991634487419,0,0,0,0,0,0,0,0,4472.54155340919,3211.61588438436,804.924602683312,1584.69411822283,453.897150919279,583.965762024246,725.244582788972,1900.82601516688,171.842198832959,123.395418195453,31.0296604175139,61.0971790116105,17.4917630739529,22.5049333247205,27.9896006624595,73.3587974863876,20331.0746346753,14427.4447908162,4065.97639575916,7704.96939214272,2471.75130180492,3062.54329983352,3070.73602788543,7872.70022550266,781.144795521378,554.325617201149,158.494980280993,301.235063012825,97.2171162501581,120.661927838163,121.297728959312,311.341644831922,0,0,7.86866999648241,15.266042845597,4.9965086947889,6.22758937001789,6.62797066635471,17.0413454047011,0,0,0,0,0,0,0,0,325.791610408984,241.718733442089,274.948236487371,584.689366174907,310.261426372843,414.501472744205,166.690422455989,458.604482920756,12.5174225581802,9.28722048186732,10.5478158806823,22.4207314343013,11.875557508918,15.863687440383,6.3868524063031,17.5703418895186,303.435537722648,223.361140509164,333.961755864645,742.934197672209,404.169562904281,540.99952203487,298.730445265929,826.40938570719,11.6584635134656,8.58189245339521,12.810329888603,28.4839987433702,15.4695762245532,20.7035618038232,11.4372481712945,31.6359369215488,0,0,53.0402837742752,121.455989065533,49.2430953319931,65.4143168921922,76.8244008536112,203.76888282615,0,0,0,0,0,0,0,0,392.091778779331,176.207653843591,1866.49658177517,1946.53577663675
"269",2012,1558,22.3333333333333,4281.83840359347,3280.02037711185,1037.65948190306,1940.98137627103,448.079768958083,546.220762593959,384.903307723914,964.961712004873,0,0,0,0,0,0,0,0,0,0,1.75565996562803,3.33742946597202,0.85975979021981,1.04817348137747,0.747288423586456,1.87015865385765,0,0,0,0,0,0,0,0,4477.94559560445,3212.52114742977,802.436204486799,1576.90455865267,455.816622416764,584.497901415555,731.883215903046,1922.66609102563,172.04983077608,123.430199849327,30.9338196534053,60.7969328975416,17.5657400164277,22.5254498883282,28.2462026940766,74.2025616937032,20323.7440050356,14407.867772696,4045.7528547225,7652.81896716851,2477.26638167473,3060.06094621264,3098.46844172798,7963.61428186702,780.863232292811,553.573435282119,157.708369837569,299.195396732135,97.432852112275,120.56047701433,122.392431747689,314.926999414887,0,0,7.83395711729617,15.166429669975,5.00949390398294,6.22444700341761,6.68944562687807,17.2415543484563,0,0,0,0,0,0,0,0,326.398278708334,241.910153209896,274.350889426653,582.075177788326,311.853510982273,415.170119902526,167.958274530521,463.115718279988,12.5407318615971,9.29457513293609,10.5249793964194,22.3207148464767,11.9366667911541,15.8895398375147,6.43558392431998,17.7436178721205,303.516808729406,223.17983476592,332.956545727157,738.697191620817,405.745214967333,540.995130564525,299.384182945386,830.241978751763,11.6615862967872,8.57492639281831,12.7719053026192,28.3219350572444,15.5302082720426,20.7039043145167,11.4627293598452,31.7840086798849,0,0,52.835666330103,120.652357932597,49.3507367578901,65.321148664541,77.5742167276198,206.101341794396,0,0,0,0,0,0,0,0,393.797420018891,176.887789009579,1876.03943072225,1955.28139320948
"270",2012,1558,22.4166666666667,4262.49891259092,3264.03808821686,1029.69557099028,1923.38167578092,446.904191798489,543.623130116513,385.189796974789,969.837757228919,0,0,0,0,0,0,0,0,0,0,1.74192133767354,3.30533855627342,0.857709565073623,1.04337073168572,0.747958589284187,1.87993999081275,0,0,0,0,0,0,0,0,4483.20691087091,3213.32519085212,799.994090863591,1569.20897002182,457.686505888312,584.963979917034,738.467332245432,1944.35541471943,172.251978922351,123.461092483415,30.8397500821686,60.5002948433438,17.6378044925113,22.543417873607,28.5006944163289,75.0405014026296,20316.4124566458,14388.3696514799,4025.88987437328,7601.49829348236,2482.48407516994,3057.2122401015,3126.10738076218,8054.01794566366,780.581632776144,552.824284728008,156.935595759047,297.187822331928,97.6370109819413,120.444765548627,123.483568509756,318.492603776979,0,0,7.7991061286763,15.0677265202067,5.02187227200552,6.22053955122318,6.7506573198531,17.4406246460324,0,0,0,0,0,0,0,0,326.987644587618,242.091164091653,273.727698575374,579.445870375408,313.397222748217,415.775502035715,169.239665287246,467.620855842356,12.5633763772594,9.30152985798457,10.5011493577451,22.2201135067751,11.9959200715706,15.9129627044463,6.48482727819746,17.9166455345974,303.595157603154,222.996903400996,331.940489235776,734.471523309677,407.29085220961,540.955109881292,300.081927312196,834.117525248736,11.66459680317,8.56789787333352,12.7330612567141,28.1602959516243,15.5896840338482,20.7028677898665,11.4898874480438,31.9337038374339,0,0,52.6303453229129,119.85257560865,49.454777631,65.2230242250339,78.3246940146285,208.431930877055,0,0,0,0,0,0,0,0,395.506188971425,177.568447877204,1885.59787693493,1964.00961946295
"271",2012,1558,22.5,4243.37876283848,3248.26780034342,1021.91383791434,1906.20310151351,445.665722296763,540.958921273207,385.428500774105,974.468118888646,0,0,0,0,0,0,0,0,0,0,1.72834974912055,3.2738829660823,0.855531690142321,1.03842997320262,0.748542362809024,1.88926488414384,0,0,0,0,0,0,0,0,4488.32239076817,3214.02657459903,797.593918455281,1561.60132966747,459.506332653826,585.363928854006,744.999571839185,1965.89513176394,172.448523840522,123.488040768603,30.7472859480397,60.2070346913368,17.7079386772054,22.5588351124605,28.7531775158795,75.8726606453484,20309.0818588481,14368.9510369836,4006.38167552035,7550.9943097587,2487.41378055162,3054.01288105454,3153.65120253156,8143.91039935008,780.30006880084,552.078188968728,156.176441404541,295.211844930897,97.8299543676542,120.315400484777,124.571073558841,322.038420176854,0,0,7.76425100098091,14.9700266658377,5.03365455973539,6.2158946833725,6.81160252850236,17.6385480798144,0,0,0,0,0,0,0,0,327.560196330336,242.261997382434,273.083034663499,576.806363825258,314.893911775165,416.319656378569,170.532170671971,472.116883513362,12.585374865787,9.30809354373942,10.4764936178291,22.1191163746649,12.0533691813135,15.9340344398012,6.53448982133174,18.0893099503339,303.670658037705,222.812541352823,330.913565322005,730.258235793632,408.805340179082,540.878628827944,300.822661566052,838.034082620641,11.6674978641308,8.56081438478534,12.6937969886376,27.9991216569585,15.6479601231005,20.7004207207044,11.5186832832749,32.0849474668457,0,0,52.4243555393211,119.056764557019,49.5552218221354,65.1200379259987,79.0757637277054,210.760445825469,0,0,0,0,0,0,0,0,397.217996413934,178.249601494975,1895.17075796238,1972.71979915962
"272",2012,1558,22.5833333333333,4224.47738193028,3232.70798749073,1014.30987640369,1889.43542011232,444.368345573684,538.234152605276,385.620585104939,978.85861962425,0,0,0,0,0,0,0,0,0,0,1.71496622953454,3.24306977061275,0.853232341133438,1.03336209877013,0.749039902726472,1.8981389999833,0,0,0,0,0,0,0,0,4493.28971325628,3214.62440680714,795.231858939125,1554.07647438803,461.275780638682,585.697918891333,751.482425303992,1987.28637109556,172.639376314104,123.511010438073,30.656281139676,59.9169551347054,17.7761303648009,22.5717085875268,29.0037479575392,76.6990828426578,20301.7535744189,14349.6122032079,3987.22236148919,7501.29383786034,2492.06457155305,3050.47796414569,3181.09841101684,8233.29101080586,780.01859273351,551.335158531653,155.430685399367,293.266964732027,98.0120314371329,120.17296572391,125.654886843267,325.564418095736,0,0,7.72949941046432,14.873401866864,5.04485332586875,6.21053998267726,6.8722792714155,17.8353187264284,0,0,0,0,0,0,0,0,328.11638111479,242.422865764967,272.420659176865,574.160886698766,316.344818021416,416.804464953637,171.833640964093,476.601118484245,12.606744508474,9.31427436181102,10.4511566407581,22.0178858694228,12.1090617296043,15.9528274710063,6.58448941078019,18.2615087859069,303.743365685472,222.626913078115,329.876035991622,726.058535934595,410.287694257455,540.765022728281,301.605185270119,841.989487592799,11.6702916180059,8.55368224586217,12.6541226084823,27.8384586984676,15.7049989031717,20.6965379920048,11.5490707143443,32.2376562777043,0,0,52.2177497399878,118.265054333027,49.6520747784221,65.0122854939251,79.8273567417415,213.086684494221,0,0,0,0,0,0,0,0,398.932755587832,178.931221540676,1904.75699946006,1981.41133381991
"273",2012,1558,22.6666666666667,4205.79405899606,3217.35703615348,1006.87937304021,1873.06860602347,443.015880514129,535.454544088172,385.767202660524,983.015016220052,0,0,0,0,0,0,0,0,0,0,1.70178706689855,3.21290208562317,0.850817923552708,1.02817778535585,0.749451757653225,1.90656890060882,0,0,0,0,0,0,0,0,4498.10720974986,3215.11824547838,792.904539115685,1546.62997443413,462.994651567561,585.966317888306,757.918223288821,2008.53021171566,172.82447223338,123.529984509554,30.566606907337,59.629886901344,17.8423720944148,22.5820528198553,29.2524955748251,77.5198095189061,20294.4285524227,14330.3531547292,3968.40595433168,7452.38364513273,2496.44521631092,3046.62201592588,3208.44765180665,8322.15933395637,779.737241045476,550.595193592434,154.698103032505,291.35267943734,98.1835797399827,120.018023399029,126.734953770457,329.070574279562,0,0,7.69493782428129,14.7779066332071,5.05548226103759,6.20450268637862,6.93268652071364,18.0309324865686,0,0,0,0,0,0,0,0,328.65661086489,242.573966667781,271.743811777427,571.513079493431,317.751085718083,417.231680173313,173.142169751021,481.071170370316,12.6275011320855,9.32007989771911,10.4252628565809,21.9165618329301,12.1630416552583,15.9694092361793,6.63475321901157,18.4331508903642,303.813322785754,222.440157801728,328.828382312418,721.873742370428,411.737069629053,540.61377906642,302.42815614521,845.981415118767,11.6729796877776,8.54650680580395,12.6140566404735,27.6783578969449,15.7607681022149,20.691200330098,11.5809981895934,32.3917408656577,0,0,52.0105939878906,117.477578279199,49.7453440648954,64.8998641805261,80.5794042229859,215.410447640338,0,0,0,0,0,0,0,0,400.65038197801,179.613280267818,1914.35560337074,1990.08367524167
"274",2012,1558,22.75,4187.32796373865,3202.21325991457,999.618108386167,1857.09284440752,441.611986577556,532.625532186925,385.869493427937,986.942999350837,0,0,0,0,0,0,0,0,0,0,1.68882463273814,3.18337978915293,0.848294947927591,1.02288742523398,0.749778790412779,1.91456186381748,0,0,0,0,0,0,0,0,4502.77376341789,3215.50802340187,790.60899167272,1539.25803387843,464.662854388941,586.169659235229,764.309131217635,2029.62766121159,173.003768687915,123.544960400695,30.4781499866451,59.3456849458711,17.906660514499,22.5898886576753,29.4995038649501,78.334879473465,20287.107399128,14311.1736771808,3949.92642387052,7404.25049299652,2500.56419225228,3042.45902303656,3235.69770641182,8410.5151063414,779.456037037428,549.858285914572,153.978467377611,289.468486132265,98.3449257749673,119.851114967345,127.811224996185,332.55687265976,0,0,7.66063526212328,14.6835813671939,5.06555575433798,6.1978095314448,6.99282399423028,18.2253867394955,0,0,0,0,0,0,0,0,329.181266784608,242.715484790998,271.055280095171,568.866075899431,319.113774709596,417.602944088575,174.456068015038,485.524910570117,12.6476593830788,9.32551724793762,10.3989193397979,21.8152646480226,12.2153496605577,15.9838429226618,6.68521674138238,18.6041551224931,303.880561540659,222.252393540708,327.771254862053,717.705245978975,413.152751902616,540.424525155521,303.290123337094,850.007424565255,11.6755633107819,8.53929259901274,12.5736241199436,27.5188728494952,15.8152404527873,20.6843938267666,11.6144100288029,32.5471074747052,0,0,51.8029642356692,116.694471160162,49.8350396696683,64.7828727911608,81.3318379443477,217.731539511542,0,0,0,0,0,0,0,0,402.370793141011,180.295750466502,1923.9656385608,1998.73631967822
"275",2012,1558,22.8333333333333,4169.07816245521,3187.27491168902,992.521957489172,1841.49853263933,440.160170177784,529.752282201075,385.928585085509,990.648193089126,0,0,0,0,0,0,0,0,0,0,1.67608806161455,3.15450011707655,0.845669937185758,1.01750107892216,0.750022116305117,1.92212573452244,0,0,0,0,0,0,0,0,4507.28872394416,3215.79398545735,788.342611184618,1531.95740476382,466.280391720334,586.308615561364,770.657147535047,2050.57964109545,173.17724069152,123.555947520168,30.390810921645,59.0642251682475,17.9689958632214,22.5952422707103,29.744849918468,79.1443282142927,20279.7904372748,14292.0733791813,3931.77771261724,7356.88117748185,2504.42969955572,3038.00245818179,3262.84748579976,8498.35824463987,779.174993116584,549.124420460389,153.271550255464,287.61388285921,98.4963855021479,119.672762200938,128.883656182664,336.023304192892,0,0,7.62664636877626,14.5904549236827,5.07508857786787,6.190486653122,7.05269198728487,18.4186800630995,0,0,0,0,0,0,0,0,329.690703223436,242.847594192544,270.35746033502,566.222572592996,320.433870339508,417.919804391507,175.773840719646,489.960444660888,12.6672328761204,9.33059310005035,10.3722181353962,21.7140979170845,12.2660235895696,15.9961880812648,6.73582289930801,18.7744492942776,303.945106804413,222.063720479334,326.705432266601,713.554477455655,414.534147813781,540.197016556061,304.189555850134,854.064998658234,11.6780434420361,8.53204347472723,12.5328550009375,27.3600586835227,15.8683933345976,20.6761094924633,11.6492475100886,32.7036594826762,0,0,51.5949435850665,115.915867311813,49.9211741803448,64.6614116461633,82.0845905351705,220.049768308377,0,0,0,0,0,0,0,0,404.093908555855,180.978605431047,1933.58623272033,2007.36880285652
"276",2012,1558,22.9166666666667,4151.04363178824,3172.54019419801,985.58688992301,1826.27628075669,438.663790714406,526.83970000219,385.945593273013,994.136154288847,0,0,0,0,0,0,0,0,0,0,1.66358382774691,3.12625816882969,0.842949353361004,1.01202844072777,0.750183051211004,1.92926879912021,0,0,0,0,0,0,0,0,4511.65183455226,3215.97663515386,786.103114515067,1524.72531211221,467.847348225178,586.383976218896,776.964104285799,2071.38697669277,173.344878378436,123.562965213596,30.3045025554965,58.785401547483,18.029381522951,22.5981442889751,29.9886044388163,79.9481875665401,20272.4777566907,14273.0517279156,3913.95375736579,7310.26256351919,2508.04967359004,3033.26530409132,3289.8960236045,8585.68883911247,778.894112741406,548.393576758087,152.57712306867,285.788369950324,98.6382648155461,119.483468100203,129.952207743234,339.46986665676,0,0,7.59301400925934,14.4985467681505,5.08409563780966,6.18255951086123,7.11229123236498,18.610811999611,0,0,0,0,0,0,0,0,330.185251039684,242.970460053426,269.652410479633,563.584890052227,321.712292324981,418.183728140218,177.094165609723,494.376087462662,12.6862343233088,9.3353138005756,10.3452383008068,21.6131507962223,12.3150987678325,16.0065011532721,6.78652122820477,18.9439692164949,304.006978281435,221.874223857438,325.631786048781,709.422880298162,415.880776187349,539.931126161694,305.124867059704,858.151576726891,11.680420838692,8.52476270799648,12.4917828060772,27.201971018448,15.9202084272621,20.6663428354714,11.6854498067218,32.8612986687048,0,0,51.3866200069606,115.141899136226,50.0037628892302,64.5355825085641,82.8375956848364,222.364946558009,0,0,0,0,0,0,0,0,405.819649492127,181.66181893245,1943.21656526757,2015.98069563982
"277",2013,1558,23,4133.45254054668,3158.09438841421,978.374799817978,1811.00328427137,437.081208016923,523.507188188288,386.023758372294,997.93749674848,0,0,0,0,0,0,0,0,0,0,1.65126027558638,3.09842903942263,0.840055181513376,1.00573942024906,0.750451424872833,1.93698360056551,0,0,0,0,0,0,0,0,4516.23467513446,3216.33955725181,783.51941416348,1517.18041680789,469.316898272755,585.966174010286,783.334582562582,2092.61135153487,173.520958442342,123.576909260973,30.2049648682846,58.4945491773919,18.086013069953,22.5820401250515,30.2347983601587,80.7681056234802,20266.7397291598,14255.2132105596,3894.70782355387,7262.63727796781,2511.17562842083,3026.03058169935,3317.36807370301,8675.32279551892,778.673731551476,547.708190980316,151.828032556323,283.924110591673,98.7607884171211,119.195897305104,131.03746693398,343.007324281664,0,0,7.55950766994253,14.4068416308042,5.09208012207514,6.16951187925877,7.17268237890517,18.8075108815679,0,0,0,0,0,0,0,0,330.702577369638,243.105735397758,268.934394615688,560.916627984813,322.943639805151,418.100697524188,178.480461718499,499.130413661659,12.7061109549449,9.34051129334451,10.3177581944187,21.5110258026364,12.3623685562752,16.0035284003808,6.83974083141208,19.1264435594209,304.091093096256,221.703708401868,324.52126416969,705.246060296345,417.150278978691,539.22896969945,306.167949973136,862.722758421212,11.6836528555092,8.51821122811433,12.4492917052234,27.0421394450823,15.9690643063853,20.6398646013067,11.7257700614702,33.0374671078975,0,0,51.1771053828693,114.365257761245,50.0777848684026,64.3580728111912,83.6003446719817,224.73406473838,0,0,0,0,0,0,0,0,407.53394448879,182.341496433865,1952.77755704869,2024.52225326819
"278",2013,1558,23.0833333333333,4116.38821551139,3143.96004051073,970.698627087405,1795.49268155891,435.38787961879,519.596352700068,386.205366932868,1002.27023782062,0,0,0,0,0,0,0,0,0,0,1.63890270504449,3.07076932322565,0.836954540024,0.998335256616864,0.750912822313866,1.94569691589247,0,0,0,0,0,0,0,0,4521.2439938336,3217.03508248319,780.446414413963,1509.18040038656,470.668038329643,584.871269330734,789.829120408969,2114.55569227759,173.713424477511,123.603632452625,30.0866156668483,58.1861889659148,18.1380811275567,22.539840975323,30.4857646732195,81.6157561447667,20263.2887982929,14239.0541771981,3873.2605284253,7213.21639757613,2513.66528474814,3015.31734922854,3345.49387325164,8768.48489704638,778.541222542391,547.087333694717,150.994281571849,281.990621681168,98.858381771522,118.771405664434,132.1484775076,346.683879926189,0,0,7.52510054813437,14.3141621107223,5.09881185339737,6.1493739939899,7.23437295121637,19.0113894614159,0,0,0,0,0,0,0,0,331.259623152536,243.263627915048,268.180814896083,558.185768554303,324.121218601227,417.535385131227,179.956114015998,504.349433296495,12.7275136684703,9.34657777411904,10.2889092479093,21.4064934807483,12.4075767829199,15.9820901127016,6.89637759085406,19.3266975244243,304.20789379408,221.559818415657,323.360177590199,700.991395602158,418.322373222696,537.907396762856,307.350847479703,867.978226455438,11.6881407114569,8.51268274143273,12.4048558903695,26.8793125242806,16.0141845246527,20.5896642621266,11.7714354569451,33.239810010504,0,0,50.9658868849127,113.582489960974,50.1408680312616,64.1079218487058,84.3772840465059,227.18270173973,0,0,0,0,0,0,0,0,409.230346657683,183.015870739381,1962.2305309392,2032.96485069875
"279",2013,1558,23.1666666666667,4099.50380236683,3130.00203451851,963.205556833823,1780.35567886136,433.650849121209,515.688393895206,386.337788844634,1006.3495982108,0,0,0,0,0,0,0,0,0,0,1.62655823741758,3.04356930572688,0.833774079586702,0.990931239183621,0.751286319731709,1.95393994337281,0,0,0,0,0,0,0,0,4526.13393453132,3217.64631443057,777.436500803966,1501.29242595389,471.968952992094,583.7405681641,796.29889852908,2136.39896733231,173.90130381896,123.627116961507,29.970681129426,57.8821317886562,18.1882135179399,22.4962619793581,30.7357677800317,82.4594960329161,20259.7989919279,14222.9356346661,3852.2005491464,7164.58947292366,2515.89334737462,3004.45638195549,3373.4898847615,8860.97504732196,778.407218990627,546.468032148834,150.175388921317,280.087868254164,98.9457805343649,118.341187233479,133.254500074459,350.334318075537,0,0,7.4900164499091,14.2218979614124,5.10504058355129,6.12892901738923,7.29579393065548,19.2139352346354,0,0,0,0,0,0,0,0,331.80118499997,243.412523919638,267.398889076077,555.447041694362,325.25325385231,416.927430450948,181.422844948007,509.486257978927,12.7483214633779,9.35229859451373,10.258970656351,21.3016550852588,12.4510383726324,15.9590144407189,6.95266770489908,19.5237935792532,304.320626033087,221.413241828035,322.192509668714,696.756660315848,419.459071841177,536.557340744319,308.563030297551,873.231117236059,11.6924722476327,8.50705103128828,12.3601647331984,26.717241693894,16.0579430883569,20.5383608540422,11.8182132117261,33.4420315750329,0,0,50.7543030964839,112.804610944658,50.2004729188921,63.8558435857668,85.154251075431,229.625740149645,0,0,0,0,0,0,0,0,410.929563979136,183.690670364715,1971.68967671069,2041.37875478896
"280",2013,1558,23.25,4082.80090591639,3116.22066016961,955.891308266084,1765.58370434204,431.873785982918,511.7868756716,386.422516082651,1010.18286096736,0,0,0,0,0,0,0,0,0,0,1.61427426802963,3.01685280617458,0.830515916817188,0.983532142323728,0.751571821172849,1.96171963703532,0,0,0,0,0,0,0,0,4530.89415330584,3218.16656245874,774.483070798896,1493.50659194561,473.218212791947,582.571664248621,802.742383351273,2158.13211182039,174.084199036673,123.647105722714,29.8569090459436,57.5819985594933,18.236355328986,22.4512107990533,30.9847490941085,83.2989773105255,20256.2775204383,14206.8620712797,3831.52261622333,7116.74575229622,2517.86933474357,2993.4590436129,3401.35715844034,8952.80137033344,778.271997934822,545.850458790824,149.371158303121,278.215443930291,99.0233516422233,117.905682275226,134.355573330831,353.958949226547,0,0,7.45449426390778,14.1302224844629,5.11076396682548,6.1081871097455,7.35694005712433,19.4151429300037,0,0,0,0,0,0,0,0,332.327712466645,243.552621876945,266.593770043042,552.705125181704,326.340760052475,416.278866452985,182.880603589469,514.545215184954,12.7685516122708,9.35768137988709,10.2281403166102,21.1966902935127,12.4927922192596,15.9343794624957,7.00860940400423,19.7178978119103,304.429950920946,221.264605980041,321.018194334544,692.543606481066,420.560619672028,535.180207127954,309.802910932442,878.477476963384,11.6966728648876,8.50134020112616,12.3152157174718,26.5559943163537,16.1003494934371,20.4860086175687,11.8660425436606,33.6439804308499,0,0,50.5423085148238,112.031655270731,50.2566322775138,63.6019366320276,85.9312050877442,232.063095047949,0,0,0,0,0,0,0,0,412.631518269797,184.365870645589,1981.15386457741,2049.76355862921
"281",2013,1558,23.3333333333333,4066.2807340303,3102.6159171997,948.751645274681,1751.16826227568,430.0601722335,507.895111789409,386.460999721121,1013.77714339977,0,0,0,0,0,0,0,0,0,0,1.60208882141199,2.99063716141201,0.827183250062565,0.976143024088521,0.751769813405638,1.96904408051,0,0,0,0,0,0,0,0,4535.51632752907,3218.59058917687,771.580457725369,1485.8146849159,474.41486077724,581.362946300624,809.158266382625,2179.74695464654,174.261790361968,123.663397507315,29.7450829656527,57.2854748329959,18.2824698036561,22.4046256149464,31.2326586454623,84.1338862346979,20252.7301999323,14190.8369994278,3811.22113890661,7069.67397351737,2519.60233017469,2982.33602048106,3429.09662099466,9043.97143882925,778.135782844145,545.234748572129,148.581380786507,276.372922177751,99.091445361516,117.465304941747,135.451731184103,357.558062641162,0,0,7.41872741166493,14.0392728579702,5.11598452875653,6.0871602591516,7.41780747419544,19.6150090016447,0,0,0,0,0,0,0,0,332.839589803932,243.684084425242,265.769845736157,549.963914263423,327.384634897142,415.591435443762,184.32934197149,519.530178770146,12.7882188786948,9.36273237906153,10.1965867549336,21.0917487332487,12.5328727337849,15.9082520813365,7.06420102204366,19.9091589047855,304.536417079113,221.114437201969,319.837446691021,688.35393335383,421.627211314565,533.777281194689,311.068898723604,883.713732639037,11.700763642177,8.49557047339696,12.2700171310898,26.395635746332,16.1414113132246,20.4326571879489,11.9148625702143,33.8455198435795,0,0,50.3298925624054,111.263675935444,50.3093755559701,63.3462951088232,86.7081026441421,234.494677485507,0,0,0,0,0,0,0,0,414.336133512343,185.041447425318,1990.62205774891,2058.11890965304
"282",2013,1558,23.4166666666667,4049.94416510411,3089.18756731052,941.782386957738,1737.10095578448,428.213316923702,504.016187246821,386.454654384107,1017.13940736239,0,0,0,0,0,0,0,0,0,0,1.59003246980622,2.96493456337021,0.823779987782763,0.968769040651632,0.75188122115592,1.97592218870289,0,0,0,0,0,0,0,0,4539.99378411271,3218.91433624995,768.723778845802,1478.20986114235,475.558309131349,580.113424819762,815.54541346968,2201.23609546141,174.433821404123,123.675836387589,29.6350163919667,56.9922986140795,18.3265343711762,22.3564684827037,31.4794531355258,84.9639385868042,20249.1617163222,14174.8631459334,3791.29028822204,7023.36251469608,2521.10103107501,2971.0974044575,3456.70910246465,9134.49235547446,777.998753764171,544.621006261502,147.805838018516,274.559862153646,99.150397183913,117.020446478198,136.543003802192,361.131929501954,0,0,7.38287348814722,13.9491579701781,5.12070817676979,6.0658616287735,7.47839337852459,19.8135312125852,0,0,0,0,0,0,0,0,333.337149469692,243.807047126481,264.930871413783,547.226675410678,328.385694442261,414.866668293887,185.769015078313,524.444622696873,12.8073360362067,9.36745680054401,10.1644542047696,20.986955885496,12.5713111937761,15.880691069393,7.11944099687009,20.0977101946996,304.64048059602,220.963177893288,318.650690087254,684.189266544421,422.65900751424,532.34974234545,312.359416110431,888.936660580882,11.7047621031929,8.48975884579489,12.2245852643998,26.2362285251319,16.1811348246196,20.3783521389706,11.964612928507,34.0465265006007,0,0,50.117070758052,110.500738437119,50.3587305537624,63.0890097975943,87.4848984132591,236.920396106106,0,0,0,0,0,0,0,0,416.04333549253,185.717376950384,2000.0932967636,2066.44449943028
"283",2013,1558,23.5,4033.79179106348,3075.93516740731,934.979414746523,1723.37350215547,426.336365178247,500.152972055081,386.404860858994,1020.27646476402,0,0,0,0,0,0,0,0,0,0,1.57812951965821,2.93975289348495,0.820310540523605,0.961415346824793,0.751907319852069,1.98236352495792,0,0,0,0,0,0,0,0,4544.32126332709,3219.13474992118,765.908835387508,1470.68644100738,476.648276189106,578.822623597117,821.902834582958,2222.59283071483,174.600090075911,123.684305033316,29.5265489624417,56.7022524848319,18.3685382284655,22.3067211705086,31.7250947788938,85.7888768429182,20245.5757930468,14158.9425730455,3771.72405151136,6977.79949131034,2522.37377886535,2959.75274455418,3484.19535215319,9224.37080349545,777.861053761012,544.009311093698,147.0443043297,272.775812465092,99.2005289787763,116.571477208726,137.629418237085,364.68080488035,0,0,7.3470601382372,13.8599631701052,5.1249433768325,6.04430519672204,7.53869581136815,20.0107083995663,0,0,0,0,0,0,0,0,333.820680682279,243.921623941436,264.080055480661,544.496142929523,329.344692613003,414.105930171744,187.19958068072,529.291658561195,12.8259141970333,9.37185902288948,10.131865901569,20.8824167938565,12.6081364924207,15.8517488252949,7.17432786437727,20.2836711118891,304.742517773571,220.811197559018,317.458509762328,680.051147667319,423.656146332014,530.898676291995,313.67290862647,894.143361059521,11.7086827061035,8.48391951529272,12.1789426292437,26.0778319800764,16.2195254351038,20.3231354471029,12.0152341559549,34.2468895333644,0,0,49.9038793660875,109.742917242314,50.4047243200542,62.8301687800312,88.2615457067162,239.340158131641,0,0,0,0,0,0,0,0,417.753051575462,186.393635809642,2009.566689707,2074.74005760602
"284",2013,1558,23.5833333333333,4017.82395290671,3062.85809712816,928.338678535338,1709.9777459947,424.432305501874,496.308132561084,386.312968145223,1023.19498157977,0,0,0,0,0,0,0,0,0,0,1.56639899646479,2.91509641792218,0.816779652713938,0.954087016569308,0.751849663668912,1.98837814881508,0,0,0,0,0,0,0,0,4548.49472168614,3219.24963554278,763.132028800257,1463.23973819924,477.684734150639,577.490489661959,828.229658709265,2243.81109102335,174.760441020132,123.68871912262,29.4195432489709,56.4151570645865,18.4084803321987,22.2553817036317,31.9695503408449,86.608467777427,20241.975331359,14143.076779476,3752.51627864309,6932.97283768476,2523.4285832294,2948.3110888453,3511.55605201321,9313.61309016104,777.722794311336,543.39972065147,146.296548517474,271.020314324834,99.2421499268861,116.118748153645,138.710998949323,368.204929427058,0,0,7.31138991272167,13.7717541879007,5.12870048958771,6.02250546397399,7.59871348797842,20.2065402843346,0,0,0,0,0,0,0,0,334.290436559624,244.027911778278,263.220131589916,541.774599205347,330.262336815332,413.31045741169,188.620999173389,534.074067983095,12.8439630863663,9.37594276946475,10.09892685068,20.77821914548,12.643375737977,15.8214727912468,7.22886025263868,20.4671484220806,304.842835855673,220.658802110142,316.261613956494,675.941026011872,424.618752750246,529.425085861623,315.007853316254,899.331236148964,11.7125372557605,8.47806423547853,12.1331164648491,25.9205019020181,16.2565880500609,20.2670459031439,12.0666680108149,34.446509663694,0,0,49.6903709667569,108.990292860991,50.4473838729971,62.5698579422877,89.0379969351385,241.753870218279,0,0,0,0,0,0,0,0,419.465210524867,187.070200886807,2019.04140413307,2083.00534697608
"285",2013,1558,23.6666666666667,4002.04077648763,3049.9555863596,921.856201430017,1696.90566968852,422.503978509464,492.484144568605,386.180295681857,1025.9014831705,0,0,0,0,0,0,0,0,0,0,1.55485562001697,2.89096647560527,0.813192244374981,0.946788971657983,0.751710015924391,1.99397646920856,0,0,0,0,0,0,0,0,4552.51113454522,3219.25751258529,760.390275766949,1455.865890606,478.6678576485,576.117305343177,834.525109157327,2264.88537367598,174.914758025102,123.68902177119,29.3138815103889,56.1308645348011,18.446367423455,22.2024609898055,32.2127901908708,87.422499880221,20238.3625504236,14127.2668007472,3733.66072653811,6888.87038415592,2524.27314857489,2936.78102922651,3538.79182999924,9402.22519298305,777.584060685113,542.792274721081,145.562335567197,269.292904544641,99.2755575380297,115.662592754477,139.787768330663,371.704531165838,0,0,7.27594505845071,13.6845809918956,5.13199113590957,6.00047717728747,7.65844563325378,20.401027291371,0,0,0,0,0,0,0,0,334.746641153581,244.125994875224,262.353431358693,539.063954091144,331.139302729904,412.481392466108,190.033233401898,538.794337493379,12.8614913126329,9.37971127683666,10.065726618903,20.6744363192798,12.6770548217748,15.7899067965599,7.28303687573639,20.6482375645144,304.941683879768,220.506243322517,315.060796607001,671.860252274428,425.546947633779,527.929902084061,316.362766048038,904.497964967187,11.7163353206313,8.47220267998239,12.0871373045471,25.7642903021388,16.2923274155111,20.2101195351294,12.1188577503767,34.6452982500773,0,0,49.4766101699289,108.242949075633,50.4867368536005,62.3081614544745,89.8142040467512,244.161439276873,0,0,0,0,0,0,0,0,421.179742322556,187.747049315118,2028.51665889017,2091.24015858301
"286",2013,1558,23.75,3986.44220064668,3037.22673687452,915.528083178447,1684.149401061,420.554084277848,488.683304525912,386.008134983224,1028.40235817997,0,0,0,0,0,0,0,0,0,0,1.54351054353546,2.86736200360717,0.809553306727513,0.939525939367673,0.751490298256425,1.9991691355245,0,0,0,0,0,0,0,0,4556.36834190004,3219.1575015565,757.680939425551,1448.5617274917,479.597985451452,574.703621491049,840.78848565434,2285.81068985297,175.062958100002,123.685179187529,29.2094630644689,55.8492535528346,18.4822125564635,22.147980255911,32.4547876166029,88.2307813374887,20234.7390965419,14111.5132872018,3715.15109437898,6845.47991650634,2524.91489472871,2925.17073671753,3565.9032698439,9490.21279645142,777.444916142173,542.186998289576,144.841428013835,267.593117842895,99.3010384459292,115.203328233848,140.859747087073,375.179826918353,0,0,7.24079109381261,13.5984806503115,5.13482777862813,5.97823514787024,7.71789186399269,20.5941704233708,0,0,0,0,0,0,0,0,335.189494860466,244.215948085587,261.481942291792,536.365805874129,331.976243930201,411.619807782802,191.436248433974,543.454688699852,12.8785065753775,9.38316742098909,10.032341558163,20.5711297269931,12.7091987876222,15.7570919759483,7.33685652539923,20.827023809058,305.039261242288,220.35372639405,313.856909095249,667.810076213246,426.440854701611,526.413994438043,317.736206517123,909.641480327549,11.7200845618969,8.46634273283499,12.0410378901722,25.6092453198947,16.3267483848487,20.1523899997885,12.1717483209506,34.8431763887437,0,0,49.2626704716413,107.500970974815,50.5228119231318,62.0451620789187,90.5901188530247,246.562773079534,0,0,0,0,0,0,0,0,422.896578035688,188.424158447621,2037.99171782629,2099.4443081259
"287",2013,1558,23.8333333333333,3971.02800135578,3024.67054087181,909.350502693777,1671.70121914268,418.585189163036,484.907739900424,385.797751009592,1030.7038619547,0,0,0,0,0,0,0,0,0,0,1.53237197526701,2.8442799803978,0.805867821843832,0.932302422895409,0.751192549006048,2.00396694767314,0,0,0,0,0,0,0,0,4560.06491649027,3218.94922753657,755.001769339945,1441.32465629039,480.47558863398,573.250201731318,847.01914971665,2306.58251804558,175.204986407207,123.677176966618,29.1062019941993,55.5702249168048,18.5160338755412,22.0919689077808,32.6955182633097,89.0331382498636,20231.1061364296,14095.8165703745,3696.98105352972,6802.78922545672,2525.36097511027,2913.48799234905,3592.89091916683,9577.5813245305,777.305405516047,541.583904094884,144.13358709997,265.920488768179,99.3188691055853,114.741256784767,141.926954556461,378.631023563611,0,0,7.20597979160299,13.51347971008,5.13722339703321,5.95579411085664,7.77705209377183,20.7859711627528,0,0,0,0,0,0,0,0,335.61917898348,244.297839584983,260.607357812506,533.681492701846,332.773799213665,410.726724414939,192.830011333983,548.057105871291,12.895015840557,9.38631382133805,9.99883672622253,20.4683507879948,12.7398321133907,15.7230674854483,7.39031806274603,21.0035833143871,305.135725095608,220.201416517899,312.650836936008,663.791646153245,427.300606203542,524.878180129443,319.126781965916,914.759946641534,11.7237910176547,8.46049074102057,11.9948522762972,25.4554112023174,16.3598561360861,20.0938889373217,12.2252864988545,35.0400740631628,0,0,49.0486316726952,106.764443377993,50.5556390456988,61.78094140043,91.3656932981418,248.957780762124,0,0,0,0,0,0,0,0,424.615649708142,189.101505835232,2047.46588443481,2107.61763299491
"288",2013,1558,23.9166666666667,3955.79781244048,3012.28589685712,903.319719816502,1659.55355835317,416.599732137779,481.159418817833,385.550383312861,1032.81211955665,0,0,0,0,0,0,0,0,0,0,1.52144570059028,2.82171579914901,0.802140701263059,0.925122681553642,0.750818889247426,2.00838078210919,0,0,0,0,0,0,0,0,4563.60005113947,3218.63273802194,752.35084915586,1434.15256632452,481.301244199558,571.757976113963,853.216512788147,2327.19676288187,175.340811933708,123.665016933346,29.0040251476803,55.2936978784192,18.5478536014149,22.0344627503727,32.9349596795427,89.8294130574638,20227.4644367319,14080.176719341,3679.14427285119,6760.78614764542,2525.61829275177,2901.74021425995,3619.75529616689,9664.33596938732,777.165558269055,540.982994790843,143.438573756528,264.274553293998,99.3293164073187,114.276666613501,142.989408970925,382.058319150416,0,0,7.17155166549974,13.429596172664,5.13919123374272,5.93316861644183,7.83592645649509,20.9764313939609,0,0,0,0,0,0,0,0,336.035859566372,244.371733086849,259.731120363712,531.012135838634,333.532598131968,409.803126365828,194.214490950007,552.603361069683,12.9110254878367,9.38915292585558,9.96526754140934,20.366142590483,12.7689789234313,15.6878710544267,7.44342041049264,21.1779840922179,305.231196727147,220.049444593104,311.443480735083,659.806009943289,428.126347418199,523.323232350557,320.533149824394,919.851739197861,11.7274593480127,8.4546517338885,11.9486150984354,25.3028283393723,16.3916563440382,20.0346462874871,12.2794209901899,35.2359293467168,0,0,48.8345777655635,106.033449582758,50.5852496811161,61.5155799946875,92.1408796805999,251.346373237419,0,0,0,0,0,0,0,0,426.336890272363,189.779069211253,2056.9384973064,2115.75998982368
"289",2014,1558,24,3941.32790403435,3000.42217459863,896.823540272753,1646.91928246841,414.499563829683,476.633309601624,385.448254944514,1035.98818213219,0,0,0,0,0,0,0,0,0,0,1.51055833284014,2.79883330397511,0.798186453529545,0.91643976659629,0.750702899826347,2.01474047453217,0,0,0,0,0,0,0,0,4567.47809733985,3218.62951905707,749.174156622846,1426.22294888209,481.960290980118,569.263808641082,859.568218763755,2349.01820726922,175.489812670379,123.664893255568,28.8816363934862,54.9880145774812,18.5732530817837,21.9383443520534,33.1803442444484,90.6722084026338,20226.1263045493,14066.3890318685,3659.06050569925,6715.76436092736,2525.08395305404,2885.04012040017,3647.44212854642,9757.1878831552,777.11421630948,540.453248599895,142.657066301961,262.51161690232,99.308670737589,113.617083253475,144.084193908225,385.725464503029,0,0,7.13668063122561,13.34282119559,5.13951822239495,5.90037097523743,7.89642213263816,21.1791992876317,0,0,0,0,0,0,0,0,336.480464899316,244.465656040675,258.793221888437,528.15440621472,334.176909206059,408.145194221856,195.693984717881,557.905429589144,12.9281080465054,9.3927615939888,9.92932942865176,20.2567044742569,12.79373990227,15.6245593304232,7.50015859918593,21.3813202286678,305.358326184344,219.926241466789,310.175353547885,655.635329129072,428.815298613924,520.864220444912,322.086637958078,925.973454594749,11.7323440188643,8.44991807007245,11.9000423447989,25.1431408740045,16.4182139446002,19.9407837832461,12.3391822707354,35.4712050447602,0,0,48.6163253860655,105.277787792777,50.5995934402878,61.1453916725765,92.9324444255303,253.860527801096,0,0,0,0,0,0,0,0,428.058407988515,190.46048120118,2066.39790947394,2123.91231725511
"290",2014,1558,24.0833333333333,3927.4196123942,2988.95312703525,890.059717642731,1634.04863664551,412.311127865829,471.604011234086,385.430908221104,1039.80780034248,0,0,0,0,0,0,0,0,0,0,1.49957966992516,2.77577458175874,0.794067270878836,0.906782925189655,0.750742986778098,2.02229458513113,0,0,0,0,0,0,0,0,4571.57635453806,3218.83045283481,745.660827659158,1417.81593099144,482.484939958874,566.078387360119,866.027958402994,2371.68363000809,175.647274265741,123.672613452636,28.7462990420717,54.6639492893842,18.5934738860965,21.8155873003185,33.4298872484702,91.5475246803323,20226.3952156896,14053.9083522551,3637.52938599928,6668.87730516377,2523.91447627173,2864.95616156943,3675.65431917248,9853.98312904506,777.124618279016,539.973719764229,141.819812405183,260.67636655871,99.2631077036468,112.824268666297,145.199672466883,389.547848481347,0,0,7.10068447076859,13.2536224134917,5.1385716030183,5.86062945156271,7.95798543337888,21.3900750640329,0,0,0,0,0,0,0,0,336.940940717088,244.571694122134,257.795845498507,525.159273067246,334.728346398983,405.973453725246,197.229868508612,563.649146561291,12.9458003727629,9.39683574473507,9.89110593995725,20.1419909472629,12.8149424513804,15.5415743198481,7.55905338276914,21.6015619917688,305.506806831392,219.822436013402,308.862178336427,651.340792732361,429.395479071021,517.773423481082,323.745958519187,932.789077989733,11.7380490332685,8.44592969593328,11.8497377338475,24.978695903118,16.440601713389,19.8227250282753,12.4029890521566,35.7330344591027,0,0,48.3950875885265,104.506644071086,50.6022468542675,60.703478916637,93.7354509707058,256.459140007487,0,0,0,0,0,0,0,0,429.780936606579,191.144776567174,2075.84360391535,2132.0518376642
"291",2014,1558,24.1666666666667,3913.65595808347,2977.62383219456,883.46524002671,1621.4992851352,410.107544555402,466.657838136862,385.368341051044,1043.36654404493,0,0,0,0,0,0,0,0,0,0,1.48863045577821,2.75312728642327,0.789920345012826,0.897278355537867,0.750700834930116,2.02937219353293,0,0,0,0,0,0,0,0,4575.53050612718,3218.93158418931,742.207193122552,1409.51987068846,482.955918216449,562.895081311603,872.460390005219,2394.21215368323,175.799199093152,123.676499081001,28.6132474782367,54.3441474936112,18.6116270865954,21.6929129255771,33.6783728535398,92.4175577160598,20226.6224661809,14041.452346413,3616.39777595711,6622.77553882325,2522.54561807346,2845.0215597167,3703.71329836289,9949.89548546659,777.133418796632,539.495138949179,140.997902688833,258.8715678851,99.2097619757387,112.037364096932,146.309237081995,393.335797980251,0,0,7.06414950555684,13.1648586445942,5.13722062665664,5.82115813712923,8.01924811113097,21.5992506019771,0,0,0,0,0,0,0,0,337.38831740245,244.67000397422,256.782161701759,522.173220838708,335.241372863775,403.795780773325,198.746315317791,569.244469112259,12.9629894083583,9.40061296457278,9.85225496047153,20.0276217901533,12.8346716143786,15.4583584222185,7.61720047422323,21.8161146081698,305.653902445462,219.718111539474,307.546746182141,647.079484587214,429.940870611436,514.688513241774,325.414959259121,939.532367539448,11.7437008300771,8.44192138024079,11.7993442630417,24.8155190191779,16.4616522851282,19.7048827483056,12.4671584958707,35.9920747432143,0,0,48.1738327763402,103.741701728495,50.6018810373092,60.2646745503414,94.5378806275042,259.047316034791,0,0,0,0,0,0,0,0,431.505787284661,191.829357850296,2085.28175109626,2140.14632965812
"292",2014,1558,24.25,3900.03921548232,2966.43531039011,877.036046727094,1609.26370275851,407.891542427479,461.79481795437,385.262200484381,1046.67346915472,0,0,0,0,0,0,0,0,0,0,1.47775156943972,2.73090897848422,0.78574701668716,0.887925344533468,0.750576971202134,2.03598207342196,0,0,0,0,0,0,0,0,4579.33074024262,3218.926616967,738.807584185602,1401.32630505612,483.372556414039,559.71184926043,878.862111973036,2416.58922989437,175.945210165085,123.676308232377,28.4822652096017,54.0282851875976,18.6276869139959,21.5702426525108,33.9256704462208,93.2817482800727,20226.8152048017,14029.0255286439,3595.65973964015,6577.44757720036,2520.98572270932,2825.23966198897,3731.62129612555,10044.9413815686,777.140892534399,539.017679601303,140.19111489372,257.096784471322,99.148955986404,111.256498492125,147.412972730871,397.089949209104,0,0,7.02729317034657,13.0766969895498,5.1354632620505,5.78195307533427,8.0802033800469,21.8067209312248,0,0,0,0,0,0,0,0,337.82280327207,244.760648210769,255.755951752066,519.199194047516,335.716300302102,401.613153633827,200.244181184555,574.701286534857,12.9796831571516,9.40409565922542,9.81292172737798,19.9137101367249,12.8529392963501,15.3749491519311,7.67463276714592,22.025357000476,305.800323262133,219.613862483479,306.229553024009,642.85314874229,430.452596528867,511.611437805567,327.09252977079,946.199617490008,11.7493266976986,8.43791596227129,11.7488809754115,24.6536772255484,16.4814087641045,19.5873318649185,12.5316482254701,36.2481843396301,0,0,47.9525248512989,102.982949086375,50.5985416757099,59.8290022903693,95.3397134269268,261.625117852675,0,0,0,0,0,0,0,0,433.232893560074,192.514203516471,2094.7115120428,2148.19583809491
"293",2014,1558,24.3333333333333,3886.57123480124,2955.38826839569,870.768119921147,1597.33442753019,405.665683219192,457.014854805104,385.1140787535,1049.73735691173,0,0,0,0,0,0,0,0,0,0,1.46697565571276,2.70913206910877,0.781549520479112,0.878723413404899,0.750372431786488,2.04213421166499,0,0,0,0,0,0,0,0,4582.96935377037,3218.81075504158,735.457219789173,1393.22833097973,483.73466157423,556.527417975565,885.230145411637,2438.80177655624,176.08501151558,123.67185663192,28.3531696780238,53.7160981098353,18.641645915943,21.4475274222732,34.171665616814,94.1395933436711,20226.9791118263,14016.6313938049,3575.30907086,6532.88150988311,2519.24272131829,2805.61335172763,3759.38029142893,10139.1361562854,777.147257742482,538.541475998473,139.399216077313,255.351563038597,99.0809962913991,110.48178285451,148.51095466949,400.810896285269,0,0,6.99029105028988,12.9892694554376,5.13330200092426,5.7430125955011,8.14084589415493,22.0124833693155,0,0,0,0,0,0,0,0,338.244558480432,244.843663506818,254.720407176404,516.239573003117,336.153427923947,399.426367363124,201.724207961001,580.028445311375,12.9958877725348,9.4072852378064,9.77322883312562,19.8003474526005,12.8697569211298,15.2913769810773,7.73137876952431,22.2296281078503,305.946640074275,219.510169813501,304.91122097742,638.663333234071,430.9315918307,508.543853297605,328.777605354186,952.787926418923,11.7549485669344,8.43393192158708,11.6983717678894,24.4932300201083,16.4999070398696,19.4701361055963,12.5964176184641,36.5012525041413,0,0,47.7311590923318,102.230393274215,50.5922704767975,59.396480544127,96.1409255485324,264.19259828619,0,0,0,0,0,0,0,0,434.962189939247,193.199292175909,2104.13210969885,2156.20043960841
"294",2014,1558,24.4166666666667,3873.25351783273,2944.48315737048,864.657493869179,1585.70408073456,403.43237900382,452.317747332347,384.925519718155,1052.56673633577,0,0,0,0,0,0,0,0,0,0,1.45632895791013,2.68780497540151,0.777330651729129,0.869672185783009,0.750088619558013,2.04783944686753,0,0,0,0,0,0,0,0,4586.44032930524,3218.58039471072,732.152036614525,1385.22026825056,484.04239218609,553.3410824565,891.561858427796,2460.83799401635,176.218371946307,123.663005819623,28.2258057589141,53.4073688373173,18.653510159729,21.3247400226574,34.4162572587918,94.9906390433967,20227.1187011569,14004.2726322586,3555.33937614499,6489.06514778637,2517.32419095669,2786.14513405206,3786.99205858522,10232.4942088523,777.152687857485,538.066631508587,138.62196582645,253.635439147036,99.0061758469373,109.713313554804,149.603250235875,404.499197061446,0,0,6.95328651798298,12.9026812026652,5.13074240073794,5.70433657696626,8.20117139014832,22.2165369724942,0,0,0,0,0,0,0,0,338.653708334629,244.919069209471,253.678247403429,513.296305995016,336.55306698511,397.236103435576,203.187042670969,585.233895688511,13.011608069008,9.41018244366228,9.73328074182696,19.6876086110438,12.8851363744065,15.2076680157859,7.78746334676521,22.4292325052222,306.093310653196,219.40742223077,303.592452526779,634.511404371364,431.378644503199,505.487172130441,330.469167374223,959.295065618579,11.7605840261208,8.42998419271038,11.6478436306285,24.3342299386844,16.5171773674569,19.3533498496222,12.6614278183226,36.7511942591019,0,0,47.509753537908,101.48405409001,50.5831068711478,58.9671238639546,96.9414903600643,266.749803213254,0,0,0,0,0,0,0,0,436.693611618754,193.884602506153,2113.54281717001,2164.16023498077
"295",2014,1558,24.5,3860.08725231494,2933.72019956389,858.700262137007,1574.36538167922,401.193898084368,447.703196864254,384.698020954074,1055.1698889675,0,0,0,0,0,0,0,0,0,0,1.44583215570638,2.66693265755668,0.773093622466293,0.860771334310539,0.749727238144095,2.05310929453056,0,0,0,0,0,0,0,0,4589.73913823419,3218.23298033527,728.888607921447,1377.2974975946,484.296200395395,550.152610642731,897.854933521441,2482.6872955152,176.345117460712,123.649657603744,28.1000426577774,53.1019205813991,18.6632970111944,21.2018714287105,34.659356319837,95.8344780249939,20227.2374616607,13991.9512312144,3535.74411881563,6445.98610074434,2515.23737676938,2766.83717296068,3814.45818766601,10325.0290610417,777.15731693279,537.593222483271,137.859117957592,251.947940199476,98.9247748663568,108.951173768616,150.68991964458,408.155375533861,0,0,6.91639507489927,12.8170142488158,5.12779246755701,5.66592613480629,8.2611765298064,22.4188823115736,0,0,0,0,0,0,0,0,339.050349795148,244.986871602507,252.631774761338,510.370969946109,336.91554964335,395.042958310046,204.633246765523,590.32476017225,13.0268477719498,9.41278751822565,9.69316590071265,19.5755542220465,12.8990903446372,15.1238450950823,7.84290807692991,22.6244430294427,306.240692139281,219.305926171726,302.274007970339,630.398555032374,431.794417234555,502.442589416714,332.166243562614,965.719410598778,11.7662467971955,8.42608454941846,11.5973257800307,24.1767228710154,16.5332451994629,19.2370191390626,12.7266417449533,36.997947766035,0,0,47.2883449933027,100.743961153828,50.5710887484192,58.5409435809613,97.7413789068844,269.296772543794,0,0,0,0,0,0,0,0,438.427094368665,194.570113221982,2122.94295294082,2172.0753460898
"296",2014,1558,24.5833333333333,3847.07335313098,2923.09942000415,852.892583592339,1563.31116045204,398.952373882919,443.170817610841,384.433036830376,1057.55485884758,0,0,0,0,0,0,0,0,0,0,1.43550134436707,2.64651724398841,0.768841900653385,0.852020522441083,0.749290217389469,2.05795575201424,0,0,0,0,0,0,0,0,4592.86250819957,3217.76683512999,725.664048515273,1369.45627568982,484.496766142901,546.962137068053,904.107326660588,2504.34020638691,176.465122329579,123.631747559512,27.9757702767461,52.7996101026068,18.6710326040554,21.0789267184523,34.9008842339998,96.670745588779,20227.3380235327,13979.66859307,3516.51666671271,6403.63186029756,2512.98922154677,2747.69133595419,3841.78010994498,10416.7534415673,777.161246030455,537.121302804739,137.110422362768,250.288588653526,98.8370619604234,108.195435203856,151.771016976146,411.779925107687,0,0,6.87970941773321,12.7323317820042,5.12446195167478,5.62778326055723,8.32085871768053,22.6195212069052,0,0,0,0,0,0,0,0,339.434558733976,245.047068551275,251.582939288822,507.464840225893,337.241238114965,392.847474993607,206.063307361581,595.307420458478,13.0416097964851,9.41510037947969,9.65295922844633,19.464233313193,12.9116326754119,15.0399290047844,7.89773168215151,22.8155041123812,306.389055901722,219.205917784144,300.956680888153,626.325815725646,432.17947206321,499.411113348162,333.867907721687,972.059860291986,11.7719473066324,8.42224206488582,11.5468487157191,24.0207484826012,16.548132130266,19.1211828419872,12.7920240822978,37.2414712274244,0,0,47.066984497094,100.010150724262,50.5562532657821,58.1179485226879,98.5405604815808,271.833541409345,0,0,0,0,0,0,0,0,440.162574403024,195.255803044527,2132.33187501488,2179.94591228633
"297",2014,1558,24.6666666666667,3834.21249790892,2912.62067385006,847.230687112366,1552.53436807255,396.709813075701,438.720145790564,384.131981181177,1059.72946164233,0,0,0,0,0,0,0,0,0,0,1.42534886462024,2.6265585628573,0.764579081697369,0.843419360329273,0.74877965160409,2.06239113571291,0,0,0,0,0,0,0,0,4595.80822305402,3217.18101592136,722.475932602485,1361.69357804121,484.644942388535,543.770074688141,910.31723164727,2525.78827141689,176.578301404983,123.609239448692,27.852896073951,52.5003216922819,18.6767497348332,20.955921685956,35.1407715565532,97.4991161465062,20227.4223012488,13967.4256368118,3497.65033260838,6361.98986876581,2510.58639126257,2728.70923191612,3868.95912010603,10507.6793626613,777.164548713649,536.650907781778,136.375626573643,248.656904703764,98.743295121987,107.446159567076,152.846591040587,415.373311558273,0,0,6.84330370351482,12.6486817820189,5.12076177747228,5.58991052918008,8.38021595019012,22.8184565122357,0,0,0,0,0,0,0,0,339.806396002816,245.099653324139,250.533394382979,504.578948986739,337.53053071697,390.650167180429,207.477647213044,600.187596446085,13.0558964806359,9.41712076878397,9.61272425165584,19.3536855698808,12.9227785980901,14.9559394059844,7.95195041143928,23.0026348106506,306.53860050725,219.107573395546,299.641278095004,622.294065742798,432.534291687176,496.393592223019,335.573279065406,978.315764692971,11.77769318372,8.41846351389706,11.4964434498358,23.8663406405202,16.5618567124669,19.0058736877301,12.8575412521981,37.4817401121642,0,0,46.8457335463891,99.2826630822696,50.5386374830331,57.6981455961531,99.33900310778,274.360141181515,0,0,0,0,0,0,0,0,441.899988280789,195.941650680794,2141.70897601012,2187.77208746168
"298",2014,1558,24.75,3821.50515588859,2902.28366856252,841.710874974516,1542.02808393253,394.468102704804,434.350647488354,383.796229426736,1061.70129234379,0,0,0,0,0,0,0,0,0,0,1.41538394426643,2.60705455648086,0.760308804032142,0.834967380664845,0.748197753996079,2.06642795842005,0,0,0,0,0,0,0,0,4598.5749625272,3216.47519696013,719.322226584425,1354.00697401599,484.741714193759,540.577048073137,916.483051616144,2547.02397549159,176.684603960028,123.582120755478,27.7313424940275,52.2039623856607,18.6804862896804,20.8328802740733,35.3789568721545,98.3193001866155,20227.4916078409,13955.2228788442,3479.13840629112,6321.04757270645,2508.03529528926,2709.89224078718,3895.99639409804,10597.8181853639,777.167275437269,536.182057255326,135.65447700454,247.052408360418,98.6437225047383,106.703399712283,153.91668607131,418.935975553489,0,0,6.80723679100495,12.5660997539452,5.11670366094216,5.55231090079236,8.43924670484762,23.0156919626571,0,0,0,0,0,0,0,0,340.165912065389,245.144617426883,249.484541472353,501.714129598158,337.783863499291,388.451533797961,208.876633146711,604.970415753156,13.0697097633016,9.418848359777,9.57251482006379,19.2439430418002,12.9325447950606,14.8718953949864,8.00557836459759,23.1860314714193,306.689462347508,219.011018136166,298.328605047785,618.304045017024,432.859297137436,493.390738379041,337.281520946575,984.486861270095,11.7834896688816,8.414753704155,11.4461409459263,23.7135278668233,16.5744351341974,18.8911191841152,12.9231613649075,37.7187447175433,0,0,46.6246612913561,98.5615406522178,50.5182787615487,57.281540195279,100.136673911585,276.876600254007,0,0,0,0,0,0,0,0,443.63927284425,196.62763481604,2151.07367949212,2195.55403802636
"299",2014,1558,24.8333333333333,3808.95161312347,2892.08798323517,836.329525415968,1531.78552155755,392.229016769895,430.061725774956,383.427120438723,1063.47773242648,0,0,0,0,0,0,0,0,0,0,1.40561324678005,2.58800163651914,0.756034681901477,0.82666402134543,0.747546818721515,2.07007882650644,0,0,0,0,0,0,0,0,4601.16216305513,3215.64956933431,716.201230501205,1346.39452003776,484.788164587008,537.383837882334,922.60337394628,2568.04066975553,176.784008341682,123.550398821775,27.6110447293842,51.9104578704568,18.6822839317453,20.7098324402964,35.6153858337449,99.1310414496046,20227.5467539421,13943.0605028119,3460.97418182782,6280.79246759222,2505.3421041495,2691.24153908223,3922.89300488172,10687.1806792889,777.169457353385,535.714758281158,134.946720009631,245.474621188627,98.538583106509,105.967200628678,154.981342336977,422.46833496186,0,0,6.77155499551961,12.4846110453195,5.11229979841443,5.51498755802469,8.49794984781616,23.2112320487314,0,0,0,0,0,0,0,0,340.51315087048,245.181952919807,248.437568652551,498.871054011488,338.001710500508,386.252069742432,210.260583573901,609.660476991438,13.0830513330682,9.42028284740253,9.53237658985519,19.1350315779611,12.9409494100062,14.7878159166375,8.05862778068549,23.3658701590018,306.84172499744,218.916333541236,297.019454050299,614.356365506666,433.15486294204,490.403149252626,338.991839475938,990.57321816159,11.7893399732393,8.41111576837295,11.3959716653185,23.5623337739933,16.5858818003434,18.7769424247749,12.9888541655864,37.9524879915858,0,0,46.4038421853732,97.8468264548441,50.4952150700253,56.8681365313438,100.933539439959,279.382944720386,0,0,0,0,0,0,0,0,445.380365175831,197.313734112095,2160.42543687011,2203.29194125781
"300",2014,1558,24.9166666666667,3796.55199412925,2882.0330851764,831.083094420968,1521.80003280108,389.994222305898,425.852727118211,383.025958148369,1065.06595642212,0,0,0,0,0,0,0,0,0,0,1.39604132728255,2.56939498029049,0.751760255912814,0.818508615355889,0.746829190541476,2.07335635682549,0,0,0,0,0,0,0,0,4603.56989945301,3214.70475568654,713.111527796763,1338.85467017509,484.785447171183,534.191336215009,928.676948704685,2588.83250400265,176.876517424467,123.514097570511,27.4919487996284,51.6197490616251,18.6821870474762,20.5868124401392,35.8500103367412,99.9341143414571,20227.588131793,13930.9384186012,3443.15098018471,6241.21213407137,2502.51276479898,2672.75812137082,3949.64993598952,10775.7770764944,777.171109538863,535.249007396817,134.252102761287,243.923067722338,98.4281073569777,105.23760027205,156.040596668208,425.970786931973,0,0,6.73629435679094,12.4042327458405,5.10756262960171,5.47794378088001,8.5563245598121,23.4050819170691,0,0,0,0,0,0,0,0,340.848152978752,245.211654227826,247.393483418715,496.050263204607,338.184582554338,384.052272796338,211.629775089851,614.261906893397,13.0959227483441,9.4214240174568,9.49234828042615,19.0269719960141,12.9480120024034,14.7037200308129,8.1111092914776,23.5423088458301,306.995427310512,218.823564142971,295.714595221199,610.451522249273,433.421329880732,487.431325813694,340.703481986997,996.575183756969,11.7952455896449,8.40755141754902,11.3459652196815,23.4127774880324,16.5962098214993,18.6633627961096,13.0545909750009,38.18298360039,0,0,46.1833540923785,97.1385628967427,50.4694851940618,56.4579378865312,101.729565924338,281.879198940656,0,0,0,0,0,0,0,0,447.123202572855,197.999927211482,2169.76372485522,2210.98598402123
"301",2015,1558,25,3784.73882166333,2872.31370243152,824.986779958962,1509.85970906796,387.617301141115,420.034661263619,382.925691472303,1069.82057833106,0,0,0,0,0,0,0,0,0,0,1.3863305025583,2.54846287792883,0.747210778609593,0.807257162143983,0.746651190736892,2.08236042963876,0,0,0,0,0,0,0,0,4606.49753324866,3214.23653433489,709.270013361711,1329.42340186875,484.557256933987,528.876738762408,935.067821623885,2613.08309220042,176.989001796677,123.496107757415,27.3439474756408,51.2561848298148,18.6734009982873,20.3820106190536,36.0968617299676,100.870503368737,20230.4760206175,13921.121417269,3421.91524379959,6193.18596382553,2498.6084222942,2643.79148008069,3978.03964630978,10881.2216678005,777.282127751151,534.871821510064,133.42604620361,242.04297379222,98.2753756415803,104.095240993156,157.163934538022,430.134956035571,0,0,6.69986364032601,12.3115944517608,5.10060491640279,5.41936565700169,8.61795920738033,23.6330803317424,0,0,0,0,0,0,0,0,341.234146361687,245.28597451709,246.2776335917,492.751619957188,338.239658401028,380.363073618605,213.186134613466,620.869856364987,13.1107533273214,9.42427952017472,9.44956239358343,18.9005771742581,12.9501787303926,14.5625974980329,8.17075869007815,23.7956016954713,307.194264849877,218.771981912834,294.316714687863,605.907471739956,433.495654696923,482.526964825004,342.659796718506,1005.1333014098,11.8028853701931,8.40556954365459,11.2923855521705,23.2386976917393,16.5991760808253,18.4757810020662,13.1296946839382,38.5113791498203,0,0,45.9549684963212,96.3346693667718,50.4223082457777,55.8258839893597,102.55604949458,284.701258187929,0,0,0,0,0,0,0,0,448.850270140313,198.670906809941,2178.99311173353,2218.45896113102
"302",2015,1558,25.0833333333333,3773.16916293507,2862.76184933283,818.747951599923,1497.5651278711,385.194371756369,413.854346701391,382.882721606086,1075.2690727712,0,0,0,0,0,0,0,0,0,0,1.37647817458764,2.52698485594963,0.742583919820694,0.79530838486831,0.746584867013508,2.09268389514054,0,0,0,0,0,0,0,0,4609.5235556502,3213.87145262369,705.260451342746,1319.5459181959,484.234605170659,522.995075496715,941.544597591174,2638.30547863505,177.105266416466,123.482080734244,27.1894760760215,50.8754203953172,18.6609741417775,20.1553547751199,36.3470203389071,101.84434671535,20234.1678222568,13911.991627475,3399.92736867788,6143.23150880442,2494.25547388916,2612.07335500718,4006.79501739058,10990.7723888856,777.424032660913,534.521039406515,132.570981634298,240.087797302681,98.1050449107093,102.844543205697,158.301698485757,434.46060038337,0,0,6.66231356670294,12.215268162181,5.0927552204881,5.35512457851186,8.68036342992442,23.8697207420354,0,0,0,0,0,0,0,0,341.626430576688,245.367950187842,245.121738456998,489.306326985833,338.228617546536,376.252472493963,214.776692911403,627.856392863954,13.1258256086792,9.42742915492037,9.40523725950681,18.7685522865944,12.9498111267543,14.4053376193735,8.23171592610159,24.0633932445384,307.404037510891,218.731410458544,292.890394398555,601.202320008468,433.487221666201,477.088582521892,344.685807108417,1014.34109910937,11.8109452933195,8.40401072141956,11.2377121030468,23.0584329025752,16.5989690030665,18.2677448475233,13.2074620462719,38.864648101908,0,0,45.7243312124143,95.5072422786194,50.3667620529663,55.1350754427801,103.391065254083,287.608652660407,0,0,0,0,0,0,0,0,450.573907935556,199.337374037669,2188.17565146403,2225.81549473157
"303",2015,1558,25.1666666666667,3761.70852448154,2853.3161733836,812.670960055485,1485.60183686932,382.772551429037,407.841076164252,382.79434676063,1080.36791530743,0,0,0,0,0,0,0,0,0,0,1.36660959340447,2.50583780258018,0.737964464406211,0.783677043619667,0.746441032637452,2.10241994855817,0,0,0,0,0,0,0,0,4612.42002624037,3213.41702843227,701.32234432654,1309.82726255164,483.869996037668,517.207332469085,947.990406198485,2663.34054955647,177.216553448488,123.464621030108,27.0377431257329,50.5007623731777,18.6469302642925,19.9323187110014,36.5959823461414,102.810969179844,20237.7852680073,13902.8517597803,3378.35160947003,6094.18476004009,2489.75019437631,2580.93848550091,4035.36675304066,11098.944380557,777.563080018326,534.169870106454,131.731755076728,238.167855554067,97.9287635930263,101.616808050686,159.432354410873,438.732354761292,0,0,6.624245277293,12.1195143179857,5.08459520467749,5.29204229386363,8.74241725511147,24.103821277162,0,0,0,0,0,0,0,0,342.005630319462,245.441484882572,243.950685820108,485.871921409132,338.180850770865,372.187630361655,216.338844032945,634.570779813906,13.1403951627434,9.4302544738878,9.36032883997157,18.6369411434163,12.948034513492,14.249826183631,8.29158266796448,24.3207576190617,307.612111005353,218.690330618601,291.466017650401,596.549152121015,433.448045344,471.726741951725,346.705210647163,1023.36748904155,11.8189399298963,8.40243236622951,11.1831113279111,22.8801565105098,16.5975803447903,18.0626326047177,13.2849700400833,39.2109557482513,0,0,45.4939325323801,94.6880017495549,50.3087331505534,54.4559460381193,104.224918122825,290.496794541165,0,0,0,0,0,0,0,0,452.299492921503,200.004052455522,2197.33942585854,2233.10832567412
"304",2015,1558,25.25,3750.36153874594,2843.97965890135,806.752156368468,1473.96192586883,380.354144670472,401.990960087177,382.662529416776,1085.13121320558,0,0,0,0,0,0,0,0,0,0,1.35677135807203,2.48505510189609,0.733351904359435,0.772353963622007,0.746219588175956,2.11157535265878,0,0,0,0,0,0,0,0,4615.16911980583,3212.86135771217,697.448205864841,1300.25492648278,483.460852869527,511.507196693589,954.398773539786,2688.16162740495,177.322178019539,123.44327127243,26.8884623399481,50.1317314884619,18.6311703821382,19.7126594913546,36.8434989555496,103.769345173164,20241.3416765841,13893.7106478156,3357.18262219761,6046.03254518593,2485.1010784308,2550.37767856488,4063.75903466422,11205.7748244484,777.699781552797,533.818653012009,130.908167272576,236.282646751636,97.746860604811,100.411673335324,160.556063949855,442.951667284008,0,0,6.58587909615031,12.0245210515223,5.07612268459779,5.23008934103547,8.80411267217676,24.3353834316152,0,0,0,0,0,0,0,0,342.371997455388,245.506717128818,242.768488498233,482.452689965284,338.097218491133,368.169658935093,217.874116365722,641.033495028775,13.154471666587,9.43276079952648,9.31499127109077,18.5059084169555,12.9448818511721,14.0961058569364,8.35041752585001,24.5684793130478,307.819756690906,218.649661937871,290.044248556276,591.949087990694,433.380018795381,466.442331864895,348.717919093579,1032.20978872397,11.8269181275118,8.40086980846867,11.1286087130502,22.7039115593195,16.595082658299,17.8604785640313,13.3622154414751,39.5501996743684,0,0,45.2637407619615,93.8769059768267,50.2482849678124,53.7883122300872,105.05762737847,293.366069953503,0,0,0,0,0,0,0,0,454.026959715509,200.670919333438,2206.4836582025,2240.33795695875
"305",2015,1558,25.3333333333333,3739.13213854872,2834.75476256386,800.987877459385,1462.63749025967,377.941277762282,396.30012353053,382.489144445721,1089.57253424497,0,0,0,0,0,0,0,0,0,0,1.34700094252983,2.46466209673614,0.728746869763961,0.761330789582407,0.745921142747017,2.12015972684217,0,0,0,0,0,0,0,0,4617.75661910105,3212.19509474081,693.631850207932,1290.81873375848,483.005550764266,505.889754268092,960.764131071336,2712.74501736098,177.42159388031,123.417672383603,26.7413972118592,49.767937829025,18.6136320683222,19.4961879321014,37.0893560963544,104.718563457033,20244.8477954837,13884.5753392723,3336.41459643434,5998.76096540611,2480.31603517302,2520.38145301038,4091.97551362397,11311.2984006776,777.834550203946,533.467658906649,130.100000669688,234.431640518662,97.5596422591351,99.2287657595843,161.672968152488,447.11988917459,0,0,6.54739265078035,11.9304359336953,5.06733958893822,5.16923899583376,8.8654430733897,24.564412114048,0,0,0,0,0,0,0,0,342.725703675687,245.563734243084,241.578491913875,479.052089929874,337.978412129245,364.199220912377,219.383824871046,647.262897838082,13.1680617168639,9.43495148667593,9.26935306030546,18.3755869265781,12.9403796101555,13.9442020674404,8.40827091782405,24.8072615992092,308.027997853107,218.61013994362,288.62580508268,587.403038864524,433.284711277099,461.235863437734,350.723810416971,1040.86666312935,11.8349192024362,8.39935130827054,11.0742318248825,22.5297331063042,16.5915360954817,17.6613025476487,13.439193728797,39.882329076359,0,0,45.0337541719472,93.0739323905478,50.1854744685273,53.1319868494028,105.88920435902,296.216838368859,0,0,0,0,0,0,0,0,455.75624403567,201.337952257725,2215.60764360253,2247.50493295468
"306",2015,1558,25.4166666666667,3728.02368600712,2825.64351213808,795.374466672825,1451.62066861448,375.535921439707,390.764719394263,382.27599103108,1093.70495685889,0,0,0,0,0,0,0,0,0,0,1.33732876407798,2.44467792305156,0.724150723681082,0.750599731052927,0.745546813845748,2.12818473877336,0,0,0,0,0,0,0,0,4620.17117149009,3211.41091683392,689.86811630302,1281.51030723402,482.503171492453,500.351123540856,967.081651693012,2737.06962014176,177.514364844375,123.387543014388,26.5963504489235,49.4090604205146,18.5942800463622,19.2827545205735,37.3333681409222,105.657812325534,20248.3123380783,13875.4514751795,3316.04138858886,5952.35563263216,2475.40249333029,2490.94016045877,4120.01941115333,11415.5476286713,777.967720757537,533.117104527631,129.307024582638,232.614287104175,97.3673963311993,98.0677056033891,162.783191365676,451.2382879666,0,0,6.50893102227229,11.8373758826453,5.05825065305777,5.10946659674769,8.92640294245473,24.7909148085404,0,0,0,0,0,0,0,0,343.066863504613,245.612587996908,240.383520836347,475.672950438484,337.825030316048,360.276680821081,220.869110520231,653.275536956358,13.1811697137819,9.43682852448133,9.22352272077581,18.2460853687924,12.934550697098,13.794128798339,8.46518658323754,25.037738332121,308.237657929809,218.57235226677,287.211426401239,582.911728718145,433.163429973741,456.107537466917,352.722738339316,1049.33786519525,11.8429747924781,8.39789944335465,11.0200090536361,22.3576490369336,16.5869907701949,17.4651124795113,13.5158994470119,40.2073348145778,0,0,44.8039924121976,92.2790710249759,50.1203542460596,52.486780988808,106.71965421612,299.049437275037,0,0,0,0,0,0,0,0,457.487282253293,202.005128980114,2224.71073292632,2254.60982689196
"307",2015,1558,25.5,3717.03902069066,2816.64754381854,789.908285801226,1440.90366594669,373.139897386615,385.380937400572,382.024795865838,1097.54107689413,0,0,0,0,0,0,0,0,0,0,1.32777898259568,2.42511622864243,0.719565410536702,0.740153480377091,0.745098147262312,2.13566376710299,0,0,0,0,0,0,0,0,4622.40399822115,3210.50331308911,686.152755969326,1272.32285003469,481.953404287622,494.888304290563,973.347190727094,2761.11682001254,177.60015361805,123.3526714271,26.4531596921018,49.0548388419572,18.5731023820853,19.0722436254698,37.5753756441668,106.586375330595,20251.7421945201,13866.3434401993,3296.05658200881,5906.80177887638,2470.36743644021,2462.04404133401,4147.89355527892,11518.5529730426,778.099557948694,532.76715834057,128.528997511162,230.83002161337,97.1703934209875,96.9281089013505,163.886842668231,455.30805159515,0,0,6.47061060510521,11.7454309186202,5.0488629373523,5.05074930821122,8.98698774264393,25.0149012936048,0,0,0,0,0,0,0,0,343.39554415583,245.653301388198,239.185936668373,472.317550392681,337.637606485891,356.402159716502,222.330956291993,659.086265273165,13.1937982398005,9.43839279655892,9.17759097088029,18.1174913087776,12.9274155154828,13.645890689675,8.52120219671633,25.260478349883,308.449379430406,218.536752954928,285.801859427233,578.475706114551,433.017248676908,451.057279535853,354.714534996238,1057.62411588302,11.8511095838906,8.39653165895565,10.9659690952719,22.1876805170305,16.5814878560921,17.2719057311013,13.5923263087021,40.5252448145282,0,0,44.5744930880126,91.4923218910186,50.0529733228187,51.8525049033268,107.548976583186,301.864183666209,0,0,0,0,0,0,0,0,459.220011217312,202.67242736031,2233.7923275585,2261.65323627658
"308",2015,1558,25.5833333333333,3706.18053306778,2807.76815861773,784.585727765031,1430.47877714045,370.754890847953,380.145012601283,381.73721950877,1101.0930333195,0,0,0,0,0,0,0,0,0,0,1.31837066404283,2.4059862122534,0.714993245958819,0.729985088614556,0.744577006405231,2.14261144312143,0,0,0,0,0,0,0,0,4624.44846627685,3209.46827609299,682.482274968885,1263.25084221144,481.356408076394,489.498974922904,979.557190928323,2784.87025599004,177.678705350201,123.312903650509,26.3116914327056,48.7050616033616,18.5501051949908,18.864565710794,37.815241703408,107.503622529126,20255.1427414018,13857.2545812137,3276.45356503073,5862.08439399176,2465.21746001249,2433.68329302926,4175.60043899868,11620.3430435941,778.230268359495,532.417948937909,127.765670160473,229.078269353111,96.9688891635623,95.8095900860883,164.984018132108,459.330296137438,0,0,6.43252472208267,11.654669611826,5.03918514151264,4.99306576131241,9.04719374767532,25.2363832104177,0,0,0,0,0,0,0,0,343.711778698495,245.685877560672,237.987720477876,468.987729582226,337.416646039193,352.575611484978,223.770210912794,664.708428089904,13.2059485654925,9.43964442369526,9.13163392235927,17.9898754473242,12.9189933933216,13.4994859692325,8.57635027935305,25.4759926917252,308.663652289963,218.50368372463,284.397841662894,574.095360350223,432.847047383614,446.084784575213,356.699016018753,1065.72694099114,11.8593424007814,8.39526108436896,10.912140291085,22.0198426087504,16.5750611025282,17.0816708270181,13.6684673879811,40.8361178115955,0,0,44.3453070117059,90.7136913843873,49.983378257323,51.2289690773711,108.377166588328,304.661376661864,0,0,0,0,0,0,0,0,460.954368028138,203.339825292975,2242.85187117162,2268.63577634192
"309",2015,1558,25.6666666666667,3695.45022210235,2799.00636661616,779.403226492152,1420.33840514142,368.382460705793,375.053232069847,381.414861273901,1104.37252846924,0,0,0,0,0,0,0,0,0,0,1.30911867461243,2.38729342522022,0.710436766132656,0.720087879807806,0.743985489133694,2.14904330101734,0,0,0,0,0,0,0,0,4626.29975308675,3208.30306073621,678.853808955489,1254.2898068517,480.712706768064,484.181340297432,985.708607141005,2808.31563250264,177.749834749958,123.268134213125,26.1718362641238,48.3595571838825,18.5253086379458,18.6596514923699,38.052849071135,108.409003239727,20258.5180841553,13848.1873782082,3257.22559163982,5818.18833158685,2459.9588150739,2405.84812088698,4203.14226640486,11720.9447588377,778.360009732256,532.069571604536,127.016787789198,227.358449943715,96.7631259128257,94.7117639662432,166.074802614823,463.306072137963,0,0,6.39474788784129,11.565143198974,5.02922710473906,4.93639578537884,9.10701791425371,25.4553737496474,0,0,0,0,0,0,0,0,344.015576121065,245.710306575616,236.790536936564,465.684972436186,337.162651268397,348.796876176364,225.187608016069,670.154019162476,13.2176210362124,9.44058302402892,9.08571553537367,17.8632948369145,12.9093035409775,13.3549085012314,8.63065893414772,25.6847405816637,308.880836434901,218.473390869387,283.000089164994,569.77093636353,432.653544959157,441.189554231959,358.675984339922,1073.64853708448,11.8676870721218,8.39409718258457,10.858550164389,21.8541448399441,16.567738085277,16.8943888759485,13.7443152657532,41.1400382120208,0,0,44.116494630579,89.9431896392864,49.9116139479687,50.6159850251095,109.204215645613,307.441299546918,0,0,0,0,0,0,0,0,462.690289884141,204.007300660522,2251.88884378023,2275.55807530411
"310",2015,1558,25.75,3684.84974303782,2790.36292366895,774.357264574386,1410.4750748304,366.024048329203,370.101940059979,381.059263297286,1107.39084624952,0,0,0,0,0,0,0,0,0,0,1.30003438772861,2.36904040839945,0.705898625811297,0.710455396932534,0.743325865034757,2.15497550781246,0,0,0,0,0,0,0,0,4627.95457185236,3207.00598696025,675.265021826699,1245.4361220446,480.02310807315,478.934014458098,991.798843520339,2831.44055050894,177.813415533268,123.218298564413,26.0335049909416,48.0181868262433,18.498743779231,18.4574474329614,38.2880977491127,109.302039581266,20261.8712552674,13839.1435837193,3238.3658300083,5775.09839213904,2454.59744296158,2378.52877630413,4230.52099098984,11820.3834903326,778.488898585259,531.722093675589,126.28209208996,225.669980549697,96.5533340867222,93.634247206044,167.15927124769,467.236370188343,0,0,6.35733910617568,11.4768887360858,5.01899945704217,4.88072021208851,9.16645778372363,25.6718874253849,0,0,0,0,0,0,0,0,344.306929145386,245.726570605344,235.595785474201,462.410472691099,336.876136095155,345.065715588817,226.583782533362,675.433820964209,13.2288153723254,9.44120791259148,9.03988958271396,17.7377953652123,12.8983656178564,13.2121491535443,8.68415247527365,25.8871348074602,309.101180689514,218.44603942302,281.60928882935,565.502550333087,432.437327997091,436.370931224139,360.645232868114,1081.39165339022,11.8761531581641,8.39304629446529,10.8052251231669,21.6905918006104,16.5595413119723,16.7100348869438,13.8198621317189,41.4371115662414,0,0,43.8881233409711,89.180828635597,49.8377241952465,50.0133658775737,110.030112092709,310.204221431894,0,0,0,0,0,0,0,0,464.427713986354,204.674831307082,2260.90275744947,2282.42077100328
"311",2015,1558,25.8333333333333,3674.3804493887,2781.83836363802,769.44437954112,1400.88144422617,363.680985662563,365.287542177736,380.671914163038,1110.15886931061,0,0,0,0,0,0,0,0,0,0,1.2911262941771,2.35122724241767,0.701381514925708,0.701081358006078,0.742600522602676,2.16042463441024,0,0,0,0,0,0,0,0,4629.41093147151,3205.5762677279,671.714017769673,1236.68686032205,479.288634886952,473.755923109402,997.825697462831,2854.23434849967,177.869371198802,123.163366465143,25.8966252622506,47.6808383838863,18.4704499668281,18.2579119953583,38.520902839436,110.18232038821,20265.2043874006,13830.1243443188,3219.86740381693,5732.79939280851,2449.13900555549,2351.7155878836,4257.73834973893,11918.6831959989,778.617016864304,531.375559204057,125.561322791577,224.012278596062,96.3397333358245,92.5766595350156,168.237490760348,471.122126080535,0,0,6.3203446975598,11.3899317946131,5.00851332711694,4.82602070706469,9.22551139726709,25.8859398826911,0,0,0,0,0,0,0,0,344.58582080068,245.73464826329,234.404644298153,459.165188118918,336.557636949716,341.381841592585,227.959285215133,680.557532491119,13.2395309217909,9.44151826767684,8.99420134009385,17.6134138568648,12.8862001507841,13.0711968857857,8.73685198558471,26.0835466220553,309.324839523015,218.421725681321,280.226092502899,561.290203972604,432.198876140292,431.628129132746,362.606546980645,1088.95948781894,11.8847465938899,8.39211211984887,10.7521902330335,21.5291836897129,16.550489192132,16.5285789111505,13.8950998796402,41.7274605839963,0,0,43.6602652184841,88.4266206278846,49.7617521621061,49.4209268613685,110.854841752053,312.950398741446,0,0,0,0,0,0,0,0,466.166577472082,205.342395022638,2269.89315270746,2289.22450810504
"312",2015,1558,25.9166666666667,3664.0434289242,2773.43302599665,764.661168769002,1391.55031305652,361.354502527991,360.606508604193,380.25425204767,1112.68709497875,0,0,0,0,0,0,0,0,0,0,1.28240050651691,2.33385200372419,0.696888097788103,0.691959625495191,0.741811927389982,2.16540747138232,0,0,0,0,0,0,0,0,4630.66793311715,3204.0138635832,668.199267228657,1228.03965592074,478.510470105378,468.646226137961,1003.78731110066,2876.68795631438,177.917667212185,123.103336399355,25.7611387378137,47.3474212339315,18.4404727081272,18.061012664728,38.751192685324,111.049495615228,20268.5188598429,13821.1303031062,3201.72342619901,5691.27622369156,2443.58891058247,2325.39898542171,4284.79589249671,12015.8665407483,778.744417569488,531.029992898735,124.854218976691,222.384763960178,96.1225335211341,91.53862467992,169.30952062152,474.964225468514,0,0,6.28380060370114,11.3042886448449,4.99778012028494,4.77227963591301,9.28417722634192,26.0975477452932,0,0,0,0,0,0,0,0,344.852229679606,245.734518017384,233.218106881856,455.949884621743,336.207719068916,337.744936121258,229.314595233447,685.533884585232,13.2497668621086,9.4415132619882,8.94868898730037,17.4901797670332,12.8728287763677,12.9320395172498,8.78877580052939,26.2743101665355,309.5518874991,218.400487991239,278.851113223347,557.133798100956,431.938584067019,426.960258532573,364.55970659423,1096.35559608982,11.8934702441844,8.39129613208579,10.6994690720294,21.3699168345605,16.5405968795883,16.3499870435799,13.9700201865153,42.0112216520168,0,0,43.432995217384,87.6805769523549,49.6837407151498,48.8384856621756,111.678388404132,315.680076493346,0,0,0,0,0,0,0,0,467.906817379688,206.00996953815,2278.85959576684,2295.96993596061
"313",2016,1558,26,3654.02400506271,2765.08406510428,759.388011341751,1383.02724886947,360.886892840609,362.286735698174,377.560500155812,1107.28903000106,0,0,0,0,0,0,0,0,0,0,1.27466612499017,2.31947837950191,0.695983876034996,0.695063515276531,0.736738417919387,2.15549052603153,0,0,0,0,0,0,0,0,4632.54850569364,3202.99566190349,664.382616698441,1220.15927228428,480.136817034772,471.743152555168,1006.84624526487,2889.14862393045,177.989921817928,123.064215462543,25.6141151667791,47.0436635107319,18.5031605830434,18.1803867876319,38.8696166616218,111.531545301044,20275.3601639946,13814.8062198557,3182.30989979539,5653.6262524387,2450.51448146656,2340.02874756949,4297.68994840553,12065.6494886055,779.007323270814,530.787010674618,124.09975650503,220.910742165635,96.39613704159,92.1125154796723,169.8251921224,476.942476838421,0,0,6.25181684991438,11.2325235781551,5.01253937430233,4.80255200127232,9.31387989823571,26.2117633694727,0,0,0,0,0,0,0,0,345.230002397992,245.796137684494,232.25240710082,453.350068496574,337.705261026507,340.134858157471,228.946904007334,684.287853466961,13.2642815755035,9.44388078676062,8.91164539055282,17.3905486699305,12.930190230718,13.0236416076186,8.77471627305086,26.2267844128849,309.849503149463,218.437618692512,277.648618606252,553.642945700997,433.90192290942,429.839030505571,364.20083827992,1095.59014055158,11.9049052139179,8.39272275132119,10.6533617729421,21.236171150674,16.6158520020826,16.4603810967117,13.9563858208445,41.9823942467633,0,0,43.2391941255277,87.0445660229262,49.8602332078502,49.1173399376901,112.229560640982,317.454270457347,0,0,0,0,0,0,0,0,469.571001363159,206.647578867745,2287.41787942183,2302.38188652847
"314",2016,1558,26.0833333333333,3644.22601952288,2756.91561841924,754.240842488566,1374.79762731062,360.486779019624,364.229103600791,374.764616793086,1101.4872000858,0,0,0,0,0,0,0,0,0,0,1.26685412524525,2.3053791388208,0.695224751728011,0.698710603202919,0.731440428661025,2.14470235620193,0,0,0,0,0,0,0,0,4634.16942252288,3201.80280033597,660.575236159278,1212.37206825816,481.812069684762,475.177100674331,1009.55313175953,2900.42104980986,178.052200034628,123.018383813532,25.4674425967872,46.7434964328034,18.5677358475834,18.312749923431,38.9744737948852,111.967809274408,20282.515148905,13808.749405506,3163.18710105257,5616.85806303824,2457.92537409252,2356.59863670984,4309.720434607,12112.5575022335,779.282280413833,530.554297361078,123.356545261865,219.471136737674,96.6889395601885,92.76296092425,170.30695386804,478.807759171077,0,0,6.219276602193,11.1615500251603,5.02829432110624,4.8368214956049,9.34151420661853,26.3191147486946,0,0,0,0,0,0,0,0,345.599511022222,245.853075139787,231.268967416042,450.774327719937,339.26215417289,342.834590155562,228.566148169925,683.00490778511,13.2784787682463,9.44606841348563,8.8739190688936,17.2918372252915,12.989820095383,13.1271009509087,8.76015339500801,26.1778360914941,310.165481441655,218.487296055238,276.475583759326,550.254742187447,435.994720205428,433.152959164505,363.716056838687,1094.34276170051,11.9170457037229,8.39463143338842,10.6083830908329,21.1063585444993,16.6960603614648,16.5874345790959,13.9379247107387,41.9350986304158,0,0,43.0477053656057,86.4212903732712,50.0486602813558,49.4404074075571,112.76366784466,319.170434320518,0,0,0,0,0,0,0,0,471.232383516977,207.28356093866,2295.96158969121,2308.7770286546
"315",2016,1558,26.1666666666667,3634.63204104578,2748.92603841807,749.251495028845,1366.81930314818,360.045153258108,366.060676824562,372.001213311752,1095.74568080617,0,0,0,0,0,0,0,0,0,0,1.25897299641105,2.29144292249292,0.694394707826957,0.70217623813558,0.72617554265832,2.13393059553105,0,0,0,0,0,0,0,0,4635.51783571885,3200.42122261381,656.80486737203,1204.65291851815,483.401076961439,478.472827453967,1012.09000945106,2911.12157651923,178.104008225958,122.96530138807,25.3221841080971,46.4459439921178,18.6289885876373,18.4397853407547,39.0727768731127,112.382032645279,20289.748623811,13802.7851936972,3144.44153068013,5580.7655624572,2465.0730094565,2372.68373477416,4321.71384675819,12159.3405309456,779.560252656289,530.325141996148,122.627828424059,218.057768611711,96.9714890394123,93.3944979910425,170.787278217289,480.668228314819,0,0,6.1861528196916,11.0907834644589,5.0434939123667,4.87009262373614,9.36877555127239,26.4252664978519,0,0,0,0,0,0,0,0,345.953088043313,245.900879281103,230.258476482087,448.190208565806,340.765136318249,345.481276228633,228.265972888345,682.022523379721,13.2920638425468,9.44790512369785,8.8351530472096,17.192800792949,13.0473814106234,13.2285234185326,8.74867282625172,26.140387261757,310.492917693731,218.544278562772,275.317407927292,546.924750707722,438.078132745515,436.450718245075,363.247159408137,1093.11329480771,11.9296264248923,8.39682079083234,10.5639729359784,20.978774752772,16.7759050672941,16.7138643011514,13.9200675421424,41.8884774828729,0,0,42.8564132151938,85.8044237774409,50.2336852443495,49.7566191626356,113.296699820403,320.88440715858,0,0,0,0,0,0,0,0,472.895504686819,207.919678552541,2304.51327921902,2315.17292303032
"316",2016,1558,26.25,3625.23391575215,2741.10844993856,744.41415585871,1359.08289506455,359.564235038742,367.78585349506,369.269637664454,1090.06311702667,0,0,0,0,0,0,0,0,0,0,1.25107681681167,2.27770968922148,0.693493707802961,0.705461574686035,0.72094716083158,2.12318915936298,0,0,0,0,0,0,0,0,4636.62836863345,3198.87614244745,653.077615642546,1197.01434539353,484.913937631476,481.643281351811,1014.47255515096,2921.29803310843,178.146676676467,122.905936937233,25.1785754335108,46.1514881784582,18.6873068065913,18.561990960841,39.1651276710342,112.776050812279,20297.0361486965,13796.8961413524,3126.06267312316,5545.32999176933,2471.96152596308,2388.29265035164,4333.66160995818,12205.9713020852,779.840300983945,530.098874388737,121.913204664927,216.669914797752,97.2439423925679,94.0074579403159,171.265831234609,482.522824174989,0,0,6.15265902895122,11.0203905482997,5.05813398668175,4.90237085688205,9.39566376718956,26.5302137848186,0,0,0,0,0,0,0,0,346.290689138031,245.939402266369,229.225320036277,445.60137468026,342.21405134403,348.071457602657,228.036561636321,681.306128988581,13.3050350954329,9.44938523706835,8.79551570996013,17.0935799938814,13.1028679933683,13.3277761699473,8.73989832108952,26.1131128419289,310.828937992142,218.606677035591,274.169759256311,543.645633802341,440.146767328258,439.727701487796,362.797720250542,1091.91897974855,11.9425369571765,8.39921823835293,10.5199650786831,20.8531383473829,16.855179527111,16.8394937135723,13.9029510943083,41.843190641749,0,0,42.6652059111396,85.193773838231,50.4152629355318,50.0659966612282,113.828531021627,322.595825442923,0,0,0,0,0,0,0,0,474.560288066915,208.555907861162,2313.07176543138,2321.56907431478
"317",2016,1558,26.3333333333333,3616.02433617801,2733.45664247536,739.72335465131,1351.57959426883,359.046195553399,369.408902495248,366.569316940997,1084.4383668121,0,0,0,0,0,0,0,0,0,0,1.24320876349514,2.26420995981937,0.692522829706322,0.7085690600624,0.715758113168407,2.11248964745457,0,0,0,0,0,0,0,0,4637.53056101364,3197.18910081181,649.39799060351,1189.46583336411,486.358901292546,484.699405634592,1016.714879722,2930.9939965946,178.181340350472,122.841118099727,25.0367909545023,45.860494308005,18.7430075738629,18.6797877547051,39.2520680035243,113.151536470096,20304.357015917,13791.0674617962,3108.04085192391,5510.53416258804,2478.59549779891,2403.43437731595,4345.556283653,12252.4258850062,780.121629785571,529.874926410953,121.212304957216,215.306912962344,97.5064736165407,94.6021871332935,171.742322963194,484.370616087644,0,0,6.11896970935231,10.9505065232013,5.07221683598633,4.93366765086838,9.42218121121741,26.6339592641532,0,0,0,0,0,0,0,0,346.612401286566,245.968599264258,228.173567090296,443.011445967911,343.609361227378,350.602773298716,227.869222595024,680.824883736915,13.3173958688208,9.45050703110579,8.75516329699586,16.994313798998,13.1562974349935,13.4247685600653,8.73349676094746,26.094830780989,311.171063940606,218.672871039189,273.029182989119,540.411330497292,442.195847046104,442.979593479199,362.370580848263,1090.77407137769,11.9556820767179,8.40176151626364,10.4762269528512,20.7292168679761,16.9337007362562,16.9641573845082,13.886684070282,41.7997835741428,0,0,42.4740121893858,84.5891890262291,50.5933528757529,50.3685653471276,114.35904794109,324.304358812099,0,0,0,0,0,0,0,0,476.226656951928,209.192224760253,2321.63593279278,2327.96499319553
"318",2016,1558,26.4166666666667,3606.99668188238,2725.96494692609,735.173913244393,1344.30107863666,358.493153820695,370.933967679384,363.899740577967,1078.8704553407,0,0,0,0,0,0,0,0,0,0,1.23540360910427,2.25096705950018,0.691483903692736,0.711502047096323,0.710610769642957,2.10184182453933,0,0,0,0,0,0,0,0,4638.24986112336,3195.3786816457,645.769291719911,1182.01453901019,487.742763693922,487.650523791678,1018.82976880152,2940.2493986228,178.20897701097,122.771558900198,24.8969585004534,45.5732382609747,18.7963521756646,18.7935345153385,39.3340889364762,113.510022804698,20311.6935220215,13785.2865071796,3090.36705501479,5476.36213119265,2484.97980558772,2418.11817022516,4357.39137690762,12298.6831784082,780.403558875318,529.652812112042,120.524785830662,213.968148834902,97.759268778438,95.1790422065016,172.216500259294,486.210782941846,0,0,6.08522885491881,10.8812418803881,5.08574897754933,4.96399840700993,9.44833201831742,26.7365110896719,0,0,0,0,0,0,0,0,346.918409335236,245.98850351535,227.106968454285,440.423910512035,344.951945384074,353.073687229397,227.756218217076,680.55114026411,13.3291532648011,9.45127178296628,8.7142398450652,16.8951361438945,13.2077033922935,13.5194416547172,8.72917161993682,26.0844814781621,311.517144058216,218.741461322524,271.892938890019,537.216830694049,444.221157856184,446.202394003611,361.967974855508,1089.69031954207,11.9689791202598,8.40439686310057,10.4326534176797,20.606818170267,17.011307242645,17.087701947981,13.8713518874368,41.758705777782,0,0,42.28279140911,83.9905491095396,50.7679196780029,50.6643549888457,114.888147370305,326.009705261215,0,0,0,0,0,0,0,0,477.894535349795,209.828605160262,2330.2047342091,2334.36020426578
"319",2016,1558,26.5,3598.14495397618,2718.62818534693,730.760927761627,1337.23948196429,357.907172450314,372.365065528529,361.260453030526,1073.35855470444,0,0,0,0,0,0,0,0,0,0,1.22768876660718,2.23799805918884,0.690379363121029,0.714264630093045,0.705507087578278,2.09125382351997,0,0,0,0,0,0,0,0,4638.80803904321,3193.46081021552,642.19377977236,1174.66560551258,489.071040276704,490.504506141914,1020.82877138867,2949.10073341499,178.230423099272,122.697871212849,24.7591659310134,45.2899185470214,18.8475527656712,18.9035342419842,39.4116341734927,113.852911433562,20319.0306645665,13779.5425526323,3073.03286344913,5442.79906434383,2491.11957456934,2432.35348107884,4369.16127612621,12344.7247165755,780.685511843883,529.432119425174,119.850326615784,212.653051016623,98.0025236255129,95.738387628662,172.688143990559,488.042605670906,0,0,6.05155356195681,10.812685173888,5.09874026604331,4.99338163082482,9.47412177861014,26.8378820424326,0,0,0,0,0,0,0,0,347.208980687928,245.999215050749,226.02895464389,437.84208458489,346.243010761141,355.483365809623,227.690696943007,680.460234722362,13.3403175574588,9.4516833360047,8.67287710576528,16.7961743907865,13.2571321325934,13.6117635275735,8.72666034696052,26.0811197333462,311.8653261547,218.811250501697,270.758925931242,534.058071014784,446.219027148966,449.392434571014,361.591584676426,1088.67718061531,11.9823569237606,8.40707827345835,10.3891638679616,20.4857864321632,17.0878583313837,17.2099867449831,13.8570188474149,41.7203188929951,0,0,42.0915292329835,83.3977609295172,50.9389332353137,50.9533998319855,115.415735772446,327.711589458552,0,0,0,0,0,0,0,0,479.56384834399,210.465025137629,2338.77719199964,2340.7542497231
"320",2016,1558,26.5833333333333,3589.46368748868,2711.44160333333,726.479741670118,1330.38734808414,357.290254941884,373.706086418471,358.65104456162,1067.90195848043,0,0,0,0,0,0,0,0,0,0,1.22008564464465,2.22531498815521,0.68921205743034,0.71686143993474,0.700448673790411,2.08073241087616,0,0,0,0,0,0,0,0,4639.22373779372,3191.44915024674,638.672887798347,1167.42255208259,490.348189144898,493.267991450158,1022.72233306697,2957.58139043289,178.246394910039,122.620580019865,24.6234692354724,45.0106712480963,18.8967809117691,19.0100426356488,39.4851051521311,114.181485119939,20326.3557370466,13773.8265085459,3056.03035823183,5409.83106442956,2497.02010133698,2446.14988598834,4380.86114085299,12390.5343801022,780.967000495145,529.212499112904,119.188625845699,211.361084220375,98.2364407455171,96.2805928608576,173.157064995834,489.865456041596,0,0,6.01803871290584,10.7449066999849,5.11120277191209,5.02183788742838,9.49955713951292,26.9380884452415,0,0,0,0,0,0,0,0,347.484446569014,246.000886712894,224.942641137375,435.269072426313,347.483985153795,357.831527111774,227.666594837694,680.530176272819,13.3509014729647,9.45174756267187,8.63119474567332,16.6975477813017,13.3046384339556,13.7017234636509,8.72573059434934,26.083902843855,312.214018833229,218.881216421919,269.625586419786,530.931801421935,448.186286322795,452.54638572462,361.242616307324,1087.74210448809,11.9957543432712,8.4097664745144,10.3456985551135,20.3659970384997,17.1632325970653,17.3308841116375,13.8437310056488,41.6849077050699,0,0,41.9002321971995,82.8107531085817,51.1063688254981,51.2357386654018,115.941728300455,329.409760059667,0,0,0,0,0,0,0,0,481.234522442894,211.10146108928,2347.35239734298,2347.14669301488
"321",2016,1558,26.6666666666667,3580.94786751721,2704.40080533294,722.325920051217,1323.73758700113,356.64434315931,374.960795871368,356.071142453274,1062.50005745292,0,0,0,0,0,0,0,0,0,0,1.21261091328435,2.21292596133787,0.687985086714092,0.719297458559798,0.695436844475019,2.0702832389274,0,0,0,0,0,0,0,0,4639.51300149493,3189.35548449869,635.2074194265,1160.28764157497,491.577825187531,495.946603285612,1024.51992533363,2965.72197684048,178.257508884021,122.540138033698,24.489900149705,44.7355841264744,18.9441758048465,19.1132763944346,39.5548659906254,114.496920094786,20333.6579405911,13768.1306446867,3039.35203365074,5377.44500601396,2502.68678433537,2459.5170141675,4392.48680189438,12436.0981119717,781.247609927024,528.993654167144,118.539397907689,210.091742949501,98.4612268716813,96.8060296056733,173.623100136475,491.678785656071,0,0,5.98476138506852,10.6779619946894,5.12314981310958,5.04938888594218,9.52464544257568,27.0371491514868,0,0,0,0,0,0,0,0,347.745184219197,245.993710836273,223.850839405487,432.707736507075,348.676420824727,360.118298913305,227.678537381026,680.741335461189,13.3609195055113,9.45147185276629,8.58930076770175,16.5993662912298,13.3502818803205,13.7893265035624,8.72617645226881,26.0920786577353,312.56185406234,218.950486309391,268.491810065169,527.835450898784,450.120227907986,455.661257685882,360.921875127858,1086.89082616422,12.0091188168904,8.41242793290275,10.3022149057965,20.2473514294147,17.2373263064935,17.4502794111485,13.8315190772562,41.6526913232764,0,0,41.7089226062395,82.2294710370097,51.2702070930417,51.5114147751058,116.46604783559,331.103987099201,0,0,0,0,0,0,0,0,482.906485900175,211.737889876264,2355.92950840929,2353.53712155848
"322",2016,1558,26.75,3572.59287889488,2697.50171573759,718.295233552534,1317.28344756779,355.971316481778,376.132836297864,353.520405831791,1057.15232535101,0,0,0,0,0,0,0,0,0,0,1.20527720444921,2.20083579381858,0.686701726341116,0.72157792720791,0.690472661607831,2.05991099326809,0,0,0,0,0,0,0,0,4639.68959126932,3187.1899425413,631.797660331321,1153.26208977974,492.762846775526,498.545083524952,1026.23012765173,2973.55052399741,178.26429374555,122.456934448627,24.3584704393239,44.4647046606708,18.9898491179604,19.2134183345302,39.6212466260069,114.800293945743,20340.9281516528,13762.4484249273,3022.99074875633,5345.62844329593,2508.12508518649,2472.46450703281,4404.03469649551,12481.4037341168,781.526989605718,528.775333459285,117.902371167776,208.844547916929,98.6770913800367,97.3150702201406,174.086109785773,493.48211885311,0,0,5.95178334610024,10.6118938646863,5.13459554974549,5.07605707534385,9.54939453931681,27.1350849995067,0,0,0,0,0,0,0,0,347.991606772592,245.977911582993,222.756073188194,430.160694060167,349.821947334289,362.344139677249,227.721773987505,681.07623310947,13.370387528374,9.45086481895443,8.54729213411402,16.501730494269,13.3941250467835,13.8745904051553,8.72781593783007,26.1049774797937,312.907663780614,219.018320710942,267.356871354141,524.767038201647,452.01856888754,458.734389944743,360.629816780272,1086.12756407979,12.0224054658799,8.41503423764927,10.2586851184846,20.1297736768872,17.3100519957601,17.5680706381426,13.8204003876217,41.6238307834843,0,0,41.5176356860225,81.6538740129455,51.430433836285,51.7804757367823,116.988624363285,332.79406032379,0,0,0,0,0,0,0,0,484.579668861578,212.374288894762,2364.50774704575,2359.92514706754
"323",2016,1558,26.8333333333333,3564.39445396029,2690.74053852567,714.383641733365,1311.01848912518,355.272990997056,377.225728846512,350.998520359572,1051.85830415509,0,0,0,0,0,0,0,0,0,0,1.19809385130396,2.18904665096177,0.685365343485223,0.723708247123629,0.685556970505551,2.04961954615769,0,0,0,0,0,0,0,0,4639.7653148765,3184.96123815254,628.443492843556,1146.34628064118,493.905567050743,501.067431184505,1027.8607142009,2981.09270760523,178.267203167633,122.371304061936,24.2291763040167,44.1980483087422,19.0338900415733,19.3106227157248,39.68454613219,115.092594028772,20348.1586793815,13756.7743348634,3006.93967713488,5314.3695144191,2513.34048861158,2485.00197582418,4415.50180015633,12526.4407537126,781.804844043671,528.557325116954,117.277286029646,207.619042342997,98.8842447317802,97.8080860706894,174.545975187888,495.275045211115,0,0,5.91915367846837,10.5467345114153,5.14555452654046,5.10186519850452,9.5738125950322,27.2319182361781,0,0,0,0,0,0,0,0,348.224152758502,245.953736991041,221.660594797375,427.630312718193,350.92222248553,364.509757045658,227.792109927481,681.519320420718,13.3793223905525,9.44993599125232,8.50525539069018,16.404731391631,13.4362316125304,13.9575425096742,8.73048838452264,26.1220036405624,313.250455394377,219.084096697663,266.220365870789,521.725081345908,453.879412926005,461.763439834976,360.366599368616,1085.45522416382,12.0355761532473,8.41756145482833,10.2150937194415,20.0132070125573,17.3813370254562,17.6841679840138,13.8103808735064,41.5984368706292,0,0,41.3264166016945,81.0839322721689,51.5870398148927,52.0429732163499,117.509394313111,334.47978741715,0,0,0,0,0,0,0,0,486.254003513543,213.010636148514,2373.086395479,2366.31040594732
"324",2016,1558,26.9166666666667,3556.3486242338,2684.11371989701,710.587277399718,1304.93655485042,354.551119046756,378.242875530845,348.505193378521,1046.61759064704,0,0,0,0,0,0,0,0,0,0,1.19106755862986,2.17755863550289,0.683979324826347,0.725693891966496,0.680690434524238,2.03941209705595,0,0,0,0,0,0,0,0,4639.75033167983,3182.67688891863,625.144498882341,1139.53996051768,495.007833999407,503.51703122618,1029.41873644242,2988.37205898644,178.266627489256,122.283535711308,24.1020023339752,43.9356059680097,19.0763698892297,19.4050201831049,39.7450358780827,115.374725541331,20355.3430411074,13751.1037222953,2991.19226156229,5283.65685482377,2518.33846661226,2497.13896338901,4426.885562013,12571.20017829,782.080924173311,528.339450395068,116.663893182163,206.414788602779,99.0828970798006,98.285446048406,175.002595955302,497.057212394252,0,0,5.88691117178141,10.4825074771785,5.15604128537328,5.12683591179298,9.59790791592333,27.3276719998969,0,0,0,0,0,0,0,0,348.443276621608,245.921451758182,220.566402784737,425.118710474735,351.978890397938,366.616035028453,227.88584138423,682.05676795958,13.3877415525409,9.4486955397712,8.46326734339338,16.3084504077854,13.4766647475703,14.0382169419328,8.73405195181,26.142627405248,313.589388723364,219.147292100089,265.082150828599,518.708512675296,455.701212431302,464.74636837907,360.132132813089,1084.87559400296,12.0485985979628,8.41998952185342,10.1714352802363,19.8976105695144,17.4511221289452,17.7984932968922,13.8014569749886,41.5765775615146,0,0,41.1353177614172,80.519624293707,51.7400205241932,52.2989627390818,118.028299928752,336.160992307264,0,0,0,0,0,0,0,0,487.929424202111,213.646910309499,2381.66479268292,2372.69255928791
"325",2017,1558,27,3548.52285885093,2677.66104646535,706.960119342828,1299.61858209716,353.886880935536,379.381728256368,345.802391820763,1040.5846567224,0,0,0,0,0,0,0,0,0,0,1.18446696823725,2.16747072342561,0.682700515462736,0.727912963257434,0.675454609732162,2.02783187263173,0,0,0,0,0,0,0,0,4639.71076869249,3180.40640898051,621.980744031659,1133.35577507186,496.182536235083,506.15575896641,1030.65909238349,2994.58363941032,178.265107416015,122.196300241204,23.980043862867,43.6971520098484,19.1216392515904,19.5067033708634,39.7932676376615,115.615656380643,20362.7489646296,13745.6990987673,2976.1116044958,5255.86517003352,2523.69160371784,2510.16983476631,4436.95016907642,12611.7677594084,782.365516483955,528.13179540793,116.076534527224,205.324746948687,99.295572287733,98.7980889974371,175.407576751476,498.675338005628,0,0,5.85639443339921,10.424521714851,5.16723179288779,5.15362991739716,9.61921416608173,27.4145286237636,0,0,0,0,0,0,0,0,348.654359707851,245.887677710396,219.519367508255,422.845139703424,353.073253703783,368.85821876099,227.871867720199,682.284372279603,13.3958517741794,9.44739788565704,8.42308790197937,16.2212984147475,13.5185376076922,14.1240901989448,8.7334829838774,26.1513562983843,313.927609439868,219.211896966218,263.997798008769,515.974741880021,457.585642578717,467.92106915444,359.764244264711,1083.89410386697,12.0615936617336,8.42247174275091,10.12984200304,19.7928584479831,17.523300981287,17.9201572373089,13.7874136660585,41.539295345066,0,0,40.9535969152959,80.0016073533277,51.9010450800803,52.5754210536876,118.524450376812,337.770888775146,0,0,0,0,0,0,0,0,489.605699028152,214.281237569307,2390.24158359739,2379.05292711318
