"","year","sim_id","time","N_1_1_1_1","N_1_1_1_2","N_1_1_2_1","N_1_1_2_2","N_1_1_3_1","N_1_1_3_2","N_1_1_4_1","N_1_1_4_2","N_1_2_1_1","N_1_2_1_2","N_1_2_2_1","N_1_2_2_2","N_1_2_3_1","N_1_2_3_2","N_1_2_4_1","N_1_2_4_2","N_2_1_1_1","N_2_1_1_2","N_2_1_2_1","N_2_1_2_2","N_2_1_3_1","N_2_1_3_2","N_2_1_4_1","N_2_1_4_2","N_2_2_1_1","N_2_2_1_2","N_2_2_2_1","N_2_2_2_2","N_2_2_3_1","N_2_2_3_2","N_2_2_4_1","N_2_2_4_2","N_3_1_1_1","N_3_1_1_2","N_3_1_2_1","N_3_1_2_2","N_3_1_3_1","N_3_1_3_2","N_3_1_4_1","N_3_1_4_2","N_3_2_1_1","N_3_2_1_2","N_3_2_2_1","N_3_2_2_2","N_3_2_3_1","N_3_2_3_2","N_3_2_4_1","N_3_2_4_2","N_4_1_1_1","N_4_1_1_2","N_4_1_2_1","N_4_1_2_2","N_4_1_3_1","N_4_1_3_2","N_4_1_4_1","N_4_1_4_2","N_4_2_1_1","N_4_2_1_2","N_4_2_2_1","N_4_2_2_2","N_4_2_3_1","N_4_2_3_2","N_4_2_4_1","N_4_2_4_2","N_5_1_1_1","N_5_1_1_2","N_5_1_2_1","N_5_1_2_2","N_5_1_3_1","N_5_1_3_2","N_5_1_4_1","N_5_1_4_2","N_5_2_1_1","N_5_2_1_2","N_5_2_2_1","N_5_2_2_2","N_5_2_3_1","N_5_2_3_2","N_5_2_4_1","N_5_2_4_2","N_6_1_1_1","N_6_1_1_2","N_6_1_2_1","N_6_1_2_2","N_6_1_3_1","N_6_1_3_2","N_6_1_4_1","N_6_1_4_2","N_6_2_1_1","N_6_2_1_2","N_6_2_2_1","N_6_2_2_2","N_6_2_3_1","N_6_2_3_2","N_6_2_4_1","N_6_2_4_2","N_7_1_1_1","N_7_1_1_2","N_7_1_2_1","N_7_1_2_2","N_7_1_3_1","N_7_1_3_2","N_7_1_4_1","N_7_1_4_2","N_7_2_1_1","N_7_2_1_2","N_7_2_2_1","N_7_2_2_2","N_7_2_3_1","N_7_2_3_2","N_7_2_4_1","N_7_2_4_2","N_8_1_1_1","N_8_1_1_2","N_8_1_2_1","N_8_1_2_2","N_8_1_3_1","N_8_1_3_2","N_8_1_4_1","N_8_1_4_2","N_8_2_1_1","N_8_2_1_2","N_8_2_2_1","N_8_2_2_2","N_8_2_3_1","N_8_2_3_2","N_8_2_4_1","N_8_2_4_2","HIV_neg_male","HIV_neg_female","HIV_pos_male","HIV_pos_female"
"1",1990,2268,0,8354.86475864318,8403.90861481786,385.673966074051,730.389010202104,160.351230823264,228.055508319457,0,0,0,0,0,0,0,0,0,0,0,0,0.59115468300634,1.13604098957392,0.2881354986079,0.410443395424105,0,0,0,0,0,0,0,0,0,0,2228.63827951481,2258.52984546661,68.6994631896246,129.555788611169,22.1385477793227,31.4745507609726,0,0,85.6278466687936,86.7763284343348,2.64675602185371,4.99168614158656,0.853116679801465,1.21290042206979,0,0,33299.1431332769,33818.6373665018,1196.14282014679,2251.26134708571,426.698947972531,604.235492542483,0,0,1279.35114724691,1299.36866744254,46.3012861944896,87.1877097050013,16.63015239877,23.5573741497595,0,0,0,0,1.83600836473272,3.50342239267717,0.753423248978544,1.06881905708082,0,0,0,0,0,0,0,0,0,0,155.049523227285,157.137243228304,16.7931856222061,31.9508806864473,10.9834823753556,15.6074006240957,0,0,5.95719057939639,6.03746693781154,0.642404483928628,1.22194065121716,0.418189723257664,0.594158698576529,0,0,793.180889951036,805.603827661788,72.6122379048693,141.941237681926,54.9143340403474,78.616529497451,0,0,30.4748602358293,30.9526067698233,2.78166379422708,5.43649042147961,2.09627420635495,3.0008248022345,0,0,0,0,7.07610404227298,14.2722018206882,4.96371726617063,7.19204220096976,0,0,0,0,0,0,0,0,0,0,0,0,0,0
"2",1990,2268,0.0833333333333333,8345.56589726804,8385.89976254903,396.933210346472,751.338421717131,162.798499334117,232.087679768862,0,0,0,0,0,0,0,0,0,0,0,0,0.60012595451539,1.15424294070239,0.292511144032498,0.417683261232905,0,0,0,0,0,0,0,0,0,0,2228.87304819872,2256.36073254664,71.5301301630719,134.794536615618,22.6681099339048,32.3040137262653,0,0,85.6368668570643,86.6929876471708,2.75567604592002,5.19329325032805,0.873522072025487,1.24486256233828,0,0,33231.3486507438,33714.112103355,1240.39060405042,2333.47451667505,436.06600128674,618.945559792245,0,0,1276.74672435392,1295.35262098433,48.0093117865009,90.363514508544,16.9963384336739,24.1325672272229,0,0,0,0,1.87551963581869,3.58191328306644,0.769906603132113,1.09480218870299,0,0,0,0,0,0,0,0,0,0,153.605023342725,156.174470494015,17.0561179389226,32.6340193844556,11.0186097283435,15.8297938150495,0,0,5.90169155792765,6.00047563367603,0.652476841505744,1.24808867574683,0.419514418880744,0.602605796864993,0,0,790.57835830489,802.127075210559,74.614828700002,145.942968086437,56.2830357970134,80.7880962961723,0,0,30.3748699753123,30.8190242120419,2.85838942341144,5.58975763786358,2.14844777955396,3.08360123252747,0,0,0,0,7.2423269660184,14.6293024940429,5.09682360527575,7.4037378394154,0,0,0,0,0,0,0,0,0,0,1.73160405842417,1.00758614753548,0.615922147723034,0.585719452002769
"3",1990,2268,0.166666666666667,8336.53454333089,8368.2462695377,407.972436635145,771.933402892233,165.340639655153,236.2560403291,0,0,0,0,0,0,0,0,0,0,0,0,0.610660737800439,1.17517949512151,0.296972443162388,0.425058827861814,0,0,0,0,0,0,0,0,0,0,2228.54745205846,2253.63214049586,74.2511292398811,139.847053192155,23.2088558332243,33.1502946249698,0,0,85.624356932672,86.5881507770993,2.86039924058669,5.38777510842474,0.894358601565675,1.27747316806609,0,0,33164.289284807,33610.5661318647,1283.83802391371,2414.4170416721,445.827011204239,634.229065186475,0,0,1274.17054323437,1291.37420063219,49.6869542384285,93.4912100958019,17.3777955626253,24.7300293807144,0,0,0,0,1.92104225182607,3.6710289914862,0.786819795627793,1.12145651244076,0,0,0,0,0,0,0,0,0,0,152.289818270801,155.280049610719,17.3824052653415,33.4083686589889,11.0931938777407,16.0876526141659,0,0,5.85116018866405,5.96611051862757,0.664976358272803,1.27773186762054,0.422341808354586,0.612403361401962,0,0,787.950061133125,798.682739501519,76.6043893673383,149.95531953106,57.6542372542733,82.9918505248026,0,0,30.2738897589452,30.6866871587794,2.93461507628859,5.74342785881042,2.20071843387518,3.16760554227564,0,0,0,0,7.41234895185412,14.9946768068583,5.23265934974374,7.62027884881911,0,0,0,0,0,0,0,0,0,0,3.44773882538377,2.00920421523802,1.23862869310328,1.18277277651039
"4",1990,2268,0.25,8327.74071856115,8350.91682268942,418.795457728309,792.178779616974,167.973749155967,240.555831231928,0,0,0,0,0,0,0,0,0,0,0,0,0.62243883083885,1.19830727728906,0.301545109016204,0.432603854023279,0,0,0,0,0,0,0,0,0,0,2227.79262304344,2250.47901317294,76.872510985614,144.731205281268,23.7614908135425,34.0148698281829,0,0,85.5953551948156,86.4670025829686,2.96130919870516,5.57581381101719,0.915653507392787,1.31078914263443,0,0,33097.8758586708,33507.9065699006,1326.49472877481,2494.09928993693,455.968894708274,650.070555239298,0,0,1271.61917769934,1287.42983769992,51.3345686385345,96.5711702404855,17.7740276638636,25.3491765851951,0,0,0,0,1.97130394996783,3.7685945661545,0.804252814545452,1.14890141969263,0,0,0,0,0,0,0,0,0,0,151.089944794126,154.445980289875,17.7573655840753,34.2525391066286,11.2018709938079,16.3772999070514,0,0,5.80505998798088,5.93406420864909,0.679339560326916,1.31004879175064,0.426467733724584,0.623411440211417,0,0,785.295517909443,795.264188067194,78.5895473516483,153.989583344638,59.0331708595775,85.2318764096769,0,0,30.1719011253129,30.5553407798545,3.01067120899175,5.8979337568256,2.25328532066675,3.25299311926331,0,0,0,0,7.58696663315197,15.3697397299833,5.37130198092996,7.84179087879602,0,0,0,0,0,0,0,0,0,0,5.1497752665085,3.00526751118266,1.87016358528947,1.79252392857489
"5",1990,2268,0.333333333333333,8319.15911348138,8333.88491943894,429.406012896762,812.079323124587,170.694080025581,244.982470071174,0,0,0,0,0,0,0,0,0,0,0,0,0.635194820781566,1.22317368388008,0.30624673065432,0.440341684704518,0,0,0,0,0,0,0,0,0,0,2226.71665636358,2247.01236695608,79.4034690372754,149.463272461055,24.3265596773851,34.8989143445024,0,0,85.5540148343225,86.3338084915625,3.05875691157476,5.75803100753255,0.937427827650473,1.34485577432634,0,0,33032.0350424375,33406.0569693643,1368.37057945617,2572.53219145795,466.478928369167,666.454965677632,0,0,1269.08981040385,1283.51659492404,52.9525185726653,99.6037907440038,18.1845520939798,25.9894393795598,0,0,0,0,2.02525668701654,3.87280986841619,0.822265526820812,1.17721762326187,0,0,0,0,0,0,0,0,0,0,149.993219549865,153.665467210001,18.1692283982184,35.1493122914593,11.3401342441152,16.695600574261,0,0,5.76292285660326,5.90407561649695,0.695114784388253,1.34437830168404,0.431720598037804,0.6355106460549,0,0,782.614967734825,791.866163823056,80.5765710079458,158.05370720651,60.4242849874827,87.5117854051765,0,0,30.0689132616363,30.4247830895384,3.08679775853375,6.05357961205043,2.30631777210392,3.33990138673857,0,0,0,0,7.76676948136891,15.7555553767002,5.51284872430497,8.06842606925677,0,0,0,0,0,0,0,0,0,0,6.83893678062435,3.99614148183732,2.51219355376884,2.41608503715201
"6",1990,2268,0.416666666666667,8310.76821667133,8317.12796829994,439.807774937866,831.639755902924,173.49802211529,249.531529548323,0,0,0,0,0,0,0,0,0,0,0,0,0.648708028474564,1.24940054692545,0.311088763955804,0.448287759777523,0,0,0,0,0,0,0,0,0,0,2225.40895445895,2243.32382258814,81.8523932686802,154.058064722628,24.90448544849,35.8033713581144,0,0,85.5037708359102,86.1920887183397,3.15306277114994,5.93499235915657,0.959697894193576,1.37970941335386,0,0,32966.7063599203,33304.9541960621,1409.47562101397,2649.72717982186,477.344721802278,683.367586920774,0,0,1266.58011784741,1279.63204658328,54.5411750592981,102.589487182195,18.6088986746504,26.6502615437666,0,0,0,0,2.08203441789382,3.98218026102696,0.840895392551322,1.20645689384003,0,0,0,0,0,0,0,0,0,0,148.988964279822,152.932707531344,18.608542639377,36.0848158845631,11.5041847827779,17.0398743815329,0,0,5.72433852332763,5.87592178767335,0.711939429341364,1.38018782441381,0.43795571523443,0.648598863247395,0,0,779.909172322341,788.484505793157,82.5699058432839,162.153046587342,61.8313705812566,89.8347758885932,0,0,29.9649554342924,30.2948542163781,3.16316473326322,6.21057018807541,2.35996010348129,3.42845205454729,0,0,0,0,7.95218102624824,16.1529048310362,5.65740925670306,8.30035368829416,0,0,0,0,0,0,0,0,0,0,8.51631992292793,4.98215157331576,3.16608359994278,3.05436705399093
"7",1990,2268,0.5,8302.54972435216,8300.62667905992,450.004354426265,850.864755133546,176.382091852835,254.198723582652,0,0,0,0,0,0,0,0,0,0,0,0,0.662795660249237,1.27667297691245,0.316077841590301,0.456451270713919,0,0,0,0,0,0,0,0,0,0,2223.94317355119,2239.48867878292,84.2269109303388,158.529009589168,25.4955941895948,36.7289971997248,0,0,85.4474531894023,86.0447363602991,3.2445181217443,6.10721083784194,0.98247629023204,1.41537920380262,0,0,32901.8401576535,33204.5463125624,1449.82006076418,2725.69614832935,488.554202004972,700.794043109616,0,0,1264.08819234266,1275.77419715453,56.1009157044823,105.528693221093,19.0466090925867,27.3310992917811,0,0,0,0,2.14092444238409,4.09546944020691,0.860162488557896,1.23664842597899,0,0,0,0,0,0,0,0,0,0,148.067817941804,152.242746512578,19.0677774323976,37.0479635559377,11.6908294214987,17.4078359307487,0,0,5.68894732607656,5.84941235298839,0.729524619083244,1.41705182733794,0.445051428423781,0.662588975992431,0,0,777.17928382537,785.115960258656,84.5725337470143,166.290871924028,63.2576484075774,92.2036750647863,0,0,29.8600719106672,30.165429147215,3.2398860053552,6.36903021962674,2.41433492360483,3.51875270118306,0,0,0,0,8.14348688787786,16.5623323824984,5.80510090614532,8.53775393210702,0,0,0,0,0,0,0,0,0,0,10.1829086318188,5.96358857854975,3.83294811321854,3.7081141951965
"8",1990,2268,0.583333333333333,8294.4879958576,8284.3645014163,459.99930262173,869.758953593101,179.342921273666,258.979893706027,0,0,0,0,0,0,0,0,0,0,0,0,0.677306453447924,1.30472897170448,0.321216929323889,0.464836627702123,0,0,0,0,0,0,0,0,0,0,2222.37993765042,2235.56873817129,86.5339411759447,162.888260615247,26.1001377397308,37.6764026365749,0,0,85.3873911662158,85.8941259733518,3.33338732581013,6.27515084628812,1.0057727278649,1.45188867409016,0,0,32837.3957342813,33104.7906317225,1489.414241743,2800.45139705283,500.095596644618,718.720270690915,0,0,1261.61247014569,1271.94140652606,57.6321236782308,108.421858580944,19.4972362624753,28.0314204513234,0,0,0,0,2.20134094176721,4.21165572076924,0.880073902821115,1.26780442484059,0,0,0,0,0,0,0,0,0,0,147.221557416966,151.59134294085,19.5409578241341,38.0299406425121,11.8973844652411,17.7975372167752,0,0,5.65643332322626,5.82438435816615,0.747641209856936,1.4546320471514,0.452905460433137,0.677406693527154,0,0,774.426729587035,781.758009720159,86.5862942782628,170.468823752956,64.705851408018,94.620980064187,0,0,29.7543175311373,30.0364111556387,3.31703164524401,6.52902189884961,2.4695462609723,3.61089832785622,0,0,0,0,8.34086051295634,16.98418816895,5.95604456141059,8.78081260398656,0,0,0,0,0,0,0,0,0,0,11.8395880412348,6.94071367566906,4.51369762984921,4.37793547214803
"9",1990,2268,0.666666666666667,8286.56956216712,8268.32711866505,469.796113657438,888.326939608152,182.377248032431,263.870996734022,0,0,0,0,0,0,0,0,0,0,0,0,0.692114907924654,1.33334994609837,0.326506318566532,0.473444724588599,0,0,0,0,0,0,0,0,0,0,2220.76928743313,2231.61485557103,88.7797541098281,167.146811244683,26.7183129423618,38.6460882707315,0,0,85.325507409165,85.7422114809219,3.41991000411024,6.43923254497557,1.02959479065315,1.48925710105612,0,0,32773.3396524073,33005.6519613371,1528.26861427444,2874.00557718186,511.957419099065,737.132499619048,0,0,1259.15166659668,1268.13232255404,59.1351866185605,111.269446897035,19.9603437579525,28.7507037448604,0,0,0,0,2.26280108213702,4.32989241007229,0.900627458699955,1.29992486358931,0,0,0,0,0,0,0,0,0,0,146.442931108043,150.974846652308,20.0233401925203,39.0237422544278,12.1215874191174,18.2073142185815,0,0,5.62651790022226,5.80069755798694,0.766107323303945,1.49265973684513,0.461431561495958,0.692988526429869,0,0,771.65311282877,778.40872015519,88.6121665142331,174.687314622374,66.1783010678316,97.0888975629963,0,0,29.6477538934446,29.9077259333708,3.39463874063809,6.6905603149571,2.52568246469737,3.70497285900044,0,0,0,0,8.54438636038478,17.4186667677665,6.11036126243083,9.02971663416276,0,0,0,0,0,0,0,0,0,0,13.4871574665759,7.91376304629748,5.20908069143955,5.06433298618871
"10",1990,2268,0.75,8278.78282464237,8252.50213755756,479.398225758859,906.573256639026,185.481909082037,268.868097087908,0,0,0,0,0,0,0,0,0,0,0,0,0.707117714255223,1.36235482193669,0.331944170888624,0.482273639600127,0,0,0,0,0,0,0,0,0,0,2219.15218029771,2227.66849777678,90.9700180458794,171.314582393646,27.3502715455256,39.6384634899216,0,0,85.2633755669944,85.5905861035728,3.50430283133513,6.59983518365971,1.05394831660155,1.52750024100417,0,0,32709.6447042543,32907.1015297212,1566.39371397889,2946.3716486363,524.128459080855,756.017242202509,0,0,1256.70473638013,1264.34583978168,60.610495783732,114.071934090883,20.435505457028,29.4884383650417,0,0,0,0,2.32491037352859,4.44948334646228,0.921813700346718,1.33300004706971,0,0,0,0,0,0,0,0,0,0,145.725550984985,150.390122163256,20.5112189691395,40.0238940314448,12.3615411341924,18.6357522556388,0,0,5.59895562182745,5.77823148207332,0.784780924775172,1.5309249356664,0.470557386785243,0.709280472151135,0,0,768.860157852817,775.066649225644,90.650431437504,178.945763749588,67.6769568974728,99.6093715101192,0,0,29.5404472473322,29.779318063445,3.47271762826335,6.85362246635256,2.58281808630832,3.8010501951115,0,0,0,0,8.7540740223469,17.865830920449,6.26817047441775,9.28465175385912,0,0,0,0,0,0,0,0,0,0,15.1263390450978,8.8829507988518,5.91970901248815,5.76771900993733
"11",1990,2268,0.833333333333333,8271.11770544474,8236.87872901269,488.809021809444,924.502401223584,188.653833173864,273.967357615337,0,0,0,0,0,0,0,0,0,0,0,0,0.722229612557605,1.39159319147761,0.337527172264297,0.491319473718781,0,0,0,0,0,0,0,0,0,0,2217.56223040013,2223.76355054274,93.1098557952124,175.40052763011,27.9961333069817,40.6538708957792,0,0,85.2022871493302,85.4405517861694,3.58676167598817,6.75730110449671,1.07883790453008,1.56663127141787,0,0,32646.288711879,32809.1157408569,1603.80013514577,3017.56282857928,536.597771154986,775.361279239712,0,0,1254.27082742856,1260.58105160985,62.05844502539,116.829806390691,20.9223051072443,30.2441234463121,0,0,0,0,2.387345641957,4.56985451466542,0.943618307611675,1.36701371405102,0,0,0,0,0,0,0,0,0,0,145.06376817477,149.834460111187,21.0017002014464,41.026126813985,12.6156493252787,19.0816459858583,0,0,5.57352945211482,5.75688203231238,0.803551127460426,1.56926396695155,0.480222046838999,0.726236497871406,0,0,766.049645884562,771.7307402542,92.7008627803706,183.242870764291,69.2034727495261,102.184113893083,0,0,29.432466029556,29.6511469466084,3.55125921844621,7.01815777506432,2.64101602070324,3.89919538013949,0,0,0,0,8.9698746497533,18.3256390578422,6.42958796644122,9.54579965876296,0,0,0,0,0,0,0,0,0,0,16.7577876573195,9.8484723529844,6.6460868400562,6.48843586040729
"12",1990,2268,0.916666666666667,8263.56539837075,8221.44737222451,498.031829689845,942.118821212495,191.890035280546,279.165032879733,0,0,0,0,0,0,0,0,0,0,0,0,0.737380415506887,1.420940368883,0.343250951437742,0.500576891588836,0,0,0,0,0,0,0,0,0,0,2216.02694757464,2219.92760411937,95.2038939224495,179.412723112777,28.6559940796071,41.6926019032807,0,0,85.1432991279978,85.2931685902561,3.66746347455157,6.91193916698573,1.10426722690857,1.60666139282206,0,0,32583.2536727343,32711.6752889148,1640.49850805902,3087.5925478081,549.354666079802,795.151650111249,0,0,1251.84924809474,1256.83721627562,63.4794299137379,119.543558654608,21.4203359995826,31.0172676892832,0,0,0,0,2.44984290293479,4.69053369700207,0.966023598923046,1.40194498695824,0,0,0,0,0,0,0,0,0,0,144.452579312696,149.30551306492,21.4925446158143,42.0271482181035,12.8825692856707,19.5439693022823,0,0,5.55004715636018,5.73655901657789,0.82233216673213,1.60755066177424,0.4903743100458,0.74381739752383,0,0,763.223374505076,768.400248210539,94.7628547331052,187.576800813609,70.7592389783914,104.814629343566,0,0,29.3238793052496,29.5231839575917,3.63023989533359,7.18409519493219,2.70032911047433,3.99946553705832,0,0,0,0,9.19169257185121,18.7979649421726,6.59472458127875,9.81333631361731,0,0,0,0,0,0,0,0,0,0,18.3820985691385,10.8105069303416,7.38863146026067,7.22676981093361
"13",1991,2268,1,8252.79245027607,8200.77871027346,510.180235681109,964.875545731045,195.186896901375,284.513435499745,0,0,0,0,0,0,0,0,0,0,0,0,0.752911233587452,1.45112618793915,0.349082752186707,0.510105724732816,0,0,0,0,0,0,0,0,0,0,2213.89821159631,2215.10024301258,97.8876765977284,184.456687956531,29.33071337016,42.7644489758722,0,0,85.0615096875012,85.1076936567655,3.77082919102574,7.10623107534709,1.13026902322762,1.64796747070463,0,0,32510.4486355594,32598.4631892927,1686.05959923249,3173.18890229859,562.389937460317,815.5403029514,0,0,1249.05230236851,1252.48740808314,65.2411816672235,122.856041292759,21.9292201482101,31.8137746326525,0,0,0,0,2.51349003765401,4.8138552608573,0.988932724802997,1.43795795764454,0,0,0,0,0,0,0,0,0,0,143.805414141136,148.735368128499,22.0411491839433,43.1527652823322,13.1561963398546,20.0337715363041,0,0,5.52518259191436,5.71465311218965,0.84333037018028,1.65061646726335,0.500781824709769,0.762443735444382,0,0,760.166521479218,764.728095101842,97.0409251178416,192.318194323674,72.3397953946363,107.51753931855,0,0,29.2064333675614,29.3820937969772,3.71751770983735,7.36567323889163,2.76058725830158,4.10249488531793,0,0,0,0,9.41905603833913,19.2839303341793,6.7630911115703,10.0886659661586,0,0,0,0,0,0,0,0,0,0,20.0253849529973,11.7315765907093,8.16032218623132,7.95408973244096
"14",1991,2268,1.08333333333333,8242.05472776471,8180.18734192644,522.173524558656,987.387098785738,198.575431687304,289.999093932036,0,0,0,0,0,0,0,0,0,0,0,0,0.769177290532162,1.48262740171825,0.355060387473782,0.519858860593686,0,0,0,0,0,0,0,0,0,0,2211.85594911266,2210.36231903043,100.528453071282,189.434662152607,30.0262908356527,43.8693997910014,0,0,84.983042696956,84.925655040629,3.87255064196269,7.29800271315762,1.15707418382781,1.6905486217411,0,0,32437.694139241,32485.4053512991,1731.03300579189,3257.86062004001,575.794185821554,836.492742606068,0,0,1246.25729690895,1248.14352697033,66.9806786640839,126.133658608722,22.4524699652824,32.6322732780889,0,0,0,0,2.57942379219189,4.94132030078289,1.01245242271473,1.47492380561435,0,0,0,0,0,0,0,0,0,0,143.202607986385,148.186586469209,22.6028406832028,44.2983977666499,13.442149405489,20.5391562793349,0,0,5.50202234932663,5.69356801968792,0.864828432590105,1.69444591362963,0.511658637573666,0.781662974624993,0,0,757.088056511515,761.052162298001,99.3380145241281,197.113363418632,73.952968684023,110.28409733709,0,0,29.0881570608529,29.2408584151349,3.8055207814121,7.5493033939159,2.82208931694669,4.20794974615625,0,0,0,0,9.65256225803237,19.782848351653,6.93534308264854,10.3708198986193,0,0,0,0,0,0,0,0,0,0,21.6623198017899,12.6480553128487,8.95054132506205,8.69944159544108
"15",1991,2268,1.16666666666667,8231.44413895511,8159.82791743793,533.921248640974,1009.49338642299,202.052235609535,295.61615092704,0,0,0,0,0,0,0,0,0,0,0,0,0.785989599735748,1.51511590743579,0.361192421687023,0.529844737599781,0,0,0,0,0,0,0,0,0,0,2209.94444842666,2205.77034773937,103.112640856956,194.322959482063,30.742517587847,45.0071811360865,0,0,84.9095997837865,84.7492241602871,3.97210464486835,7.48634172331129,1.18467479157852,1.73439447990765,0,0,32365.280231859,32372.9790595495,1775.14019585133,3341.11502639607,589.555924452115,857.990539801496,0,0,1243.47537542793,1243.82391100515,68.6872044534328,129.357453853842,22.9896503415866,33.4720624718982,0,0,0,0,2.64700359557524,5.07181469164916,1.03660703610693,1.51286756644105,0,0,0,0,0,0,0,0,0,0,142.642818465538,147.659649671902,23.1718223106817,45.4541667600339,13.7400984658532,21.0598915761671,0,0,5.48051485340288,5.67332224230304,0.886603656578425,1.73865943831733,0.522992220097998,0.801466334043029,0,0,753.995590009313,757.381806677466,101.648505450253,201.951124814942,75.5999663598331,113.114897186402,0,0,28.9693427855145,29.0998373185095,3.89403300638,7.73455564795547,2.88488119277675,4.31585255550737,0,0,0,0,9.89241658937652,20.2950514331833,7.1116083186951,10.6599408330202,0,0,0,0,0,0,0,0,0,0,23.2926271475071,13.5612143969589,9.75945330895373,9.46408012777804
"16",1991,2268,1.25,8220.95276108815,8139.69162323107,545.427796293129,1031.20031478771,205.61347964877,301.359867991623,0,0,0,0,0,0,0,0,0,0,0,0,0.803190500537968,1.54832007687297,0.367482519328898,0.540068508529292,0,0,0,0,0,0,0,0,0,0,2208.1824501011,2201.34269759456,105.645551949834,199.130713822281,31.4791212121016,46.1776650393174,0,0,84.8419009903848,84.5791067611614,4.06969412992953,7.67159706389526,1.21306045345078,1.77950024403545,0,0,32293.1952880474,32261.1710274171,1818.3941755982,3422.96877131868,603.662418588037,880.018399131587,0,0,1240.70609129532,1239.52804969218,70.3612432440664,132.528041431765,23.5402770085031,34.3325627399002,0,0,0,0,2.7156987576331,5.20442211863857,1.06140538193721,1.55180279092841,0,0,0,0,0,0,0,0,0,0,142.122594076954,147.153258829162,23.7447560992928,46.6150535775915,14.0495639948048,21.5960208341565,0,0,5.46052749375657,5.65386587389279,0.908527877026277,1.78306422093878,0.534764311279974,0.821855460762223,0,0,750.890349954228,753.716238483974,103.972349747923,206.830543645988,77.281720818684,116.010925732048,0,0,28.8500377221263,28.959000163381,3.98305229292973,7.92139370859662,2.9489983049662,4.42624075146244,0,0,0,0,10.1387120251287,20.8207347591183,7.29199935896322,10.9562113112636,0,0,0,0,0,0,0,0,0,0,24.9167775776319,14.4711845811678,10.587504635796,10.248323953587
"17",1991,2268,1.33333333333333,8210.57363534085,8119.77064046657,556.69746644721,1052.51369234697,209.255436384495,307.225611341566,0,0,0,0,0,0,0,0,0,0,0,0,0.820649714547876,1.58201412549038,0.373931311422618,0.550531387210335,0,0,0,0,0,0,0,0,0,0,2206.5844213793,2197.09336140952,108.131991451343,203.866178417448,32.2358510002282,47.3807309232461,0,0,84.7805021713752,84.4158404695245,4.16550270485107,7.85408411196427,1.24222158868078,1.82586136947757,0,0,32221.4305276112,32149.970872889,1860.80796108683,3503.43869232885,618.101213624589,902.56129909555,0,0,1237.94910719316,1235.25554413607,72.0032800151537,135.646043441298,24.1038761080104,35.2132046991461,0,0,0,0,2.78507387454778,5.33838624448991,1.0868465760364,1.59173045361111,0,0,0,0,0,0,0,0,0,0,141.638870831505,146.66629381752,24.3190485467902,47.7771530398485,14.3700951231885,22.1475245528264,0,0,5.44194254868299,5.63515587748386,0.930501554217502,1.82751028600882,0.546957712088068,0.842829570527974,0,0,747.773639582057,750.054957348636,106.309041283355,211.750016379857,78.9990767081848,118.973155465342,0,0,28.730291942609,28.8183277247613,4.07255897418042,8.10975560554638,3.01447272860889,4.53915121940364,0,0,0,0,10.391460669793,21.3599532480663,7.47662841439532,11.259814003706,0,0,0,0,0,0,0,0,0,0,26.5352046345801,15.3780891704416,11.4350757456748,11.0524492650336
"18",1991,2268,1.41666666666667,8200.30060379591,8100.05797791573,567.734471534613,1073.43923250092,212.974474938858,313.208845998048,0,0,0,0,0,0,0,0,0,0,0,0,0.8382599402457,1.61601089383671,0.38053712310586,0.561231570607241,0,0,0,0,0,0,0,0,0,0,2205.16133170142,2193.03275709616,110.576302634252,208.536806059922,33.0124804323432,48.6162729244329,0,0,84.7258247901897,84.2598255582117,4.25969636895252,8.03408771590882,1.27214952798983,1.87347385397904,0,0,32149.9794872766,32039.3705739594,1902.39455649553,3582.54177321782,632.860129553663,925.604486563802,0,0,1235.20417482014,1231.00608611688,73.6137996772506,138.712088088992,24.679983986228,36.1134288506394,0,0,0,0,2.85477307767454,5.47308479957637,1.11292248638653,1.6326420583909,0,0,0,0,0,0,0,0,0,0,141.188923016717,146.197783197767,24.8927100211298,48.937468373492,14.7012724069597,22.7143384429273,0,0,5.42465529345367,5.61715492879321,0.95244836437241,1.87188260620713,0.559556400056278,0.864386148377915,0,0,744.646802869844,746.397696532679,108.657730459614,216.70743894733,80.7527897291539,122.002526460547,0,0,28.6101570842037,28.6778097541099,4.16252021101294,8.29956015958527,3.08133314388931,4.65461959848558,0,0,0,0,10.65060898693,21.9126467935903,7.66560524579958,11.5709289183691,0,0,0,0,0,0,0,0,0,0,28.1483087703485,16.2820449980709,12.3024933016152,11.8766982788481
"19",1991,2268,1.5,8190.12815944202,8080.5473184195,578.542940178086,1093.98255573186,216.767055962207,319.305130011468,0,0,0,0,0,0,0,0,0,0,0,0,0.855932752450084,1.65015510895571,0.387296621669837,0.572165062362858,0,0,0,0,0,0,0,0,0,0,2203.9213636377,2189.16846056777,112.982413588661,213.149331688329,33.8088088757255,49.8842059598948,0,0,84.6781832342625,84.1113531059267,4.35242528831885,8.21186534113064,1.30283658249265,1.92233447515988,0,0,32078.8375368737,31929.3639707697,1943.16693238094,3660.29510229856,647.927254895465,949.133470944378,0,0,1232.47111630309,1226.77943896146,75.1932862319181,141.726808082906,25.268146968848,37.0326853620653,0,0,0,0,2.92450542610459,5.60800548621098,1.13961990221741,1.67452239181913,0,0,0,0,0,0,0,0,0,0,140.770316479507,145.746876592549,25.464226164211,50.0937226536116,15.0427093871369,23.2963692642345,0,0,5.40857220537944,5.59983035493096,0.974310252321504,1.91609384331212,0.57254559666713,0.886521561074726,0,0,741.511194579685,742.744372067594,111.01732673995,221.700357724486,82.5435269938714,125.099931249636,0,0,28.4896851985249,28.5374430252157,4.25289393311042,8.4907127911777,3.14960484567344,4.77267970061611,0,0,0,0,10.9160518737757,22.4786636533087,7.85903535554667,11.8897309975306,0,0,0,0,0,0,0,0,0,0,29.7564611671144,17.183163318746,13.1900414824991,12.7212869922465
"20",1991,2268,1.58333333333333,8180.05133520303,8061.23290531744,589.1269194549,1114.14919147084,220.629727656915,325.510109990275,0,0,0,0,0,0,0,0,0,0,0,0,0.873595504853298,1.68431826457387,0.394205262213948,0.5833262433445,0,0,0,0,0,0,0,0,0,0,2202.87043639355,2185.50574514945,115.353876693971,217.709841521776,34.6246613803059,51.1844682828123,0,0,84.6378049289318,83.9706257222528,4.44382529831386,8.38764970328117,1.33427603870781,1.97244089224076,0,0,32008.0015235542,31819.946399923,1983.13800787425,3736.71583802968,663.290941749504,973.13401984099,0,0,1229.74981052774,1222.57542349324,76.7422220828907,144.690839309489,25.8679211793734,37.9704339079606,0,0,0,0,2.99403395734243,5.74272781364777,1.16692199659154,1.71735139439076,0,0,0,0,0,0,0,0,0,0,140.380872257862,145.312824401141,26.0324643099665,51.2442200086898,15.3940524017099,23.8935056004281,0,0,5.39360956649403,5.58315335500921,0.996043832128156,1.960079006249,0.585911765299024,0.909231473602356,0,0,738.368160182257,739.09504530297,113.386570646078,226.72607674423,84.3718695468202,128.266205873854,0,0,28.368927980202,28.397229895224,4.34363160572434,8.68310964390893,3.21930983770285,4.89336316731286,0,0,0,0,11.1876431492911,23.0577780135911,8.0570188546587,12.2163885692692,0,0,0,0,0,0,0,0,0,0,31.3600067937882,18.0815504737799,14.0979703216019,13.5864108876185
"21",1991,2268,1.66666666666667,8170.06562003183,8042.10945665925,599.49037676714,1133.9445795883,224.559122490997,331.819517485458,0,0,0,0,0,0,0,0,0,0,0,0,0.891188939749804,1.7183946495435,0.401257600720293,0.594708275274409,0,0,0,0,0,0,0,0,0,0,2202.01259952365,2182.04798677081,117.69390273328,222.223832402022,35.4598875838451,52.5170221842604,0,0,84.6048454645638,83.8377731158049,4.53401920257397,8.5616510290452,1.36646211876437,2.02379167584401,0,0,31937.4695046105,31711.1144203837,2022.32063579191,3811.82117999407,678.9398014467,997.592155488933,0,0,1227.04018287351,1218.39390750077,78.2610874591497,147.604819715768,26.4788723802439,38.9261435398253,0,0,0,0,3.06316729672109,5.8769091064191,1.19480933423732,1.76110545982571,0,0,0,0,0,0,0,0,0,0,140.018637592682,144.894962537907,26.5966038284217,52.3877412793561,15.7549794545903,24.5056252387197,0,0,5.37969234979355,5.56709841376914,1.01761770851806,2.00379143605614,0.599642571514331,0.93251113439693,0,0,735.219022438771,735.449894841292,115.764085201378,231.781734993713,86.2383159156383,131.502124805312,0,0,28.2479362513447,28.257177226326,4.4346802059378,8.87664055659059,3.29046696731573,5.01669927552137,0,0,0,0,11.4652035350442,23.6497034555372,8.25964975986466,12.5510623496786,0,0,0,0,0,0,0,0,0,0,32.9592669060353,18.977308400507,15.0265019939829,14.4722492134366
"22",1991,2268,1.75,8160.16686996903,8023.17207445131,609.637201597696,1153.37407151999,228.551953615492,338.229165031527,0,0,0,0,0,0,0,0,0,0,0,0,0.908664662723247,1.75229715903977,0.408447635021939,0.606303538418937,0,0,0,0,0,0,0,0,0,0,2201.35045001659,2178.79709243876,120.005397782583,226.696276330396,36.3143612803168,53.8818557876394,0,0,84.5794046216136,83.712868556837,4.62311817807768,8.73405951560164,1.39938996612452,2.07638637980873,0,0,31867.2404644182,31602.8655236062,2060.72758651081,3885.62833730245,694.862699520307,1022.49415045334,0,0,1224.34219433832,1214.23479460048,79.750359789785,150.469388091795,27.1005757884804,39.8992925285101,0,0,0,0,3.13175077064647,6.01026971253506,1.22326098193869,1.80575885894171,0,0,0,0,0,0,0,0,0,0,139.68185523877,144.492696166262,27.1560617350071,53.5234331593693,16.1251992337188,25.1326029637876,0,0,5.36675304012705,5.55164267661346,1.03900961586263,2.047198539509,0.613726849508569,0.956355676826102,0,0,732.065067255967,731.809187059158,118.148430921962,236.864388328243,88.1432853386495,134.808395080747,0,0,28.1267594180768,28.1172952531362,4.52598433555164,9.0711922133615,3.36309204755178,5.14271471316324,0,0,0,0,11.7485290995954,24.2541071778729,8.46701521104447,12.893904343181,0,0,0,0,0,0,0,0,0,0,34.5545416902662,19.870535177737,15.9758374763367,15.3789695146371
"23",1991,2268,1.83333333333333,8150.35124848583,8004.41618371395,619.571207185607,1172.44293162388,232.605012094467,344.734943218409,0,0,0,0,0,0,0,0,0,0,0,0,0.925983385378345,1.78595435049024,0.415768998528365,0.618103884576964,0,0,0,0,0,0,0,0,0,0,2200.88540929625,2175.75378478415,122.29099288281,231.131671682766,37.1879785374708,55.2789820781317,0,0,84.5615370134591,83.5959398099829,4.71122290544856,8.90504728234771,1.43305557495301,2.13022550607058,0,0,31797.3141270299,31495.1979419174,2098.37153581369,3958.1545043263,711.048751529105,1047.82652446889,0,0,1221.6558343384,1210.09801687433,81.2105132314608,153.2851831345,27.7326159238968,40.889368250623,0,0,0,0,3.19966030680627,6.14258274835927,1.25225510959322,1.8512845257033,0,0,0,0,0,0,0,0,0,0,139.368940817296,144.105488913402,27.7104446021647,54.6507350431552,16.5044490892581,25.7743147671377,0,0,5.35473076405163,5.53676553521899,1.0602045695633,2.09027897512573,0.628154526937166,0.980760281937909,0,0,728.907536544327,728.173256512448,120.538138432495,241.971059160789,90.0871223522128,138.185654899385,0,0,28.0054451961407,27.977596829827,4.61748747330624,9.26665005326858,3.43719803256691,5.27143352650626,0,0,0,0,12.0373969749728,24.8706197701788,8.67919517233753,13.24505736006,0,0,0,0,0,0,0,0,0,0,36.1461123005666,20.7613254000991,16.9461609706071,16.3067306112824
"24",1991,2268,1.91666666666667,8140.6151757511,7985.83748068757,629.296132099755,1191.15633844561,236.715164335823,351.332818019233,0,0,0,0,0,0,0,0,0,0,0,0,0.943113410381202,1.81930789773183,0.42321511550167,0.630100840825183,0,0,0,0,0,0,0,0,0,0,2200.61795759955,2172.91784255809,124.553071409945,235.53409037683,38.0806557574158,56.7084376171461,0,0,84.5512610915715,83.4869783745061,4.79842461176504,9.07477016863957,1.46745571704986,2.18531045713994,0,0,31727.6907978401,31388.1104869168,2135.26505402419,4029.41683868416,727.487318920071,1073.5760413577,0,0,1218.98111462496,1205.98352866094,82.6420182451925,156.052842597679,28.3745864588764,41.8958670781025,0,0,0,0,3.26679719740046,6.27366526840704,1.28176946522956,1.89765468175767,0,0,0,0,0,0,0,0,0,0,139.078462714643,143.732853690186,28.2595081897436,55.7693173277536,16.8924929128158,26.4306410513317,0,0,5.34357051752241,5.52244827482159,1.08119331430705,2.13302028001344,0.642916545544932,1.00572030241362,0,0,725.747623138409,724.542489462386,122.931734679719,247.098776522862,92.0701014120695,141.634473239775,0,0,27.8840394157315,27.8380967971736,4.70913298102251,9.46289980946989,3.51279519462098,5.40287710673206,0,0,0,0,12.3315702252419,25.4988435835768,8.89626225355686,13.6046546917515,0,0,0,0,0,0,0,0,0,0,37.7342426975104,21.6497705033265,17.9376436390898,17.2556850974431
"25",1992,2268,2,8128.71145753182,7963.00776135213,641.86699841767,1214.62870821569,240.847855983212,357.938187129416,0,0,0,0,0,0,0,0,0,0,0,0,0.960355860836773,1.85276292821589,0.430696787211918,0.642107369199895,0,0,0,0,0,0,0,0,0,0,2199.92088703557,2169.23759490877,127.376558898941,240.869196323029,38.9868066100968,58.1563856669537,0,0,84.5244785257697,83.3455773744801,4.90719866641934,9.28033169899979,1.50237487655258,2.24110773739527,0,0,31649.7036943833,31266.6451668227,2180.13705738942,4113.84885183032,744.067075281132,1099.47721782534,0,0,1215.98505645296,1201.31661903346,84.3802176947475,159.326807679839,29.0221265343381,42.9084053302447,0,0,0,0,3.33404071495669,6.40462471145054,1.31153066290469,1.94430161322351,0,0,0,0,0,0,0,0,0,0,138.720340535224,143.219711334106,28.8499996937306,56.9435132848012,17.2735207861141,27.0660639294379,0,0,5.32981129777461,5.50273250386969,1.10377460794293,2.17790224527747,0.657411244761969,1.02988430541005,0,0,722.38926681166,720.587731804762,125.500113688689,252.519062484309,94.0740047263807,145.113559381542,0,0,27.7550092219745,27.6861485210537,4.80748833102496,9.67037865789404,3.58918862730964,5.53547062775273,0,0,0,0,12.6296203057377,26.1347687193062,9.11647650013175,13.9688619632401,0,0,0,0,0,0,0,0,0,0,39.3754440841631,22.6192672142518,18.986923282788,18.3178284222964
"26",1992,2268,2.08333333333333,8116.82091372926,7940.20771312422,654.323811828927,1237.90951856943,245.063021704527,364.664931413105,0,0,0,0,0,0,0,0,0,0,0,0,0.978172170335032,1.88719659432456,0.438300951605443,0.654301428180439,0,0,0,0,0,0,0,0,0,0,2199.35123802632,2165.6732967273,130.184504430946,246.184556963829,39.9160923137869,59.6410976189213,0,0,84.5025916998688,83.2086313384319,5.01538190530526,9.48514627698755,1.5381851322187,2.2983211864938,0,0,31571.6848383664,31145.1847410182,2224.54118009712,4197.48770563406,760.966595002825,1125.87017313765,0,0,1212.98777698087,1196.64989753766,86.1007001906475,162.570840130377,29.6821789930419,43.9402277584204,0,0,0,0,3.40282837000926,6.53819852318005,1.34179812241921,1.99175539989298,0,0,0,0,0,0,0,0,0,0,138.383356175775,142.721897299397,29.4514362426056,58.137744486526,17.6649152875055,27.7189756829016,0,0,5.31686421811961,5.4836056718452,1.12677444286582,2.22354943728564,0.672300366679673,1.0547133906833,0,0,719.022855015814,716.6231325121,128.080917815532,257.971495106572,96.1165208131103,148.660398497815,0,0,27.6256695141753,27.5338221142313,4.90631438638366,9.87907705615134,3.66705344852586,5.67064440316118,0,0,0,0,12.9327801771143,26.7819029367963,9.34154319650228,14.3413799066955,0,0,0,0,0,0,0,0,0,0,41.0153451745377,23.5894959599944,20.0608302655896,19.4083381113679
"27",1992,2268,2.16666666666667,8105.04947092964,7917.65181300962,666.517296032567,1260.74760337111,249.359010624657,371.513006570562,0,0,0,0,0,0,0,0,0,0,0,0,0.996399274055871,1.92233987555013,0.446039333329156,0.666701582532688,0,0,0,0,0,0,0,0,0,0,2198.95414904065,2162.29045790257,132.951904108127,251.439156344951,40.868900135656,61.1636675631919,0,0,84.4873349060272,83.0786572610541,5.12201270812048,9.68763653889057,1.57490149184832,2.35699305576718,0,0,31494.0598293809,31024.4683361,2268.05179795664,4279.62551507319,778.180596198023,1152.75480187541,0,0,1210.0056278065,1192.01176264603,87.7871012229473,165.757725616228,30.3545489618229,44.9913461851476,0,0,0,0,3.47265624795283,6.67356152061175,1.37260504497585,2.04006937390213,0,0,0,0,0,0,0,0,0,0,138.070375747787,142.246021387357,30.0585194726796,59.3438051163142,18.0673416793658,28.3909256046522,0,0,5.30483939842555,5.46532173796637,1.14998912902193,2.26964624693587,0.687609280944484,1.08026657477252,0,0,715.658268356546,712.66491754661,130.665971532455,263.442911940308,98.1990244009289,152.278062950988,0,0,27.4963999165547,27.3817410044574,5.00529690430765,10.0884888568017,3.74644190881713,5.80851528724199,0,0,0,0,13.2412160376025,27.4405988423446,9.57162059671586,14.7225296702563,0,0,0,0,0,0,0,0,0,0,42.6514014003945,24.5564215963334,21.1580727518837,20.523202976635
"28",1992,2268,2.25,8093.39059100486,7895.33255745546,678.452081388206,1283.14938603119,253.731793690599,378.477299720386,0,0,0,0,0,0,0,0,0,0,0,0,1.0148971180716,1.95795602766226,0.453915465880722,0.679312361793338,0,0,0,0,0,0,0,0,0,0,2198.74076979886,2159.09941231553,135.683027207195,256.640258448288,41.8451854551144,62.724288193775,0,0,84.479136534328,82.9560521865781,5.22725423037194,9.88808012418879,1.61252230528154,2.41713084563527,0,0,31416.8217015598,30904.4867358128,2310.68313686182,4360.28179479139,795.696399835707,1180.11536532431,0,0,1207.0383413175,1187.40186025363,89.439952433882,168.888188667532,31.0387525745543,46.0611617407901,0,0,0,0,3.54309367831006,6.80998946799504,1.40395972262739,2.08925448767965,0,0,0,0,0,0,0,0,0,0,137.779875472572,141.790885757016,30.6686139025064,60.557165028361,18.4805973589541,29.08157232376,0,0,5.29367829341119,5.447834679243,1.17331746461261,2.31601876596636,0.703330293974208,1.10653089287495,0,0,712.295681360773,708.713078538076,133.255175452346,268.932990622311,100.321906828232,155.967480785564,0,0,27.3672071348756,27.2299048701184,5.10443201855151,10.2986015059893,3.82736875378489,5.9491183590022,0,0,0,0,13.5549468742797,28.1108815947229,9.80677569347468,15.1124329350039,0,0,0,0,0,0,0,0,0,0,44.283887725115,25.5201888741803,22.2790653102283,21.6628554060802
"29",1992,2268,2.33333333333333,8081.83847182324,7873.24319933129,690.132709556727,1305.12119527592,258.177449130715,385.552811243141,0,0,0,0,0,0,0,0,0,0,0,0,1.03355075963052,1.99384958340644,0.461929900657641,0.692134496479346,0,0,0,0,0,0,0,0,0,0,2198.7191471206,2156.10738571897,138.38168998613,261.794343814893,42.8448913401083,64.3231194775968,0,0,84.4783057564509,82.8410937399811,5.33125234196733,10.08672476706,1.65104543326774,2.47874078009017,0,0,31339.9655107126,30785.2327589539,2352.44938744004,4439.47616537775,813.501634895963,1207.93644630401,0,0,1204.08572757479,1182.81991444562,91.0597845261004,171.962958439182,31.7343174601403,47.1490874756249,0,0,0,0,3.61379018094157,6.94688940712877,1.43586158221271,2.13931053298032,0,0,0,0,0,0,0,0,0,0,137.510516057454,141.35543848735,31.2796930771035,61.7742992502177,18.9044766397181,29.7905961502483,0,0,5.28332944597447,5.43110407916472,1.19668167349229,2.36253174370056,0.719455571940849,1.13349417725058,0,0,708.935416985129,704.767788256969,135.848065931182,274.440783097112,102.485521203064,159.72950764226,0,0,27.2381035777246,27.0783203493203,5.20370187988644,10.5093784407027,3.90984727859685,6.09248594862606,0,0,0,0,13.8739256683122,28.7926650800135,10.0470750431735,15.5112105770356,0,0,0,0,0,0,0,0,0,0,45.9130618283013,26.4809347590057,23.4241722697947,22.8276784123059
"30",1992,2268,2.41666666666667,8070.38787457938,7851.3775725488,701.563637989022,1326.66926762365,262.692152741886,392.734643743752,0,0,0,0,0,0,0,0,0,0,0,0,1.05226489819018,2.02985752972797,0.470081118668234,0.705166054984134,0,0,0,0,0,0,0,0,0,0,2198.89501511467,2153.31929601626,141.051326234854,266.907234143673,43.867958278293,65.9603052833915,0,0,84.4850628860258,82.7339708749756,5.43413831784403,10.2837930512525,1.69046862484341,2.54182844954467,0,0,31263.4878040758,30666.7007218229,2393.36468040439,4517.22829950707,831.584217741136,1236.20292695154,0,0,1201.14765394018,1178.26570684371,92.6471262932671,174.982766614404,32.4407819709372,48.2545475292642,0,0,0,0,3.68445756474097,7.08377086994243,1.46830402220948,2.19022964185192,0,0,0,0,0,0,0,0,0,0,137.261105482985,140.938742127886,31.8901851422487,62.9924413925774,19.3387771421897,30.5177002579059,0,0,5.27374705742698,5.41509391936459,1.22002146151395,2.40907909740341,0.735977393369955,1.16114511318143,0,0,705.577899422725,700.829347480449,138.44393335194,279.964908770521,104.690175927755,163.564922762959,0,0,27.1091055432987,26.9269989983941,5.30307920466526,10.7207665153751,3.99388907604356,6.23864747853493,0,0,0,0,14.1980562171609,29.4857792019701,10.2925826181774,15.9189799449098,0,0,0,0,0,0,0,0,0,0,47.5391669106248,27.438789697368,24.5937205033794,24.0180182674353
"31",1992,2268,2.5,8059.0340529183,7829.73002018531,712.749239440558,1347.79974580486,267.272176624476,400.018000403149,0,0,0,0,0,0,0,0,0,0,0,0,1.07096157077807,2.06584558203552,0.478365905225584,0.718402913691306,0,0,0,0,0,0,0,0,0,0,2199.27212872345,2150.73809303731,143.69501330733,271.98413771255,44.9143268790073,67.6359784115966,0,0,84.4995521939436,82.6347969287441,5.53602982978985,10.4794841418044,1.73078962288746,2.60639900609889,0,0,31187.3863946565,30548.8862086936,2433.44306909112,4593.55789207228,849.932353338305,1264.89999026077,0,0,1198.22403640649,1173.73906778727,94.2025039530675,177.948346265303,33.1576952297987,49.3769771867524,0,0,0,0,3.75486241447762,7.22023376604166,1.50127555752978,2.24199771049157,0,0,0,0,0,0,0,0,0,0,137.030584282129,140.539961261335,32.4989087054965,64.2094801026737,19.7833025059551,31.2626116738316,0,0,5.26489042190015,5.39977210175564,1.24329154847714,2.45557992826994,0.752888255997715,1.18947328115315,0,0,702.223633122716,696.89816138692,141.041873276353,285.50363956501,106.936131638251,167.474426162495,0,0,26.980232413315,26.7759563849366,5.40252924160487,10.9326992722219,4.07950391847951,6.38762935358776,0,0,0,0,14.5272005577046,30.189981907877,10.5433587426877,16.3358534541587,0,0,0,0,0,0,0,0,0,0,49.1624327116885,28.3938780559245,25.7880048486976,25.2341899314266
"32",1992,2268,2.58333333333333,8047.77266065985,7808.29530115715,723.693803382796,1368.51867863975,271.913884562418,407.39817969531,0,0,0,0,0,0,0,0,0,0,0,0,1.08957714002533,2.10170330675194,0.48677982471211,0.731839351696682,0,0,0,0,0,0,0,0,0,0,2199.85268681761,2148.36518597904,146.315513651679,277.029722383506,45.9839425984663,69.3502690632402,0,0,84.521858164332,82.5436260448853,5.63703253047218,10.6739765712289,1.77200634772346,2.6724574912818,0,0,31111.6600771354,30431.7857848006,2472.69851189463,4668.48462486966,868.534526644925,1294.01311104257,0,0,1195.31482868251,1169.23986530584,95.7264404634427,180.860430486654,33.8846168090067,50.5158225407677,0,0,0,0,3.82481628425012,7.35595255344036,1.53476127870874,2.29459620851592,0,0,0,0,0,0,0,0,0,0,136.818005398316,140.158345707789,33.1049900073881,65.4238255536189,20.2378652711057,32.0250814229865,0,0,5.25672315246479,5.38510980320892,1.26645848068998,2.50197338433238,0.770180991093171,1.21846916793685,0,0,698.873177892245,692.974711278915,143.640848783609,291.055002958786,109.223598417519,171.458636944932,0,0,26.851505696401,26.6252110013573,5.50201216855875,11.1451009024303,4.16669964960202,6.5394548942071,0,0,0,0,14.8611882580679,30.904974325168,10.7994589815506,16.7619371408695,0,0,0,0,0,0,0,0,0,0,50.78307703205,29.3463187931993,27.007295020876,26.4764839252665
"33",1992,2268,2.66666666666667,8036.59966778304,7787.06850528126,734.401537246775,1388.8320208542,276.613727890805,414.870570717902,0,0,0,0,0,0,0,0,0,0,0,0,1.10805948514543,2.13733955521754,0.495317637269899,0.745468575232123,0,0,0,0,0,0,0,0,0,0,2200.63771668325,2146.2008315654,148.915315215055,282.048186195389,47.0767592194082,71.1033115150797,0,0,84.5520202671654,82.4604680871441,5.73724159444507,10.8674309333592,1.81411703281684,2.74000909484711,0,0,31036.3083699551,30315.3967361297,2511.1448545408,4742.02813156134,887.379495315506,1323.52804859258,0,0,1192.42001228384,1164.76799512144,97.2194548337985,183.719751042429,34.6211164597185,51.67054021874,0,0,0,0,3.89416659994412,7.49066149888448,1.56874411694136,2.34800375512279,0,0,0,0,0,0,0,0,0,0,136.622515544129,139.793215195533,33.7077878127593,66.6342873056526,20.702288967675,32.8048841493118,0,0,5.24921246490706,5.37108088658155,1.2894977410895,2.54821396167499,0.78784884686001,1.2481241569383,0,0,695.527126616386,689.059528999656,146.239745763493,296.616874544643,111.55273426686,175.518092843859,0,0,26.7229481720709,26.4747832819212,5.60148521790927,11.3578898036869,4.25548212499241,6.69414431715689,0,0,0,0,15.1998250359483,31.6304148714928,11.060933218012,17.1973294327662,0,0,0,0,0,0,0,0,0,0,52.4013071646279,30.29622608057,28.2518419253939,27.7451726350873
"34",1992,2268,2.75,8025.51131547454,7766.04500771443,744.876567723313,1408.74563379279,281.368242863362,422.430650370309,0,0,0,0,0,0,0,0,0,0,0,0,1.12636639602216,2.17267982515732,0.503973494303034,0.759282967923514,0,0,0,0,0,0,0,0,0,0,2201.62727698954,2144.24433871553,151.496656922747,287.043301141303,48.1927391480615,72.8952456108888,0,0,84.5900407566076,82.385296503089,5.83674268969533,11.0599915533877,1.85712023746484,2.80905921360714,0,0,30961.3313799531,30199.7169331381,2548.79581990878,4814.207976954,906.456284816556,1353.43084224391,0,0,1189.53959133211,1160.32337541247,98.6820617277277,186.527037563857,35.3667739323558,52.8405972196999,0,0,0,0,3.96279153771335,7.62414629119137,1.60320541195208,2.40219684016107,0,0,0,0,0,0,0,0,0,0,136.443344610357,139.443950983377,34.3068542051777,67.8400088796293,21.1764085038901,33.6018172985029,0,0,5.24232877081147,5.35766157883314,1.31239224153036,2.59426898860313,0.805885504689873,1.27843049913804,0,0,692.186094202549,685.1531837413,148.837399492029,302.187024435836,113.92364612522,179.653252075669,0,0,26.5945834659579,26.3246950959003,5.70090369717215,11.5709803623093,4.34585525129519,6.85171480639355,0,0,0,0,15.5428975335144,32.3659271981807,11.3278253559696,17.6421207083402,0,0,0,0,0,0,0,0,0,0,54.017320762774,31.2437096663864,29.5218810085447,29.040513692496
"35",1992,2268,2.83333333333333,8014.50406855069,7745.22042092095,755.122941895954,1428.26528570362,286.174047771114,430.073980236995,0,0,0,0,0,0,0,0,0,0,0,0,1.14446389333924,2.20766350698846,0.512741152265551,0.773274362631899,0,0,0,0,0,0,0,0,0,0,2202.82067243285,2142.4942842578,154.061556323672,292.018461032382,49.3318544945717,74.7262194517667,0,0,84.6358929179809,82.3180566121895,5.93561303214937,11.2517883144344,1.90101488956264,2.87961355629182,0,0,30886.7296591703,30084.7446870827,2585.66499693626,4885.04363431214,925.754182855138,1383.70780612954,0,0,1186.67358705346,1155.90594129359,100.114771029792,189.28301667103,36.121178771179,54.0254707212924,0,0,0,0,4.03059464641376,7.75623525739865,1.63812554400945,2.45715061983516,0,0,0,0,0,0,0,0,0,0,136.27979443995,139.109986940443,34.9018926718692,69.0403983583621,21.6600706006898,34.4157000909309,0,0,5.23604524624176,5.34483012829691,1.33513071056572,2.64011595664449,0.824285097471253,1.30938127630398,0,0,688.85070601069,681.256268301438,151.432623093088,307.763166261275,116.336390569918,183.864494921398,0,0,26.4664356052898,26.1749692195262,5.80022208233594,11.7842848352488,4.43782101305563,7.01218057340904,0,0,0,0,15.8901783223784,33.1111084952524,11.6001729749928,18.096392798636,0,0,0,0,0,0,0,0,0,0,55.6313067588304,32.1888752642825,30.817635816609,30.3627535526721
"36",1992,2268,2.91666666666667,8003.57457281725,7724.59055162934,765.144628446488,1447.39665218505,291.027840148698,437.796203611855,0,0,0,0,0,0,0,0,0,0,0,0,1.16232469850047,2.24224136970103,0.521614158131239,0.787434277988454,0,0,0,0,0,0,0,0,0,0,2204.21664505989,2140.94870489361,156.611835842607,296.976726867212,50.4940878355453,76.596391561345,0,0,84.6895284187082,82.2586729813746,6.0339223870833,11.442938388968,1.94580031604128,2.95167822810378,0,0,30812.5040774981,29970.4786225042,2621.76583047633,4954.55446425613,945.262733758242,1414.34552398021,0,0,1183.8220328856,1151.51563991638,101.518087448512,191.988411154977,36.8839301073209,55.2246478886015,0,0,0,0,4.09749996552753,7.88679137000141,1.67348447799044,2.51283960370165,0,0,0,0,0,0,0,0,0,0,136.131228529746,138.790801450473,35.4927207257373,70.2350661960073,22.1531339558276,35.2463723276395,0,0,5.23033743606852,5.33256649363004,1.35770625585339,2.68574012894842,0.843042217310319,1.34097035749845,0,0,685.521587842884,677.369387032915,154.024232127632,313.342999865497,118.790974912856,188.152125714011,0,0,26.3385286342772,26.025628873002,5.89939496222917,11.9977149899178,4.53137951486025,7.17555293334885,0,0,0,0,16.2414304129105,33.8655370079279,11.8780070793016,18.5602186063364,0,0,0,0,0,0,0,0,0,0,57.2434462254058,33.1318249152894,32.1393211734505,31.7121306942017
"37",1993,2268,3,7992.10969588962,7703.29421643925,775.35454424329,1466.84825810145,295.936563994012,445.62270527051,0,0,0,0,0,0,0,0,0,0,0,0,1.17995495839945,2.27646205377489,0.530603682687513,0.80180680199923,0,0,0,0,0,0,0,0,0,0,2205.73043353021,2139.47807941803,159.231691367346,302.060821685025,51.6812536066477,78.5112232640824,0,0,84.7476905925419,82.2021691988236,6.13490582731872,11.6389262534379,1.99154642085169,3.02546366154741,0,0,30737.3952004928,29855.0141311088,2658.30220696075,5024.7962995627,965.004801029488,1445.42693640776,0,0,1180.93654066906,1147.07929308908,102.938267563883,194.722245076297,37.6559263301462,56.441377314406,0,0,0,0,4.16354322856669,8.01601128349242,1.70931916799788,2.56940706038576,0,0,0,0,0,0,0,0,0,0,135.994481160484,138.487150663808,36.0899993221527,71.4500328145653,22.659218152383,36.1054530361136,0,0,5.22508370723234,5.32089972747166,1.38052799859526,2.73213892382316,0.862294582886701,1.3736397640995,0,0,682.178659443343,673.459836981696,156.636640149024,318.972613973588,121.291451988576,192.529154804573,0,0,26.2100910464862,25.8754175558629,5.999360130078,12.2130403951123,4.6266851797616,7.34232775644518,0,0,0,0,16.5966877730723,34.6299171583105,12.1617585544565,19.0349146494655,0,0,0,0,0,0,0,0,0,0,58.8446123396044,34.0540092590661,33.4793163649873,33.0613572059802
"38",1993,2268,3.08333333333333,7976.85475635381,7676.77075815697,787.90336574827,1490.32149235592,300.969313859297,453.731769699492,0,0,0,0,0,0,0,0,0,0,0,0,1.19794369478999,2.31152862591016,0.539803700702918,0.816675837007582,0,0,0,0,0,0,0,0,0,0,2206.95593969908,2137.43832101706,162.356971079556,308.012630147832,52.9089536766861,80.5075493494035,0,0,84.7947764993416,82.1237984191393,6.25531473860154,11.8682685886317,2.03885376757209,3.10238840854557,0,0,30654.6675078248,29728.213145733,2701.55421611503,5106.5262654425,985.200878929547,1477.52609849903,0,0,1177.75832793129,1142.20737955862,104.616715991836,197.89820198123,38.4457459566119,57.6980461247698,0,0,0,0,4.23060173765729,8.14777624607272,1.74593493019487,2.62776972060985,0,0,0,0,0,0,0,0,0,0,135.854380578888,138.201797813682,36.7569945965345,72.8310362711716,23.1969642539541,37.0512930559127,0,0,5.21970113070994,5.30993599833205,1.40602386815234,2.78489959018259,0.882751762376534,1.40960973264674,0,0,678.708626361692,669.349905535145,159.408295558163,324.918332300858,123.862376370254,197.072306803254,0,0,26.0767699374934,25.7175072617856,6.10543511149185,12.4404849256375,4.72467455933612,7.5154303996198,0,0,0,0,16.9573217513684,35.4102435835,12.4536737551348,19.5274409862825,0,0,0,0,0,0,0,0,0,0,60.3851445882333,34.8559870294401,34.7965842089503,34.2629061771687
"39",1993,2268,3.16666666666667,7961.68620305073,7650.47798377765,800.16833860667,1513.31236910841,306.071271470551,461.94827984676,0,0,0,0,0,0,0,0,0,0,0,0,1.21633878001155,2.34725636519426,0.549109812200738,0.831718765627147,0,0,0,0,0,0,0,0,0,0,2208.44654502818,2135.66067789586,165.460652260327,313.94066457095,54.1696781781276,82.5579217336149,0,0,84.852047939816,82.0554985276705,6.37490006700567,12.0967091232279,2.08743273382494,3.18139441358163,0,0,30572.329476421,29602.1917467529,2743.90207095464,5186.71966185031,1005.67051364875,1510.07444208375,0,0,1174.59508482195,1137.36541910993,106.260616098107,201.015545605078,39.2463368882337,58.9724424736072,0,0,0,0,4.2987760608476,8.28131414578798,1.78299732713128,2.68689937018616,0,0,0,0,0,0,0,0,0,0,135.726517414153,137.924464325029,37.4282461085205,74.2140016427786,23.7423444586272,38.0075049989473,0,0,5.21478873304169,5.29928038593049,1.43168274102521,2.83773494986189,0.903499644367985,1.44597444811391,0,0,675.241064491801,665.251210575699,162.178686876731,330.878861400536,126.479470488686,201.70589005912,0,0,25.9435437621238,25.5600286925387,6.21145490374546,12.6684808751074,4.82442153719305,7.69197394306361,0,0,0,0,17.3216916447147,36.1995345072045,12.7512387580817,20.0300719650307,0,0,0,0,0,0,0,0,0,0,61.924158377429,35.6563336511741,36.1415918509381,35.4912369384808
"40",1993,2268,3.25,7946.60104299039,7624.41186777305,812.154440154961,1535.82791532161,311.238288419985,470.266886765749,0,0,0,0,0,0,0,0,0,0,0,0,1.23499561390702,2.38340616510759,0.55852675695036,0.846941005830894,0,0,0,0,0,0,0,0,0,0,2210.19651570922,2134.13872010977,168.545324593533,319.849094024307,55.4628899913466,84.6619743380957,0,0,84.9192846118807,81.9970224756609,6.49376056153618,12.3244068630136,2.13726281296007,3.26246780706689,0,0,30490.3850974184,29476.9510351941,2785.36102327502,5265.39825316933,1026.40167067906,1543.05692009916,0,0,1171.44696470037,1132.55345404512,107.870539821867,204.075087870975,40.0572385860569,60.2639922034922,0,0,0,0,4.36762570009946,8.41590533632278,1.82052232383909,2.74681531864736,0,0,0,0,0,0,0,0,0,0,135.610810850076,137.655517479266,38.1018857001648,75.5970846409266,24.2962457926699,38.9760468837272,0,0,5.21034340920392,5.28894700181287,1.4574327320532,2.89057379107787,0.924572130483682,1.48280860818692,0,0,671.776605719811,661.163977173424,164.947669194906,336.852458008676,129.142300233461,206.428850435018,0,0,25.8104367984345,25.4029904956636,6.31741415611407,12.8969618563287,4.92590950462904,7.87191814588236,0,0,0,0,17.6898558035386,36.9978491931446,13.0544785760333,20.542875077524,0,0,0,0,0,0,0,0,0,0,63.4617919603212,36.4550967201287,37.5146354060755,36.7465298724865
"41",1993,2268,3.33333333333333,7931.59640073399,7598.5685159434,823.866535999309,1557.87501954952,316.466311389088,478.682335795565,0,0,0,0,0,0,0,0,0,0,0,0,1.25379481906025,2.41977952189706,0.568056127435444,0.862344081609061,0,0,0,0,0,0,0,0,0,0,2212.20004505073,2132.86597065879,171.613348832597,325.741704101968,56.7881254843672,86.8194121355533,0,0,84.996263413164,81.9481214064126,6.6119862643092,12.5515062160682,2.18832629574027,3.3455974173789,0,0,30408.8383130161,29352.4920588608,2825.94618208443,5342.58370030219,1047.3825754802,1576.45874797218,0,0,1168.31411904511,1127.77152462148,109.447054003672,207.077637247678,40.8780001854906,61.5721308264888,0,0,0,0,4.43678949571957,8.5509565887056,1.85851601148246,2.8075247990547,0,0,0,0,0,0,0,0,0,0,135.50716527683,137.395265762915,38.7764555356464,76.9788797772202,24.8593415254696,39.9585050823555,0,0,5.20636148577317,5.27894769853035,1.48321777751991,2.94336188570869,0.945994941318511,1.52017271667418,0,0,668.315905355373,657.088496931999,167.714832445501,342.83715345784,131.850546834623,211.240394417006,0,0,25.6774742244343,25.2464038750313,6.42329731360463,13.1258527662455,5.02912626459579,8.05523271248006,0,0,0,0,18.0618059192097,37.8051382359541,13.3634194824531,21.0659185190141,0,0,0,0,0,0,0,0,0,0,64.9981825904248,37.2523257763222,38.9160046130119,38.0289772405218
"42",1993,2268,3.41666666666667,7916.6694942851,7572.94414131318,835.309384182415,1579.46043712716,321.751379236603,487.189463582468,0,0,0,0,0,0,0,0,0,0,0,0,1.27263816695305,2.4562121171897,0.577697095545351,0.877926503379415,0,0,0,0,0,0,0,0,0,0,2214.45133832728,2131.83598912378,174.666877529257,331.621934642333,58.1449895442651,89.030009516687,0,0,85.0827617010482,81.9085478687227,6.72965929769719,12.7781384280385,2.24060808364171,3.43077471294553,0,0,30327.6929641686,29228.815761552,2865.67250352106,5418.29754070556,1068.60171170565,1610.26540258096,0,0,1165.19669544434,1123.01966710026,110.990719993283,210.023997979065,41.7081804357866,62.8963034908265,0,0,0,0,4.50597249408398,8.68598059576302,1.89697696513248,2.86902579563363,0,0,0,0,0,0,0,0,0,0,135.41547158249,137.143964073379,39.4508314279518,78.3583381929839,25.4321353999121,40.9561611415302,0,0,5.20283877054931,5.26929226965398,1.50899467533089,2.99605880501816,0.967787311815611,1.55811563921592,0,0,664.85963198017,653.025113609828,170.479566605717,348.83082032735,134.60397050024,216.139926885591,0,0,25.5446817280514,25.0902820383822,6.52908113035077,13.3550723657771,5.13406264011052,8.24189491599671,0,0,0,0,18.4374797905594,38.6212636059851,13.6780869823536,21.5992686899818,0,0,0,0,0,0,0,0,0,0,66.5334663596754,38.0480719872529,40.345983743238,39.3387817560292
"43",1993,2268,3.5,7901.81761636174,7547.53504538828,846.48763899655,1600.59079491618,327.08962031794,495.783195406247,0,0,0,0,0,0,0,0,0,0,0,0,1.2914451909169,2.49256846061231,0.587446984222263,0.893684463453685,0,0,0,0,0,0,0,0,0,0,2216.94467521038,2131.04243280532,177.707873869838,337.492913325915,59.5331503564914,91.2936075401105,0,0,85.1785596913645,81.8780581659364,6.8468545797215,13.0044228604756,2.29409549187897,3.51799370079607,0,0,30246.9527531874,29105.9229471656,2904.55478253195,5492.56117147956,1090.04781906975,1644.46262099182,0,0,1162.09483615901,1118.29791236751,112.502093324567,212.914969430096,42.5473476261057,64.235964939606,0,0,0,0,4.57493508289358,8.82057894745933,1.93589808256768,2.93130925898001,0,0,0,0,0,0,0,0,0,0,135.335608590921,136.901818713778,40.1241605659496,79.7347006488026,26.0149969315237,41.970046622009,0,0,5.19977060780171,5.25998864168413,1.53473068176436,3.04863532373694,0.989963343939022,1.59667670024575,0,0,661.40845949905,648.974211361575,173.241113610782,354.831225318724,137.402382324451,221.127001080397,0,0,25.4120852017288,24.9346397455465,6.63473667015322,13.5845353258151,5.24071139966936,8.43188768815368,0,0,0,0,18.816771832717,39.4460152371394,13.9985042943629,22.1429883083484,0,0,0,0,0,0,0,0,0,0,68.067778055428,38.8423878626607,41.8048524467892,40.6761553969963
"44",1993,2268,3.58333333333333,7887.03811742396,7522.33760115458,857.405854947805,1621.27259620895,332.477249628265,504.458542376164,0,0,0,0,0,0,0,0,0,0,0,0,1.31014996456493,2.52873678137995,0.597301791839311,0.909612475243267,0,0,0,0,0,0,0,0,0,0,2219.67446346307,2130.47910888968,180.738130924605,343.357489643801,60.9523338646909,93.6101105677154,0,0,85.2834425214262,81.8564143602471,6.96364055528638,13.2304682833552,2.34877804001424,3.60725080137101,0,0,30166.6212125139,28983.8142501195,2942.60764523011,5565.39583322248,1111.70989040875,1679.03639851202,0,0,1159.00867692307,1113.60628479761,113.981723415173,215.751345460549,43.3950794818483,65.5905794446968,0,0,0,0,4.64348268725887,8.9544259463772,1.9752682643997,2.99436113406431,0,0,0,0,0,0,0,0,0,0,135.267444633488,136.668992583858,40.7958031659778,81.1074346370289,26.6081940414558,43.0009946295479,0,0,5.19715193865739,5.25104307349362,1.56040125998145,3.10107098426896,1.01253325704065,1.63588765320959,0,0,657.963059979573,644.93620373497,175.998615158804,360.836077614675,140.245618931785,226.201272268058,0,0,25.2797104673104,24.7794928856846,6.74023114839471,13.8141540982193,5.34906628758982,8.62519785091407,0,0,0,0,19.1995429901311,40.2791267301719,14.3246910206303,22.6971347452588,0,0,0,0,0,0,0,0,0,0,69.6012510264766,39.6353269708531,43.2928866058263,42.0413182764948
"45",1993,2268,3.66666666666667,7872.32839462527,7497.34824194613,868.068490048714,1641.51222483263,337.910566495081,513.210599251415,0,0,0,0,0,0,0,0,0,0,0,0,1.3286987384403,2.56462525752042,0.607256542330191,0.925703803292147,0,0,0,0,0,0,0,0,0,0,2222.63526988757,2130.14000414353,183.759287312987,349.21826184509,62.4023184239209,95.9794821071516,0,0,85.3972014390861,81.8433854136142,7.08007979126837,13.4563739002018,2.40464724919316,3.69854469197775,0,0,30086.7016881641,28862.4901201765,2979.84554327931,5636.82259780148,1133.57716901406,1713.9729871023,0,0,1155.93834630748,1108.94480167022,115.430153344585,218.533913949607,44.2509630707822,66.9596207539443,0,0,0,0,4.71145826763604,9.08725675151836,2.01507351810287,3.05816370413291,0,0,0,0,0,0,0,0,0,0,135.21083908942,136.445609708202,41.4652912547094,82.4761896809015,27.2119154247778,44.049676835109,0,0,5.19497736028437,5.24246033030896,1.58598849030166,3.15335236623821,1.03550424452592,1.67577409546991,0,0,654.524098879037,640.911525743503,178.751145331774,366.843061683035,143.133526209288,231.362465662941,0,0,25.1475830926576,24.6248581727061,6.84552918820962,14.0438401842222,5.45912140250281,8.82181489300113,0,0,0,0,19.585627900171,41.1202867976783,14.6566623520604,23.2617590048261,0,0,0,0,0,0,0,0,0,0,71.1340170756676,40.4269437063423,44.8103590567549,43.4344978158015
"46",1993,2268,3.75,7857.68588383654,7472.5634533604,878.479908783479,1661.31594884816,343.385952510071,522.034542541572,0,0,0,0,0,0,0,0,0,0,0,0,1.34704803202831,2.60015895689008,0.617305545745985,0.941950785272092,0,0,0,0,0,0,0,0,0,0,2225.82183944368,2130.01930288346,186.772841019339,355.077600306739,63.8829296792406,98.4017403787012,0,0,85.5196345372959,81.8387478781806,7.19622950139294,13.6822302370259,2.46169644758618,3.79187613915136,0,0,30007.1973308081,28741.9508147836,3016.28274945043,5706.86235826435,1155.63914591875,1749.25889378265,0,0,1152.88396537747,1104.31347287591,116.847919677205,221.263456402583,45.1145947072063,68.3425720380809,0,0,0,0,4.77873629882326,9.21885781701196,2.05529776885824,3.12269658459263,0,0,0,0,0,0,0,0,0,0,135.165643868858,136.231759374423,42.1322964253145,83.8407622255613,27.8262875816986,45.1166327748949,0,0,5.19324118287331,5.23424384270615,1.61147982699622,3.20547172789365,1.05888112588806,1.71635658784239,0,0,651.092231556954,636.900627591392,181.497735248165,372.849861820365,146.065947718476,236.610351879782,0,0,25.0157282576544,24.4707529041735,6.95059376935726,14.2735050829806,5.57087075506764,9.02173003428791,0,0,0,0,19.9748405973603,41.9691484430256,14.9944285498491,23.836905038647,0,0,0,0,0,0,0,0,0,0,72.6662063710374,41.2172930869709,46.3575402317412,44.8559280783051
"47",1993,2268,3.83333333333333,7843.10805183856,7447.9797653515,888.644385081255,1680.68992422253,348.89986939644,530.925628553316,0,0,0,0,0,0,0,0,0,0,0,0,1.36516276642289,2.63527684561187,0.627442656255027,0.958345149858348,0,0,0,0,0,0,0,0,0,0,2229.22911363859,2130.11140411029,189.780163223546,360.937671018219,65.3940357450258,100.876954209639,0,0,85.6505474606726,81.842286554601,7.31214207177072,13.9081200357869,2.51992058728478,3.88724784347799,0,0,29928.1110873452,28622.1963919801,3051.93335336304,5775.53581889085,1177.88555684148,1784.88087869893,0,0,1149.84564736886,1099.71230064372,118.235552292123,223.940747562466,45.9855798433342,69.7389258250402,0,0,0,0,4.84521687040052,9.34905753218444,2.09592366789174,3.18793771003677,0,0,0,0,0,0,0,0,0,0,135.131704816812,136.027500176118,42.7965981640896,85.2010612547499,28.451391547156,46.2022983601205,0,0,5.19193748357987,5.22639586194788,1.63686687689048,3.25742567536124,1.08266698731663,1.75765174404073,0,0,647.668099948777,632.903968591061,184.237397152565,378.854185910847,149.042713255097,241.944723003962,0,0,24.8841706264077,24.3171947276021,7.05538715558007,14.5030612100288,5.68430783124849,9.2249353137124,0,0,0,0,20.3669800867257,42.8253379261906,15.3379944381726,24.4226090775047,0,0,0,0,0,0,0,0,0,0,74.1979473672134,42.0064305576167,47.9346987732749,46.3058491200143
"48",1993,2268,3.91666666666667,7828.59239156459,7423.59374730831,898.566105021836,1699.64019820178,354.448857126074,539.879191737881,0,0,0,0,0,0,0,0,0,0,0,0,1.38301484490521,2.66992949504486,0.63766143976132,0.974878226026643,0,0,0,0,0,0,0,0,0,0,2232.85223715932,2130.41092712215,192.782510172825,366.800455214042,66.9355424253669,103.405238397206,0,0,85.789753660327,81.8537947077045,7.42786551199101,14.1341190010828,2.57931606234871,3.98466426352791,0,0,29849.4457000912,28503.226710711,3086.8112584848,5842.86348754989,1200.30637913107,1820.8259532591,0,0,1146.82349765686,1095.14127955316,119.593574261232,226.566555109988,46.863532960588,71.1481839369718,0,0,0,0,4.91082124844365,9.47771912040502,2.13693310258401,3.25386396688457,0,0,0,0,0,0,0,0,0,0,135.108863082102,135.832863697152,43.4580611149672,86.5570834279424,29.0872743023288,47.3070268329919,0,0,5.19106015912198,5.21891760153917,1.66214452320261,3.30921420108374,1.10686361833427,1.79967303105079,0,0,644.25233047805,628.922012668544,186.969140563727,384.853781033835,152.063632170081,247.365376174114,0,0,24.7529342670292,24.1642014677698,7.15987151560492,14.7324224999536,5.79942533797869,9.43142296436613,0,0,0,0,20.7618344762975,43.6884614984163,15.6873591797793,25.0188993043261,0,0,0,0,0,0,0,0,0,0,75.7293667435221,42.7944118218439,49.5421020742541,47.7845064948916
"49",1994,2268,4,7812.45170269207,7396.45774687594,910.231736029261,1721.40962513365,360.008149573036,548.857416139028,0,0,0,0,0,0,0,0,0,0,0,0,1.40072447623038,2.7042976980775,0.647904201752839,0.991465419978486,0,0,0,0,0,0,0,0,0,0,2236.29845542435,2130.30103377927,196.149704317325,373.25295019439,68.502880948637,105.979592548642,0,0,85.9221628771556,81.849572429733,7.5576093734334,14.3827808454517,2.63970672976979,4.08385555831551,0,0,29766.0173418769,28376.7149685691,3126.09340844256,5917.09910248492,1222.81334265431,1856.96134060379,0,0,1143.6183517195,1090.28048009154,121.120855365684,229.457932961342,47.7450008846179,72.5651514566553,0,0,0,0,4.97584504622522,9.60525326589453,2.1781353583516,3.3201977180153,0,0,0,0,0,0,0,0,0,0,135.047120279674,135.573916097848,44.1462386413558,87.9563298037625,29.7227724885701,48.4134252671835,0,0,5.18868820345382,5.2089684044229,1.68845008519774,3.36266619064028,1.13104627345942,1.84175887899198,0,0,640.74185755181,624.791356241113,189.783560829328,390.991463791958,155.116034842538,252.852403268207,0,0,24.6180592776386,24.0054948946253,7.26752889571764,14.9670789771029,5.91574021578894,9.64043412550001,0,0,0,0,21.1583560660215,44.5564204645482,16.041231241485,25.623816937148,0,0,0,0,0,0,0,0,0,0,77.2827190805043,43.6027803717306,51.2040626198523,49.3338342386603
"50",1994,2268,4.08333333333333,7795.61664290772,7368.19442256934,922.538195701319,1744.20204804953,365.611742432959,557.905262702783,0,0,0,0,0,0,0,0,0,0,0,0,1.41883815473252,2.73928296904617,0.658201310940879,1.00814955130449,0,0,0,0,0,0,0,0,0,0,2239.74901522958,2130.08114621384,199.670446387798,379.959851801981,70.1018049785642,108.607565884732,0,0,86.054738902902,81.841123997832,7.69325955430947,14.6412297192798,2.70131402658905,4.1851123366562,0,0,29680.6502746353,28247.2074052174,3166.91860743168,5993.68597433361,1245.50527018364,1893.41760707438,0,0,1140.33871869274,1085.30457630455,122.707539462735,232.439926953094,48.6338103618543,73.9948916490255,0,0,0,0,5.04183908992145,9.73416802790857,2.2196283968056,3.38707755500955,0,0,0,0,0,0,0,0,0,0,134.976272253621,135.294547065357,44.8561085246956,89.391089304696,30.3660998229502,49.5342098608678,0,0,5.1859664134583,5.19823458298526,1.71558936311054,3.41748282281593,1.15552773628087,1.88439335070327,0,0,637.192837822812,620.600207620996,192.633516543006,397.192379543776,158.205870544178,258.414751603226,0,0,24.4817032622858,23.8444641143277,7.37654800991188,15.2041544542735,6.03347983187373,9.85231059265728,0,0,0,0,21.5569755470191,45.4300203130461,16.4002233962594,26.2383249453715,0,0,0,0,0,0,0,0,0,0,78.8456658641565,44.4195948836206,52.9089321148449,50.9331758877359
"51",1994,2268,4.16666666666667,7778.87792963624,7340.18784300805,934.551520887468,1766.49255729753,371.270386083922,567.038853369346,0,0,0,0,0,0,0,0,0,0,0,0,1.43726856762417,2.77475088257429,0.668584002062913,1.02497431989457,0,0,0,0,0,0,0,0,0,0,2243.38801366444,2130.03916186553,203.172408967043,386.647949721891,71.7353457674215,111.294017581697,0,0,86.1945550421436,81.8395108920297,7.82819483828061,14.8989684032563,2.76425480811209,4.28862187601282,0,0,29595.7811549146,28118.6187714555,3206.85802667444,6068.75012707101,1268.42028492125,1930.2517874408,0,0,1137.07821581392,1080.36397938864,124.260320057855,235.36371451732,49.5314551760807,75.4396415960892,0,0,0,0,5.10857431237067,9.8641256916485,2.26151258004416,3.45464472377228,0,0,0,0,0,0,0,0,0,0,134.919756139619,135.029733709042,45.5732795200451,90.8386217183491,31.0228910028019,50.6783671704229,0,0,5.18379527576589,5.18806001403966,1.74300855222773,3.47278857044286,1.18052254861703,1.92791849253594,0,0,633.653890015181,616.425421145521,195.476967446599,403.389418595851,161.338927877223,264.061571061505,0,0,24.3457342098826,23.684061994872,7.48531338057315,15.441069949642,6.15286498220479,10.0674012640303,0,0,0,0,21.9581749781197,46.3101454609465,16.764926462454,26.8633606435835,0,0,0,0,0,0,0,0,0,0,80.407876031056,45.2347686755283,54.6461992128478,52.5637812413313
"52",1994,2268,4.25,7762.23040147964,7312.43176819336,946.276610907942,1788.28810636378,376.979775157778,576.252527342876,0,0,0,0,0,0,0,0,0,0,0,0,1.45588312950801,2.81048552101314,0.679055585453109,1.04194315432244,0,0,0,0,0,0,0,0,0,0,2247.22056022475,2130.17938517595,206.658900685019,393.322744629961,73.403695371777,114.039636787052,0,0,86.3418076098814,81.8448984958569,7.96254160082983,15.1562070761756,2.82853653827703,4.39441078640057,0,0,29511.4057768593,27990.9414317897,3245.92658037687,6142.3132996246,1291.54671723766,1967.44899858468,0,0,1133.83668150636,1075.45839597458,125.779757104356,238.230107806661,50.4374871877587,76.8988308291949,0,0,0,0,5.17567894405475,9.99453245024222,2.30379671045779,3.52290871627355,0,0,0,0,0,0,0,0,0,0,134.877018318591,134.77894222028,46.295441253546,92.2954350940542,31.6930702076098,51.845950819955,0,0,5.18215351954771,5.17842418780339,1.77061892990255,3.52844936096457,1.20602791173615,1.97233648198356,0,0,630.125057210405,612.267063956493,198.314067664867,409.582252641101,164.515193476814,269.792925567599,0,0,24.2101537758959,23.5242911159394,7.59383112343338,15.6778133010535,6.27389517799933,10.2857086047572,0,0,0,0,22.3619733263743,47.1967692621936,17.1353338134784,27.4989381552346,0,0,0,0,0,0,0,0,0,0,81.9695122534326,46.0483879092204,56.416377489797,54.2261196428209
"53",1994,2268,4.33333333333333,7745.66939059919,7284.92045690621,957.718281505463,1809.59556572265,382.735717211419,585.540744008637,0,0,0,0,0,0,0,0,0,0,0,0,1.47457328501533,2.84630907088901,0.689616393285203,1.05905582497081,0,0,0,0,0,0,0,0,0,0,2251.24987417194,2130.50429027073,210.132831422238,399.98904070635,75.1070019922598,116.845020544798,0,0,86.4966202952876,81.8573818691765,8.09641099511884,15.4131293084872,2.89416498142161,4.50250212371822,0,0,29427.5211386511,27864.1689419682,3284.13911610759,6214.39726569957,1314.87321041244,2004.99470322785,0,0,1130.61400045274,1070.58757846268,127.266408393567,241.039920873663,51.3514699996155,78.371901786749,0,0,0,0,5.24285141162764,10.1249040602975,2.34648144887785,3.59186930518945,0,0,0,0,0,0,0,0,0,0,134.847575177693,134.541701785679,47.020809612885,93.7588142800372,32.3765513880671,53.0370022369762,0,0,5.1810225637183,5.16930901487126,1.79835201670949,3.58436100720556,1.23204061752757,2.0176490132699,0,0,626.606504805017,608.125324912828,201.144646031129,415.770085564512,167.734639682764,275.608870825083,0,0,24.074968315259,23.3651587337809,7.70209485802715,15.9143543770613,6.39656940261519,10.5072347927719,0,0,0,0,22.7683322745467,48.0897742661169,17.5114395656034,28.1450714071915,0,0,0,0,0,0,0,0,0,0,83.5307310522508,46.8605356433782,58.2199400895616,55.9206312253455
"54",1994,2268,4.41666666666667,7729.19059943961,7257.64854501047,968.881266662789,1830.42171997847,388.534122315385,594.898070873135,0,0,0,0,0,0,0,0,0,0,0,0,1.4932491374833,2.88207347392094,0.700264712204669,1.07630956524224,0,0,0,0,0,0,0,0,0,0,2255.47781942154,2131.01504543998,213.596786866549,406.651081903779,76.8453890893157,119.710707680917,0,0,86.6590647129773,81.877005899563,8.22990179968438,15.6698972715138,2.96114493945609,4.61291669408107,0,0,29344.1250877082,27738.2957002052,3321.51038780642,6285.02377530551,1338.38869623394,2042.87468057983,0,0,1127.41008996355,1065.75131162216,128.720828493555,243.793967390868,52.2729780363364,79.8583087056439,0,0,0,0,5.30984422982896,10.2548411602662,2.3895619767946,3.66151966115596,0,0,0,0,0,0,0,0,0,0,134.830995738417,134.31758867081,47.747988939624,95.2266223716951,33.0732437977834,54.2515540421713,0,0,5.18038584948018,5.16069821468726,1.82615427172961,3.6404415629914,1.25855726674507,2.06385743333218,0,0,623.098483205626,604.000476787326,203.968310788301,421.951801238039,170.99721399984,281.509438923191,0,0,23.9401874490749,23.2066753287553,7.81008973509079,16.1506507636504,6.52088570423444,10.7319811260956,0,0,0,0,23.177171307145,48.9889754259481,17.8932364646708,28.801771626259,0,0,0,0,0,0,0,0,0,0,85.0916838516828,47.6712923361768,60.0573305445604,57.647735206506
"55",1994,2268,4.5,7712.79005349903,7230.61099890859,979.770217191309,1850.77326441733,394.371001768332,604.319181892111,0,0,0,0,0,0,0,0,0,0,0,0,1.5118372712436,2.91765702961497,0.710997145506078,1.0936995105188,0,0,0,0,0,0,0,0,0,0,2259.90511713803,2131.71172328166,217.053055450862,413.312600657221,78.6189609723723,122.637189439564,0,0,86.829168571243,81.9037733763461,8.3631014466586,15.9266535984826,3.02948046799502,4.72567346382707,0,0,29261.2161786059,27613.3168074622,3358.05503799716,6354.21452343623,1362.0823943052,2081.07502502768,0,0,1124.22489451828,1060.94940722299,130.143568067398,246.493059451607,53.201596518662,81.3575175686967,0,0,0,0,5.37645751215508,10.3840192882888,2.43302900990021,3.73184755290329,0,0,0,0,0,0,0,0,0,0,134.826895287312,134.106220427904,48.4759180587741,96.6972221721622,33.7830546669364,55.4896327067861,0,0,5.18022859560645,5.15257709299488,1.85398501560058,3.69662830002054,1.28557437363762,2.11096284587006,0,0,619.601312262625,599.892860303787,206.784492006944,428.126024921544,174.302834560866,287.494630773594,0,0,23.8058234665428,23.0488539920103,7.91779406754103,16.3866501259557,6.64684102148707,10.9599477331405,0,0,0,0,23.5883740917322,49.8941299622967,18.2807149585414,29.4690461647382,0,0,0,0,0,0,0,0,0,0,86.652517306279,48.4807359908209,61.9289670792001,59.4078332370644
"56",1994,2268,4.58333333333333,7696.46403751217,7203.80305276289,990.389700966312,1870.65680257169,400.242463395078,613.798852042694,0,0,0,0,0,0,0,0,0,0,0,0,1.53027780038544,2.95295978292233,0.721809088790955,1.11121927395695,0,0,0,0,0,0,0,0,0,0,2264.53162376947,2132.59357284533,220.503669892699,419.976892889618,80.4278116784891,125.624925971786,0,0,87.0069263545903,81.9376554468091,8.49608760801923,16.1835242511974,3.09917521922409,4.84079019470578,0,0,29178.7934887339,27489.2278870398,3393.78757973394,6421.99111382142,1385.9438019199,2119.58213408856,0,0,1121.05837868287,1056.1816971043,131.535173169817,249.138006165125,54.1369210827483,82.8690056495576,0,0,0,0,5.44253018906459,10.512175355478,2.47687013419624,3.8028369243087,0,0,0,0,0,0,0,0,0,0,134.834926531661,133.907247867549,49.2037977569721,98.1693707120764,34.5058920932564,56.7512610461878,0,0,5.18053745862838,5.14493223337695,1.88181363957182,3.7528736477432,1.31308847973965,2.15896620987686,0,0,616.115361705983,595.802864278627,209.592495908038,434.291201033707,177.651385123757,293.56440769061,0,0,23.6718905732797,22.8917096624901,8.02518141928657,16.6222931995893,6.77443099051974,11.1911332494053,0,0,0,0,24.0017967822047,50.8049502286471,18.6738621496083,30.1468972137816,0,0,0,0,0,0,0,0,0,0,88.2133738293406,49.2889424020164,63.8352483421872,61.2013138032456
"57",1994,2268,4.66666666666667,7680.20904624771,7177.2201601656,1000.74420314628,1890.07884431241,406.144707824241,623.331953094301,0,0,0,0,0,0,0,0,0,0,0,0,1.54852201989755,2.98789984124479,0.732695090232063,1.12886138410009,0,0,0,0,0,0,0,0,0,0,2269.35654456053,2133.65922809299,223.950441300001,426.646879164426,82.2720315155242,128.674358816958,0,0,87.192307527248,81.9785996255875,8.62892949786749,16.4406208570284,3.17023269474385,4.95828392486252,0,0,29096.8564770432,27366.0249468043,3428.72238168161,6488.37502909816,1409.96268606008,2158.38269910264,0,0,1117.91052168276,1051.44802788087,132.896184665963,251.729612500962,55.0785574801224,84.3922611618701,0,0,0,0,5.5079330490848,10.6390968936874,2.52107080959731,3.87446908311745,0,0,0,0,0,0,0,0,0,0,134.854772819967,133.720348946977,49.9310344372875,99.6421368618587,35.2416670273265,58.036460083072,0,0,5.181300272356,5.13775126243378,1.90961743737277,3.80914202251665,1.34109623219699,2.20786841327444,0,0,612.641036136158,591.730910395487,212.391546273115,440.445652801545,181.042711732308,299.718685187358,0,0,23.5384043146554,22.7352585419519,8.13222219720819,16.8575160844575,6.90364981626591,11.425534579487,0,0,0,0,24.4172745812303,51.7211139265292,19.0726610457531,30.8353208679556,0,0,0,0,0,0,0,0,0,0,89.7743920058473,50.0959853473718,65.7765578820173,63.0285556607499
"58",1994,2268,4.75,7664.02174858434,7150.8579587357,1010.83812691655,1909.04580520855,412.074025425206,632.91345028325,0,0,0,0,0,0,0,0,0,0,0,0,1.56653056324757,3.02241046385259,0.743649100355548,1.14661759164737,0,0,0,0,0,0,0,0,0,0,2274.37858753692,2134.90685812952,227.394986329119,433.325152482059,84.1517105187398,131.785918313177,0,0,87.3852624494973,82.0265355667623,8.76168890902095,16.6980425347704,3.2426563796778,5.07817125493278,0,0,29015.4048827934,27243.7042805551,3462.87365707293,6553.38760828464,1434.12907675507,2197.46369799168,0,0,1114.78131351264,1046.7482571535,134.227137799629,254.268678414799,56.0261213301769,85.9267829883131,0,0,0,0,5.57256333852996,10.7646136511395,2.56561504839458,3.94672351501678,0,0,0,0,0,0,0,0,0,0,134.886143264794,133.545224423947,50.6571987398045,101.114840079681,35.9902946969341,59.3452509763804,0,0,5.18250586049053,5.13102268279854,1.93738001350832,3.86540747097016,1.36959443975854,2.25767034826983,0,0,609.178764151183,587.677442158845,215.180813656237,446.58762517631,184.476621275426,305.957329116914,0,0,23.4053811580432,22.5795176705454,8.23888477350135,17.0922518940161,7.03449021693448,11.6631467493063,0,0,0,0,24.8346267820837,52.6422720369862,19.4770901344159,31.5343065700902,0,0,0,0,0,0,0,0,0,0,91.3357069061887,50.9019367318392,67.7532674442707,64.8899303497073
"59",1994,2268,4.83333333333333,7647.89895728583,7124.71224037022,1020.67579428667,1927.56400612399,418.026793479585,642.538399295953,0,0,0,0,0,0,0,0,0,0,0,0,1.58427181657322,3.05643755111455,0.754664678289012,1.1644791232188,0,0,0,0,0,0,0,0,0,0,2279.59609209613,2136.33429220099,230.838751518025,440.014020945977,86.0669413143074,134.960029864341,0,0,87.5857273183354,82.0813798664971,8.89442114180065,16.9558775245003,3.31644985381319,5.20046859003293,0,0,28934.4386412779,27122.2623862572,3496.25545425219,6617.0500271298,1458.43326073257,2236.81238847157,0,0,1111.67075169863,1042.08225036742,135.528561822439,256.755998084864,56.9792378838853,87.4720804272118,0,0,0,0,5.63634012622548,10.8885903638479,2.61048597290849,4.01957855366818,0,0,0,0,0,0,0,0,0,0,134.928768618056,133.38159420249,51.3819905186416,102.58699841261,36.7516955932359,60.6776564481212,0,0,5.18414387814677,5.12473573273476,1.96508993613831,3.92165166951849,1.39858011175924,2.30837296724863,0,0,605.728989346224,583.642915770865,217.959439481362,452.715320318874,187.952880662853,312.280152788607,0,0,23.2728381470135,22.4245045762867,8.34513641136772,17.3264321187084,7.16694339220875,11.9039627957654,0,0,0,0,25.2536610622544,53.5680556012898,19.8871230717771,32.2438366973273,0,0,0,0,0,0,0,0,0,0,92.8974503617879,51.7068667148162,69.7657397731731,66.7858043277239
"60",1994,2268,4.91666666666667,7631.83760503974,7098.77892762411,1030.26144706613,1945.63967329072,423.999473645394,652.201943648268,0,0,0,0,0,0,0,0,0,0,0,0,1.60172060408592,3.08993755385283,0.765735148434241,1.18243687537107,0,0,0,0,0,0,0,0,0,0,2285.00712971201,2137.93911730837,234.28303415511,446.715544003522,88.0178209330615,138.197118351007,0,0,87.7936280367026,82.1430398135094,9.02717580046854,17.2142045717495,3.39161686225627,5.32519231029817,0,0,28853.9578182235,27001.6959026067,3528.88164916429,6679.38328203195,1482.86577554198,2276.41630199503,0,0,1108.57883877783,1037.44987837499,136.800979697919,259.192359285668,57.9375418057232,89.0276729674292,0,0,0,0,5.69920048428144,11.0109207742339,2.65566623257562,4.09301188538385,0,0,0,0,0,0,0,0,0,0,134.982397999725,133.229194462366,52.1052109206312,104.05828674266,37.5257960772371,62.0337018995998,0,0,5.18620468616513,5.11888027584559,1.9927396633092,3.97786231830591,1.42805048225236,2.35997732647006,0,0,602.292163303398,579.627793033098,220.726554467892,458.826925033167,191.471216782009,318.686915228813,0,0,23.1407926319947,22.2702370023298,8.45094397251872,17.5599876795152,7.30099902150956,12.1479737003493,0,0,0,0,25.6741769800779,54.498081284367,20.3027285083576,32.9638863124295,0,0,0,0,0,0,0,0,0,0,94.4597511966665,52.5108438169642,71.8143308577068,68.7165406732667
"61",1995,2268,5,7613.32556559626,7069.78743820314,1041.28476595962,1966.49251365109,429.908421104033,662.120274739617,0,0,0,0,0,0,0,0,0,0,0,0,1.61891072123435,3.12373379233572,0.776695300875321,1.20086621111162,0,0,0,0,0,0,0,0,0,0,2290.23980573423,2139.2921927733,238.006913996109,453.975640448505,89.9881521772862,141.545664050734,0,0,87.9946758174107,82.1950271366688,9.17067415150244,17.4940089824147,3.46753304938622,5.45421021366245,0,0,28768.7511802985,26875.8842421068,3564.49470755329,6747.90529678128,1507.12639189475,2317.02401542047,0,0,1105.30535570705,1032.61597817914,138.188061491872,261.867042697849,58.8892932910714,90.6228314359622,0,0,0,0,5.76104177756767,11.1341542945923,2.70058636229637,4.16833451110062,0,0,0,0,0,0,0,0,0,0,134.950215774081,133.104435012992,52.8323284590463,105.682933449112,38.2758658430298,63.508764808971,0,0,5.18496849077901,5.11408680392058,2.02054477362761,4.03994688388997,1.45660786126643,2.41611216292042,0,0,598.784341047537,575.543875786066,223.525893619393,465.110334797431,194.98905129439,325.286706137439,0,0,23.0060193448549,22.1133262327931,8.55799156269188,17.8001261906286,7.43503393838788,12.3993376160717,0,0,0,0,26.0932930071791,55.4408692436827,20.719599713879,33.7051925297454,0,0,0,0,0,0,0,0,0,0,96.0793212805934,53.2267179875856,73.9752130982877,70.4697682490598
"62",1995,2268,5.08333333333333,7594.48440467831,7040.50829776811,1052.29019656521,1987.36114822003,435.836067670454,672.131635103357,0,0,0,0,0,0,0,0,0,0,0,0,1.63626546449348,3.15788070232756,0.787677923840576,1.21945513797007,0,0,0,0,0,0,0,0,0,0,2295.61885640151,2140.76195997525,241.77401085444,461.336754345846,91.9962711794164,144.974698194585,0,0,88.2013475460603,82.2514979429742,9.31583830645172,17.7777073057722,3.54490466749527,5.58632852791531,0,0,28683.2119273126,26750.0008382345,3599.88814260829,6816.20921506557,1531.48953251891,2358.0579481483,0,0,1102.019092119,1027.77932156873,139.566737899974,264.533583490369,59.8451964511961,92.2349537721582,0,0,0,0,5.82305383992706,11.2579355969149,2.74570262006674,4.24446981616878,0,0,0,0,0,0,0,0,0,0,134.920800036334,132.988934772824,53.5683527881437,107.327641860287,39.0377571810615,65.0135359542887,0,0,5.18383858769226,5.10964908575393,2.04869248697598,4.10280178571392,1.48561682231336,2.4733802570006,0,0,595.268766072065,571.468103371083,226.317428107503,471.423447350809,198.535463258299,332.003353037032,0,0,22.8709481759081,21.9567284015912,8.66473951873881,18.0413961414658,7.57015751444379,12.6551506564206,0,0,0,0,26.5131272495929,56.3891378411716,21.1411047065684,34.459091434482,0,0,0,0,0,0,0,0,0,0,97.7076448693755,53.9278835879573,76.1855962424664,72.2227444694676
"63",1995,2268,5.16666666666667,7575.7172170662,7011.46698576953,1063.00697603949,2007.7281776142,441.792697509788,682.197022684755,0,0,0,0,0,0,0,0,0,0,0,0,1.65370513808328,3.19212408441521,0.798710822681938,1.23814411962781,0,0,0,0,0,0,0,0,0,0,2301.20341923376,2142.41619966572,245.540720592627,468.713629595697,94.0450177204086,148.477716796366,0,0,88.4159153807365,82.3150564772914,9.46099289556503,18.0620218695117,3.62384125258334,5.7212967370579,0,0,28598.1829427609,26625.0332748903,3634.46735830273,6883.09540569456,1555.99512370961,2399.38799210897,0,0,1098.75243216654,1022.97785313412,140.91417394252,267.145804143155,60.8068162691647,93.8589598100637,0,0,0,0,5.88507402280015,11.3815684796778,2.79110898173379,4.32121110194512,0,0,0,0,0,0,0,0,0,0,134.909426883536,132.87993230879,54.3111608159541,108.967669353184,39.8171573078101,66.534221260816,0,0,5.1834019061908,5.10546102256377,2.07710046635186,4.16547915265274,1.51529395915713,2.53125705956059,0,0,591.759630009217,567.414923218468,229.094406470849,477.733926489021,202.1173735277,338.818333156698,0,0,22.7361243850214,21.8009986023486,8.77092807789834,18.2825579838668,7.70663373499365,12.9147071979011,0,0,0,0,26.934086303986,57.3413775499762,21.5678853682218,35.2238578424202,0,0,0,0,0,0,0,0,0,0,99.3357232900453,54.6284575042209,78.4340152860963,74.0098861036904
"64",1995,2268,5.25,7557.02083512843,6982.65923537953,1073.43998351586,2027.60055272636,447.774286818646,692.310938739324,0,0,0,0,0,0,0,0,0,0,0,0,1.67113704922587,3.2263112257576,0.80979370603229,1.25693164422785,0,0,0,0,0,0,0,0,0,0,2306.99125934715,2144.25244825505,249.308494342653,476.10874528921,96.1342451043461,152.055195391272,0,0,88.6382934536288,82.3856080845659,9.60619322867102,18.347047250934,3.70433724677784,5.85913326363562,0,0,28513.6642393853,26500.9778401972,3668.24711929451,6948.58576802293,1580.6331926041,2441.00115372389,0,0,1095.50537635128,1018.21143025808,142.230926063566,269.704525954903,61.773767901012,95.4943491354925,0,0,0,0,5.94688022303906,11.5046966094972,2.83680439190728,4.39855560791658,0,0,0,0,0,0,0,0,0,0,134.915231044025,132.777648327005,55.0591018836249,110.603501544309,40.6134797253499,68.0728342808747,0,0,5.18362520133187,5.10153109423968,2.10570545661286,4.22799736250159,1.54561708275532,2.58981937333899,0,0,588.25807604559,563.384325537526,231.857182308009,484.038718849885,205.73520144506,345.729679621427,0,0,22.6015918950227,21.6461364588823,8.87657097146575,18.5234954386391,7.84447870347879,13.1779327242392,0,0,0,0,27.3561071181709,58.2974189771762,21.9999009607447,35.9994586528671,0,0,0,0,0,0,0,0,0,0,100.963769032367,55.3284745695775,80.7211207970535,75.8313884561529
"65",1995,2268,5.33333333333333,7538.39219013279,6954.08089110486,1083.59399358649,2046.9850998284,453.776909314671,702.467980309099,0,0,0,0,0,0,0,0,0,0,0,0,1.68848568616204,3.26031685625784,0.820924353913242,1.2758138376324,0,0,0,0,0,0,0,0,0,0,2312.97998859011,2146.26808147095,253.078657067783,483.524312156411,98.2638534027949,155.707599898102,0,0,88.868390008135,82.4630519360594,9.7514898209588,18.6328677964084,3.78638887487547,5.99985614507745,0,0,28429.6558861219,26377.830905457,3701.24199596926,7012.70200814759,1605.39402306115,2482.88471582945,0,0,1092.27792733349,1013.47991351924,143.517543592792,272.21056329584,62.7456761322146,97.1406316061861,0,0,0,0,6.00829370270568,11.6270314685982,2.8827831480824,4.47649509485488,0,0,0,0,0,0,0,0,0,0,134.937422505271,132.682272145546,55.8108767199687,112.235624180572,41.4262124619986,69.6310612118263,0,0,5.18447811973236,5.09786657469175,2.13445769664815,4.29037489072861,1.57656681579998,2.64913153241103,0,0,584.765184234023,559.376349361092,234.605850496048,490.334930158051,209.389237042734,352.735694563346,0,0,22.4673922030435,21.492143470889,8.98167201408155,18.7640982746526,7.98370361970019,13.4447629750963,0,0,0,0,27.7790938289926,59.2570402537087,22.4371094121481,36.7858575788994,0,0,0,0,0,0,0,0,0,0,102.591984373638,56.0279707236939,83.0475173390621,77.6874768050108
"66",1995,2268,5.41666666666667,7519.8282918631,6925.72788811858,1093.47368418295,2065.88852980251,459.796729304692,712.662833508466,0,0,0,0,0,0,0,0,0,0,0,0,1.70568886564202,3.29403712329674,0.832099241761717,1.29478520926631,0,0,0,0,0,0,0,0,0,0,2319.16713761976,2148.46038707604,256.852425064619,490.962319631484,100.433782717897,159.435396468925,0,0,89.1061101681527,82.5472838232747,9.89692905737682,18.9195594170289,3.86999388873112,6.14348341496909,0,0,28346.1579636815,26255.5888803204,3733.4663672743,7075.46563217916,1630.26814112908,2525.02622053261,0,0,1089.07008822552,1008.7831649697,144.774568833076,274.664723321774,63.7221748367554,98.797326714695,0,0,0,0,6.06916913812953,11.7483370907369,2.92903648693648,4.55501767030199,0,0,0,0,0,0,0,0,0,0,134.975275245029,132.59396542273,56.5654501697065,113.864514334535,42.2549070496172,71.2103332679408,0,0,5.18593276660404,5.09447367509723,2.16331756483777,4.35262994654141,1.60812618218921,2.70924816052512,0,0,581.28197578228,555.391070982017,237.340323129141,496.619812177587,213.079657718707,359.834876484792,0,0,22.3335645452979,21.3390225696561,9.08622801851663,19.0042618273801,8.12431540831124,13.7151411784484,0,0,0,0,28.2029269548973,60.2199812541381,22.8794662587901,37.5830139513969,0,0,0,0,0,0,0,0,0,0,104.220562708686,56.7269827997699,85.4137742576261,79.5784007154411
"67",1995,2268,5.5,7501.32622253029,6897.59624639387,1103.08363687157,2084.31743852591,465.830002029532,722.890274111745,0,0,0,0,0,0,0,0,0,0,0,0,1.72269624299372,3.3273872557665,0.843313776261742,1.31383893621848,0,0,0,0,0,0,0,0,0,0,2325.55018467322,2150.82659433359,260.630911436748,498.424551469188,102.644009834115,163.239054507589,0,0,89.3513570435194,82.6381972900757,10.0425533999385,19.2071901839698,3.95515144001063,6.29003322032099,0,0,28263.1705457382,26134.2481947158,3764.93441351764,7136.89793346824,1655.24631807039,2567.41347224056,0,0,1085.88186186906,1004.12104744067,146.002536786442,277.067805489516,64.7029070946731,100.463963703128,0,0,0,0,6.12939078468262,11.8684241620557,2.97555317214449,4.63410847413018,0,0,0,0,0,0,0,0,0,0,135.028123490923,132.512863594272,57.3220178801146,115.490636982336,43.0991740652781,72.8118554344337,0,0,5.18796356204158,5.09135759911839,2.19225429890751,4.41478033193665,1.64028044053992,2.77021526710387,0,0,577.809413840195,551.428599219212,240.060359713934,502.890760050259,216.806534339734,367.025890099799,0,0,22.2001459273266,21.1867779361751,9.19022995423786,19.2438869037003,8.26631694939118,13.9890169022971,0,0,0,0,28.6274672260445,61.185949546576,23.3269241482761,38.3908820620666,0,0,0,0,0,0,0,0,0,0,105.849688955046,57.4255484226375,87.8204299654433,81.5044319403142
"68",1995,2268,5.58333333333333,7482.88312648253,6869.68206033633,1112.42834055237,2102.27831121429,471.873070692343,733.145164867968,0,0,0,0,0,0,0,0,0,0,0,0,1.73946711381589,3.36029811029113,0.854562630227769,1.33296726583543,0,0,0,0,0,0,0,0,0,0,2332.12659357728,2153.36391265997,264.415136439186,505.912612713533,104.894543649859,167.119051361392,0,0,89.6040331904045,82.7356851177766,10.1884017802635,19.4958213570591,4.04186190659378,6.43952400363448,0,0,28180.6936754573,26013.8052755182,3795.66011490871,7197.0199847584,1680.31956478081,2610.03453126634,0,0,1082.71324993334,999.493423646042,147.201975088945,279.420601245139,65.6875249868452,102.140081327273,0,0,0,0,6.18886682776527,11.9871413184185,3.02232033358023,4.71375065213916,0,0,0,0,0,0,0,0,0,0,135.095355176269,132.439078338214,58.0799575560187,117.114440711316,43.9586761241874,74.4366482345604,0,0,5.19054698958622,5.08852263760915,2.22124412272514,4.47684326286178,1.67301682215449,2.83207183905201,0,0,574.348406330237,547.489068689395,242.765609473489,509.145304335276,220.569841616639,374.307524396547,0,0,22.0671712327517,21.0354147426315,9.29366457059881,19.4828794864672,8.40970747048189,14.2663444572932,0,0,0,0,29.0525608745805,62.154628633945,23.7794322955843,39.209410507294,0,0,0,0,0,0,0,0,0,0,107.479540325179,58.1237058670529,90.2679981442242,83.4658611721312
"69",1995,2268,5.66666666666667,7464.49620308206,6841.98149156398,1121.51219425915,2119.77752573335,477.922364351198,743.422453721142,0,0,0,0,0,0,0,0,0,0,0,0,1.75596875249508,3.39271354925708,0.865839979497837,1.35216180204161,0,0,0,0,0,0,0,0,0,0,2338.89383994575,2156.06955851778,268.206035805763,513.427950501524,107.18542123188,171.075875117511,0,0,89.8640416178533,82.8396403584195,10.3345099155318,19.785508177968,4.13012674246789,6.59197461181794,0,0,28098.7273495235,25894.2565307315,3825.65724987029,7255.85263138182,1705.47912785651,2652.87770963399,0,0,1079.56425230149,994.900155574688,148.373403939079,281.723893755479,66.675689451533,103.825227703095,0,0,0,0,6.24752513426952,12.1043685729579,3.06932405307165,4.79392604044969,0,0,0,0,0,0,0,0,0,0,135.17640675407,132.372699716955,58.8387928868013,118.736355083731,44.8331220282787,76.0855794935994,0,0,5.19366139697223,5.08597225091537,2.25026886036306,4.53883525788966,1.7063243115034,2.89485105124297,0,0,570.899808556506,543.572634631671,245.455642281937,515.381104114467,224.369466754831,381.678661104897,0,0,21.9346733235189,20.8849389535568,9.39651558339425,19.7211504768319,8.55448287408472,14.5470816959413,0,0,0,0,29.4780436066965,63.1256841847412,24.2369361425704,40.0385417598332,0,0,0,0,0,0,0,0,0,0,109.110286946493,58.8214939383459,92.7569724462501,85.4629955646905
"70",1995,2268,5.75,7446.16270169257,6814.49076370065,1130.33950980405,2136.82135577468,483.974396018521,753.717172292254,0,0,0,0,0,0,0,0,0,0,0,0,1.77217508874207,3.42458833670725,0.877139669645859,1.37141370917693,0,0,0,0,0,0,0,0,0,0,2345.8494283852,2158.94077348394,272.004468054992,520.971871100215,109.516703978163,175.110025693111,0,0,90.1312864488603,82.9499570289779,10.4809105856264,20.0763005194379,4.21994833153186,6.74740433938727,0,0,28017.2715081037,25775.5983394319,3854.93939418112,7313.41648634559,1730.71648572342,2695.93156733657,0,0,1076.43486668491,990.341104104034,149.517336058173,283.978457712347,67.6670701433211,105.518960170762,0,0,0,0,6.30530989692143,12.2200120882094,3.11654976512621,4.87461564111582,0,0,0,0,0,0,0,0,0,0,135.270758696323,132.313798247015,59.5981658772743,120.356789466023,45.7222614275427,77.7593900071627,0,0,5.19728682320416,5.08370914839839,2.27931487346485,4.60077208589911,1.74019344511632,2.95858124457238,0,0,567.464426002456,539.679468715834,248.129971750586,521.595940044322,228.205217502153,389.13825002595,0,0,21.8026831473909,20.7353571647765,9.49876455981356,19.9586154322064,8.70063604308359,14.831189073357,0,0,0,0,29.9037436930691,64.0987689371396,24.6993771953021,40.8782119468787,0,0,0,0,0,0,0,0,0,0,110.742092414494,59.5189518641229,95.2878302364282,87.4961567002105
"71",1995,2268,5.83333333333333,7427.87991752327,6787.20615800622,1138.91451427077,2153.4159738378,490.02576085824,764.024434473661,0,0,0,0,0,0,0,0,0,0,0,0,1.78806556668745,3.4558863204989,0.888455353874053,1.39071388084808,0,0,0,0,0,0,0,0,0,0,2352.99090621224,2161.97483876432,275.811221224284,528.545555197546,111.888474192655,179.222015536528,0,0,90.4056734474071,83.0665306690342,10.6276338886429,20.3682434679274,4.31132985703893,6.90583295655615,0,0,27936.3260270599,25657.8270439629,3883.51992051348,7369.73192626582,1756.02334471131,2739.1849086624,0,0,1073.32508832409,985.816128700192,150.634276665996,286.185059169274,68.6613452898408,107.220845161272,0,0,0,0,6.36217874796646,12.3339996705058,3.16398258677922,4.95580001424189,0,0,0,0,0,0,0,0,0,0,135.377931410777,132.262426819899,60.357813248649,121.976132261197,46.625879989504,79.4587155765619,0,0,5.20140484167309,5.08173536223798,2.30837215497888,4.66266873037048,1.77461612944289,3.02328676554961,0,0,564.043017056805,535.809755380449,250.788074603547,527.787707721918,232.076829469643,396.685288092509,0,0,21.67122984268,20.5866764627131,9.60039166102247,20.1951943153839,8.84815711870787,15.1186288501326,0,0,0,0,30.3294845984673,65.0735268919637,25.1666929247362,41.7283507064451,0,0,0,0,0,0,0,0,0,0,112.375114300166,60.2161191963331,97.8610358144646,89.5656788277566
"72",1995,2268,5.91666666666667,7409.64518851211,6760.12401000382,1147.24135237538,2169.56745406334,496.073134503038,774.339435167325,0,0,0,0,0,0,0,0,0,0,0,0,1.80362420297428,3.48657892397635,0.899780596036247,1.410053067103,0,0,0,0,0,0,0,0,0,0,2360.31587288902,2165.16908544103,279.627018931586,536.150071043657,114.300831944175,183.412369639636,0,0,90.6871103809904,83.1892587344945,10.7747074708906,20.6613778242034,4.40427518177778,7.06728071071261,0,0,27855.8907129481,25540.9389448606,3911.41199844936,7424.81908835234,1781.39163512447,2782.62677868899,0,0,1070.23490979648,981.32508722298,151.72472347481,288.344455418654,69.658201548277,108.930458069532,0,0,0,0,6.4181003895568,12.4462770533198,3.21160755877457,5.0374595678669,0,0,0,0,0,0,0,0,0,0,135.497481606122,132.218622495799,61.1175474634573,123.594750739834,47.5437950461058,81.1841052498708,0,0,5.2059984205022,5.08005231634911,2.33743360063873,4.72453937804437,1.80958547638382,3.08898866125089,0,0,560.636295705673,531.963688747081,253.429405812025,533.954411303613,235.9839728119,404.31880248513,0,0,21.5403408416857,20.4389043058263,9.70137622189993,20.4308112522359,8.99703375445699,15.4093644497101,0,0,0,0,30.75508710361,66.0495967290503,25.6388167487922,42.5888811415683,0,0,0,0,0,0,0,0,0,0,114.009504609547,60.9130357232204,100.477043069978,91.6719073838095
"73",1996,2268,6,7391.39590627996,6733.15885853866,1155.3614108375,2185.35493750558,502.112259901983,784.662956928466,0,0,0,0,0,0,0,0,0,0,0,0,1.81883716241188,3.51665652982772,0.911107096539945,1.42943198626226,0,0,0,0,0,0,0,0,0,0,2367.8199239302,2168.52014842223,283.453007951423,543.789701478337,116.753675263492,187.682977365168,0,0,90.9754280222405,83.3180119331492,10.9221752271372,20.9558681516059,4.49878037923625,7.23182041541719,0,0,27775.9181095922,25424.8880054299,3938.6482068487,7478.76518858737,1806.80986484424,2826.26632516959,0,0,1067.16250775896,976.866210870309,152.789918737553,290.459992352762,70.6571914900116,110.648161001368,0,0,0,0,6.47304587209162,12.5568484178144,3.259403271785,5.11961079880057,0,0,0,0,0,0,0,0,0,0,135.627327457633,132.182594446518,61.8776102846744,125.216867707466,48.4753680145743,82.9389386891622,0,0,5.21098757284292,5.07866804747033,2.3665086605128,4.78654585188445,1.84507724701871,3.15581568771296,0,0,557.245104424202,528.142319432187,256.052860763063,540.095579763377,239.925782511283,412.040767829065,0,0,21.4100485133986,20.2920810604936,9.80167612349064,20.6654486472168,9.14723320826452,15.7034716373767,0,0,0,0,31.1803391307663,67.0268495058048,26.1156269816074,43.4600284505517,0,0,0,0,0,0,0,0,0,0,115.645973596813,61.6078484810681,103.137238442341,93.8093421129082
"74",1996,2268,6.08333333333333,7371.79184666283,6704.48334380699,1164.10327131494,2202.40431626158,508.122228840312,795.120635258815,0,0,0,0,0,0,0,0,0,0,0,0,1.83379546130518,3.54662117082255,0.92238784931208,1.44906830945354,0,0,0,0,0,0,0,0,0,0,2375.45945877056,2172.01097845704,287.304385236751,551.546521951383,119.242939782473,192.066245285118,0,0,91.2689511677162,83.4521352055146,11.0706203388279,21.2548729550458,4.59468871516392,7.40070056395242,0,0,27695.344105798,25308.711418428,3965.67973757303,7533.09492272959,1832.19061252975,2870.54361988593,0,0,1064.06699715472,972.402507094695,153.847160227029,292.590488300334,71.6548952473079,112.391185400369,0,0,0,0,6.52694347635391,12.6668367683972,3.30720644731966,5.20304573226293,0,0,0,0,0,0,0,0,0,0,135.731470422065,132.158098085084,62.6456009469265,126.923406837606,49.4103840827784,84.7845107138978,0,0,5.21498917948265,5.07772684501451,2.39589075758508,4.85178685028148,1.88070274330336,3.22610038377384,0,0,553.871048714803,524.363515125296,258.646304375944,546.247934951369,243.889491761254,419.91982776563,0,0,21.2804145427518,20.1468932322231,9.90082642118432,20.9005106610456,9.2982690370505,16.0035666798925,0,0,0,0,31.6043404560469,68.0102399951825,26.5958366634351,44.3486156100521,0,0,0,0,0,0,0,0,0,0,117.296991285313,62.2583395533821,105.86273722565,95.846736218875
"75",1996,2268,6.16666666666667,7352.23352547295,6676.01185996149,1172.5873905458,2218.99343551833,514.127793507584,805.586064483816,0,0,0,0,0,0,0,0,0,0,0,0,1.84862132463373,3.5763226944855,0.933663582925424,1.46872667588646,0,0,0,0,0,0,0,0,0,0,2383.28584809407,2175.65969308553,291.173596057332,559.350258385511,121.774973607022,196.534010274908,0,0,91.5696535612467,83.5923246564534,11.2197533320932,21.555687277254,4.69224472940191,7.57283585235561,0,0,27615.2708774393,25193.3957654718,3992.05022842541,7586.23717799921,1857.61378395785,2914.99456108289,0,0,1060.99072559451,967.971881887551,154.878942780632,294.6753170779,72.6544365761569,114.141364234603,0,0,0,0,6.57999405945361,12.7753066511676,3.35515863068515,5.28692230386083,0,0,0,0,0,0,0,0,0,0,135.850209473475,132.140586778753,63.4126171431373,128.620136810841,50.3608248646244,86.6511726466452,0,0,5.21955158880757,5.0770540195823,2.42523629147497,4.91665447156164,1.91691812722953,3.29719291180531,0,0,550.508787853679,520.607014302178,261.222277499663,552.381160716865,247.885007954625,427.891387208582,0,0,21.1512337321851,20.0025623405324,9.99930850595691,21.1348397735803,9.45051925587173,16.3071880842951,0,0,0,0,32.0276586969571,68.9940375654275,27.0805779725451,45.2475565549653,0,0,0,0,0,0,0,0,0,0,118.949365011998,62.9087272994944,108.63252801741,97.9208557395625
"76",1996,2268,6.25,7332.71915366725,6647.74166692933,1180.81796996232,2235.12840268337,520.125622364705,816.054384246201,0,0,0,0,0,0,0,0,0,0,0,0,1.86326662742821,3.60567814606315,0.944931850139336,1.4884027862764,0,0,0,0,0,0,0,0,0,0,2391.29422955437,2179.46156159576,295.060253007854,567.200187456793,124.349674243041,201.086640711924,0,0,91.8773483837088,83.7383985244478,11.3695592903496,21.8582832830051,4.79144451814644,7.74824054208774,0,0,27535.7000461247,25078.9392720683,4017.77225873593,7638.21128016886,1883.07216514707,2959.60922036076,0,0,1057.93375538956,963.57426706935,155.885742369429,296.715206127355,73.6555346600318,115.898311917273,0,0,0,0,6.63216755832754,12.8822008758739,3.40324868318727,5.37122588053621,0,0,0,0,0,0,0,0,0,0,135.98293591747,132.130126609285,64.1789910592726,130.309411856239,51.3264215581153,88.540528063707,0,0,5.22465141389166,5.07665211014637,2.45455813024906,4.9812390133199,1.95371326357763,3.36915448209784,0,0,547.159477647641,516.873231508539,263.780154525138,558.491904234882,251.912186141538,435.953555261354,0,0,21.0225504893431,19.8591043129309,10.0970985875095,21.3683081889455,9.6039785997466,16.6142644630158,0,0,0,0,32.4501408812863,69.9779237983141,27.5697734145616,46.1567609566891,0,0,0,0,0,0,0,0,0,0,120.603269365048,63.5590461891338,111.447103866019,100.031935695185
"77",1996,2268,6.33333333333333,7313.24677743811,6619.66978984769,1188.79925399641,2250.81544913395,526.112455696813,826.520792664872,0,0,0,0,0,0,0,0,0,0,0,0,1.87769253032191,3.63461997911992,0.956189249337282,1.50809109645713,0,0,0,0,0,0,0,0,0,0,2399.48041480837,2183.41248064393,298.96407860828,575.09575079299,126.966993969357,205.724543908722,0,0,92.1918747122633,83.8901991524668,11.520027517063,22.1626394657024,4.89228627492084,7.92693037877604,0,0,27456.6323988566,24965.3391856486,4042.85851598034,7689.03686816456,1908.55869179424,3004.37774733752,0,0,1054.8961167854,959.209556881255,156.868039406605,298.710895316141,74.6579141532079,117.661645297837,0,0,0,0,6.68344290239525,12.9874778498639,3.45146501527857,5.45594101577815,0,0,0,0,0,0,0,0,0,0,136.129073438411,132.12675616671,64.9449906484943,131.993183949356,52.3069355776776,90.4539287990658,0,0,5.23026651184607,5.07652259940257,2.48386666766727,5.04561536982505,1.99107916052543,3.44203672221821,0,0,543.824146549397,513.162519390364,266.319368178468,564.577219117254,255.970764207766,444.104537133671,0,0,20.8944043287609,19.7165326986412,10.1941751270219,21.6008036846938,9.75863734652975,16.9247280907764,0,0,0,0,32.8716326553688,70.9615753788404,28.0633395758003,47.0761266538643,0,0,0,0,0,0,0,0,0,0,122.258871026938,64.2093310312635,114.306930113601,102.180225481001
"78",1996,2268,6.41666666666667,7293.81434252388,6591.79317350702,1196.5353835881,2266.06066960594,532.085107325491,836.98055780428,0,0,0,0,0,0,0,0,0,0,0,0,1.89186793780869,3.66309355052707,0.967431681526572,1.52778515083297,0,0,0,0,0,0,0,0,0,0,2407.84084541454,2187.50892385854,302.884890322442,583.036541329085,129.626947245676,210.448196042091,0,0,92.5130958258959,84.047591051678,11.6711509633186,22.4687401298639,4.99477057894531,8.10892374850362,0,0,27378.0682816104,24852.592374382,4067.32141549476,7738.73321232644,1934.06648528052,3049.29048699877,0,0,1051.87782308279,954.877630992585,157.826304107246,300.663110736079,75.6613066939792,119.43098846021,0,0,0,0,6.73380610156545,13.0911083266014,3.49979589729526,5.54105199199661,0,0,0,0,0,0,0,0,0,0,136.288086565919,132.13049506733,65.7108336529791,133.673066809332,53.302164856475,92.3925260508043,0,0,5.23637630911473,5.07666624104523,2.51317036212589,5.1098454821915,2.0290082135864,3.51588362636412,0,0,540.50371727861,509.475190947724,268.839393188013,570.63449628313,260.060392987885,452.342658635619,0,0,20.7668307025647,19.5748595236262,10.290518209164,21.8322269633299,9.91448246460656,17.2385158407004,0,0,0,0,33.2919794681361,71.9446671342514,28.5611897995675,48.0055456665597,0,0,0,0,0,0,0,0,0,0,123.91632980178,64.8596167791951,117.212469685766,104.366004570119
"79",1996,2268,6.5,7274.41972852189,6564.1087136354,1204.03040665206,2280.87003828342,538.040462193284,847.429016757997,0,0,0,0,0,0,0,0,0,0,0,0,1.90576784731743,3.69105443227532,0.978654589251517,1.54747788046666,0,0,0,0,0,0,0,0,0,0,2416.37243620429,2191.7477968387,306.822574995714,591.022262206096,132.329593421231,215.258123553278,0,0,92.8408931874959,84.2104553302511,11.8229252468648,22.7765738140711,5.0988997318827,8.29424096460175,0,0,27300.0077050941,24740.695424659,4091.17312471478,7787.31925068532,1959.58884758692,3094.33797685129,0,0,1048.87887470109,950.578358246261,158.760997406418,302.572566081415,76.665450723054,121.205972632898,0,0,0,0,6.78324867941148,13.1930727501319,3.54822962928106,5.6265430441562,0,0,0,0,0,0,0,0,0,0,136.459477585676,132.141348531174,66.476701631719,135.350411677124,54.3119388156931,94.3573137356176,0,0,5.24296168278373,5.07708323564041,2.54247627592759,5.17398123891296,2.06749401604407,3.59073320621306,0,0,537.199025305039,505.811529134144,271.339739159023,576.661396834354,264.180650885522,460.666334519217,0,0,20.6398617106185,19.4340956594124,10.3861092659334,22.0624890806468,10.0714981690185,17.5555679799293,0,0,0,0,33.7110277850143,72.9268742551731,29.0632343750982,48.9449044758657,0,0,0,0,0,0,0,0,0,0,125.575799344409,65.5099384362132,120.164183413935,106.589576552099
"80",1996,2268,6.58333333333333,7255.06076515199,6536.61327208117,1211.28828055728,2295.24941336032,543.975477608131,857.861577799197,0,0,0,0,0,0,0,0,0,0,0,0,1.91937261070007,3.71846720769354,0.989853063555001,1.5671617372857,0,0,0,0,0,0,0,0,0,0,2425.07250848589,2196.12637539944,310.777077798816,599.052709142574,135.075029249349,220.154895430005,0,0,93.1751638774435,84.3786873206433,11.975348227823,23.0861326145532,5.20467747068589,8.48290397169673,0,0,27222.4503891702,24629.6446830088,4114.4255672159,7834.81359603883,1985.11926455479,3139.51095206869,0,0,1045.89926088498,946.311598269345,159.672571115387,304.439962925183,77.6700916126561,122.986236389138,0,0,0,0,6.83176696376867,13.2933600537619,3.5967546189392,5.71239846323102,0,0,0,0,0,0,0,0,0,0,136.642785350595,132.159309320413,67.2427455626157,137.026340165316,55.3361155358627,96.3491473455019,0,0,5.25000491490472,5.07777330510288,2.57179029069726,5.2380657331433,2.10653125193839,3.6666182088365,0,0,533.91082645941,502.171790822729,273.819948422596,582.655823795498,268.33105028102,469.074053208961,0,0,20.5135263929436,19.294250975475,10.480930992605,22.2915103626585,10.2296661655421,17.8758275892914,0,0,0,0,34.1286258166297,73.9078736046613,29.569380580466,49.8940840247169,0,0,0,0,0,0,0,0,0,0,127.237427434578,66.1603310048282,123.162530371344,108.851266632426
"81",1996,2268,6.66666666666667,7235.73525282422,6509.30369550487,1218.31287796874,2309.20454621724,549.887182494491,868.273720765102,0,0,0,0,0,0,0,0,0,0,0,0,1.93266692590794,3.74530382341091,1.00102198235319,1.58682886777356,0,0,0,0,0,0,0,0,0,0,2433.93869899396,2200.64222192653,314.748386837901,607.127745682674,137.863378364357,225.139111762892,0,0,93.5158170953028,84.5521933658167,12.128419417996,23.3974112353091,5.31210856389919,8.67493590685436,0,0,27145.3958241159,24519.4363125642,4137.09043541566,7881.23455508354,2010.65140419482,3184.80034570012,0,0,1042.93896205812,942.077203642529,160.561468403254,306.265991448046,78.6749816101793,124.771425665795,0,0,0,0,6.87936112857308,13.3919660307874,3.64535947586321,5.79860272222683,0,0,0,0,0,0,0,0,0,0,136.837583004949,132.184360423339,68.0090937697366,138.70178963263,56.3745781781759,98.3687701503517,0,0,5.25748960505306,5.07873579581897,2.60111741223725,5.30213499951409,2.14611556080924,3.74356711430628,0,0,530.639808055385,498.556212184278,276.279592284731,588.615882077568,272.511046817812,477.564357369063,0,0,20.3878511570391,19.1553345458733,10.5749672018863,22.5192188713095,10.388966004098,18.199239824208,0,0,0,0,34.5446243003034,74.8873451638576,30.0795328197019,50.8529598887253,0,0,0,0,0,0,0,0,0,0,128.901356452331,66.8108294269288,126.207968198901,111.1514180701
"82",1996,2268,6.75,7216.44097735393,6482.1768286791,1225.1079911599,2322.74108815499,555.772676875885,878.660997501259,0,0,0,0,0,0,0,0,0,0,0,0,1.94563908364818,3.77154235133798,1.01215610516166,1.60647123306589,0,0,0,0,0,0,0,0,0,0,2442.96889567675,2205.29312671086,318.73652223818,615.247285688285,140.694783805846,230.211395634983,0,0,93.8627716926685,84.7308885652149,12.2821395617752,23.7104063160842,5.42119852482654,8.8703607885278,0,0,27068.8433137569,24410.0663327556,4159.17919960128,7926.60014176835,2036.17911516281,3230.19728873829,0,0,1039.99795148039,937.875021425224,161.428124138751,308.051330946702,79.6798797868169,126.56119377459,0,0,0,0,6.92603447901353,13.4888921124285,3.69403306991637,5.88514055659073,0,0,0,0,0,0,0,0,0,0,137.043475809003,132.216476960915,68.775857234279,140.377546254825,57.4272318057796,100.416832497362,0,0,5.2654005867471,5.07996975189921,2.630461974898,5.36621928006946,2.18624341720365,3.82160487030803,0,0,527.386597260831,494.965012379587,278.718268565244,594.539849045938,276.720046661832,486.135829400168,0,0,20.2628600995178,19.0173547911157,10.6682027278943,22.7455492762382,10.549375355124,18.5257513631326,0,0,0,0,34.9588770709233,75.8649731103935,30.5935927574989,51.8214024353406,0,0,0,0,0,0,0,0,0,0,130.567723780488,67.4614685398012,129.300953452883,113.490389558549
"83",1996,2268,6.83333333333333,7197.17572108606,6455.22952443763,1231.67733567968,2335.86459597988,561.629131225045,889.019032074446,0,0,0,0,0,0,0,0,0,0,0,0,1.95828035868386,3.79716598177802,1.02325014101726,1.62608069633699,0,0,0,0,0,0,0,0,0,0,2452.16118928222,2210.07706398618,322.741527960695,623.411280283378,143.569402428945,235.372387090828,0,0,94.2159543130238,84.9146950856578,12.4365103218652,24.0251159310896,5.53195339702467,9.0692032852418,0,0,26992.7920079943,24301.530649112,4180.70311548525,7970.92808808305,2061.69642459578,3275.69310929298,0,0,1037.07619649758,933.704894300583,162.272965175353,309.796650243315,80.6845519612484,128.355201378514,0,0,0,0,6.97179287571029,13.5841443767418,3.7427645659645,5.97199701482223,0,0,0,0,0,0,0,0,0,0,137.260098887672,132.255627642322,69.5431333085518,142.054270975048,58.4940003207201,102.493907112085,0,0,5.2737238409486,5.08147397110298,2.65982778463629,5.43034401770378,2.22691201427404,3.90075347437442,0,0,524.151768000695,491.398396262662,281.135599838568,600.426151012759,280.957412712122,494.787079864125,0,0,20.1385752713235,18.8803195820203,10.760623357244,22.9704419533649,10.7108702460835,18.8553099673366,0,0,0,0,35.3712414874991,76.8404466512538,31.1114594652642,52.7992769982398,0,0,0,0,0,0,0,0,0,0,132.236662182698,68.11228304231,132.441941975822,115.868553136846
"84",1996,2268,6.91666666666667,7177.93727223841,6428.45865194251,1238.02455369304,2348.58053702338,567.453785778597,899.343520910072,0,0,0,0,0,0,0,0,0,0,0,0,1.97058448819904,3.82216215831427,1.03429880364545,1.6456490941015,0,0,0,0,0,0,0,0,0,0,2461.51383274972,2214.99215527315,326.76346484459,631.619706697599,146.487400111479,240.622737835883,0,0,94.5752978315054,85.1035407529662,12.5915340120266,24.3415391605757,5.64437957035855,9.27148851226869,0,0,26917.2409301053,24193.8250781525,4201.67323106929,8014.23585368554,2087.19753572921,3321.27933144783,0,0,1034.17365959033,929.566661531849,163.096410609841,311.502608050205,81.6887706146872,130.153116455844,0,0,0,0,7.01664424243491,13.6777326989519,3.79154344964659,6.0591574971243,0,0,0,0,0,0,0,0,0,0,137.487115076525,132.301776000549,70.3110088152739,143.732521633886,59.5748237876961,104.60050222952,0,0,5.28244641330309,5.08324705231178,2.6892182384263,5.49453070338132,2.26811916203592,3.98103247352013,0,0,520.935846987206,487.856556580634,283.53123190181,606.273343079394,285.222470051746,503.516737696066,0,0,20.01501690942,18.7442363242404,10.8522157689987,23.1938422117767,10.873425268998,19.1878641085781,0,0,0,0,35.7815787765088,77.8134607109363,31.6330295684792,53.7864440558329,0,0,0,0,0,0,0,0,0,0,133.908300153354,68.7633074661028,135.631389214251,118.286292395329
"85",1997,2268,7,7159.14806365584,6402.15019554922,1244.32911292289,2361.24238449238,573.164214292673,909.53525428514,0,0,0,0,0,0,0,0,0,0,0,0,1.98241706855076,3.84633503015233,1.0451506923879,1.6649933517164,0,0,0,0,0,0,0,0,0,0,2471.03580246081,2220.06326153204,330.766031959064,639.822461128216,149.427528939128,245.936408260246,0,0,94.9411471350467,85.2983807649902,12.7458132449214,24.6577469396988,5.75765838603102,9.47621322843022,0,0,26842.5235050453,24087.3678706432,4221.80444537629,8056.1877697139,2112.38161298021,3366.59432227104,0,0,1031.30315155333,925.476392992289,163.887384206021,313.156105454571,82.6807597874992,131.940765846592,0,0,0,0,7.06010340183533,13.7689475690224,3.83982248495259,6.14596194677485,0,0,0,0,0,0,0,0,0,0,137.696074005835,132.334301498872,71.0551843219069,145.376391890422,60.6279828711432,106.681914772176,0,0,5.29047520263044,5.08449672129777,2.71770486125795,5.55740856092771,2.30827658347826,4.06036005438782,0,0,517.738203183415,484.344084381989,285.878670141943,612.038484519182,289.473586288177,512.269129000596,0,0,19.8921607685512,18.6092814132666,10.9419652728917,23.4141064063389,11.0354536533948,19.5212929652752,0,0,0,0,36.1872243866605,78.7795808019249,32.1537017406538,54.7770071389545,0,0,0,0,0,0,0,0,0,0,135.622153765913,69.4430372447894,138.946197470304,120.851995619004
"86",1997,2268,7.08333333333333,7141.89971804118,6377.05024417327,1251.0384385149,2374.73511360242,578.56512543646,919.361823736252,0,0,0,0,0,0,0,0,0,0,0,0,1.99364284956452,3.86956054771724,1.05543032053724,1.68366096564066,0,0,0,0,0,0,0,0,0,0,2480.66107205231,2225.27159012457,334.64457550565,647.865245271074,152.322103947695,251.224265022688,0,0,95.3109653851875,85.4984930785142,12.8953197253208,24.9677998665794,5.8691832418134,9.67994532032528,0,0,26769.5424012151,23983.2674948724,4240.38627768839,8095.94802381511,2136.49291910096,3410.73121937014,0,0,1028.49935445464,921.4766778346,164.618285347276,314.724536985107,83.6309302104291,133.682596660809,0,0,0,0,7.1009090255902,13.8560002174583,3.88621382978277,6.2307320088838,0,0,0,0,0,0,0,0,0,0,137.823246128511,132.306804836866,71.7218566948914,146.905000227371,61.562371854469,108.615638157098,0,0,5.29536163455568,5.08344024222017,2.74323131619399,5.6158888940095,2.34391541630625,4.13407333362967,0,0,514.558996357181,480.875344587838,288.108223804263,617.613097283232,293.594656955055,520.891048486737,0,0,19.7700129867931,18.4760067725645,11.0272033078082,23.62708278157,11.1925303695935,19.8497600753725,0,0,0,0,36.5815956867747,79.7279930986759,32.6617775670576,55.75595177703,0,0,0,0,0,0,0,0,0,0,137.476911122844,70.2230240710591,142.577710784437,123.840281596801
"87",1997,2268,7.16666666666667,7124.70439560858,6352.14626720354,1257.53585090458,2387.837462167,583.939927092835,929.160522311789,0,0,0,0,0,0,0,0,0,0,0,0,2.00480397894514,3.89264825985485,1.06565186481266,1.70226567292408,0,0,0,0,0,0,0,0,0,0,2490.31159742679,2230.48558829565,338.522228304091,655.913301333931,155.240322224401,256.570601541452,0,0,95.6817540028984,85.6988232263127,13.0447931377215,25.2780598506141,5.98162059449061,9.88593303811843,0,0,26697.1435055802,23880.0495375545,4258.4858961893,8134.79630166944,2160.56200731749,3454.92101108856,0,0,1025.71792516187,917.510866705148,165.33052221404,316.257728256456,84.579613253198,135.426846014563,0,0,0,0,7.14080994629347,13.9414645069348,3.93258352197103,6.31570466691854,0,0,0,0,0,0,0,0,0,0,137.971028170049,132.294304534606,72.399752787984,148.450473136463,62.5297422751153,110.601947914602,0,0,5.30103992755177,5.08295994744713,2.76918788200732,5.67501608324551,2.38081293329922,4.2097943853977,0,0,511.403640526712,477.436229248538,290.310673155745,623.142141029783,297.723902693595,529.565742817396,0,0,19.6487815775128,18.3438703519402,11.1114079851558,23.8383232922093,11.3499252031809,20.1802494528058,0,0,0,0,36.9734242979738,80.6729137497856,33.1728199321219,56.7431530195458,0,0,0,0,0,0,0,0,0,0,139.333521759097,71.0028937076406,146.256569397862,126.872674567909
"88",1997,2268,7.25,7107.55530377799,6327.43098640216,1263.82424441972,2400.55354231506,589.285720623297,938.926796973861,0,0,0,0,0,0,0,0,0,0,0,0,2.01585361927664,3.91551406383703,1.07581614205929,1.72080764567125,0,0,0,0,0,0,0,0,0,0,2500.00749821953,2235.72373059112,342.402625798163,663.97397653143,158.185063868672,261.980472259363,0,0,96.054286016742,85.9000810299806,13.1943730860089,25.5888089384546,6.09508096144535,10.0943703967979,0,0,26625.3108103557,23777.6960848954,4276.11132806621,8172.74491874291,2184.58307985765,3499.15454053777,0,0,1022.95824864981,913.578271326123,166.024398791928,317.756141455912,85.5265806806599,137.173154301031,0,0,0,0,7.17983042806993,14.025360454454,3.97892093407244,6.40086469268878,0,0,0,0,0,0,0,0,0,0,138.137636999587,132.295577725106,73.0866217055864,150.00971700752,63.5255787287358,112.635797596543,0,0,5.30744157122158,5.08300885246547,2.79548861731938,5.73467206982473,2.41879709528881,4.28733092972642,0,0,508.271943484179,474.026122992488,292.486925287403,628.625606018476,301.86335024365,538.294829321522,0,0,19.5284591559196,18.2128485078175,11.1946140106186,24.0478277228587,11.5077154532266,20.5128230852905,0,0,0,0,37.3625797802638,81.6140548714764,33.6867076918579,57.7384356229845,0,0,0,0,0,0,0,0,0,0,141.19225065786,71.7827307896684,149.984051971744,129.950077565786
"89",1997,2268,7.33333333333333,7090.44654980503,6302.89795979779,1269.90656723256,2412.88761695022,594.599735946258,948.656260816603,0,0,0,0,0,0,0,0,0,0,0,0,2.02675345747556,3.93808857122152,1.08592266321475,1.73928525876214,0,0,0,0,0,0,0,0,0,0,2509.76493766733,2241.00081921579,346.28866456063,672.053129052374,161.158706127291,267.458101344703,0,0,96.4291824441237,86.1028352138985,13.3441708245735,25.9002720525878,6.2096555813815,10.3054195769219,0,0,26554.0309679718,23676.1917149655,4293.27080190329,8209.80669946658,2208.55071391765,3543.42317962713,0,0,1020.21981210061,909.678299161251,166.700227075203,319.220258818017,86.4716186755181,138.921182183926,0,0,0,0,7.21799369822109,14.1077099334594,4.02521662547537,6.48619833776157,0,0,0,0,0,0,0,0,0,0,138.321527594828,132.309574265983,73.7807090188205,151.580350079294,64.5462980300265,114.713201540481,0,0,5.31450720364865,5.08354660911817,2.82206656200693,5.79476602008552,2.45773143414355,4.36653119925681,0,0,505.163845968169,470.644583934194,294.637654721163,634.063290574569,306.014409006189,547.079276424891,0,0,19.4090434451646,18.0829242622382,11.2768472204231,24.2555885560509,11.6659549012728,20.8475182327356,0,0,0,0,37.7489403155775,82.5511409130912,34.2033198418012,58.741623502656,0,0,0,0,0,0,0,0,0,0,143.053340685041,72.5626133456899,153.76125768226,133.073301506101
"90",1997,2268,7.41666666666667,7073.37297984854,6278.54143258084,1275.78580120193,2424.84406047264,599.879320349002,958.34467693085,0,0,0,0,0,0,0,0,0,0,0,0,2.03747239283528,3.96031490890044,1.09596993101975,1.75769548667352,0,0,0,0,0,0,0,0,0,0,2519.59685583494,2246.32866763674,350.182638728818,680.155399022252,164.163205857487,273.007020621814,0,0,96.8069404630247,86.3075396703628,13.4942744908695,26.2126273825522,6.32541957432905,10.5192162108341,0,0,26483.2927994286,23575.5230401484,4309.97267885124,8245.99484175062,2232.45982142444,3587.71876778614,0,0,1017.50218601438,905.8104358359,167.358324404629,320.650577386173,87.4145262861881,140.670608231186,0,0,0,0,7.25532198571239,14.1885361571269,4.0714621225821,6.57169305352166,0,0,0,0,0,0,0,0,0,0,138.521359337292,132.335390514586,74.480656114338,153.160554617795,65.5890718470595,116.831035317919,0,0,5.32218531640932,5.08453849800282,2.84886988629781,5.85522866675721,2.49750828070828,4.44727631216529,0,0,502.079385189784,467.291303899305,296.763356866452,639.454858806844,310.17799311343,555.919529723961,0,0,19.2905358749745,17.9540857746426,11.3581266229512,24.4615931769403,11.8246784682859,21.1843522427637,0,0,0,0,38.1323920535288,83.4839079969103,34.7225354710094,59.7525395447767,0,0,0,0,0,0,0,0,0,0,144.917015310807,73.3426136563316,157.589141697643,136.243083988682
"91",1997,2268,7.5,7056.33004363915,6254.35621192596,1281.46494515726,2436.42732580869,605.121928437661,967.987944116853,0,0,0,0,0,0,0,0,0,0,0,0,2.0479853782362,3.98214676635226,1.10595568779169,1.77603423546902,0,0,0,0,0,0,0,0,0,0,2529.51358634667,2251.71667467802,354.08635596214,688.284439367652,167.200171165056,278.630189184181,0,0,97.1879571078158,86.5145555172241,13.6447535528782,26.5260152388695,6.44243468699207,10.7358739671138,0,0,26413.0868803056,23475.6783223471,4326.22539551289,8281.32280338238,2256.30561309881,3632.03355772757,0,0,1014.80500830341,901.97423035268,167.999011256295,322.047604617065,88.3551140413878,142.421126822003,0,0,0,0,7.29183657320834,14.267863260108,4.11764973621292,6.65733725968505,0,0,0,0,0,0,0,0,0,0,138.735966318287,132.372246510331,75.1854166242847,154.748954524539,66.6516769874496,118.986866695627,0,0,5.33043111368325,5.08595455178025,2.8758586937646,5.91600762432631,2.53804304914171,4.52947381217254,0,0,499.018665700385,463.96607601839,298.8643914116,644.799885861823,314.354623587367,564.815617534466,0,0,19.1729404623569,17.8263250967702,11.4384660553638,24.6658256007538,11.9839061110759,21.5233265809264,0,0,0,0,38.512828492889,84.4121032646761,35.2442337292364,60.7710054620826,0,0,0,0,0,0,0,0,0,0,146.783481065548,74.1227990190711,161.46854485885,139.460105000009
"92",1997,2268,7.58333333333333,7039.31366918431,6230.33755136746,1286.94699931485,2447.6419134952,610.32511246337,977.582083224195,0,0,0,0,0,0,0,0,0,0,0,0,2.05827231681487,4.0035465305561,1.11587714326383,1.79429664906523,0,0,0,0,0,0,0,0,0,0,2539.52342784359,2257.17235536099,358.001246391329,696.443133226952,170.270929997337,284.330108060542,0,0,97.5725512255587,86.7241714936204,13.7956629879558,26.8405463913179,6.56075192154554,10.9554889456608,0,0,26343.4051568064,23376.6471168673,4342.03741084047,8315.80419576694,2280.08356371304,3676.36016317162,0,0,1012.12796954028,898.169281408857,168.622609184628,323.411854267578,89.2932026112114,144.172446130094,0,0,0,0,7.32755785449135,14.3457159172086,4.163772393482,6.74312013108962,0,0,0,0,0,0,0,0,0,0,138.964328980892,132.419464360409,75.8941792721735,156.344502521344,67.7323561167277,121.178797905079,0,0,5.33920542269567,5.08776872471899,2.90300206993055,5.9770630712534,2.57926891978077,4.61305164105537,0,0,495.981833439544,460.668765458251,300.9410216997,650.097897857379,318.544522509646,573.767247850861,0,0,19.0562628144948,17.6996370481096,11.5178756865768,24.8682679964105,12.1436464135055,21.8644305322275,0,0,0,0,38.8901498693524,85.3354842161877,35.7682937994101,61.7968416621291,0,0,0,0,0,0,0,0,0,0,148.652929918658,74.9032324830924,165.400221121001,142.725001414893
"93",1997,2268,7.66666666666667,7022.32018262183,6206.48107671905,1292.23495573227,2458.49235244389,615.486515906901,987.123228353122,0,0,0,0,0,0,0,0,0,0,0,0,2.06831728923863,4.02448396830942,1.12573111759925,1.81247730358455,0,0,0,0,0,0,0,0,0,0,2549.63301077652,2262.70168195047,361.928432213508,704.633733202635,173.376575119809,290.108894721959,0,0,97.960977568776,86.9366170635174,13.9470459524574,27.156307409956,6.68041325937669,11.1781425335379,0,0,26274.2406988746,23278.420043246,4357.41717303394,8349.45271674406,2303.78938859379,3720.69152410712,0,0,1009.47080347242,894.395228591217,169.229439538589,324.743843792463,90.2286219029043,145.924286785397,0,0,0,0,7.36250539445231,14.4221191192351,4.20982353446052,6.82903146835685,0,0,0,0,0,0,0,0,0,0,139.205554460067,132.476453553898,76.6063201308114,157.946410779943,68.8297283488147,123.40536373512,0,0,5.348473938355,5.08995832843977,2.93027625646037,6.03836509577008,2.62113342667151,4.69795424543813,0,0,492.969060516621,457.399291460461,302.993438233631,655.348394263081,322.747673030347,582.773870763122,0,0,18.9405095440384,17.5740185257897,11.5963629136618,25.0689015387818,12.3038988738016,22.2076435822317,0,0,0,0,39.2642627084969,86.2538182241205,36.2945949005059,62.8298671941328,0,0,0,0,0,0,0,0,0,0,150.525540986843,75.6839733659591,169.384854857361,146.03837611906
"94",1997,2268,7.75,7005.34624268175,6182.78272555655,1297.33179062864,2468.98318426723,620.603867984804,996.60761944963,0,0,0,0,0,0,0,0,0,0,0,0,2.07810789033027,4.04493508954598,1.13551415638207,1.83057036464935,0,0,0,0,0,0,0,0,0,0,2559.84759811931,2268.30936328907,365.868785068774,712.857976483012,176.518002018075,295.96834568967,0,0,98.35343834934,87.1520731481783,14.0989359828272,27.4733650808693,6.80145311377249,11.4039038048462,0,0,26205.5874974608,23180.9885972505,4372.37309279503,8382.2820956795,2327.41902338414,3765.02087715907,0,0,1006.83327923297,890.651745152743,169.819822423251,326.044092215987,91.1612102826554,147.676380733354,0,0,0,0,7.39669798892268,14.4970979986023,4.2557970296514,6.9150615953312,0,0,0,0,0,0,0,0,0,0,139.458859637117,132.542698450662,77.3213641734155,159.554095320628,69.9427159473125,125.665447707115,0,0,5.3582065721801,5.09250355121919,2.95766318097415,6.09989156889166,2.66359566035114,4.78413937489235,0,0,489.980533630068,454.157613191825,305.021777097522,660.550864475969,326.963868132284,591.834729191393,0,0,18.825687824162,17.4494679609315,11.6739330639731,25.2677070389595,12.4646557626697,22.5529373516166,0,0,0,0,39.6350794245031,87.1668820911612,36.8230162992701,63.869899719117,0,0,0,0,0,0,0,0,0,0,152.401482035348,76.465077702443,173.423074901623,149.400805393447
"95",1997,2268,7.83333333333333,6988.38877592949,6159.23868761898,1302.24045662067,2479.11894739723,625.674978034565,1006.03159472465,0,0,0,0,0,0,0,0,0,0,0,0,2.08763458611944,4.06488104649981,1.14522264358271,1.84856974160984,0,0,0,0,0,0,0,0,0,0,2570.17138245469,2273.99911993475,369.822983711276,721.117200752753,179.69594736211,301.910000516316,0,0,98.7500946529838,87.3706826973892,14.251359208007,27.791770852248,6.92389980425933,11.6328319734139,0,0,26137.4402641509,23084.344965629,4386.91351655922,8414.30603836612,2350.9686034617,3809.3417253341,0,0,1004.21519364231,886.93853089505,170.394075660203,327.313117995653,92.0908137840294,149.428470070002,0,0,0,0,7.43015371898773,14.5706776521051,4.30168709728378,7.0012012553865,0,0,0,0,0,0,0,0,0,0,139.723554415278,132.617745929885,78.0389466641714,161.167120127975,71.070471780815,127.958199137383,0,0,5.36837680972354,5.0953869834264,2.98514898059904,6.16162600641731,2.70662349920776,4.87157491367211,0,0,487.016442737995,450.94371592971,307.026138439425,665.704804365496,331.192758503936,600.948908098979,0,0,18.7118049532749,17.3259847878663,11.7505900997466,25.4646655735582,12.6259039475418,22.9002774728098,0,0,0,0,40.0025179164081,88.0744615942452,37.3534373192389,64.9167554755649,0,0,0,0,0,0,0,0,0,0,154.280910956965,77.246598687335,177.515468476609,152.81284622912
"96",1997,2268,7.91666666666667,6971.4449346781,6135.8453658868,1306.9638782149,2488.90416747531,630.697731613087,1015.39158568423,0,0,0,0,0,0,0,0,0,0,0,0,2.09689023696642,4.08430730743978,1.15485287124108,1.86646918467833,0,0,0,0,0,0,0,0,0,0,2580.60768045859,2279.77386482974,373.791551005312,729.412418901694,182.91101471682,307.935183823859,0,0,99.1510739117006,87.5925576310491,14.4043357689465,28.1115637003986,7.04777654213577,11.8649780043428,0,0,26069.7942995412,22988.4819040628,4401.04671029664,8445.53819254276,2374.43444928109,3853.64781714775,0,0,1001.61636615096,883.255307479101,170.952514156456,328.551437683023,93.0172855456506,151.180306240436,0,0,0,0,7.46289000772167,14.6428830450768,4.34748825393401,7.087441551346,0,0,0,0,0,0,0,0,0,0,139.999029342983,132.701196502329,78.7587896094249,162.785163574973,72.2123322633777,130.282978856106,0,0,5.37896123503924,5.09859327604186,3.01272310191095,6.22355628520652,2.7501918142067,4.96023680816192,0,0,484.076975015661,447.757602780174,309.006596984076,670.809724194479,335.43388327858,610.115366676224,0,0,18.5988681228626,17.2035691259323,11.8263370180727,25.6597587841117,12.7876260627696,23.2496248155018,0,0,0,0,40.3665012482472,88.9763511219277,37.8857373714827,65.9702492968665,0,0,0,0,0,0,0,0,0,0,156.163976916836,78.0285870090857,181.662589959747,156.275040898293
"97",1998,2268,8,6955.0363858904,6112.91800199903,1311.70644751635,2499.00337263196,635.508677915382,1024.60504104129,0,0,0,0,0,0,0,0,0,0,0,0,2.10563834245298,4.103120997353,1.16410174961721,1.88411135400681,0,0,0,0,0,0,0,0,0,0,2591.25456587746,2285.83388083571,377.5944821646,737.530176671328,186.112511800953,314.014575406624,0,0,99.5601442756657,87.8253931369899,14.5509434944547,28.4245381002702,7.17113041791949,12.0992126775815,0,0,26003.9123021279,22895.4383469856,4413.25651466633,8474.4519470285,2397.19333538705,3897.61813885741,0,0,999.085310588047,879.680414133007,171.436638595366,329.70022004364,93.9162086440393,152.919294078266,0,0,0,0,7.49383537155532,14.7129919833944,4.39206403875417,7.17319691363882,0,0,0,0,0,0,0,0,0,0,140.228681641818,132.780791107648,79.4274021103396,164.38024532457,73.2789243075608,132.588925014264,0,0,5.38778508989784,5.10165141630774,3.03834017888232,6.28461464940078,2.79089688822649,5.04818882596531,0,0,481.181205046569,444.644817584971,310.89023702658,675.791168198316,339.595647190678,619.282592558788,0,0,18.4876102030822,17.0839708429705,11.8983788007791,25.8501310573727,12.9463306261668,23.5990170249159,0,0,0,0,40.7217098460374,89.8687629927342,38.4099175093171,67.0248431959615,0,0,0,0,0,0,0,0,0,0,158.124558091903,78.8329450129554,186.028417140908,159.885954617986
"98",1998,2268,8.08333333333333,6938.80482844497,6090.23724618971,1316.33320737722,2508.96261682405,640.223393598037,1033.73241170364,0,0,0,0,0,0,0,0,0,0,0,0,2.11414440111379,4.12159676708844,1.17317394074808,1.90159704381983,0,0,0,0,0,0,0,0,0,0,2601.99547726929,2291.99395437909,381.356229478586,745.613227604213,189.325760238137,320.154779583523,0,0,99.9728272678753,88.0620730135269,14.6959665728706,28.7361794862805,7.29493774425402,12.3357914629934,0,0,25938.9322423662,22803.7885197258,4424.65208623134,8502.18496923529,2419.65746217205,3941.45471347587,0,0,996.588907142091,876.159070237384,171.88921740101,330.803273279657,94.8037294078222,154.653358963789,0,0,0,0,7.52343938172493,14.7811401245815,4.43617383056236,7.25884170718962,0,0,0,0,0,0,0,0,0,0,140.457544443848,132.866726629693,80.0846348736161,165.967690534369,74.3437328299489,134.916246456618,0,0,5.39657861037838,5.10495318485646,3.06352306442319,6.34538408555643,2.83153724076276,5.13696178813208,0,0,478.314987195717,441.574980705752,312.72445716386,680.704719602516,343.729533371791,628.481537401576,0,0,18.3774876998704,16.9660227042868,11.9685332736693,26.0379151976936,13.1039807801207,23.949634196131,0,0,0,0,41.0716296529269,90.7539906302266,38.9325224370585,68.0839891711936,0,0,0,0,0,0,0,0,0,0,160.11086823272,79.644478036002,190.497498133576,163.578393590597
"99",1998,2268,8.16666666666667,6922.58760492749,6067.70241922364,1320.7852849623,2518.58395469798,644.889790225059,1042.79539747161,0,0,0,0,0,0,0,0,0,0,0,0,2.1224726727281,4.13974508204746,1.18215960828532,1.91896998139994,0,0,0,0,0,0,0,0,0,0,2612.80320298786,2298.19522463631,385.132643625968,753.728531060923,192.56654222671,326.366152745969,0,0,100.388077373365,88.3003357336899,14.8415527233683,29.0490617652362,7.41980639849577,12.5751130186038,0,0,25874.4624478416,22712.8986561923,4435.71072351404,8529.22514485342,2442.01084739985,3985.2462864633,0,0,994.112107468162,872.666925451941,172.328659788205,331.879385688073,95.6870534493024,156.385978768951,0,0,0,0,7.55207550992417,14.8476084391695,4.48014886153072,7.34453460909116,0,0,0,0,0,0,0,0,0,0,140.702333667274,132.962265466846,80.7464820078799,167.555884228552,75.432260633861,137.278974089946,0,0,5.40598404553209,5.10862392826405,3.08888347745631,6.4061847955032,2.87308413211907,5.22708988836308,0,0,475.472757303963,438.53417178135,314.531556499775,685.571985662352,347.863282334653,637.726688055845,0,0,18.2682868309986,16.849189867156,12.0376552729662,26.2239403554595,13.2616341744948,24.302028900648,0,0,0,0,41.4177321831122,91.6328690403312,39.4564199285219,69.1491239988191,0,0,0,0,0,0,0,0,0,0,162.100531861688,80.4565658140226,195.02067981172,167.323130232806
"100",1998,2268,8.25,6906.38126689694,6045.30946254941,1325.06529368367,2527.87146825611,649.505922452107,1051.79055474386,0,0,0,0,0,0,0,0,0,0,0,0,2.13060530992013,4.15752705363672,1.19105724321799,1.93622708656868,0,0,0,0,0,0,0,0,0,0,2623.68546184544,2304.44481923461,388.924412657467,761.877999062328,195.836225106887,332.651407624449,0,0,100.806191161247,88.5404551523161,14.98772859182,29.363258637595,7.54578885766026,12.8172815273108,0,0,25810.4950964631,22622.7588977708,4446.43915442848,8555.58393386987,2464.25066762592,4028.98724108962,0,0,991.654611039549,869.20360099219,172.755222887253,332.928991506194,96.5660664855722,158.11692861964,0,0,0,0,7.57982240845832,14.9124989160552,4.52397974087446,7.43026233428116,0,0,0,0,0,0,0,0,0,0,140.961835658801,133.066779499148,81.4123678523373,169.145281690847,76.5416638665273,139.675324585936,0,0,5.41595476511003,5.11263951315259,3.11439963995055,6.46703457629316,2.91542928601997,5.31850530464509,0,0,472.654849656523,435.522193446132,316.312017794823,690.391584638764,351.997993228441,647.017232419415,0,0,18.1600204401762,16.7334647484692,12.1057632488948,26.4081538041835,13.4193328099539,24.6561706844432,0,0,0,0,41.7599168497994,92.5051648655013,39.9814848398157,70.2200493734514,0,0,0,0,0,0,0,0,0,0,164.093765708725,81.2692650768672,199.59887477144,171.120720624166
"101",1998,2268,8.33333333333333,6890.18270739938,6023.05463230361,1329.17584111088,2536.82926585416,654.069929078977,1060.7145499205,0,0,0,0,0,0,0,0,0,0,0,0,2.13852825785472,4.17491145574633,1.19986488538286,1.95336454885902,0,0,0,0,0,0,0,0,0,0,2634.64850274594,2310.74850710784,392.731993845755,770.062988744087,199.135939104128,339.012818622281,0,0,101.227408724403,88.7826529210698,15.1345119439875,29.6788224805178,7.67292851063404,13.0623843648723,0,0,25747.0233653607,22533.3603301775,4456.84408568283,8581.27285580723,2486.37430970612,4072.67227247455,0,0,989.216155720347,865.768754356381,173.169163173627,333.952527585467,97.4406623607335,159.845995603721,0,0,0,0,7.60674696485284,14.9758997332644,4.56765902901861,7.51601374579038,0,0,0,0,0,0,0,0,0,0,141.234984542071,133.179724381092,82.081843292993,170.73631406713,77.6696997005983,142.103963329809,0,0,5.42644981666547,5.1169790248929,3.14005457362385,6.52795025172737,2.95848734950301,5.41115736405469,0,0,469.861581558565,432.53888724174,318.066273265338,695.162365583047,356.134333400298,656.352126728516,0,0,18.0527007187066,16.6188412599983,12.172873754685,26.5905116953744,13.5771022421262,25.0120202672416,0,0,0,0,42.0980985343928,93.3706667558022,40.5075920526344,71.2965658343462,0,0,0,0,0,0,0,0,0,0,166.090769989613,82.0826288864602,204.232888138507,174.971699754495
"102",1998,2268,8.41666666666667,6873.98908127781,6000.93442669195,1333.11952051377,2545.46146372204,658.580023375574,1069.56414623119,0,0,0,0,0,0,0,0,0,0,0,0,2.14623040191293,4.19187304947819,1.20858028737398,1.97037807821141,0,0,0,0,0,0,0,0,0,0,2645.69747393112,2317.11103832902,396.555683619265,778.284458783921,202.466628744078,345.452322255596,0,0,101.651927866512,89.0271115453519,15.2819143518086,29.9957903525527,7.80126162732891,13.3104959487681,0,0,25684.0411818216,22444.6947540129,4466.93217572359,8606.30342674796,2508.37933860988,4116.29633719334,0,0,986.796508196236,862.362070509781,173.57073540957,334.950430936405,98.3107418046542,161.572976831071,0,0,0,0,7.63290692199839,15.0378882102263,4.61118066213952,7.60177922771557,0,0,0,0,0,0,0,0,0,0,141.5208350801,133.300622579135,82.7545478957791,172.329375974248,78.8145659505568,144.563876088758,0,0,5.43743288288851,5.12162411587865,3.16583466053754,6.58894720726801,3.00218977218729,5.50500763375808,0,0,467.093246608979,429.584119007333,319.794719075262,699.883365021681,360.272659332991,665.730170346809,0,0,17.9463389470595,16.5053142470651,12.2390019907348,26.7709773890475,13.7349561927088,25.3695324007539,0,0,0,0,42.4322044730691,94.2291814037741,41.0346168148167,72.3784731030931,0,0,0,0,0,0,0,0,0,0,168.091731185505,82.896707301093,208.923446844813,178.876589261384
"103",1998,2268,8.5,6857.79777908687,5978.94556207373,1336.89890681109,2553.77217844603,663.03449169864,1078.33620199431,0,0,0,0,0,0,0,0,0,0,0,0,2.15370323628231,4.20839193152518,1.21720097733509,1.98726300154336,0,0,0,0,0,0,0,0,0,0,2656.83655161956,2323.53626353438,400.395641421408,786.543023049947,205.829070233285,351.971550626047,0,0,102.079909044573,89.2739789727644,15.4299421099388,30.3141860529216,7.93081802394409,13.5616790202687,0,0,25621.5431361535,22356.7546047403,4476.71002155237,8630.68713160365,2530.26348879037,4159.85463984127,0,0,984.395460626617,858.983258810133,173.9601921337,335.92313765787,99.1762121024114,163.297678916836,0,0,0,0,7.65835187745246,15.098531943404,4.65453975003139,7.68755046606691,0,0,0,0,0,0,0,0,0,0,141.818552855664,133.429057208255,83.4301975516284,173.924824234471,79.9748424498604,147.054322493625,0,0,5.44887190432219,5.12655876871698,3.19172917392756,6.65003934514106,3.04648256924575,5.60002814171848,0,0,464.350112395539,426.657773727323,321.497719752583,704.553789378205,364.41306137064,675.150033576813,0,0,17.8409454063179,16.3928792905832,12.3041619692859,26.94952077551,13.892898254269,25.7286569308998,0,0,0,0,42.7621731477368,95.0805322241095,41.5624349291675,73.4655702420333,0,0,0,0,0,0,0,0,0,0,170.096823041656,83.7115476127917,213.671210079729,182.835900052428
"104",1998,2268,8.58333333333333,6841.60638615086,5957.08493566079,1340.51655187699,2561.7655169786,667.431688922353,1087.02766458912,0,0,0,0,0,0,0,0,0,0,0,0,2.16094038247494,4.22445258328172,1.22572434537922,2.00401439611653,0,0,0,0,0,0,0,0,0,0,2668.06913395044,2330.02731265272,404.251925853983,794.839032703845,209.22389977566,358.571886071463,0,0,102.511482820526,89.5233754601773,15.5785976244624,30.634023273636,8.06162214741252,13.8159867385897,0,0,25559.5243502281,22269.5328318202,4486.18414381013,8654.43538947341,2552.0246471198,4203.34260664907,0,0,982.012825593941,855.632048363797,174.337783078071,336.87108158863,100.036986437566,165.019916966679,0,0,0,0,7.6831247504045,15.1578904766907,4.69773227945703,7.77332012572388,0,0,0,0,0,0,0,0,0,0,142.127398786908,133.564662525525,84.1085654018105,175.522974684181,81.1494052657117,149.57476821303,0,0,5.4607384844293,5.13176893097633,3.2177295536125,6.71123896749592,3.09132304794097,5.69619878253964,0,0,461.632418169462,423.759748434929,323.175615207147,709.172988826879,368.555427987969,684.610296082509,0,0,17.7365292888332,16.2815324344008,12.3683667770316,27.1261172674656,14.0509243398682,26.08934026512,0,0,0,0,43.0879525641079,95.9245571814336,42.090922956188,74.5576558519363,0,0,0,0,0,0,0,0,0,0,172.106208175578,84.5271947242362,218.476784700529,186.850136123372
"105",1998,2268,8.66666666666667,6825.41265265518,5935.34959825134,1343.97498112419,2569.44556931802,671.770035114976,1095.63556621098,0,0,0,0,0,0,0,0,0,0,0,0,2.16793721894713,4.24004313641143,1.2341477062542,2.02062718697202,0,0,0,0,0,0,0,0,0,0,2679.39798435437,2336.58672714659,408.124520902897,803.172636542873,212.651635332407,365.254502747119,0,0,102.946755369794,89.7753986546456,15.7278804207931,30.9553079164855,8.19369390877959,14.0734642742867,0,0,25497.980379942,22183.0228090726,4495.36097596577,8677.55952808043,2573.66083979783,4246.75586547436,0,0,979.648432356196,852.308184581717,174.703754745117,337.794693312001,100.892983388957,166.739513807975,0,0,0,0,7.70726290491944,15.2160165897643,4.74075490038889,7.85908161743678,0,0,0,0,0,0,0,0,0,0,142.446716929332,133.707116558572,84.7894681313404,177.124101384094,82.3373630439648,152.124835032916,0,0,5.47300742092698,5.1372422319602,3.24382888553864,6.77255675033118,3.13667737880681,5.7935054083327,0,0,458.940373880153,420.889947312034,324.828725698711,713.740436440911,372.699493114903,694.109474385111,0,0,17.6330986611403,16.1712699970294,12.4316287606566,27.3007469961699,14.2090244863468,26.4515264216936,0,0,0,0,43.4094989332063,96.7611071262128,42.6199583695564,75.6545282283147,0,0,0,0,0,0,0,0,0,0,174.120039358471,85.3436914443796,223.340736543739,190.919797218128
"106",1998,2268,8.75,6809.21447222829,5913.73673458658,1347.27669140802,2576.81640372208,676.048012966098,1104.1570207886,0,0,0,0,0,0,0,0,0,0,0,0,2.17469058655057,4.25515478393925,1.24246834254008,2.03709621538832,0,0,0,0,0,0,0,0,0,0,2690.82533581056,2343.21655668983,412.013353683445,811.543823108997,216.112693218073,372.020397543569,0,0,103.38581248701,90.0301273079167,15.8777878261147,31.2780397105247,8.3270493188333,14.3341499940664,0,0,25436.907143805,22097.2182687249,4504.24685769714,8700.07076681592,2595.17022193957,4290.09023035134,0,0,977.302124103193,849.011426645442,175.058350146872,338.694399493523,101.744126531175,168.456299397471,0,0,0,0,7.73079903721903,15.2729573322155,4.78360477884895,7.94482893768319,0,0,0,0,0,0,0,0,0,0,142.775924378335,133.856135185406,85.4727569100674,178.728439148676,83.5380104744413,154.704265395241,0,0,5.48565631782771,5.14296775524448,3.27002155829532,6.8340018437966,3.18251882049793,5.89193847300202,0,0,456.274160677585,418.048278638023,326.457355017478,718.255710424326,376.84487037197,703.646040678776,0,0,17.5306604832606,16.0620884544131,12.4939596449741,27.4733941265208,14.3671841580601,26.8151577466156,0,0,0,0,43.726775626179,97.5900444629485,43.1494196713054,76.7559854922605,0,0,0,0,0,0,0,0,0,0,176.138460601965,86.161078732257,228.263598516999,195.045380472446
"107",1998,2268,8.83333333333333,6793.00986363134,5892.24364656631,1350.42414932464,2583.88206267901,680.264165453996,1112.58922125168,0,0,0,0,0,0,0,0,0,0,0,0,2.18119853447321,4.26978127096426,1.25068354040426,2.0534162958639,0,0,0,0,0,0,0,0,0,0,2702.3529804206,2349.91844216146,415.918309509566,819.952456791608,219.607402835179,378.870417407232,0,0,103.828723027583,90.287624465186,16.0283155490233,31.6022135990149,8.46170105251904,14.5980765078544,0,0,25376.3008613986,22012.1132446333,4512.84802956319,8721.98020255674,2616.55106816245,4333.34168761424,0,0,974.9737555921,845.741545325603,175.401808594263,339.570622326027,102.590344073502,170.170110289611,0,0,0,0,7.7537619402171,15.328754917328,4.8262794741664,8.03055653498216,0,0,0,0,0,0,0,0,0,0,143.114502273216,134.011466911031,86.1583096310732,180.336185913126,84.7507887167974,157.312892385481,0,0,5.49866523980005,5.14893583798652,3.29630296882861,6.89558196582574,3.22882621021027,5.99149188490235,0,0,453.633931697223,415.23465233581,328.06179324768,722.718478623363,380.991081918949,713.218438199088,0,0,17.4292206388609,15.9539843456433,12.5553706356059,27.6440462599909,14.5253853452323,27.1801754987044,0,0,0,0,44.0397522643289,98.4112419836478,43.6791864891343,77.8618257066306,0,0,0,0,0,0,0,0,0,0,178.161608130716,86.9793959130563,233.245877445825,199.227381750635
"108",1998,2268,8.91666666666667,6776.79695632381,5870.86773996809,1353.41979007234,2590.64655996369,684.417093849712,1120.92943730766,0,0,0,0,0,0,0,0,0,0,0,0,2.18746010982891,4.2839184705459,1.25879061626231,2.06958225928926,0,0,0,0,0,0,0,0,0,0,2713.98234085769,2356.69368201522,419.839243289506,828.398305805405,223.136018916497,385.805281674138,0,0,104.275541652891,90.5479400151228,16.1794581181111,31.9278208145654,8.59765891794165,14.8652715248225,0,0,25316.1580040063,21927.7020266333,4521.17062946113,8743.2987992555,2637.80176448097,4376.50638416316,0,0,972.663191250613,842.498321227965,175.734365555592,340.423779120733,103.431568549339,171.880789187664,0,0,0,0,7.77617713457435,15.3834474663848,4.86877684663571,8.11625920934525,0,0,0,0,0,0,0,0,0,0,143.461988019492,134.172888435163,86.8460250276282,181.947505702984,85.9752541680049,159.950616481933,0,0,5.51201641333893,5.15513790062987,3.32266929955353,6.95730351838718,3.27558277246514,6.09216211818308,0,0,451.01981329237,412.448978272622,329.642318878204,727.128485311382,385.137580940866,722.825092563137,0,0,17.3287839826026,15.8469542076713,12.61587249723,27.8126939251811,14.6836074196271,27.5465202805888,0,0,0,0,44.3484039598967,99.224581886062,44.2091396539535,78.971846978519,0,0,0,0,0,0,0,0,0,0,180.189611232872,87.7986808637179,238.288059398824,203.466296563407
"109",1999,2268,9,6760.78635277606,5849.5013585364,1356.25455370914,2596.99058587636,688.621188445482,1129.05559249515,0,0,0,0,0,0,0,0,0,0,0,0,2.19364426969179,4.29733719707581,1.26700107508112,2.08536823593995,0,0,0,0,0,0,0,0,0,0,2726.02519438589,2363.88789963187,423.551295819777,836.472346205098,226.735823008268,392.782682897435,0,0,104.738247344006,90.8243533607261,16.3225789504555,32.2391388373491,8.7363595424529,15.1341050740347,0,0,25259.0755566202,21846.6855270381,4527.421085465,8760.62447817366,2659.35948592063,4419.10160780257,0,0,970.470208402199,839.385527879945,175.987272393919,341.122895892969,104.284948830209,173.56937977855,0,0,0,0,7.7984004220327,15.4358021900908,4.9119239630406,8.20106188775752,0,0,0,0,0,0,0,0,0,0,143.86843153631,134.316603590346,87.5689525250467,183.498606047942,87.2795619993343,162.537053498953,0,0,5.52763282674829,5.16065965634085,3.35038376049923,7.01672552931996,3.32538534185541,6.19088768237951,0,0,448.489559991852,409.758556378397,331.181681118638,731.370243803957,389.353882111131,732.381481732973,0,0,17.231569520874,15.7435838122309,12.6747978502715,27.9749076220347,14.8445007308518,27.9109716459063,0,0,0,0,44.6564837297401,100.024611977037,44.746746423619,80.0773672207502,0,0,0,0,0,0,0,0,0,0,182.172992716567,88.648062862249,243.266849691892,207.914547202711
"110",1999,2268,9.08333333333333,6744.77030962558,5828.2368582732,1358.94584596131,2603.04206440022,692.76497266184,1137.07748699115,0,0,0,0,0,0,0,0,0,0,0,0,2.19956111079016,4.31025459787587,1.2751105454338,2.10097609732654,0,0,0,0,0,0,0,0,0,0,2738.18481790885,2371.1685540226,427.278731698651,844.577053004545,230.369968706541,399.838587245343,0,0,105.205439525054,91.1040877454166,16.4662894372535,32.5516343906492,8.87638332837594,15.4059631716062,0,0,25202.5791345607,21766.4754159359,4533.34691420951,8777.25530557838,2680.7888351025,4461.5462225551,0,0,968.299740120817,836.303717354444,176.22749431924,341.79489136365,105.133420315313,175.252333970175,0,0,0,0,7.81951995014273,15.4861967843061,4.95493163993481,8.28575498755328,0,0,0,0,0,0,0,0,0,0,144.28249415445,134.468500237785,88.2821401264873,185.045733882463,88.5898409602556,165.156624082089,0,0,5.54354197633756,5.16649575818189,3.37772656083492,7.07599845169453,3.3754195825635,6.29088404525977,0,0,445.990951074953,407.095286694656,332.702588435722,735.54672496232,393.582206477878,741.952425184267,0,0,17.1355708640649,15.6412566492096,12.7330227541058,28.134638295638,15.0058624651412,28.2760003799914,0,0,0,0,44.9603703268577,100.816051223944,45.2848817721182,81.1859834233622,0,0,0,0,0,0,0,0,0,0,184.159201926592,89.5000375613033,248.300755465515,212.429459510278
"111",1999,2268,9.16666666666667,6728.73588538585,5807.0787458378,1361.49666532418,2608.81202234191,696.840657085154,1144.99955841757,0,0,0,0,0,0,0,0,0,0,0,0,2.20520732786006,4.32268503530555,1.28310362451917,2.11641347944519,0,0,0,0,0,0,0,0,0,0,2750.44136728824,2378.51407145487,431.032893496194,852.732784762895,234.036422010902,406.975082837275,0,0,105.676355752508,91.3863142718902,16.6110255800175,32.8660905896069,9.01765186243212,15.6809263066574,0,0,25146.5193287731,21686.9137822474,4539.05735000539,8793.39780002962,2702.06362113084,4503.86419334155,0,0,966.146046046315,833.246822445838,176.45921903025,342.44771180437,105.975950813165,176.930585748846,0,0,0,0,7.83963933130194,15.5348743219891,4.99774004917239,8.37037183055805,0,0,0,0,0,0,0,0,0,0,144.701188103549,134.629482657539,88.9861176755195,186.593742980824,89.9031331584967,167.812327971014,0,0,5.55962906777753,5.17268095003716,3.40471834279019,7.13530849685525,3.42557282552104,6.39226564522058,0,0,443.520740203826,404.455790639842,334.204373269824,739.664276656106,397.816719996824,751.542840714533,0,0,17.0406632835059,15.5398429080565,12.790522039431,28.292129477077,15.1674705060329,28.6417944708779,0,0,0,0,45.2597423046766,101.59898017934,45.8230004083126,82.2979780438435,0,0,0,0,0,0,0,0,0,0,186.151151321542,90.3530043030405,253.39680415046,217.003052235047
"112",1999,2268,9.25,6712.68230621306,5786.02544561185,1363.90933254157,2614.30446337348,700.84718020576,1152.819592855,0,0,0,0,0,0,0,0,0,0,0,0,2.21058992371351,4.3346312059674,1.29097748663907,2.13167580004514,0,0,0,0,0,0,0,0,0,0,2762.7932985766,2385.92319028147,434.812145336727,860.936519129758,237.735292422625,414.192041521934,0,0,106.150936705435,91.6709844656429,16.7567249121322,33.1823918376965,9.16016932976144,15.9589895549458,0,0,25090.894561456,21607.9967559015,4544.55786947372,8809.06227115587,2723.18342832975,4546.05318422937,0,0,964.009065560939,830.214694459374,176.682657944942,343.081751811039,106.812518660689,178.604035795614,0,0,0,0,7.858878689662,15.5820034416172,5.04034002279214,8.45489994497719,0,0,0,0,0,0,0,0,0,0,145.124489927238,134.799031755531,89.6831870262611,188.143663137581,91.2204665391921,170.502577200736,0,0,5.57589319984548,5.17919528747858,3.43144743953652,7.19469550486212,3.4758842747618,6.49497217396816,0,0,441.07882419161,401.840533567356,335.685651072071,743.723042870436,402.055479062297,761.1528535203,0,0,16.9468428146083,15.4393604683942,12.8472427141924,28.4473867350351,15.3292510335649,29.0083592439209,0,0,0,0,45.5545208214228,102.373220340142,46.3609832869748,83.4131486209973,0,0,0,0,0,0,0,0,0,0,188.148904597233,91.20701903473,258.554950400229,221.635920682488
"113",1999,2268,9.33333333333333,6696.60870805033,5765.07530646605,1366.18610834871,2619.52330022489,704.78351517791,1160.53542123509,0,0,0,0,0,0,0,0,0,0,0,0,2.21571534797576,4.34609646760995,1.29872954447487,2.14675862081515,0,0,0,0,0,0,0,0,0,0,2775.23954430669,2393.39507328168,438.615053690486,869.185659676958,241.466683397667,421.489472698103,0,0,106.629141370039,91.958066159317,16.9033326901639,33.5004388270012,9.30393969057424,16.2401532803766,0,0,25035.7029488857,21529.7202293828,4549.8537340881,8824.25866446157,2744.1478833439,4588.11090550215,0,0,961.888726293109,827.207175577288,176.898014262329,343.697392121555,107.64310386959,180.272586543232,0,0,0,0,7.8773382193319,15.627725991347,5.08272499892837,8.53932948177021,0,0,0,0,0,0,0,0,0,0,145.552373192078,134.976672798478,90.3751801701605,189.696263179739,92.5427013631131,173.226056334432,0,0,5.59233335693437,5.18602053049116,3.45798414978435,7.25418924297074,3.52638676079942,6.59895370286766,0,0,438.66506023041,399.249888378539,337.145422596727,747.723278051284,406.296707202232,770.782239755036,0,0,16.8541039704947,15.3398236576881,12.9031465640121,28.6004199201802,15.4911365848256,29.3756867244814,0,0,0,0,45.8446470897962,103.138621835122,46.8987105881744,84.5312904935633,0,0,0,0,0,0,0,0,0,0,190.152525096955,92.06213448733,263.775228644872,226.328644828343
"114",1999,2268,9.41666666666667,6680.51417665255,5744.22663667299,1368.32920330855,2624.47237218646,708.648671190876,1168.14492270411,0,0,0,0,0,0,0,0,0,0,0,0,2.22058960059757,4.35708467143408,1.30635740348948,2.16165763624629,0,0,0,0,0,0,0,0,0,0,2787.77934487513,2400.92915722249,442.440343700046,877.477932240397,245.230680249084,428.867466013428,0,0,107.110940561142,92.247537712598,17.0508002246915,33.8201445696725,9.44896621357335,16.5244209337381,0,0,24980.9424107758,21452.0799527764,4554.95002306872,8838.99662210935,2764.95665783087,4630.03512634751,0,0,959.784948319117,824.22410251061,177.105484224777,344.295001949933,108.467688234875,181.936142677384,0,0,0,0,7.89510262700253,15.6721629089762,5.12489025435152,8.62365249194702,0,0,0,0,0,0,0,0,0,0,145.984810673294,135.161970978775,91.0635757956107,191.252122189189,93.8705648782549,175.981668419146,0,0,5.60894849303249,5.19313997306838,3.48438521202944,7.31381215222025,3.57710805624678,6.7041686258904,0,0,436.279278575623,396.6841548758,338.582973753877,751.665311053639,410.53876795941,780.430510439616,0,0,16.7624402293475,15.241243994825,12.9582063082786,28.7512417667361,15.6530650248323,29.7437588344097,0,0,0,0,46.1300780340581,103.895057728791,47.4360625262431,85.65219779685,0,0,0,0,0,0,0,0,0,0,192.162075788378,92.9184005830701,269.057734210003,231.081791822594
"115",1999,2268,9.5,6664.39776439734,5723.47771864334,1370.34078054556,2629.15545050705,712.441695468952,1175.64602822031,0,0,0,0,0,0,0,0,0,0,0,0,2.22521827346165,4.36760009475825,1.31385884708122,2.1763686740838,0,0,0,0,0,0,0,0,0,0,2800.41218420964,2408.52509531182,446.286883459053,885.811346897275,249.027346784416,436.326170219721,0,0,107.596314450422,92.5393858011811,17.1990842796608,34.1414329423398,9.59525134573606,16.8117982399224,0,0,24926.6107114156,21375.0715705749,4559.85164280997,8853.28550068648,2785.60947008646,4671.82368140655,0,0,957.697645743686,821.265307913332,177.305257480349,344.874939672249,109.286255402431,183.59461139566,0,0,0,0,7.9122429157999,15.71541658414,5.16683260861139,8.707862641281,0,0,0,0,0,0,0,0,0,0,146.421774920647,135.354529631477,91.7495450728565,192.811656609647,95.2046643661691,178.768510012892,0,0,5.62573755346497,5.20053837470602,3.51069556185695,7.3735803928095,3.62807137048671,6.81058270807894,0,0,433.921287555141,394.143567131542,339.997835658335,755.549530909489,414.780154226629,790.096946978372,0,0,16.6718442268686,15.1436304732393,13.0124040664944,28.899867339679,15.8149791414182,30.1125487449047,0,0,0,0,46.4107845524298,104.642421808772,47.9729197408748,86.7756639200599,0,0,0,0,0,0,0,0,0,0,194.177619266559,93.7758645871655,274.402615738198,235.895917197024
"116",1999,2268,9.58333333333333,6648.25851254359,5702.82682822086,1372.22296095173,2633.57624777469,716.161674496731,1183.03672330346,0,0,0,0,0,0,0,0,0,0,0,0,2.22960661176627,4.37764734481541,1.32123181205809,2.19088769077734,0,0,0,0,0,0,0,0,0,0,2813.13769942198,2416.18267686691,450.153659384776,894.184139868789,252.856719879606,443.865762019014,0,0,108.085249095133,92.8336023302964,17.3481461314544,34.4642364622021,9.74279650263992,17.1022920007346,0,0,24872.7055177693,21298.6906721831,4564.56334468332,8867.13440373198,2806.1060862302,4713.47447776292,0,0,955.626728932195,818.330622322881,177.497517765773,345.437554076439,110.098790918878,185.247902685456,0,0,0,0,7.92881896281846,15.7575742789049,5.2085500038565,8.79195480821568,0,0,0,0,0,0,0,0,0,0,146.863239189858,135.553987156497,92.4340177439834,194.375159720238,96.5455071895927,181.585837566901,0,0,5.64269951068075,5.20820184214805,3.53695086872597,7.43350536649329,3.6792961104191,6.9181678052824,0,0,431.590880468022,391.62830453497,341.389727788689,759.37636721279,419.019471817973,799.780650880037,0,0,16.5823080213357,15.0469899853486,13.0657291765655,29.0463132731761,15.9768260211205,30.4820227703353,0,0,0,0,46.6867489924249,105.380625285233,48.5091637710769,87.9014820998155,0,0,0,0,0,0,0,0,0,0,196.199217753295,94.6345713634703,279.810064254182,240.771566469214
"117",1999,2268,9.66666666666667,6632.09546671165,5682.27224802527,1373.97782686303,2637.73842450038,719.807734905684,1190.31505015447,0,0,0,0,0,0,0,0,0,0,0,0,2.23375956121171,4.38723128827011,1.32847437130194,2.20521076862413,0,0,0,0,0,0,0,0,0,0,2825.95561968757,2423.90177307313,454.039758196003,902.594731774258,256.7188069073,451.486425242453,0,0,108.577734089761,93.130182350681,17.4979508805972,34.7884946894002,9.89160196866886,17.3959092944802,0,0,24819.2244383923,21222.9328256285,4569.08973800441,8880.5522049266,2826.44632042939,4754.98549910539,0,0,953.572106005874,815.419875455337,177.682443403457,345.983185252873,110.905282243714,186.895929491455,0,0,0,0,7.94488144121873,15.7987106871159,5.25004121287681,8.87592479915554,0,0,0,0,0,0,0,0,0,0,147.309177885536,135.760014234023,93.1177301049482,195.942829550783,97.8935158225803,184.433040823358,0,0,5.6598333812706,5.21611772239834,3.56317937760582,7.49359479336833,3.73079845091915,7.02690085063471,0,0,429.287840362606,389.138500003068,342.758516857978,763.146276605282,423.255426415718,809.480581039559,0,0,16.493823277184,14.9513276380334,13.1181766162156,29.1905972454599,16.1385565527914,30.8521417880774,0,0,0,0,46.9579632605851,106.109594309388,49.0446773911184,89.029445855578,0,0,0,0,0,0,0,0,0,0,198.226933106909,95.4945635870517,285.28030504761,245.709276448645
"118",1999,2268,9.75,6615.90768761857,5661.81227662953,1375.60742483597,2641.64559396218,723.379043924263,1197.47910906256,0,0,0,0,0,0,0,0,0,0,0,0,2.23768180740332,4.39635699706687,1.33558472076304,2.21933411363097,0,0,0,0,0,0,0,0,0,0,2838.86572521791,2431.68230059601,457.944353031536,911.041696535204,260.613585618774,459.188337665022,0,0,109.073760989681,93.4291226604904,17.6484669219245,35.1141530374404,10.0416668915928,17.6926569687082,0,0,24766.1650491135,21147.7935996043,4573.4353003008,8893.54756578905,2846.63003409306,4796.35480735465,0,0,951.533683828524,812.532897052359,177.860207694394,346.512165272737,111.705718721064,188.538607784401,0,0,0,0,7.96047334772884,15.8388899780434,5.2913056309839,8.95976913853486,0,0,0,0,0,0,0,0,0,0,147.759566637343,135.972311034204,93.8012615714002,197.514789193337,99.2490397733901,187.309619773229,0,0,5.67713822889361,5.22427449551239,3.58940331232938,7.55385349559242,3.78259178746247,7.13676297618704,0,0,427.011943399734,386.674246502612,344.104185668666,766.859733338538,427.486812238186,819.195583444376,0,0,16.4063813942252,14.8566470032223,13.1697458077509,29.3327376116825,16.3001249961625,31.2228623697299,0,0,0,0,47.2244273093043,106.829267964881,49.5793448457272,90.1593493159016,0,0,0,0,0,0,0,0,0,0,200.260826842213,96.3558819402745,290.813591306441,250.70957642099
"119",1999,2268,9.83333333333333,6599.69426002074,5641.44523614309,1377.11376809644,2645.30132641859,726.874809686179,1204.52705957786,0,0,0,0,0,0,0,0,0,0,0,0,2.24137780998967,4.40502970207279,1.3425611683607,2.23325405352358,0,0,0,0,0,0,0,0,0,0,2851.86781356529,2439.5241918188,461.866691209768,919.523734383556,264.541004238327,466.971660045486,0,0,109.573322016527,93.7304206617814,17.7996654774287,35.4411617407188,10.1929892854581,17.9925412185157,0,0,24713.5249139803,21073.2685812811,4577.60438644871,8906.12895120812,2866.65713494861,4837.58054365935,0,0,949.511368811252,809.669517565546,178.030979267605,347.024818783088,112.500091546595,190.17585660516,0,0,0,0,7.97563131389252,15.8781675538777,5.33234310409432,9.04348489461537,0,0,0,0,0,0,0,0,0,0,148.214382316071,136.190604616134,94.4850657954576,199.091103994601,100.612366111225,190.215164988333,0,0,5.69461316489471,5.23266167466219,3.6156400698198,7.61428406079577,3.83468713587494,7.24773876316836,0,0,424.762961618565,384.235602727954,345.426806787348,770.517221581885,431.712501948873,828.924416422907,0,0,16.3199736139142,14.7629503360428,13.2204396078096,29.4727531044947,16.4614885974595,31.5941377423121,0,0,0,0,47.4861478343584,107.53959653163,50.1130520444885,91.2909874984621,0,0,0,0,0,0,0,0,0,0,202.30096014669,97.2185652913478,296.410198619993,255.772989138609
"120",1999,2268,9.91666666666667,6583.45429934974,5621.16947777162,1378.498838545,2648.70915246684,730.294281332381,1211.45712134122,0,0,0,0,0,0,0,0,0,0,0,0,2.24485183153496,4.41325475579302,1.34940212516854,2.24696703605456,0,0,0,0,0,0,0,0,0,0,2864.96167550228,2447.42737360879,465.80608411916,928.039650271402,268.500982358319,474.836528630832,0,0,110.076409131448,94.0340735446783,17.9515202105738,35.7694750289093,10.3455660643557,18.2955672979465,0,0,24661.3015999588,20999.3533886162,4581.60123638185,8918.30464216722,2886.52757576727,4878.66092831701,0,0,947.505067477265,806.829568629365,178.194922374605,347.521463493592,113.288393720509,191.807598066804,0,0,0,0,7.99038668165952,15.9165914966761,5.3731538000935,9.12706954591846,0,0,0,0,0,0,0,0,0,0,148.673602923356,136.414646461475,95.1694954759853,200.671794852902,101.983728275352,193.149340910658,0,0,5.71225734406752,5.24126971137389,3.64190317224472,7.67488735529951,3.88709346696905,7.35981560482582,0,0,422.540664984693,381.822597820673,346.726521758465,774.119229816456,435.931437810311,838.665771157154,0,0,16.2345910980406,14.6702387561568,13.2702635097452,29.6106626155408,16.6226072521501,31.9659185689346,0,0,0,0,47.7431372000325,108.240540040215,50.6456867051851,92.4241565328925,0,0,0,0,0,0,0,0,0,0,204.347393896751,98.082650856781,302.070420478402,260.90003166327
"121",2000,2268,10,6567.39397640498,5601.11351938705,1379.83804503216,2651.98677213518,733.616104970481,1218.20908347296,0,0,0,0,0,0,0,0,0,0,0,0,2.24807800711983,4.42093464438785,1.3560677372267,2.26036079202432,0,0,0,0,0,0,0,0,0,0,2878.15899237436,2455.40059195584,469.748799928605,936.559377164083,272.485531732808,482.759519569896,0,0,110.583471150417,94.3404173440976,18.1035028450692,36.097935058784,10.4990894740806,18.6008327319395,0,0,24609.703685538,20926.1883757623,4585.37183010682,8929.92458495806,2906.15936418291,4919.35786539458,0,0,945.522793720248,804.018442875876,178.349932175638,347.996215871463,114.067401960647,193.424462626255,0,0,0,0,8.00465315877961,15.9538205197682,5.41358526441386,9.21007807775557,0,0,0,0,0,0,0,0,0,0,149.13326818561,136.634355504623,95.8484705313651,202.231198086407,103.348916491449,196.065267910735,0,0,5.72991860741332,5.2497112749097,3.66796021800616,7.73468244056349,3.93926923441631,7.47120730771275,0,0,420.345461957094,379.435928363495,347.996887415375,777.644962880505,440.130162886871,848.377256461295,0,0,16.1502495401746,14.5785390273904,13.3189707386061,29.7456705120688,16.7829680619552,32.3365896534372,0,0,0,0,47.9947324436299,108.929442092761,51.1756956387967,93.5541604263475,0,0,0,0,0,0,0,0,0,0,206.408793414557,98.9616075959108,307.818654287016,266.17217388631
"122",2000,2268,10.0833333333333,6552.75155614332,5582.05753477599,1381.57022148538,2655.82012533213,736.724706888865,1224.44523240182,0,0,0,0,0,0,0,0,0,0,0,0,2.25099791596026,4.42768524996588,1.36233146940927,2.2727886495506,0,0,0,0,0,0,0,0,0,0,2891.46729924614,2463.44078201783,473.604756545262,944.883669098894,276.433605205621,490.574387833031,0,0,111.094797582666,94.6493343039041,18.2521472712383,36.4188695802741,10.6512088423946,18.9019347517601,0,0,24560.0150178452,20854.6546050084,4588.59171375726,8940.08911495461,2925.07127841695,4958.27047224938,0,0,943.613874801891,801.269992136369,178.483366812841,348.41381939862,114.818219616347,194.971348866307,0,0,0,0,8.01778424248423,15.9876794671444,5.45272791790128,9.28986141203677,0,0,0,0,0,0,0,0,0,0,149.571783593329,136.795150684551,96.487361048777,203.631017287421,104.630767559372,198.710032245468,0,0,5.74676726502252,5.25588927321238,3.69248709261789,7.78838252474149,3.98827310707582,7.57227597162674,0,0,418.184629994271,377.080782305863,349.200307568111,780.964961068908,444.230935074197,857.796161205223,0,0,16.0672285503978,14.4880504791142,13.3651211574286,29.8728230543879,16.9396068432497,32.6961381279617,0,0,0,0,48.2370155662601,109.590847233651,51.6944201738478,94.6539344488348,0,0,0,0,0,0,0,0,0,0,208.536079231169,99.9349267617408,313.79592556339,272.069125659427
"123",2000,2268,10.1666666666667,6538.09702973383,5563.10460103084,1383.18696483656,2659.4207270666,739.767032520569,1230.57572806839,0,0,0,0,0,0,0,0,0,0,0,0,2.25388795569249,4.43435188645553,1.36846127357403,2.28500565483695,0,0,0,0,0,0,0,0,0,0,2904.7691158455,2471.45568216666,477.458431277377,953.198470112618,280.391990954344,498.429168324752,0,0,111.60587464827,94.9572795848039,18.4007042792052,36.7394411355193,10.8037273800492,19.2045779714538,0,0,24510.7950129862,20783.7668718124,4591.6767151027,8949.91721392929,2943.83222783434,4997.03357455602,0,0,941.722961362117,798.546363267465,178.611417660972,348.818084861624,115.563169693732,196.512521520958,0,0,0,0,8.03058296562048,16.0208838150343,5.49163342618176,9.36946469357088,0,0,0,0,0,0,0,0,0,0,150.017418590286,136.967741790361,97.1315756528096,205.056191949523,105.932927460995,201.418890699251,0,0,5.76388946657633,5.26252048999406,3.71721943580568,7.84305646049377,4.03805532046431,7.67579605079061,0,0,416.056055652899,374.7531637234,350.383835600232,784.225059790984,448.317800029016,867.19528361301,0,0,15.9854469274073,14.3986195814822,13.4105175588197,29.9977018492415,17.0957285901766,33.0549623018681,0,0,0,0,48.4747208464145,110.242891427318,52.2117297788057,95.7542461655482,0,0,0,0,0,0,0,0,0,0,210.669662579246,100.909433403823,319.835209111627,278.031224066381
"124",2000,2268,10.25,6523.42590246351,5544.24994023321,1384.6895015785,2662.79066608284,742.741974824092,1236.59836252139,0,0,0,0,0,0,0,0,0,0,0,0,2.25672160202299,4.44088454593014,1.37445987753781,2.29701486662629,0,0,0,0,0,0,0,0,0,0,2918.08131951883,2479.46017366576,481.313389722258,961.51107242567,284.36436266502,506.330085170936,0,0,112.117350801866,95.2648249487364,18.5493108482787,37.0599297197825,10.9567860601844,19.50900122425,0,0,24462.0296922315,20713.510776684,4594.62839117164,8959.41208965786,2962.44100807219,5035.64337000195,0,0,939.849516327669,795.847003016991,178.734145607349,349.209134640437,116.30220061236,198.047824446814,0,0,0,0,8.0430694590345,16.0534499262942,5.53030046696273,9.44888326220954,0,0,0,0,0,0,0,0,0,0,150.469543726841,137.151034655392,97.7800452645261,206.501999427453,107.252206730319,204.183409677225,0,0,5.78126102769588,5.26956288561523,3.74211635867173,7.89852361576161,4.08849411515867,7.78144588310672,0,0,413.958544762387,372.452582146822,351.547576807069,787.42763502938,452.391046098997,876.578097351117,0,0,15.904858789588,14.3102274898679,13.4551638977401,30.1203976738024,17.2513443646061,33.4131947684424,0,0,0,0,48.7078619279873,110.885549591172,52.7275080816157,96.8548768992226,0,0,0,0,0,0,0,0,0,0,212.809640268141,101.885207537031,325.937300880864,284.059827855159
"125",2000,2268,10.3333333333333,6508.73452186496,5525.48950759814,1386.07918323379,2665.93229104864,745.648551256758,1242.51112491948,0,0,0,0,0,0,0,0,0,0,0,0,2.25947715874319,4.44724207752836,1.38032903240368,2.30881792198345,0,0,0,0,0,0,0,0,0,0,2931.41716111812,2487.46597519357,485.172295291923,969.826996577317,288.353577507907,514.282059064523,0,0,112.629735162378,95.5724206460667,18.6980693283045,37.3805473399759,11.1104945383172,19.815393354741,0,0,24413.707501748,20643.8740604429,4597.44867127068,8968.57771054276,2980.89677488053,5074.09666048145,0,0,937.993095791964,793.171440366973,178.851625993384,349.587120723109,117.035274835962,199.577124998561,0,0,0,0,8.05526172453326,16.085394178153,5.56872875999369,9.52811394405735,0,0,0,0,0,0,0,0,0,0,150.927648626563,137.344087692761,98.4319928283574,207.964728544351,108.586187000216,206.996888961376,0,0,5.79886233897829,5.27698028279604,3.76714815383314,7.95464207330597,4.13949721906527,7.88897001579251,0,0,411.891101154226,370.178668985271,352.691644512698,790.574646816379,456.45067158916,885.947057401734,0,0,15.8254258628292,14.2228600424106,13.4990644393067,30.2409853912994,17.406454138705,33.7709292418962,0,0,0,0,48.9364586577275,111.518807191163,53.2416437365281,97.9556151827069,0,0,0,0,0,0,0,0,0,0,214.956100935917,102.862321897382,332.102871286061,290.15610757726
"126",2000,2268,10.4166666666667,6494.01990116495,5506.81983758959,1387.35745280706,2668.84814567501,748.48588555772,1248.31217251774,0,0,0,0,0,0,0,0,0,0,0,0,2.2621369789407,4.45339080427058,1.38606975476944,2.32041538550529,0,0,0,0,0,0,0,0,0,0,2944.78705197753,2495.48233191808,489.037117093435,978.150391144754,292.361844569564,522.288974222254,0,0,113.143427749916,95.8804218909334,18.8470554146941,37.7014533478289,11.2649376098189,20.1239034534007,0,0,24365.8187877154,20574.8461461333,4600.13975458421,8977.41860579293,2999.19897263299,5112.39073759139,0,0,936.153328848617,790.519268933238,178.963944652159,349.952216968011,117.76236610224,201.100309588639,0,0,0,0,8.06717585356996,16.1167326739596,5.60691874007821,9.60715460767636,0,0,0,0,0,0,0,0,0,0,151.391317465932,137.546086856513,99.0868522991165,209.441451682531,109.93303225381,209.853996740222,0,0,5.81667742388834,5.28474140458351,3.79229319080589,8.01129990127822,4.19099462330073,7.9981652521869,0,0,409.852881916746,367.931141063868,353.816169754467,793.667732377107,460.496473431658,895.30381899182,0,0,15.7471157613547,14.1365063590694,13.5422241301649,30.3595275178663,17.5610501901807,34.1282289249717,0,0,0,0,49.1605359595113,112.142658611332,53.7540299697869,99.0562558997762,0,0,0,0,0,0,0,0,0,0,217.109126593148,103.840842920032,338.332497346464,296.321085313545
"127",2000,2268,10.5,6479.27956380143,5488.23790824201,1388.52581699565,2671.54091418553,751.253190197146,1253.99980281293,0,0,0,0,0,0,0,0,0,0,0,0,2.26468667982096,4.45930310984439,1.39168253523754,2.33180705150824,0,0,0,0,0,0,0,0,0,0,2958.19925288172,2503.51661813212,492.909309108012,986.484378850198,296.390875519882,530.353916150579,0,0,113.658745957034,96.1891120154604,18.9963250235376,38.0227677180864,11.4201809869562,20.4346499726785,0,0,24318.3553356948,20506.4177357662,4602.70402545422,8985.93969830531,3017.34727000423,5150.52327840638,0,0,934.329899893557,787.890131471616,179.071194627884,350.304612625739,118.483456926759,202.617279642763,0,0,0,0,8.078826306831,16.1474810876256,5.64487130235133,9.68600381424349,0,0,0,0,0,0,0,0,0,0,151.860206977101,137.756321358612,99.7442043214269,210.929827485047,111.291329886995,212.750442715176,0,0,5.83469309358994,5.2928189413595,3.81753545177079,8.06840759819959,4.24293250087066,8.108868158524,0,0,407.843158765658,365.709771500254,354.921304601381,796.708286818023,464.528116905343,904.649433868258,0,0,15.6699005035289,14.0511577226528,13.5846487253101,30.4760773106904,17.7151197701826,34.485134005911,0,0,0,0,49.3801227713638,112.75710556755,54.2645640436936,100.156599373649,0,0,0,0,0,0,0,0,0,0,219.26879405157,104.820831768148,344.626689000684,302.555670083735
"128",2000,2268,10.5833333333333,6464.51147199953,5469.74107866868,1389.58583273845,2674.01339531346,753.949759302184,1259.57244247175,0,0,0,0,0,0,0,0,0,0,0,0,2.26711474395662,4.46495671955162,1.3971674408962,2.34299209355733,0,0,0,0,0,0,0,0,0,0,2971.66019533539,2511.57461876153,496.789893983085,994.831217624942,300.441955052094,538.479280675568,0,0,114.175936892429,96.4987132857492,19.1459175067793,38.3445772275985,11.5762739995967,20.7477249067915,0,0,24271.3101554831,20438.5806223337,4605.1440122603,8994.14622379139,3035.34153027471,5188.49229827093,0,0,932.52254035896,785.283712655203,179.17347458427,350.644509207549,119.198537453577,204.127949771298,0,0,0,0,8.09022606708974,16.1776546098666,5.68258768862829,9.7646606622876,0,0,0,0,0,0,0,0,0,0,152.334036003273,137.974172207063,100.40374827341,212.428009029807,112.66001745238,215.682821624141,0,0,5.85289854564741,5.301189110457,3.84286346067809,8.12589457713731,4.29527040406603,8.22094908448023,0,0,405.861300093573,363.514376132674,356.007221467294,799.697500703419,468.545167388802,913.984446705763,0,0,15.593755822176,13.9668070573641,13.6263447612159,30.5906802051378,17.8686463174,34.8416653391432,0,0,0,0,49.5952515245172,113.362156394396,54.7731470711974,101.256451026947,0,0,0,0,0,0,0,0,0,0,221.435175594081,105.802344814138,350.985900735637,308.860674572359
"129",2000,2268,10.6666666666667,6449.71393264669,5451.32700719881,1390.53909003596,2676.26846859476,756.574958000195,1265.02863051181,0,0,0,0,0,0,0,0,0,0,0,0,2.26941200896009,4.4703337776283,1.40252424348944,2.35396925117595,0,0,0,0,0,0,0,0,0,0,2985.17490103858,2519.66089495747,500.679572802439,1003.19251320119,304.516035726254,546.666923764541,0,0,114.695193497848,96.8094009485217,19.2958598644146,38.6669436116732,11.7332532320039,21.0631995361872,0,0,24224.6772001152,20371.3274448165,4607.46233541118,9002.04362763912,3053.18177098264,5226.29608533394,0,0,930.731017917046,782.699729661359,179.270886790108,350.972116486994,119.907603890197,205.632245229781,0,0,0,0,8.10138683249333,16.2072678745251,5.72006933971403,9.84312458287207,0,0,0,0,0,0,0,0,0,0,152.812571842987,138.199096781687,101.065264579813,213.934523352097,114.03828675681,218.64841017483,0,0,5.87128483935152,5.30983106353664,3.86826883958573,8.18370455281624,4.34797759541057,8.33430440324302,0,0,403.906747878745,361.344796790231,357.074113359356,802.636408717144,472.547130446534,923.309015824226,0,0,15.518660277384,13.8834482860169,13.6673195648839,30.703375676406,18.0216109912463,35.1978290545301,0,0,0,0,49.8059574590894,113.957825037141,55.2796836834017,102.355620817256,0,0,0,0,0,0,0,0,0,0,223.608339861566,106.785434305562,357.410547079699,315.236836898738
"130",2000,2268,10.75,6434.88553304255,5432.99359545994,1391.38720031567,2678.30907145744,759.128215113201,1270.36700691045,0,0,0,0,0,0,0,0,0,0,0,0,2.27157128042599,4.47542014257961,1.40775250747792,2.36473695902737,0,0,0,0,0,0,0,0,0,0,2998.74726938682,2527.77903458662,504.578799551918,1011.56936366655,308.613803976681,554.918265008141,0,0,115.216665594302,97.1213128553529,19.4461696023232,38.9899091105474,11.8911450540565,21.3811283953205,0,0,24178.4511729393,20304.6515199559,4609.66167230023,9009.63749485975,3070.8681358192,5263.93315499143,0,0,928.95512906774,780.137925708119,179.363535761342,351.287649783471,120.61065741787,207.130100152863,0,0,0,0,8.11231917846591,16.2363349383391,5.75731780490465,9.92139521261502,0,0,0,0,0,0,0,0,0,0,153.295620669523,138.43061752778,101.728591188669,215.448189532525,115.425520203668,221.645024890152,0,0,5.88984452761832,5.31872645217909,3.89374540782275,8.24179240599157,4.40103061284412,8.44885108056759,0,0,401.979002060801,359.200890677642,358.122192079853,805.525922761525,476.533476865196,932.622998389932,0,0,15.4445946561991,13.8010759221809,13.7075811843342,30.8141985049619,18.1739936284763,35.5536198085706,0,0,0,0,50.0122781229176,114.544130325031,55.7840817931905,103.453922850941,0,0,0,0,0,0,0,0,0,0,225.788352478087,107.770148869605,363.901012488752,321.684835691284
"131",2000,2268,10.8333333333333,6420.02509291797,5414.7389465919,1392.13178791403,2680.1381823225,761.609017569675,1275.5863040084,0,0,0,0,0,0,0,0,0,0,0,0,2.27358701160951,4.48020480008065,1.41285165557939,2.37529344375749,0,0,0,0,0,0,0,0,0,0,3012.38029282564,2535.93183980266,508.487836069608,1019.96246652315,312.735730272161,563.234365709885,0,0,115.740468156333,97.4345566694686,19.5968568414774,39.3135005776168,12.0499675449275,21.7015522669416,0,0,24132.6273828221,20238.5467158828,4611.74473182805,9016.93349860504,3088.40087319343,5301.40221509992,0,0,927.194693575538,777.598065198797,179.45152727323,351.591327964823,121.307703360594,208.621456206498,0,0,0,0,8.12303270340671,16.2648692915566,5.79433468372847,9.99947231070436,0,0,0,0,0,0,0,0,0,0,153.783020167048,138.66831281361,102.393607848423,216.968057974513,116.821245026832,224.670913635137,0,0,5.90857137405824,5.32785907661526,3.91928858012464,8.30012185953203,4.45441151979419,8.56452253176775,0,0,400.077609009922,357.082523206969,359.151685348995,808.366856555694,480.503659254889,941.926015891743,0,0,15.3715415295972,13.7196847947653,13.7471382776859,30.9231797163358,18.3257733766475,35.9090232812855,0,0,0,0,50.2142529697417,115.121095391713,56.2862524040452,104.551175086937,0,0,0,0,0,0,0,0,0,0,227.975276534188,108.756533935244,370.45765814046,328.205301475437
"132",2000,2268,10.9166666666667,6405.13162426745,5396.56133032855,1392.77448297635,2681.75880643913,764.016905588273,1280.68533914999,0,0,0,0,0,0,0,0,0,0,0,0,2.27545502913649,4.48467935867332,1.41782102254806,2.38563680374569,0,0,0,0,0,0,0,0,0,0,3026.07623746522,2544.12148401557,512.406797943509,1028.3722085648,316.882111885786,571.615995912981,0,0,116.266688251519,97.7492158967562,19.7479260798138,39.6377329285214,12.2097321334537,22.0245007523442,0,0,24087.2016225548,20173.0073461535,4613.71423331784,9023.93735722999,3105.78031788955,5338.70213602049,0,0,925.449549797734,775.079929650681,179.534967542462,351.883371780794,121.998750473907,210.106261427448,0,0,0,0,8.13353615519756,16.2928838716048,5.83112157993361,10.0773556919682,0,0,0,0,0,0,0,0,0,0,154.274633289304,138.911808988777,103.060223136146,218.493359517395,118.22509535477,227.724664328631,0,0,5.92746011317557,5.33721458059601,3.94489487013539,8.35866353104512,4.50810645475842,8.68126513527291,0,0,398.202151962229,354.989562376203,360.1628342628,811.159946163242,484.457125203208,951.217508550856,0,0,15.2994848849983,13.6392698320347,13.7860000151566,31.0303473652669,18.4769291957746,36.2640182505652,0,0,0,0,50.411923014167,115.688747172023,56.7861094398084,105.647199079631,0,0,0,0,0,0,0,0,0,0,230.169172995552,109.744632105041,377.08082750188,334.798826198804
"133",2001,2268,11,6389.90600654712,5378.02985998702,1393.48705558182,2683.44253897714,766.378213240497,1285.67879586114,0,0,0,0,0,0,0,0,0,0,0,0,2.27721849424773,4.48887634061646,1.42270921104276,2.39579408366763,0,0,0,0,0,0,0,0,0,0,3039.80409145323,2552.28850170453,516.381262491348,1036.86224229063,321.064648938781,580.07144486455,0,0,116.794134354901,98.0630057768097,19.9011296496474,39.9650527270416,12.3708895882029,22.350293135189,0,0,24041.7683920102,20107.3637360056,4615.98088596144,9031.23306732525,3123.11568892424,5375.89778389478,0,0,923.704117914433,772.557789074959,179.629678158184,352.186252533025,122.688084542518,211.587060828481,0,0,0,0,8.14399579337251,16.3205169423258,5.86788381430224,10.1551689020001,0,0,0,0,0,0,0,0,0,0,154.774501751402,139.155113481219,103.742201766984,220.037087988828,119.657079251369,230.818923499244,0,0,5.946666033132,5.34656271991986,3.97109165041737,8.41791551012727,4.5628784760224,8.79956123524256,0,0,396.349336290911,352.915323254231,361.166611261359,813.917710635552,488.410589372718,960.508521860506,0,0,15.2282981382728,13.559574188182,13.8245869651814,31.1361814404767,18.6280986310193,36.619025981235,0,0,0,0,50.6062050885845,116.2478124289,57.28555667144,106.743116503178,0,0,0,0,0,0,0,0,0,0,232.359108043757,110.731004873106,383.737537124687,341.442631403206
"134",2001,2268,11.0833333333333,6373.97361854745,5358.60867577467,1394.47585772711,2685.51623651545,768.729082094528,1290.58914959821,0,0,0,0,0,0,0,0,0,0,0,0,2.27901759577317,4.49298587021895,1.42757906328998,2.40580189254439,0,0,0,0,0,0,0,0,0,0,3053.53664364776,2560.36523650435,520.472270985564,1045.52107456369,325.30299915579,588.618859114452,0,0,117.32176097089,98.3733268438848,20.058815241907,40.298863130133,12.5341968239955,22.6796277202216,0,0,23995.8093022168,20040.7709473608,4619.04541889033,9039.53252173925,3140.55245733819,5413.07965219349,0,0,921.938480780283,769.999179582495,179.754957962304,352.527376110381,123.381410879678,213.067400429391,0,0,0,0,8.15482911154665,16.3482754229632,5.90488676620454,10.2330750578817,0,0,0,0,0,0,0,0,0,0,155.286667271624,139.391244054148,104.455333319334,221.616093420436,121.137184701005,233.967018077736,0,0,5.96634442219669,5.35563522588191,3.99848416588697,8.47852405220874,4.61949001688708,8.91991925142591,0,0,394.514592090059,350.849694904047,362.179247984496,816.65661752027,492.38949514368,969.813892780775,0,0,15.1578057072716,13.4802093847535,13.8635212684008,31.2413134757698,18.7802521414557,36.9746122693959,0,0,0,0,50.7982727786492,116.799224747464,57.7870639118355,107.840394689144,0,0,0,0,0,0,0,0,0,0,234.531230721438,111.71118035221,390.387081450736,348.107716005695
"135",2001,2268,11.1666666666667,6358.01256766151,5339.2754455971,1395.35085521456,2687.36477728755,771.009457709894,1295.38079378043,0,0,0,0,0,0,0,0,0,0,0,0,2.2807704924739,4.49696044537979,1.43231950933676,2.41559434170109,0,0,0,0,0,0,0,0,0,0,3067.35361779805,2568.49389362189,524.577558212013,1054.20739378495,329.573123874053,597.244178414031,0,0,117.852631213425,98.685642849439,20.2170515955443,40.6337334995588,12.6987275911173,23.0119627284179,0,0,23950.2321611577,19974.7352993458,4621.97561653302,9047.51604109516,3157.84751169063,5450.10127773542,0,0,920.187517516444,767.461976392652,179.874904547896,352.855971134282,124.069173708072,214.541505907516,0,0,0,0,8.16574828827219,16.3759906704779,5.94167694719302,10.3108025212791,0,0,0,0,0,0,0,0,0,0,155.801213000384,139.633035564347,105.167765694666,223.199380473215,122.617814883341,237.136492811104,0,0,5.98611426162911,5.36492523419337,4.02585219517457,8.5393014226742,4.67612629867817,9.0411023084595,0,0,392.704061781465,348.806856660878,363.177568416478,819.350816120254,496.355288232691,979.106112145583,0,0,15.0882435925083,13.4017202146064,13.9019144368642,31.3447520137259,18.9319193768723,37.3297285791401,0,0,0,0,50.9862169306456,117.341468427873,58.2860562064961,108.935920301936,0,0,0,0,0,0,0,0,0,0,236.710545830739,112.693037769187,397.106011958142,354.847834395861
"136",2001,2268,11.25,6342.02287014145,5320.02921469971,1396.11411820271,2688.99187174123,773.218857510959,1300.05264231842,0,0,0,0,0,0,0,0,0,0,0,0,2.28245396341845,4.5007607290423,1.43693132281819,2.42517142189725,0,0,0,0,0,0,0,0,0,0,3081.2528267286,2576.67292187058,528.6962124091,1062.91919539074,333.874200183927,605.946054904712,0,0,118.386661047724,98.9998941944044,20.3758036457877,40.9695867888246,12.8644503462384,23.3472465004136,0,0,23905.0357438926,19909.2535395823,4624.77499221612,9055.19066471446,3175.00130534493,5486.9621180501,0,0,918.451181061805,764.946054543475,179.989654313881,353.172309100421,124.751387004481,216.009348709522,0,0,0,0,8.17670610393058,16.4035914957802,5.9782606898435,10.3883574770125,0,0,0,0,0,0,0,0,0,0,156.318274233887,139.880218993493,105.879948789115,224.786803316531,124.100462876181,240.327958494325,0,0,6.00598074971869,5.37442240873811,4.0532129088919,8.60024199998417,4.73284438914404,9.16313400499184,0,0,390.917459174234,346.78693430867,364.161460063536,822.001074580073,500.306367570266,988.383904524256,0,0,15.0196007982155,13.3241115105548,13.9397621385533,31.4465263898981,19.0830393717211,37.6843264941444,0,0,0,0,51.1701232250775,117.874650779376,58.7824614665196,110.029534076583,0,0,0,0,0,0,0,0,0,0,238.897087674152,113.676616008249,403.894365514875,361.663429167457
"137",2001,2268,11.3333333333333,6326.00449309766,5300.86898751175,1396.7676675191,2690.40115475701,775.356829899644,1304.60365405071,0,0,0,0,0,0,0,0,0,0,0,0,2.28404929948231,4.50435493917828,1.44141480676853,2.43453255423561,0,0,0,0,0,0,0,0,0,0,3095.23244175107,2584.90107632399,532.827454529519,1071.65476835385,338.205478511064,614.723319275055,0,0,118.923780212658,99.3160330467162,20.5350414195947,41.3063572096314,13.0313363466029,23.6854342092289,0,0,23860.2185830769,19844.3222417894,4627.44692784094,9062.563188145,3192.01427382637,5523.66160239773,0,0,916.729415041828,762.451282391388,180.099338615473,353.476652190859,125.428064115253,217.470899237163,0,0,0,0,8.18766427683747,16.4310202363504,6.01464271222827,10.4657440668917,0,0,0,0,0,0,0,0,0,0,156.837964857338,140.132544658618,106.592225775345,226.378187061444,125.586300746341,243.541843810099,0,0,6.02594826211105,5.38411715629543,4.08057939844159,8.66133905118239,4.78968908726799,9.28603094306057,0,0,389.154489747298,344.790001523793,365.130870037162,824.608083601558,504.241391881999,997.646069564812,0,0,14.9518660085743,13.247386103356,13.9770623112659,31.546662960339,19.2335610723027,38.0383604770868,0,0,0,0,51.3500681726403,118.398866123513,59.2762103230443,111.12107969859,0,0,0,0,0,0,0,0,0,0,241.090892334958,114.661952117299,410.752237187838,368.554950990839
"138",2001,2268,11.4166666666667,6309.95738007605,5281.79374958453,1397.31348124649,2691.59619748021,777.422956303935,1309.03283693998,0,0,0,0,0,0,0,0,0,0,0,0,2.28554143699704,4.50771743224068,1.44576993597539,2.44367676557585,0,0,0,0,0,0,0,0,0,0,3109.29088048502,2593.17732126182,536.970605251452,1080.41262128925,342.566264377215,623.574931415591,0,0,119.463927910639,99.634019612344,20.6947387705238,41.6439873981341,13.1993589520072,24.0264859693572,0,0,23815.7790425903,19779.937868334,4629.99469162562,9069.64019834046,3208.88684376747,5560.19914988258,0,0,915.022156597426,759.977524014488,180.20408444869,353.769254632397,126.099218105129,218.926127555127,0,0,0,0,8.19859173284462,16.4582302082173,6.05082653568246,10.5429649236672,0,0,0,0,0,0,0,0,0,0,157.360381044492,140.389781358985,107.304859204813,227.973342756817,127.076249846478,246.778440840342,0,0,6.04602049395055,5.39400059376157,4.10796167350081,8.72258530519419,4.84669560993288,9.4098044751893,0,0,387.414856251534,342.816089890475,366.08579020958,827.172468380715,508.159223961434,1006.8914643389,0,0,14.8850278029547,13.1715452065193,14.0138145960083,31.6451855590433,19.3834412067013,38.3917871861777,0,0,0,0,51.5261209686063,118.914198616456,59.7672358459567,112.210403586105,0,0,0,0,0,0,0,0,0,0,243.291997354214,115.64908145253,417.679765893515,375.52285485496
"139",2001,2268,11.5,6293.88146698989,5262.80248107625,1397.75349956539,2692.5805158086,779.416852031007,1313.33925015433,0,0,0,0,0,0,0,0,0,0,0,0,2.28691832052037,4.51082765314874,1.44999645115607,2.45260280576973,0,0,0,0,0,0,0,0,0,0,3123.42673655345,2601.50076938105,541.125063461088,1089.19143417305,346.955906652465,632.499948714314,0,0,120.007050106415,99.9538197996875,20.8548725534691,41.9824265633745,13.3684931754993,24.3703656221439,0,0,23771.7153630739,19716.0968082286,4632.42145072693,9076.42809834239,3225.6194384206,5596.57418029078,0,0,913.329338134542,757.524640672483,180.30401493691,354.050363648299,126.764861971402,220.375003813965,0,0,0,0,8.20946333253733,16.4851838102277,6.08681476283103,10.6200215247436,0,0,0,0,0,0,0,0,0,0,157.885603816231,140.651715089575,108.018048207709,229.572075042384,128.57102963525,250.037934469174,0,0,6.06620055818474,5.40406449871989,4.13536731931421,8.78397324530066,4.90389145757905,9.53446183321421,0,0,385.698261867929,340.865195991349,367.026247382591,829.694798611853,512.058891530027,1016.11899182021,0,0,14.8190747772562,13.0965886887367,14.0500199618022,31.7421158813514,19.5326427889955,38.7445650290842,0,0,0,0,51.6983448426823,119.420724302417,60.2554733343796,113.297354713536,0,0,0,0,0,0,0,0,0,0,245.50044149281,116.63803782083,424.677124566656,382.567597827811
"140",2001,2268,11.5833333333333,6277.77669312463,5243.89416603645,1398.08962764792,2693.35757557795,781.338167366162,1317.52200639691,0,0,0,0,0,0,0,0,0,0,0,0,2.28817046712104,4.51366941621998,1.45409392277547,2.46130922803032,0,0,0,0,0,0,0,0,0,0,3137.63873383966,2609.87064226749,545.290292174408,1097.99002661914,351.373789892594,641.497505000858,0,0,120.55309776954,100.275403700828,21.0154220847201,42.3216292706869,13.5387153903633,24.717039929087,0,0,23728.0256912798,19652.7954019352,4634.73027868781,9082.93312192387,3242.21248143864,5632.78612160743,0,0,911.650888451791,755.092491759683,180.399249618173,354.320220024095,127.425008792044,221.817498545108,0,0,0,0,8.22025900003307,16.5118512216727,6.12260926245797,10.6969144270462,0,0,0,0,0,0,0,0,0,0,158.413700674506,140.918148087255,108.731939789636,231.17418660464,130.071190409283,253.320421450209,0,0,6.08649104834302,5.41430127279315,4.16280192839316,8.84549527937166,4.96129766496116,9.66000686025163,0,0,384.004412230657,338.937286124248,367.952296782488,832.175595705868,515.939560948048,1025.3275936893,0,0,14.7539956216371,13.0225152551091,14.0856804573726,31.837473760394,19.6811341143444,39.0966538835873,0,0,0,0,51.8667979807823,119.918512537308,60.7408602046314,114.381784536169,0,0,0,0,0,0,0,0,0,0,247.716264563022,117.628853573991,431.744513466519,389.689637526473
"141",2001,2268,11.6666666666667,6261.64301224585,5225.06780172144,1398.32373918971,2693.93079867791,783.186588134349,1321.58027345032,0,0,0,0,0,0,0,0,0,0,0,0,2.28929049170381,4.51623011998795,1.45806181736065,2.46979447196191,0,0,0,0,0,0,0,0,0,0,3151.92567791605,2618.28622864951,549.465803052028,1106.8073230839,355.819325688601,650.566787319241,0,0,121.102025008197,100.598743987572,21.176368548027,42.661554107273,13.7100029993415,25.0664776820255,0,0,23684.7081114587,19590.0299672718,4636.92416460294,9089.16135135908,3258.66640079787,5668.83441770231,0,0,909.986733946388,752.680935800386,180.489904798326,354.579058792516,128.079671878391,223.253582961698,0,0,0,0,8.23096277629831,16.5382089851118,6.15821136662336,10.773643517652,0,0,0,0,0,0,0,0,0,0,158.944727497168,141.188897629272,109.446641171878,232.779483107297,131.577148895263,256.625931372328,0,0,6.10689411133906,5.42470389547958,4.19026957212674,8.90714392830291,5.01893016128641,9.78644081564764,0,0,382.33301740633,337.032301532164,368.864015016762,834.615340663068,519.800508762598,1034.51624259184,0,0,14.6897791965598,12.9493226480905,14.1207989423966,31.9312774688431,19.8288876716602,39.4480147974003,0,0,0,0,52.031534523461,120.407627513318,61.2233358470877,115.463546882559,0,0,0,0,0,0,0,0,0,0,249.93950723797,118.621559725617,438.882153006852,396.889430515239
"142",2001,2268,11.75,6245.48039975578,5206.32240455832,1398.45767885636,2694.30356718679,784.961835953905,1325.51327515734,0,0,0,0,0,0,0,0,0,0,0,0,2.29027275098893,4.51850015437739,1.46189954238142,2.47805692060315,0,0,0,0,0,0,0,0,0,0,3166.28642532484,2626.74685802983,553.651146051971,1115.64232959727,360.291946940627,659.707020598652,0,0,121.653787888909,100.923814898342,21.3376945976994,43.0021627897849,13.8823342158452,25.4186491160495,0,0,23641.7606650406,19527.7968154748,4639.00601941249,9095.11872941814,3274.98163123971,5704.71853305226,0,0,908.336799370311,750.289831066015,180.576093793243,354.827109695357,128.728864870388,224.683229144321,0,0,0,0,8.24156210939501,16.5642389333506,6.19362200447842,10.8502081831803,0,0,0,0,0,0,0,0,0,0,159.478729886465,141.463794822011,110.162228129968,234.387775352155,133.089213588286,259.954440482127,0,0,6.12741149928198,5.43526587761512,4.2177731194721,8.96891190854932,5.07680073841737,9.91376290571198,0,0,380.683792938581,335.150162227643,369.761495278895,837.014480527658,523.641101323309,1043.68393718454,0,0,14.6264145729251,12.8770077944267,14.155378904574,32.0235439663127,19.9758793646564,39.7986097957475,0,0,0,0,52.1926053042121,120.888129391523,61.7028415296483,116.542497890627,0,0,0,0,0,0,0,0,0,0,252.170210899551,119.616186052618,446.090278660905,404.167431275183
"143",2001,2268,11.8333333333333,6229.28885799262,5187.65701452818,1398.49326427709,2694.47922665709,786.663668286756,1329.32029204704,0,0,0,0,0,0,0,0,0,0,0,0,2.29111304757432,4.52047240569246,1.46560648065285,2.48609494455087,0,0,0,0,0,0,0,0,0,0,3180.71986090853,2635.25188129197,557.845901369258,1124.49411566697,364.791103367779,668.917455799851,0,0,122.208343565541,101.250591493045,21.4993840493978,43.3434194702938,14.0556878924729,25.7735254556157,0,0,23599.1813650897,19466.092262799,4640.97868101575,9100.81106895913,3291.15861603439,5740.4379560977,0,0,906.701008385668,747.919036020813,180.657927125415,355.064597552343,129.372601805413,226.106410173619,0,0,0,0,8.25204726519021,16.5899272931167,6.22884180597747,10.9266074407066,0,0,0,0,0,0,0,0,0,0,160.015744282982,141.742683410941,110.878751512449,235.998880388905,134.607605165031,263.305882323922,0,0,6.14804461227575,5.44598121564967,4.24531448610836,9.03079217448888,5.13491783085313,10.0419706922969,0,0,379.056460462542,333.290770155748,370.644843594214,839.373434004833,527.460778350588,1052.82969846392,0,0,14.5638910556804,12.8055669266818,14.1894243164586,32.1142891147149,20.1220878839969,40.1484017385865,0,0,0,0,52.3500584566046,121.36007523384,62.1793203212752,117.618495962619,0,0,0,0,0,0,0,0,0,0,254.408417503757,120.612761188525,453.369136868519,411.524091423187
"144",2001,2268,11.9166666666667,6213.06842028302,5169.07069848651,1398.43228781667,2694.46108895138,788.291878263409,1333.00066157683,0,0,0,0,0,0,0,0,0,0,0,0,2.29180837703254,4.52214183197532,1.46918201744809,2.49390693686754,0,0,0,0,0,0,0,0,0,0,3195.2248800469,2643.80065558939,562.049672747022,1133.36179933445,369.316257690298,678.197360127679,0,0,122.765649596817,101.579049072489,21.6614216235153,43.6852901631146,14.2300433752455,26.1310785398461,0,0,23556.9682076352,19404.9126393665,4642.84491883117,9106.24406135224,3307.1978083088,5775.99220170551,0,0,905.079284000041,745.568409661827,180.735512699072,355.291742584541,130.010897169953,227.523100227915,0,0,0,0,8.26241082484212,16.615263917479,6.26387118563982,11.002840043367,0,0,0,0,0,0,0,0,0,0,160.55579894949,142.025418626897,111.596242634418,237.612622176422,136.132473609179,266.680156501831,0,0,6.16879453622024,5.45684434731925,4.2728948406019,9.09277794367303,5.19328717010239,10.1710604293085,0,0,377.450748052362,331.454011929674,371.514175728856,841.692596362086,531.25903921166,1061.95256685999,0,0,14.5021981971727,12.7349956883451,14.2229395176328,32.203527866262,20.2674941829911,40.4973542075386,0,0,0,0,52.5039399278342,121.823519787948,62.6527170248606,118.691401727397,0,0,0,0,0,0,0,0,0,0,256.654169457571,121.611312711164,460.718981626791,418.959859082288
"145",2002,2268,12,6197.0988708209,5150.56378749617,1398.62022415884,2694.75998378599,789.820782161092,1336.41629542262,0,0,0,0,0,0,0,0,0,0,0,0,2.29234378346495,4.52331483567181,1.47257564472869,2.50123062794381,0,0,0,0,0,0,0,0,0,0,3209.75850141288,2652.30252213817,566.303933221711,1142.26830320227,373.85223608384,687.470590662431,0,0,123.324054571419,101.905704381217,21.8253997228549,44.0286483551532,14.4048162523142,26.4883750242955,0,0,23515.0879297524,19343.7528693183,4645.08350288165,9111.88240189005,3322.98903129236,5810.77791076794,0,0,903.470348467586,743.218546145107,180.827208960479,355.526120894622,130.639414867966,228.909521842588,0,0,0,0,8.2725495206802,16.6394447277996,6.29849646944416,11.0777489674618,0,0,0,0,0,0,0,0,0,0,161.093294289046,142.282728762585,112.311474485016,239.170456218549,137.641409709923,269.94126584337,0,0,6.18944612690099,5.46673060667329,4.30039161517019,9.15263089557856,5.25105384732535,10.2958451366035,0,0,375.861002978767,329.628533198143,372.368529537607,843.935663047993,535.017465074219,1070.9373034854,0,0,14.4411188115754,12.664857826992,14.2558882545072,32.2898723119069,20.4113956131795,40.8410726229981,0,0,0,0,52.6534117763481,122.272160668294,63.1208475252705,119.748609197686,0,0,0,0,0,0,0,0,0,0,258.918696940478,122.642209868064,468.176820653861,426.703180053602
"146",2002,2268,12.0833333333333,6181.40817044959,5132.15048488764,1399.07079779835,2695.40009440052,791.257020480721,1339.57087846711,0,0,0,0,0,0,0,0,0,0,0,0,2.29286609508572,4.52424236785787,1.47578682600672,2.50805387389116,0,0,0,0,0,0,0,0,0,0,3224.27083484509,2660.71098199748,570.598841865675,1151.18960406757,378.386616564046,696.708978426675,0,0,123.881641629562,102.228770855563,21.9909408764119,44.3725715646042,14.5795290199673,26.8443317240106,0,0,23473.5699358414,19282.6149192237,4647.71749144009,9117.75510999125,3338.53964447981,5844.77437406827,0,0,901.875331538454,740.869521029448,180.933913944294,355.768854554575,131.25843208092,230.264834861399,0,0,0,0,8.28269733303874,16.6628272415558,6.33270648292289,11.1512552949913,0,0,0,0,0,0,0,0,0,0,161.628379301706,142.516202961802,113.027326443524,240.684681079852,139.137411097936,273.105556933413,0,0,6.21000510903638,5.47570105116897,4.3279151378525,9.21082171454008,5.30833205358698,10.4169477025584,0,0,374.290157574816,327.814167253569,373.211189627247,846.098287346315,538.73576300748,1079.76017905461,0,0,14.3807655634893,12.5951469374516,14.2883964049279,32.3731562996869,20.553781005987,41.1786517679205,0,0,0,0,52.7985626550624,122.705840251449,63.5835970831427,120.789189090361,0,0,0,0,0,0,0,0,0,0,261.202621256249,123.706985988758,475.744275833101,434.766453501504
"147",2002,2268,12.1666666666667,6165.70238406168,5113.83172660192,1399.41941657033,2695.84451716912,792.629775412506,1342.61274103945,0,0,0,0,0,0,0,0,0,0,0,0,2.29340955484894,4.52516504598467,1.47887227778255,2.51465730022627,0,0,0,0,0,0,0,0,0,0,3238.79966009691,2669.11550315347,574.888767788906,1160.09723331724,382.933454646993,705.988324733632,0,0,124.439862329788,102.551685998628,22.1562929455077,44.7159734330597,14.7547230224643,27.2018689195128,0,0,23432.4496445025,19222.0310794842,4650.24260157649,9123.3785674727,3353.97027349459,5878.62127814168,0,0,900.295593767327,738.541785785932,181.036297752102,356.001665726478,131.872687245103,231.614230265557,0,0,0,0,8.29298680135927,16.6863075744061,6.3667309262819,11.2245779943852,0,0,0,0,0,0,0,0,0,0,162.166934062463,142.757189143715,113.747295785014,242.218541349449,140.644283813683,276.319003156889,0,0,6.23069740313951,5.48496011814875,4.35559814322694,9.26976820238161,5.36602978339143,10.5399352464529,0,0,372.744174069777,326.022606554875,374.044339332797,848.220267184285,542.432902662396,1088.5388961168,0,0,14.321367530454,12.5263122627738,14.3205467983169,32.4549010264003,20.6953740458315,41.5145802184727,0,0,0,0,52.9404275688034,123.131423597946,64.0431771780543,121.826143712962,0,0,0,0,0,0,0,0,0,0,263.494144124511,124.773536443014,483.382729870502,442.909386871466
"148",2002,2268,12.25,6149.97928651494,5095.60461300421,1399.66756528357,2696.09581545351,793.938418928877,1345.54073141329,0,0,0,0,0,0,0,0,0,0,0,0,2.29394294455015,4.52603035298092,1.48183470032898,2.52104417534123,0,0,0,0,0,0,0,0,0,0,3253.35424487908,2677.52423595641,579.176343591243,1168.99619939871,387.495059931929,715.312576477438,0,0,124.999072752363,102.874762959904,22.321556842705,45.0590459589035,14.9304868950213,27.561138052152,0,0,23391.7180563924,19161.9917230476,4652.66027522455,9128.75556855441,3369.28002979398,5912.31606664481,0,0,898.730789392558,736.234970527277,181.134416446223,356.224662114229,132.482143366626,232.957602572995,0,0,0,0,8.30336325674641,16.7097986082132,6.40057297089436,11.2977183482566,0,0,0,0,0,0,0,0,0,0,162.708748347367,143.00504656577,114.470461555945,243.768191737625,142.160683136299,279.575619068598,0,0,6.25151493208861,5.494483189256,4.38340526951729,9.3293230241964,5.42409561669605,10.6645793116522,0,0,371.222113284413,324.25348916998,374.867845129964,850.303459957133,546.108432493014,1097.2759579832,0,0,14.2628886279971,12.4583398969373,14.352334196833,32.5351773051632,20.8361574520986,41.848953383393,0,0,0,0,53.0790744103448,123.549004480286,64.499530130004,122.859326615057,0,0,0,0,0,0,0,0,0,0,265.793313045873,125.841914892622,491.092635090014,451.133077062231
"149",2002,2268,12.3333333333333,6134.23717868431,5077.46668944958,1399.81680278051,2696.15671433199,795.182422460359,1348.35385770106,0,0,0,0,0,0,0,0,0,0,0,0,2.29444059052941,4.52679494290686,1.48467594343645,2.52721663047629,0,0,0,0,0,0,0,0,0,0,3267.94167330286,2685.94348685474,583.463565886702,1177.89029971566,392.073135938944,724.684706774589,0,0,125.559545080172,103.198244043225,22.486809087436,45.4019346883573,15.1068860152627,27.9222532021532,0,0,23351.3676245098,19102.4884750817,4654.97220268157,9133.88940949734,3384.46828253282,5945.85662360801,0,0,897.180628452947,733.948753478535,181.228335740751,356.437970986441,133.086773519977,234.294863505019,0,0,0,0,8.31378225834461,16.7332295643236,6.43423511602398,11.370677148476,0,0,0,0,0,0,0,0,0,0,163.253661264064,143.259219243689,115.19613251448,245.330559272766,143.685604150484,282.870580756532,0,0,6.27245151415965,5.50424890268266,4.41130997371951,9.38936844435529,5.4824911454027,10.7906958235817,0,0,369.723171164905,322.506520636599,375.681571328118,852.349371402059,549.761897121813,1105.97324028086,0,0,14.2052979633563,12.3912185262188,14.3837532658657,32.6140424632136,20.9761137718139,42.1818426843666,0,0,0,0,53.2145640945214,123.958668073258,64.9526031759287,123.888599253873,0,0,0,0,0,0,0,0,0,0,268.100172987974,126.912170607825,498.874385367467,459.438479794267
"150",2002,2268,12.4166666666667,6118.47479472528,5059.41586752787,1399.86874349154,2696.03006427253,796.361345360542,1351.0512690901,0,0,0,0,0,0,0,0,0,0,0,0,2.29488156489939,4.52742335721462,1.4873971930055,2.53317590892377,0,0,0,0,0,0,0,0,0,0,3282.56725405553,2694.37806483012,587.751915304961,1186.78234887964,396.668892698781,734.106891998595,0,0,126.121483281469,103.522314017357,22.6521064083971,45.7447474699843,15.2839668217127,28.2852978781462,0,0,23311.3919813726,19043.5139819668,4657.18026455001,9138.78377572109,3399.53461329634,5979.24119883259,0,0,895.644866305577,731.682852101403,181.318128754241,356.641734801243,133.686559090621,235.625939086976,0,0,0,0,8.32420797582885,16.7565434517501,6.46771929679573,11.4434547552238,0,0,0,0,0,0,0,0,0,0,163.80155067833,143.51922374932,115.923796718332,246.903200532002,145.218303529522,286.200015157134,0,0,6.2935024567769,5.51423868434343,4.43929259589877,9.44981085249147,5.54118797591291,10.918137032702,0,0,368.246654777719,320.781456608487,376.485388073209,854.359220391478,553.392851815962,1114.63210392806,0,0,14.1485689131695,12.3249387624341,14.414798884257,32.6915428287593,21.1152259386107,42.51329987644,0,0,0,0,53.3469516332417,124.360492324317,65.4023478134212,124.913829972103,0,0,0,0,0,0,0,0,0,0,270.414766911137,127.984348964455,506.72832908385,467.826434030785
"151",2002,2268,12.5,6102.69121420083,5041.45035060526,1399.82504026555,2695.71880708293,797.474823431044,1353.63223723814,0,0,0,0,0,0,0,0,0,0,0,0,2.29524888992633,4.52788673921342,1.48999914573413,2.53892259981054,0,0,0,0,0,0,0,0,0,0,3297.23490614447,2702.83160798091,592.042470364881,1195.67439516217,401.28315437955,743.580681413092,0,0,126.685037930784,103.847112663856,22.8174901109643,46.087562756699,15.4617609422219,28.6503315232197,0,0,23271.7856811062,18985.0616930491,4659.28647749164,9143.44263598588,3414.47877268911,6012.46833596573,0,0,894.123293716637,729.437014708835,181.403873909285,356.836107103193,134.281488088781,236.95076685187,0,0,0,0,8.33461160663498,16.7796945643524,6.50102699054056,11.5160511592308,0,0,0,0,0,0,0,0,0,0,164.352323335924,143.784637187868,116.653074873181,248.484165878899,146.758227631678,289.560798882353,0,0,6.31466417697879,5.52443628594158,4.46733856792023,9.51057555848935,5.60016497386274,11.0467838221859,0,0,366.79195955949,319.078087195387,377.279177669714,856.334000619131,557.000873680195,1123.25350275087,0,0,14.0926782493832,12.2594925412537,14.4454663897679,32.7677160981832,21.2534777055494,42.8433611626193,0,0,0,0,53.4762871954737,124.754549309334,65.8487191538505,125.934892986279,0,0,0,0,0,0,0,0,0,0,272.737136251921,129.058491951927,514.654780935778,476.297685334868
"152",2002,2268,12.5833333333333,6086.88579289034,5023.56857529232,1399.68737085827,2695.2259490437,798.522559752323,1356.09614147158,0,0,0,0,0,0,0,0,0,0,0,0,2.29552887894474,4.52816176455933,1.49248214666763,2.54445682276399,0,0,0,0,0,0,0,0,0,0,3311.94746294297,2711.30684040148,596.335997615556,1204.56789162909,405.916445033915,753.107132332091,0,0,127.250317890851,104.172744646786,22.9829895344233,46.4304361696561,15.6402884833091,29.017394699004,0,0,23232.5439960348,18927.1256887776,4661.29295147348,9147.8701588407,3429.30064575344,6045.53681502283,0,0,892.615729046221,727.211013861774,181.485653276823,357.021249283123,134.871553806173,238.269293605905,0,0,0,0,8.34497008506561,16.8026464354324,6.53415930455837,11.5884660363607,0,0,0,0,0,0,0,0,0,0,164.90590713507,144.055087406545,117.383684324813,250.071891747968,148.304957333939,292.950397806586,0,0,6.33593390451433,5.53482740876961,4.49543703088675,9.57160266301055,5.65940615037023,11.1765395747882,0,0,365.35855135251,317.396225099826,378.062838613759,858.274529709258,560.58556862541,1131.83806937837,0,0,14.0376054490314,12.194872666399,14.4757517360522,32.842593220296,21.390853915051,43.1720504770996,0,0,0,0,53.602616980443,125.140906361709,66.2916754045038,126.951667578215,0,0,0,0,0,0,0,0,0,0,275.067321290422,130.134638595636,522.654030836793,484.852904444514
"153",2002,2268,12.6666666666667,6071.05811166598,5005.76916819643,1399.45742812845,2694.55454127391,799.504317747649,1358.44245769715,0,0,0,0,0,0,0,0,0,0,0,0,2.29571059577121,4.5282297573277,1.49484629122036,2.54977836565268,0,0,0,0,0,0,0,0,0,0,3326.70689669493,2719.80576171761,600.633018246183,1213.46382207842,410.569052166861,762.686909513678,0,0,127.817398938434,104.499286794965,23.1486246067295,46.7734053286575,15.8195604689387,29.3865128981583,0,0,23193.6627664088,18869.7005536268,4663.20185854427,9152.07065141641,3444.00022631366,6078.44560967941,0,0,891.122012474724,725.004641486654,181.563551366634,357.197328203891,135.456753819444,239.581473768601,0,0,0,0,8.35526505668265,16.8253702074723,6.56711704985791,11.660698801466,0,0,0,0,0,0,0,0,0,0,165.462245526301,144.330245284331,118.115414020196,251.665120325852,149.858170381183,296.366746439752,0,0,6.35730946667625,5.5453994074694,4.52357987376476,9.63284397873539,5.71889921969937,11.3073255620976,0,0,363.945953009607,315.735697469148,378.836286938159,860.181486396095,564.146573587778,1140.3861811679,0,0,13.9833321795761,12.1310724965847,14.5056515458179,32.9161998223513,21.5273405857375,43.4993820037333,0,0,0,0,53.7259839301781,125.51962701666,66.7311774772459,127.964037489434,0,0,0,0,0,0,0,0,0,0,277.405361400744,131.212825302789,530.72634974175,493.492701234508
"154",2002,2268,12.75,6055.20793542737,4988.05091123301,1399.13691224132,2693.70766402321,800.419915461306,1360.67074931993,0,0,0,0,0,0,0,0,0,0,0,0,2.29578539727434,4.52807593865486,1.49709150617861,2.55488679438436,0,0,0,0,0,0,0,0,0,0,3341.51449885425,2728.32979905071,604.933861709432,1222.36280234342,415.241078161114,772.320365666856,0,0,128.386330693258,104.826793940681,23.314407901207,47.1164937377086,15.9995808136146,29.7576996325747,0,0,23155.1382796363,18812.7812740316,4665.0154079379,9156.0485104415,3458.57759616636,6111.19385246545,0,0,889.642001362778,722.817704953873,181.637654162642,357.364514299736,136.03708918178,240.88726802021,0,0,0,0,8.36548202399283,16.8478432708192,6.59990080273539,11.7327486551395,0,0,0,0,0,0,0,0,0,0,166.02129307757,144.609818259966,118.84810500216,253.262834650317,151.417612377002,299.808149977349,0,0,6.37878911790544,5.55614104136763,4.5517609844984,9.69426054279056,5.77863448812253,11.4390772010863,0,0,362.553733576238,314.096339744592,379.599456604285,862.05544068579,567.683557017182,1148.89801391027,0,0,13.9298418832679,12.0680857091903,14.5351631270662,32.988557366686,21.6629249324693,43.8253622270449,0,0,0,0,53.8464283277551,125.890771810933,67.1671886687394,128.971890428028,0,0,0,0,0,0,0,0,0,0,279.751295239298,132.293086159747,538.871994021902,502.217636025964
"155",2002,2268,12.8333333333333,6039.33518094814,4970.41271449121,1398.72752467057,2692.68841448122,801.26922093151,1362.78065997267,0,0,0,0,0,0,0,0,0,0,0,0,2.29574655121385,4.5276887955946,1.49921761200292,2.55978153781404,0,0,0,0,0,0,0,0,0,0,3356.37102120559,2736.8799257563,609.238707697921,1231.26515950655,419.932480675091,782.007604720795,0,0,128.95714204009,105.15530348181,23.4803462465573,47.4597138233621,16.1803478725305,30.1309588605223,0,0,23116.9671757385,18756.3631584621,4666.73582684175,9159.8081842095,3473.03290866282,6143.78080715751,0,0,888.175566618776,720.65002400695,181.708048377442,357.522980100022,136.61256378509,242.186642229077,0,0,0,0,8.37560964643267,16.8700481448745,6.63251095549162,11.8046146241618,0,0,0,0,0,0,0,0,0,0,166.583012076324,144.893544975501,119.581635827025,254.864207505722,152.983075454719,303.273206684521,0,0,6.40037140923739,5.56704226867215,4.57997569016274,9.75582065818407,5.83860403712881,11.5717410883348,0,0,361.181499747888,312.477991240919,380.35229908553,863.896877762253,571.196217959091,1157.37358475179,0,0,13.8771194489275,12.0059061304222,14.5642844580065,33.0596840672342,21.797595332054,44.1499915707915,0,0,0,0,53.96398829265,126.254398952509,67.5996744059656,129.975117678868,0,0,0,0,0,0,0,0,0,0,282.105160877925,133.375453185111,547.091208559339,511.028228523467
"156",2002,2268,12.9166666666667,6023.43989184151,4952.85359512419,1398.23096364164,2691.49989740739,802.052148445381,1364.77190770364,0,0,0,0,0,0,0,0,0,0,0,0,2.29558891671896,4.52705955048137,1.50122437027193,2.5644619528112,0,0,0,0,0,0,0,0,0,0,3371.27678561116,2745.45675364443,613.547618756639,1240.17099336346,424.643104113246,791.748531105187,0,0,129.529845345392,105.484838925072,23.64644197773,47.8030692922654,16.3618556492996,30.5062868773056,0,0,23079.1463737999,18700.4417751861,4668.36534571068,9163.35414334406,3487.36637584217,6176.20584701474,0,0,886.722589872998,718.501428371256,181.774820882729,357.672899093934,137.183183860096,243.479566606325,0,0,0,0,8.38563916700716,16.8919715588649,6.66494775834127,11.8762955968485,0,0,0,0,0,0,0,0,0,0,167.147369957359,145.181190835138,120.315911868256,256.468561418077,154.554382993945,306.760746743633,0,0,6.42205508947621,5.5780940758355,4.60822034633402,9.81749836081988,5.8988011383211,11.7052726638663,0,0,359.828889148209,310.880492072833,381.094782375918,865.706216857041,574.684284159372,1165.81278641106,0,0,13.8251509536823,11.9445276172221,14.593014149677,33.1295956127758,21.9313412511906,44.4732657036166,0,0,0,0,54.07870019094,126.610564881605,68.0286020446734,130.973613797841,0,0,0,0,0,0,0,0,0,0,284.466995893608,134.45995654572,555.384228844483,519.924964835885
"157",2003,2268,13,6007.55013708798,4935.38399723036,1397.66914472245,2690.17647099323,802.765590654531,1366.63439834799,0,0,0,0,0,0,0,0,0,0,0,0,2.29530445463093,4.52616563523837,1.50310576383846,2.56890877342055,0,0,0,0,0,0,0,0,0,0,3386.2301398504,2754.05632519224,617.862113934782,1249.08050380235,429.371057964232,801.53708706307,0,0,130.104377128208,105.815248216109,23.8127532579167,48.1465671498059,16.5440313105406,30.8834502753383,0,0,23041.6819822396,18644.996535213,4669.9273956907,9166.71102630672,3501.56492184999,6208.42363402195,0,0,885.28330583785,716.371126983461,181.838868519001,357.815199404698,137.748432905443,244.764248633948,0,0,0,0,8.39554820899461,16.9135430672907,6.69718583377112,11.9477041238593,0,0,0,0,0,0,0,0,0,0,167.713618411008,145.470679405922,121.049953224402,258.070627160165,156.128425707035,310.258647822743,0,0,6.44381140749199,5.58921668297301,4.63645745813252,9.87909203223948,5.95910712727891,11.8392094243752,0,0,358.495246449789,309.303108706668,381.826357350209,867.481042516328,578.145302082296,1174.20691255821,0,0,13.7739112190476,11.8839219860405,14.621331038361,33.1981992684358,22.064068910676,44.7948522512606,0,0,0,0,54.1904950965942,126.95886457343,68.4536793346424,131.966323145349,0,0,0,0,0,0,0,0,0,0,286.838144135677,135.548770996578,563.755922384759,528.926133545132
"158",2003,2268,13.0833333333333,5992.51677338681,4918.35361097126,1397.65103073893,2689.66240955884,803.324143560004,1368.08083848135,0,0,0,0,0,0,0,0,0,0,0,0,2.29486869476371,4.52470755152382,1.50469084445327,2.57256543561565,0,0,0,0,0,0,0,0,0,0,3401.13876970648,2762.51350629277,622.217642959886,1257.97851237075,434.054336428969,811.173661620637,0,0,130.677190528702,106.140186638455,23.9806382632546,48.4896078869614,16.7244869885173,31.2547603978308,0,0,23004.8667511328,18589.5511288344,4672.0646567359,9170.49823447982,3515.2376254593,6239.09639547976,0,0,883.868962832878,714.240819232842,181.924755839662,357.97308762472,138.292924101588,245.987930106577,0,0,0,0,8.40500647431375,16.9331912652599,6.72845675483211,12.0162320719975,0,0,0,0,0,0,0,0,0,0,168.260945402182,145.70797009852,121.759898823722,259.540801976799,157.622387841519,313.452408502596,0,0,6.46484073487532,5.59833376397737,4.66377475959499,9.93564390395111,6.01636094958266,11.9615498455874,0,0,357.173179795848,307.729185696959,382.532932345571,869.136596785733,581.512136360522,1182.28708882734,0,0,13.7231162392578,11.8234493079205,14.6486962011426,33.2622527663291,22.1932159479596,45.1044931435,0,0,0,0,54.2963801225078,127.285703620098,68.8670937807176,132.924464722237,0,0,0,0,0,0,0,0,0,0,289.257871639791,136.706464949856,572.344284529502,538.567293762398
"159",2003,2268,13.1666666666667,5977.4755871055,4901.41631270727,1397.5433460533,2688.98126769089,803.828314733001,1369.42647952652,0,0,0,0,0,0,0,0,0,0,0,0,2.2944874300127,4.52332175946819,1.50616227277407,2.57601600744881,0,0,0,0,0,0,0,0,0,0,3416.02365837275,2770.93644065981,626.558435011093,1266.84001952834,438.735980445484,820.821935656165,0,0,131.249091754716,106.463809246535,24.1479586637594,48.8312484587765,16.9048816809453,31.6265251040996,0,0,22968.4426005037,18534.6363430326,4674.11596537865,9174.09086846362,3528.80706342495,6269.62738427548,0,0,882.469644569122,712.130898836377,182.007231623306,358.123200652493,138.833274671306,247.205919613313,0,0,0,0,8.41460644767765,16.9529876442002,6.7595546196469,12.0845552680433,0,0,0,0,0,0,0,0,0,0,168.81234300874,145.952946525233,122.476027643763,261.034304976383,159.132146002307,316.703732086432,0,0,6.48602646033043,5.60774614327277,4.69133014543944,9.99309186052678,6.07422169049501,12.086095459381,0,0,355.874521695647,306.177232312117,383.232762784549,870.759441980764,584.852977410344,1190.3086434299,0,0,13.6732206368009,11.7638207386632,14.6758078439948,33.3250668492322,22.3213844827349,45.4119281072823,0,0,0,0,54.3996859994988,127.605566092673,69.2769691343323,133.877579606059,0,0,0,0,0,0,0,0,0,0,291.685507823687,137.866075713845,581.004769440694,548.293295342363
"160",2003,2268,13.25,5962.42370462333,4884.56871522246,1397.34721657161,2688.13491582759,804.277455761411,1370.67027208502,0,0,0,0,0,0,0,0,0,0,0,0,2.29412715873924,4.52195079006731,1.50752359231988,2.57926539297326,0,0,0,0,0,0,0,0,0,0,3430.89863706912,2779.33699167046,630.888559123786,1275.67312401246,443.419948567961,830.488900443354,0,0,131.820612223839,106.786571850267,24.3148705302623,49.171799506071,17.0853673101311,31.9990126703192,0,0,22932.3975933842,18480.2405219995,4676.08160445633,9177.48932350997,3542.27160252407,6300.01290301698,0,0,881.084892417395,710.040917958748,182.086306917963,358.265553589471,139.369419611975,248.418068707954,0,0,0,0,8.42429699861617,16.9728452748065,6.79048128434031,12.1526731869309,0,0,0,0,0,0,0,0,0,0,169.367393164593,146.204837946442,123.196786057961,262.546039605979,160.654724182443,320.003592150864,0,0,6.50735252112734,5.61742420780717,4.71906401678091,10.0512406089858,6.13257556785059,12.2125015000124,0,0,354.598156871413,304.646690710779,383.925738893068,872.351419368277,588.168128158354,1198.27553251866,0,0,13.6241815612362,11.7050148450982,14.7026615922099,33.3867116166516,22.4485858643707,45.7173077040106,0,0,0,0,54.5004626226796,127.918528974656,69.6832602399347,134.825540085011,0,0,0,0,0,0,0,0,0,0,294.121113264922,139.027662484971,589.738076967548,558.105541042353
"161",2003,2268,13.3333333333333,5947.35902571696,4867.80801202613,1397.06396015016,2687.12560863217,804.671086589363,1371.81144947169,0,0,0,0,0,0,0,0,0,0,0,0,2.2937603002375,4.52054712819493,1.50877737888192,2.5823171904741,0,0,0,0,0,0,0,0,0,0,3445.77424510915,2787.72429271114,635.211091551083,1284.48398375487,448.109202372167,840.179841704517,0,0,132.392156873353,107.108825368964,24.4814918483262,49.5114972168399,17.2660575448846,32.3724259373799,0,0,22896.7217464234,18426.3535211853,4677.96234381442,9180.69499273647,3555.63009150175,6330.25007129186,0,0,879.714322809202,707.970486829583,182.162011720023,358.400200468564,139.901312785944,249.624260931523,0,0,0,0,8.43403683299397,16.9926939885083,6.82123850642222,12.220585716253,0,0,0,0,0,0,0,0,0,0,169.92576200225,146.462980388486,123.921009032812,264.071991489257,162.187872393709,323.344799773716,0,0,6.52880608957911,5.62734244664749,4.74693168428252,10.1099363374544,6.1913365865442,12.3404934529754,0,0,353.343143096104,303.137104710738,384.611723143761,873.913990982648,591.457742726007,1206.19082522313,0,0,13.5759628109887,11.6470140999633,14.7292519937515,33.4472426160291,22.5748257211599,46.0207485645148,0,0,0,0,54.5987566409363,128.224668411141,70.0859305460574,135.768232916249,0,0,0,0,0,0,0,0,0,0,296.564738063783,140.19127754378,598.544731984289,568.00515503712
"162",2003,2268,13.4166666666667,5932.28005861909,4851.13190428477,1396.69499345104,2685.95580835855,805.008839752495,1372.84942820575,0,0,0,0,0,0,0,0,0,0,0,0,2.29336434416549,4.51907182594952,1.50992541921287,2.58517390625906,0,0,0,0,0,0,0,0,0,0,3460.65842425862,2796.10531744884,639.52832330819,1293.27721656912,452.805916808291,849.898703826614,0,0,132.964030838597,107.430837742064,24.6479104792595,49.8505186953178,17.447035869116,32.7469162824357,0,0,22861.4068090504,18372.9666572765,4679.75927781773,9183.70993145645,3568.88170902395,6360.33658855309,0,0,878.357618751285,705.919271821602,182.234388629509,358.527221092187,140.428920931686,250.824402478842,0,0,0,0,8.44379284547283,17.012477552884,6.85182780658947,12.2882928434501,0,0,0,0,0,0,0,0,0,0,170.48718342561,146.726803242497,124.647827271292,265.609009624315,163.729896373489,326.721653509745,0,0,6.55037694188103,5.6374789360856,4.77489980488219,10.1690583252374,6.25044001634813,12.4698536618104,0,0,352.10868678529,301.648102565871,385.2905661226,875.448304714157,594.721867407462,1214.05685415412,0,0,13.5285338955474,11.5898042201662,14.7555731356635,33.5067033547735,22.7001055473397,46.3223391780519,0,0,0,0,54.6946105258963,128.524055907199,70.4849487821522,136.705554345164,0,0,0,0,0,0,0,0,0,0,299.016427945973,141.356968187914,607.42516186109,577.993081835642
"163",2003,2268,13.5,5917.18576150419,4834.53846855799,1396.24179962691,2684.62812089655,805.290437666864,1373.78377043658,0,0,0,0,0,0,0,0,0,0,0,0,2.29292080674955,4.51749278346391,1.51096895365817,2.58783728937093,0,0,0,0,0,0,0,0,0,0,3475.55721781913,2804.48546248417,643.841973973972,1302.05631769972,457.511690630229,859.648444636966,0,0,133.536466312885,107.752816315591,24.8141923611275,50.1889979785091,17.6283636534886,33.1225972262367,0,0,22826.4457966324,18320.0723196434,4681.47372461469,9186.53665776952,3582.02587780777,6390.27058626071,0,0,877.014511889091,703.886980521759,182.303488947682,358.646713295969,140.952220324334,252.018416442099,0,0,0,0,8.45353822897206,17.032150482708,6.88225047595074,12.3557945314577,0,0,0,0,0,0,0,0,0,0,171.05144039342,146.995809078471,125.376576986707,267.154574391443,165.27948865931,330.129549295156,0,0,6.57205673899172,5.64781456406258,4.80294291926594,10.2285100476863,6.30983592292107,12.6004064055575,0,0,350.894103775847,300.179368446295,385.962120664077,876.955279871905,597.960487881205,1221.87540672333,0,0,13.4818685285262,11.5333730710067,14.7816191896934,33.5651285850506,22.8244245157207,46.6221472128662,0,0,0,0,54.788063453302,128.81675925832,70.8802878114495,137.637408125624,0,0,0,0,0,0,0,0,0,0,301.476225336706,142.52477761868,616.379725560422,588.070131805931
"164",2003,2268,13.5833333333333,5902.07547983402,4818.02610441865,1395.70591486205,2683.1452694306,805.515684526421,1374.61417056794,0,0,0,0,0,0,0,0,0,0,0,0,2.29241476416211,4.51578397729393,1.51190877944653,2.59030847489854,0,0,0,0,0,0,0,0,0,0,3490.47504949537,2812.86878030447,648.153277128818,1310.82382560686,462.22763022783,869.431173809663,0,0,134.109633262024,108.074916792591,24.9803847860075,50.5270323953682,17.8100833710643,33.4995497414045,0,0,22791.832804152,18267.6638154884,4683.10718461502,9189.1780707918,3595.06223089097,6420.0505703761,0,0,875.68477534806,701.873355781627,182.369371069309,358.758789778869,141.471195465931,253.206240576047,0,0,0,0,8.46325166360166,17.0516766714278,6.91250759410494,12.4230906922279,0,0,0,0,0,0,0,0,0,0,171.618357379525,147.269565520105,126.106765573164,268.706704468998,166.835663909569,333.564821949273,0,0,6.59383873694396,5.65833271798694,4.8310421344487,10.2882156074271,6.3694866913499,12.7320118367973,0,0,349.698803756462,298.730631158042,386.626245841922,878.435642462607,601.173545617594,1229.64780614715,0,0,13.4359440294624,11.4777102327681,14.8073845667206,33.6225456578199,22.9477801070855,46.9202226137258,0,0,0,0,54.8791517191227,129.102843051512,71.2719241991119,138.563704800848,0,0,0,0,0,0,0,0,0,0,303.944169766247,143.694745288466,625.408724236352,598.236999395312
"165",2003,2268,13.6666666666667,5886.94885693831,4801.5934600726,1395.08890983183,2681.51005778372,805.684453522824,1375.34043417267,0,0,0,0,0,0,0,0,0,0,0,0,2.29183421284838,4.51392440098508,1.51274538963851,2.59258817643404,0,0,0,0,0,0,0,0,0,0,3505.41511940125,2821.2583082407,652.463102366274,1319.58155984659,466.954470935362,879.248357024786,0,0,134.683654639508,108.397255872176,25.1465210802256,50.8646916916286,17.9922232507438,33.8778300832026,0,0,22757.5627414702,18215.7351503167,4684.66128283076,9191.63733641023,3607.99056233358,6449.67533627136,0,0,874.368213562132,699.878167282686,182.432098248903,358.863573670968,141.98583716861,254.387823986287,0,0,0,0,8.47291619222514,17.0710274908748,6.94260004314579,12.4901811308679,0,0,0,0,0,0,0,0,0,0,172.187789709479,147.547693396907,126.838021660259,270.263824387793,168.397665142446,337.024520581912,0,0,6.61571737714017,5.66901882951968,4.85918320713557,10.3481146564465,6.42936343603591,12.8645573913749,0,0,348.522268189205,297.301648710384,387.282813426585,879.889974200293,604.360961720808,1237.3750216575,0,0,13.3907404755317,11.4228064077692,14.8328641662201,33.6789764037431,23.0701690251864,47.2166018171171,0,0,0,0,54.9679092854099,129.382369274387,71.6598375514375,139.484360568168,0,0,0,0,0,0,0,0,0,0,306.420298468396,144.866907429657,634.512417044044,608.494289156755
"166",2003,2268,13.75,5871.80577296857,4785.23938161249,1394.39237709995,2679.72534542195,805.796678039463,1375.96246355141,0,0,0,0,0,0,0,0,0,0,0,0,2.29116958562723,4.51189725781694,1.51347906822612,2.59467681840114,0,0,0,0,0,0,0,0,0,0,3520.37967447383,2829.65629288635,656.772038710568,1328.33078343163,471.692660425931,889.100955681602,0,0,135.258616776253,108.719919872061,25.3126238042712,51.2020242579226,18.1748004765796,34.2574751486743,0,0,22723.6311524741,18164.2808779848,4686.13772965524,9193.91780933598,3620.81079338946,6479.14391024132,0,0,873.064655325233,697.901205774979,182.491737080983,358.961195509126,142.496141239434,255.563124853554,0,0,0,0,8.48251840293933,17.0901804062739,6.97252852740784,12.5570655233561,0,0,0,0,0,0,0,0,0,0,172.759616269564,147.82985821146,127.570062454092,271.824673669492,169.964902200163,340.50625278199,0,0,6.63768800622185,5.67986004673304,4.88735529051777,10.4081589128873,6.48944364501986,12.9979518302194,0,0,347.364035246056,295.892198374111,387.931710753595,881.318746388384,607.522650655873,1245.057746085,0,0,13.346240122788,11.3686530383875,14.858053487319,33.7344384329482,23.191587723132,47.5113107167896,0,0,0,0,55.0543681989182,129.655397812115,72.0440100568724,140.399296495669,0,0,0,0,0,0,0,0,0,0,308.90464678221,146.041297448175,643.691031254817,618.842533728045
"167",2003,2268,13.8333333333333,5856.64630103231,4768.96287655153,1393.61792224921,2677.79402972998,805.852345153839,1376.48024717591,0,0,0,0,0,0,0,0,0,0,0,0,2.2904133552292,4.5096892938296,1.51410995825306,2.59657463136989,0,0,0,0,0,0,0,0,0,0,3535.37020240549,2838.06435101668,661.080454345302,1337.07231882537,476.442418700076,898.989526636078,0,0,135.834576831779,109.042970911336,25.4787070441181,51.5390615794368,18.3578234894583,34.6385063027191,0,0,22690.034085334,18113.2959929194,4687.53829316366,9196.0229777506,3633.52294818548,6508.45550737798,0,0,871.773948806396,695.942278935967,182.548356426387,359.05179108859,143.002107534845,256.732108794971,0,0,0,0,8.49204779112168,17.1091178923253,7.00229359882149,12.6237434185987,0,0,0,0,0,0,0,0,0,0,173.333734274257,148.115763522525,128.302671902258,273.388241351481,171.536910457457,344.008070820725,0,0,6.6597466750271,5.69084497987852,4.91555009649684,10.468309651464,6.54970959990212,13.1321208892759,0,0,346.223688991309,294.502070176026,388.572841152202,882.722344630106,610.658527432828,1252.69645390318,0,0,13.3024269905357,11.3152420571067,14.8829486457881,33.7889460823502,23.3120326783559,47.8043668806677,0,0,0,0,55.1385589391433,129.921986886963,72.4244261468886,141.308437947452,0,0,0,0,0,0,0,0,0,0,311.397248434864,147.217946242954,652.944768800445,629.28220693881
"168",2003,2268,13.9166666666667,5841.47067009808,4752.76308306142,1392.76715640194,2675.71903101112,805.851490010983,1376.89385058189,0,0,0,0,0,0,0,0,0,0,0,0,2.28955969377967,4.50729022335373,1.51463811784438,2.59828173067032,0,0,0,0,0,0,0,0,0,0,3550.38759569376,2846.48360537669,665.388547229343,1345.80664644984,481.203789234599,908.91430787614,0,0,136.411569097268,109.366452127661,25.6447783529962,51.8758220148458,18.5412939497193,35.0209326648743,0,0,22656.7679827107,18062.7758390556,4688.86477578471,9197.95641650762,3646.12713293057,6537.60949534585,0,0,870.495957331428,694.001207871789,182.602026507782,359.13549964623,143.50373915222,257.894747454788,0,0,0,0,8.50149621520362,17.1278265068039,7.03189567794812,12.6902142393075,0,0,0,0,0,0,0,0,0,0,173.910054843867,148.405145193051,129.035682300975,274.953710517893,173.113316072636,347.528375022386,0,0,6.68188996867668,5.70196348038648,4.94376119000728,10.5285355774759,6.61014704620147,13.2670035858436,0,0,345.100850244492,293.131061644812,389.20612417604,884.101089617767,613.768513333464,1260.29144999267,0,0,13.2592865102698,11.2625656846453,14.9075463833004,33.8425112125228,23.4315006117283,48.0957814130435,0,0,0,0,55.2205107135098,130.182193430311,72.8010722051964,142.211714089444,0,0,0,0,0,0,0,0,0,0,313.898135777996,148.3968824877,662.273811762038,639.813734899853
"169",2004,2268,14,5826.24112212643,4736.52573143121,1391.91082636475,2673.59568413719,805.256388082726,1375.83669001299,0.555014590158258,1.34766316014491,0,0,0,0,0,0,0,0,0,0,2.28862992516462,4.50466388881172,1.51405221588065,2.59721788720355,0.001043799724799,0.00254448434512548,0,0,0,0,0,0,0,0,3565.43875872033,2854.89907244992,669.708073089214,1354.53999085616,485.652951491464,917.964485972132,0.336478395234133,0.90386252369482,136.989858850106,109.689787830371,25.8112902046606,52.2125434594123,18.7127346285129,35.3696599592283,0.0129648732280798,0.0348262892054862,22623.8238804685,18012.5479100671,4690.22395299984,9199.80221753294,3656.18042634971,6560.08582059402,2.5215121035525,6.42936814907647,869.230336466869,692.071364610864,182.656876420387,359.215513234334,143.904881668068,258.793819612895,0.0992466007350363,0.253640150089684,0,0,8.51094869058027,17.1461799466444,7.05661978774081,12.7438123739248,0.00487011929903404,0.0124983064894594,0,0,0,0,0,0,0,0,174.494778087947,148.69137918371,129.778068994995,276.511244999974,174.591444638714,350.697701515891,0.118759467773855,0.33913173649935,6.70435610480628,5.71296104205641,4.9723325592124,10.588460324885,6.66683535527165,13.3884951038822,0.00453485579748355,0.0129469006653315,343.995618756251,291.777378535914,389.835648319326,885.449352217039,616.440271496486,1266.58243676665,0.425385662304255,1.24191546625351,13.2168225147321,11.2105549832401,14.9320031501277,33.8949180752913,23.5342492353244,48.3374562714631,0.0162401919282584,0.0473959861871068,0,0,55.3008280187334,130.435141243201,73.1250424316004,142.966911982267,0.0504750779367999,0.140214792485065,0,0,0,0,0,0,0,0,316.399858651788,149.582427463531,671.649822384699,650.475452500732
"170",2004,2268,14.0833333333333,5810.80118443856,4719.89911193648,1391.22055660646,2671.64755771757,802.628414304213,1369.64426016085,3.15909882753726,7.66738810670157,0,0,0,0,0,0,0,0,0,0,2.28773220197608,4.50181164783366,1.50964011892652,2.58645115163067,0.00594977812582689,0.0144931928702775,0,0,0,0,0,0,0,0,3580.59843672163,2863.31169472294,674.088625346363,1363.32373982022,488.918200440445,923.663305689566,1.98109504805926,5.3232169378327,137.572317921807,110.013014231307,25.9801506289114,52.5511977006437,18.8385560722897,35.5892544592795,0.0763338242741376,0.205106501409132,22591.1126888663,17962.0936918417,4691.88311945002,9201.74756429411,3657.06406556811,6558.16544070837,14.4450429832921,36.8343944078269,867.973663212627,690.132827004571,182.723244767019,359.298908102685,143.944956914576,258.730143241981,0.568617935005532,1.45327640929383,0,0,8.52069802644824,17.1639792397908,7.06367105206005,12.7500634859266,0.0280121608075506,0.0718832530810973,0,0,0,0,0,0,0,0,175.102809204803,148.957731953213,130.551239211734,278.040354227649,175.681801570513,352.509105395503,0.642937338862002,1.8379554255723,6.72771776375341,5.72319473543419,5.00208473743538,10.6473001027981,6.70871975820002,13.4581518072764,0.024551293883015,0.070168684191017,342.905975530923,290.431600948885,390.471308508652,886.737030516384,617.544185950499,1268.08991940237,2.44451192972409,7.13264655116747,13.174957431331,11.1588480251999,14.9566979439296,33.945014402693,23.5771504840408,48.3965939140206,0.0933274454813959,0.272214122886579,0,0,55.3810274435071,130.678105475638,73.2625609457901,143.184486329201,0.290811290236127,0.807353014311175,0,0,0,0,0,0,0,0,318.88214168707,150.786240287761,680.983884325558,661.350086649226
"171",2004,2268,14.1666666666667,5795.26904701871,4703.28836797546,1390.4294691926,2669.51569893629,799.999722992025,1363.47497503793,5.72182798126943,13.8811825044162,0,0,0,0,0,0,0,0,0,0,2.286780153166,4.49886328106928,1.5052186763482,2.57571091189105,0.0107907188478419,0.0262668300086794,0,0,0,0,0,0,0,0,3595.84621650039,2871.78198209883,678.487988840353,1372.13753113721,492.208750820915,929.405255662472,3.70695211712144,9.96316756326297,138.158162004688,110.338456217712,26.14973477816,52.8910074084831,18.9653511356819,35.8105087391401,0.142833773598526,0.383888225111037,22558.6288371763,17912.0196640064,4693.44249355409,9203.48084906311,3657.9555917601,6556.30020832284,26.3354364478906,67.1592831105658,866.725723620567,688.208896978097,182.785676889796,359.373867279876,143.985153289236,258.668249636865,1.03678341914858,2.64998997398446,0,0,8.53041885403991,17.1817076772765,7.07074853045851,12.7564312577162,0.051268103980659,0.131556947949727,0,0,0,0,0,0,0,0,175.709649738192,149.228553424416,131.320100091519,279.578115692777,176.763729331673,354.339034706701,1.1125920225011,3.1831191507812,6.75103367764921,5.73360012355144,5.03167280611498,10.7064737300115,6.75028552001475,13.5285211718398,0.0424868855354199,0.121527613141491,341.829997426733,289.098418260995,391.098343217976,887.984106607966,618.622947645553,1269.51688704203,4.46223069074967,13.0133263689435,13.1336173702736,11.1076249839166,14.9810651682602,33.993564227229,23.6190991083592,48.45267238566,0.170364119970515,0.496659292871414,0,0,55.4589802483682,130.914610571531,73.3964875681081,143.39555724501,0.533150855440725,1.47924877424574,0,0,0,0,0,0,0,0,321.373050193632,151.992225778745,690.37503074192,672.282277999259
"172",2004,2268,14.25,5779.65622139384,4686.70190286112,1389.54197828575,2667.2082360671,797.370807680697,1357.32974109961,8.24341145662135,19.9896991138235,0,0,0,0,0,0,0,0,0,0,2.2857558737681,4.49578525947425,1.50078867926551,2.56499854495462,0.0155653441412591,0.037863587750739,0,0,0,0,0,0,0,0,3611.1450987152,2880.28044451316,682.89520683825,1380.95881370315,495.513718060559,935.168805852974,5.51054621353972,14.8140770246071,138.745969524883,110.66498073415,26.31962171352,53.2311061890322,19.0927016582691,36.0325956210323,0.21233043981824,0.570802079097101,22526.3935867494,17862.3410429949,4694.90921188502,9205.01593355549,3658.85766474506,6554.49449917382,38.1955061621068,97.4118744936167,865.487334576968,686.300159171239,182.844450084724,359.440930552175,144.025577982014,258.608316199487,1.50384927050647,3.84407733289955,0,0,8.54009333059921,17.1993259551814,7.0778552198434,12.7629195313788,0.0746332194040717,0.191512889320956,0,0,0,0,0,0,0,0,176.315703582943,149.503624260283,132.085749099311,281.123437418641,177.839840036096,356.186080199281,1.53811597255321,4.40301305072633,6.7743193647728,5.74416877912649,5.06113883868934,10.7659394597235,6.79163250731997,13.5995497258876,0.058738644095923,0.168108025081277,340.769555534143,287.779974180384,391.718676747693,889.198702360609,619.679771812315,1270.87680451314,6.469553099127,18.8585774346936,13.0928742217882,11.0569682240869,15.0051783716204,34.0408781144966,23.6602176495136,48.5062050847801,0.247007069810871,0.71976290260224,0,0,55.5347753644596,131.144864050615,73.5269356037988,143.600333467073,0.777465290798083,2.15583073363966,0,0,0,0,0,0,0,0,323.872570371724,153.200419265879,699.822921121689,683.272505546279
"173",2004,2268,14.3333333333333,5763.97229950001,4670.14653557255,1388.56202071842,2664.73239407835,794.741940476798,1351.20906162193,10.7240731277171,25.9936255799907,0,0,0,0,0,0,0,0,0,0,2.28464557730478,4.49255161532403,1.49635073420522,2.55431516902235,0.0202726371443147,0.0492821296508283,0,0,0,0,0,0,0,0,3626.46625457128,2888.78429926209,687.301930021348,1389.77048201377,498.824969023153,940.938013106874,7.38818718137961,19.8657663359101,139.334632833995,110.991712432708,26.489490571846,53.5708366620834,19.2202950899722,36.2549023828447,0.284682305849624,0.765457707552967,22494.4227052032,17813.0686100887,4696.28913665102,9206.36415490008,3659.77194871017,6552.75081352655,50.0279237125801,127.599610075065,864.259101892837,684.407027818055,182.899792284268,359.500539777073,144.066299331642,258.550447098429,1.96991633753335,5.0358199008056,0,0,8.54970582142998,17.216799416445,7.08499146161024,12.7695271003746,0.0981032875341432,0.251744964309584,0,0,0,0,0,0,0,0,176.921210705483,149.782646567213,132.848804667614,282.674834300638,178.911745377342,358.048036630884,1.92809549221942,5.52123535012124,6.79758404501202,5.75488925660897,5.09050651678302,10.8256403955746,6.83282222609899,13.6711532686791,0.073634577994914,0.210811216258227,339.726021755459,286.477911021078,392.333811793393,890.387293069543,620.717349654498,1272.18076252529,8.45945305661096,24.6484635973287,13.0527806965649,11.0069408460413,15.0290949678399,34.0872036234182,23.7006086670033,48.5576148633987,0.322988115606948,0.940764141631726,0,0,55.6084877566005,131.369041956313,73.6540050679852,143.798997706155,1.02372625226213,2.83702887063235,0,0,0,0,0,0,0,0,326.380692901679,154.410853952538,709.327309535483,694.32119251041
"174",2004,2268,14.4166666666667,5748.22536554916,4653.6278414618,1387.49315125693,2662.09467790646,792.113228804507,1345.11313657121,13.1640480232867,31.8936762107544,0,0,0,0,0,0,0,0,0,0,2.28343880918151,4.48914251727318,1.49190527827066,2.54366164233937,0.0249118048325994,0.0605215258248413,0,0,0,0,0,0,0,0,3641.78723784054,2897.27599461947,691.701833384766,1398.55965853097,502.136488176,946.701231609127,9.33609280679413,25.1077787253084,139.923289512046,111.317976947996,26.6590981949917,53.9097037453706,19.3479001734132,36.4769812825152,0.359744259599066,0.967453921297408,22462.7276703927,17764.2096957156,4697.58713276197,9207.53488168857,3660.69935341173,6551.07023650264,61.8352053373866,157.72949642579,863.041466561782,682.529784565204,182.951892785695,359.553060442884,144.107356212349,258.494691191617,2.43507957819654,6.22548259379699,0,0,8.55924283674218,17.2340979634141,7.09215581554183,12.7762494454686,0.121674437754704,0.312247154611979,0,0,0,0,0,0,0,0,177.526289432343,150.065272963373,133.609556558445,284.23063168414,179.980365044551,359.922301813936,2.28960673804706,6.55735339095332,6.82083226465557,5.7657482090318,5.11978690298295,10.8855123171191,6.87388965508204,13.7432322226524,0.0874449980888522,0.250384506588743,338.700373896459,285.193468629205,392.944888177111,891.554968538007,621.737896443107,1273.43781235156,10.4265192719109,30.3675499971179,13.013374363528,10.9575904866475,15.0528584781044,34.1327352835286,23.7403565496838,48.6072467462809,0.398100751719958,1.15907407782077,0,0,55.6801811314538,131.587294979243,73.7777851575231,143.991711532356,1.27190545329907,3.52277408884525,0,0,0,0,0,0,0,0,328.897410989212,155.62356042426,718.888006331077,705.428691429882
"175",2004,2268,14.5,5732.42233067487,4637.15042886276,1386.33862037498,2659.30102190091,789.4846611382,1339.04194311235,15.5635798305947,37.69058576172,0,0,0,0,0,0,0,0,0,0,2.28212778791923,4.48554307489599,1.48745259791529,2.53303857456511,0.0294822450364118,0.0715811945121778,0,0,0,0,0,0,0,0,3657.09053309769,2905.74201247444,696.090141822434,1407.31670193495,505.443863330236,952.450065408847,11.3504644791806,30.5295914697257,140.511266588385,111.64325489258,26.8282609278825,54.2473366032304,19.475347212423,36.698509366751,0.437370503660493,1.17638684391087,22431.3166488061,17715.7689780563,4698.80729288639,9208.53596541094,3661.64022874861,6549.45280904255,73.6197040349486,187.808083517842,861.834742351076,680.66860915571,183.000910966116,359.598799173608,144.148765607774,258.44105647337,2.89942774670254,7.41331296928317,0,0,8.56869291319423,17.251195842803,7.09934572692459,12.783080051687,0.14534302797312,0.373013335622224,0,0,0,0,0,0,0,0,178.130970284806,150.351129185206,134.368080538724,285.789112343638,181.046161664397,361.806163584002,2.62847219605293,7.5275668253512,6.8440651963745,5.77673125658902,5.14898284372986,10.9454893313588,6.9148522596422,13.8156826785368,0.10039231543493,0.287446569221669,337.693281613058,283.927565898029,393.552738297953,892.705665782942,622.743204991286,1274.65527512843,12.3666561375907,36.004090963907,12.9746809520309,10.9089524512496,15.0765006495872,34.177623491363,23.7795295408697,48.6553796995943,0.472188718660821,1.3742446386757,0,0,55.7499102048924,131.799753581502,73.8983563101178,144.178619449102,1.52197460022455,4.21299789283298,0,0,0,0,0,0,0,0,331.422718854878,156.838566332055,728.504850357847,716.595276965443
"176",2004,2268,14.5833333333333,5716.56918665665,4620.71814873622,1385.10143350559,2656.35690350294,786.856141279491,1332.99529603941,17.9229191222732,43.3851049975539,0,0,0,0,0,0,0,0,0,0,2.28070688489359,4.48174239230793,1.48299285019417,2.52244634881326,0.0339835183822042,0.0824608518405762,0,0,0,0,0,0,0,0,3672.36245676922,2914.17196271956,700.463270691992,1416.03445465977,508.743897512934,958.17857653603,13.4275433730561,36.1207743379478,141.098038318236,111.967147061914,26.9968408270226,54.5834597739752,19.602513178539,36.9192580833418,0.517416717263476,1.39185600840252,22400.1952369491,17667.7490873429,4699.95310761277,9209.37408151634,3662.59451040535,6547.89780523279,85.3836065701265,217.841456403706,860.63914428645,678.8236026471,183.046982872347,359.638016955329,144.190528282104,258.389520878773,3.36304327002252,8.59954088276233,0,0,8.57804645008077,17.2680713238886,7.10655798421144,12.7900113021924,0.169105564603132,0.434037165708406,0,0,0,0,0,0,0,0,178.735221011566,150.639830085204,135.12431688709,287.348607368374,182.10930136216,363.696975970826,2.9494723941836,8.44525896125366,6.86728160101702,5.78782360129617,5.17809198378669,11.0055073695144,6.95571615147299,13.8884031819389,0.112659129435513,0.322508489477431,336.705172194534,282.680863880619,394.157937448201,893.842367328364,623.73470171906,1275.83901638894,14.2768392166628,41.5493620214878,12.936716879343,10.8610521385573,15.1000433795895,34.2219820946397,23.8181818705158,48.7022370900772,0.545136661620524,1.58594309640636,0,0,55.8177224895229,132.006532032402,74.0157918152468,144.359852085546,1.77390534096637,4.90763212467269,0,0,0,0,0,0,0,0,333.956610677485,158.055896245178,738.177691626091,727.821145853242
"177",2004,2268,14.6666666666667,5700.67120210189,4604.33425667658,1383.78439711925,2653.26743149417,784.22751451916,1326.9728939737,20.2423221034022,48.9779975318946,0,0,0,0,0,0,0,0,0,0,2.27917220700717,4.47773280716154,1.47852608393285,2.5118851480007,0.0384153243539517,0.0931604686438172,0,0,0,0,0,0,0,0,3687.59230827296,2922.55788456551,704.818548239002,1424.70766111157,512.034310802595,963.882676052052,15.5636518733125,41.8711073698985,141.68319356812,112.289347589744,27.1647350090863,54.9178708446989,19.7293102684163,37.1390699106575,0.599741651648003,1.61346889267363,22369.3670345867,17620.1510722352,4701.02759667352,9210.05499212437,3663.56183088111,6546.40394330123,97.1289340005135,247.835236530629,859.454810676674,676.994805330318,183.090226303375,359.670939325552,144.232633105057,258.340040507426,3.82600226096285,9.78437851839961,0,0,8.58729552903084,17.2847063332085,7.11378903686636,12.7970350909412,0.192958649749537,0.49531203372538,0,0,0,0,0,0,0,0,179.338965424551,150.930991040559,135.878125142402,288.907551561027,183.169765653522,365.592265671216,3.25652204021738,9.32145850600312,6.89047855131114,5.79901046532858,5.20710886860586,11.0655063202536,6.99648038065537,13.9612988399963,0.124394957195599,0.355991402226916,335.736281973216,281.453815692797,394.7608484012,894.967270020669,624.713500452162,1276.99368609347,16.1549138368899,46.9971064311059,12.8994912258849,10.8139069579981,15.1235004216817,34.2658948512903,23.8563558058035,48.7479958379973,0.616862435868582,1.79393092782199,0,0,55.8836597265643,132.207731640465,74.1301590992934,144.535528745815,2.02766922652133,5.60660875476525,0,0,0,0,0,0,0,0,336.499079851661,159.275571615308,747.906380414706,739.106420643383
"178",2004,2268,14.75,5684.73307578927,4588.00153948984,1382.39015495235,2650.03741524661,781.598587786073,1320.97435502603,22.5220497195733,54.4700375553014,0,0,0,0,0,0,0,0,0,0,2.27752125864615,4.47350927266423,1.47405225988091,2.50135498262403,0.0427774808244896,0.103680233333931,0,0,0,0,0,0,0,0,3702.77170712246,2930.89370153217,709.153999202423,1433.33251365777,515.313509302603,969.559651892146,17.7552238534668,47.7706677843941,142.266410346346,112.609623007986,27.331867346482,55.2504230275987,19.8556770367562,37.3578402347438,0.684208297344649,1.84084426942877,22338.8340928435,17572.9747637034,4702.03341115006,9210.5837503299,3664.54160484194,6544.96954742138,108.857544637076,277.794589757706,858.281820330096,675.182210710704,183.13074476934,359.697764298403,144.275060378142,258.292555933088,4.28837462578391,10.9680206799689,0,0,8.59643373032641,17.301086075673,7.12103521472998,12.8041432382216,0.2168989471989,0.55683104475013,0,0,0,0,0,0,0,0,179.942097666569,151.224236037949,136.62932217471,290.464514852674,184.227429283079,367.489791728475,3.55281751596543,10.1652286243064,6.91365198005037,5.81027740165192,5.23602640639429,11.1254312411625,7.03713992099767,14.0342836281874,0.13572186875756,0.388241353497508,334.786696992065,280.246706487875,395.361660595832,896.081928944392,625.680452377918,1278.1229274646,17.9994281253311,52.3430738123848,12.8630072977362,10.7675278656105,15.1468788858241,34.3094209375008,23.8940835581304,48.7927943862649,0.687310727948968,1.9980461913137,0,0,55.9477590434882,132.403443366286,74.2415207617218,144.705759465835,2.28323768261903,6.30985971638983,0,0,0,0,0,0,0,0,339.050118472457,160.497610816131,757.690760688395,750.451155549398
"179",2004,2268,14.8333333333333,5668.75905986498,4571.72241686795,1380.92121726853,2646.67142054819,778.969145591723,1314.99924510038,24.762366995926,59.8620081326991,0,0,0,0,0,0,0,0,0,0,2.27575266224469,4.46906884553836,1.46957126914891,2.49085571772526,0.0470699063990869,0.114020519751446,0,0,0,0,0,0,0,0,3717.89406073309,2939.17478432737,713.468171688732,1441.9062891702,518.580401559408,975.207793665754,19.9988268408362,53.8098942719885,142.847435355269,112.92779545183,27.4981818228326,55.5810112102824,19.9815713494498,37.5755029462664,0.770684739780509,2.07361468734904,22308.5972742209,17526.2190668658,4702.97291524315,9210.96486336649,3665.53309649482,6543.59267507427,120.571138578309,307.724238746288,857.120206386874,673.385776720871,183.168630659335,359.718668694851,144.317784461495,258.246997172841,4.75022423303803,12.1506452519444,0,0,8.60545595627739,17.3171986659139,7.12829288374972,12.8113277798004,0.240923160449429,0.618587028254247,0,0,0,0,0,0,0,0,180.544493301263,151.519203499733,137.377709613125,292.01821942396,185.282116436767,369.38757760796,3.84096194015084,10.9839986116358,6.93679710618757,5.82161051787392,5.26483692151186,11.1852330206201,7.07768782552822,14.1072816346711,0.146739265454804,0.419541970470556,333.856386069538,279.059686346612,395.96042430107,897.187380728625,626.636190973091,1279.22955807897,19.8094927877419,57.584630762828,12.8272638970354,10.7219206277289,15.1701805467716,34.3525996680872,23.9313889997733,48.8367396143435,0.756447698723312,2.19818865413354,0,0,56.0100539088436,132.593749978389,74.3499354297696,144.870646710221,2.54058198923779,7.01731677424269,0,0,0,0,0,0,0,0,341.609716973139,161.722029228703,767.53066601803,761.855343038224
"180",2004,2268,14.9166666666667,5652.7530489896,4555.49901500759,1379.37998220653,2643.1738101852,776.338961218651,1309.04709790131,26.9635425964852,65.1547000449295,0,0,0,0,0,0,0,0,0,0,2.27386594326112,4.46441029034184,1.46508295057111,2.48038710043402,0.0512926057113938,0.124181860212043,0,0,0,0,0,0,0,0,3732.9541805264,2947.39763575507,717.760013205852,1450.42708831843,521.834268693647,980.826126853848,22.2911756980872,59.9796276898416,143.426069241409,113.243730553414,27.663637774344,55.9095619479065,20.1069653973355,37.792020234357,0.859044688983867,2.31142804578309,22278.6565126777,17479.8821713677,4703.84824476841,9211.20240895119,3666.53546647472,6542.27120526005,132.271263846767,337.628479805273,855.969966311597,671.605433803792,183.203967508028,359.733812657792,144.36077560364,258.203287132426,5.21160914471931,13.3324138338316,0,0,8.61435825517062,17.3330347561779,7.13555852547059,12.8185811040618,0.265028024746909,0.680572573389095,0,0,0,0,0,0,0,0,181.146016780635,151.815549517644,138.12308824071,293.567538527012,186.33363035668,371.283907689028,4.1230665320212,11.783835087372,6.95990872174923,5.83299660048799,5.29353270748702,11.2448683363135,7.1181163613948,14.1802269357848,0.157527752981107,0.450124821726341,332.945225280161,277.892795223653,396.557080037833,898.284245673217,627.581173185217,1280.31572400149,21.5846691418966,62.720447336373,12.7922562625601,10.677086779466,15.1934029714928,34.3954544076213,23.9682892397619,48.8799127281313,0.824256705882571,2.39430781733888,0,0,56.0705748627612,132.778727701516,74.4554584088775,145.030286665554,2.7996732659465,7.72891142211728,0,0,0,0,0,0,0,0,344.177863939823,162.948839381945,777.425918820233,773.318921879375
"181",2005,2268,15,5636.33548358829,4538.8763293428,1377.7481480695,2639.5901274397,772.453052160112,1300.04443870072,30.4229970914551,73.4818002566442,0,0,0,0,0,0,0,0,0,0,2.27191784962179,4.45963271176169,1.4582189676778,2.46412455114515,0.0578959670042515,0.140105917503327,0,0,0,0,0,0,0,0,3748.01401377497,2955.59712024968,722.010175738136,1458.91105300657,524.229306075508,984.098854013355,25.521230800526,68.6743952547895,144.004692118041,113.55876786006,27.8274938204208,56.2366990735394,20.1992684026862,37.9181609906965,0.983541198021042,2.64654803941062,22248.9597452166,17433.7450809272,4704.52409585346,9211.34654740865,3661.59360332844,6525.56115039995,150.118391265814,383.261607908501,854.829099568498,669.832767777565,183.231622013766,359.745253174223,144.169555134498,257.55186756314,5.91509504326094,15.1351312870049,0,0,8.6233454916154,17.348963465004,7.13123653813923,12.7956234310694,0.301226818176333,0.773716114291314,0,0,0,0,0,0,0,0,181.758736727646,152.118068277324,138.884355659177,295.148548230989,187.115297650286,372.359245452244,4.70567316087912,13.4405946782041,6.98345052126395,5.84461984981207,5.32283774013757,11.3057187971646,7.14823787720765,14.2218181293996,0.179797799778132,0.513441814634377,332.057410061437,276.748841609629,397.156814654508,899.387007345484,627.492527438123,1278.35079716025,24.3816351432661,70.8384441924642,12.7581455895103,10.6331342275264,15.2167443022081,34.4385389903632,23.9657177915465,48.8066060996945,0.9310951410612,2.70429820705118,0,0,56.1308120862503,132.961340887279,74.4369287318335,144.841667583644,3.18596162610596,8.79477000547154,0,0,0,0,0,0,0,0,346.734714550316,164.164090237065,787.297122209934,784.706452006295
"182",2005,2268,15.0833333333333,5619.47440885044,4521.84228587808,1376.00951773517,2635.88068113786,767.465707464303,1288.37821122621,34.9875908283078,84.4574007680277,0,0,0,0,0,0,0,0,0,0,2.2698795148993,4.45471665019739,1.44927003688086,2.44279626951236,0.066600670669557,0.1610802567087,0,0,0,0,0,0,0,0,3763.16272783218,2963.84268224134,726.252199099563,1467.41938532265,525.87218895978,985.293942992198,29.6692207922808,79.8325069122622,144.586729937477,113.875575537829,27.9910378970611,56.5647735875838,20.26258793482,37.9642450912498,1.14341282881645,3.07659865295819,22219.4037270755,17387.7393220382,4704.99236749307,9211.34826131146,3651.34044874747,6495.118436108,173.509168971092,443.021898599,853.693639392147,668.065147778236,183.251266446638,359.75107784822,143.768985046442,256.3579443413,6.83698901078138,17.495729112683,0,0,8.6322839754115,17.3648826693586,7.11655275825739,12.745663899691,0.348476732763442,0.895205801986616,0,0,0,0,0,0,0,0,182.379589779483,152.424995843702,139.654084945639,296.749514456109,187.640943400154,372.669732220009,5.51264954928982,15.7364139758037,7.00730480571733,5.8564124926301,5.35246727172336,11.3673348738383,7.16857998633304,14.234197311857,0.210641770169458,0.601174260631104,331.185703654638,275.62142351916,397.753519373521,900.480889364902,626.461932700973,1273.61664016609,28.102699844132,81.634878945139,12.7246538308906,10.5898169973603,15.2399703994045,34.4812873704569,23.9271731968548,48.6275714658634,1.07323468168685,3.11657228646731,0,0,56.1904763160095,133.140981104944,74.3059887478746,144.338539761515,3.68896259977801,10.1836086642415,0,0,0,0,0,0,0,0,349.282078605538,165.368990152494,797.136490794744,796.00432141846
"183",2005,2268,15.1666666666667,5602.51515571348,4504.81047721721,1374.18195474152,2632.00501476974,762.540182557714,1276.8989084328,39.4578046599365,95.1802017883039,0,0,0,0,0,0,0,0,0,0,2.26769161265664,4.4495605950642,1.44042892695423,2.42179984855913,0.0751420669469653,0.181605523358118,0,0,0,0,0,0,0,0,3778.32288440278,2972.08600555229,730.498707657535,1475.9268270018,527.533130401261,986.525322156457,33.9307526543936,91.2834751624826,145.169207396576,114.192297201905,28.1547530577396,56.8928115352095,20.3266027147032,38.0117265540944,1.3076661687141,3.5179517624909,22190.0304987537,17342.0575603075,4705.38032233425,9211.16637854268,3641.2663886667,6465.18239293619,196.787046326695,502.427497214154,852.565201226295,666.309976320918,183.267732207137,359.749591831824,143.375234472405,255.183498551205,7.75457825987917,19.8426464134496,0,0,8.64097033692626,17.3804385783296,7.10218822964055,12.6965984169999,0.39577086091804,1.01667152394498,0,0,0,0,0,0,0,0,182.997207373553,152.731401522744,140.414880019202,298.336530245575,188.155291377728,372.965728015252,6.26051052591437,17.860154154162,7.03103477794925,5.86818508375366,5.38175482339039,11.4284179952187,7.18849166366704,14.2460232186777,0.239230321449048,0.682342953239474,330.326566133771,274.508325060568,398.342920410746,901.555129558963,625.431333066225,1268.90522105869,31.7699719459527,92.2476905100888,12.6916449775749,10.5470499508486,15.2629177337301,34.5232873945274,23.8886296305709,48.4494004616166,1.21332795033117,3.52186148496115,0,0,56.248242718859,133.315075060981,74.174119949397,143.836569894756,4.19387418039472,11.574424648595,0,0,0,0,0,0,0,0,351.838106029202,166.576316623426,807.011416306974,807.32806467951
"184",2005,2268,15.25,5585.47345748125,4487.79266401177,1372.27074316793,2627.97303565064,757.676216406482,1265.60463250417,43.834835914809,105.654094167481,0,0,0,0,0,0,0,0,0,0,2.2653555340875,4.44415962503589,1.43169318317372,2.40112940204394,0.083520359331857,0.201685129078903,0,0,0,0,0,0,0,0,3793.4496424014,2980.29212679496,734.736173932643,1484.40633157307,529.199149192865,987.768605086863,38.2983944491376,103.006248774091,145.75040162913,114.507589503025,28.3181195975908,57.2197737060438,20.3908139172933,38.0596682845953,1.47601576332322,3.96979874452782,22160.8665085622,17296.7189488377,4705.69587895584,9210.8164375595,3631.37213742269,6435.75113613748,219.957448397597,561.49453225986,851.444801246976,664.567989298593,183.281327600605,359.741401476928,142.988338014676,254.028471262234,8.66806876369077,22.1764979051969,0,0,8.64942615478759,17.3956398436863,7.0881370704374,12.6484133186596,0.443104009910889,1.13810689391594,0,0,0,0,0,0,0,0,183.611877313621,153.037287413949,141.168211682444,299.911386881476,188.661219520321,373.251642241299,6.96078283450798,19.8438273674772,7.05465149582183,5.87993770384868,5.41075678830624,11.489036787664,7.20808285759022,14.2574643391324,0.266003895378869,0.758170806114232,329.482377873764,273.411670875758,398.927264631982,902.615919064671,624.404887029278,1264.22616552554,35.3757662962159,102.65576228918,12.6592104873206,10.5049147201316,15.2856722256205,34.5647757447503,23.850245656765,48.2724600959743,1.35108145461206,3.91935940241237,0,0,56.3041819186487,133.483825726617,74.0414768715148,143.336038576506,4.70064992825365,12.9671267944811,0,0,0,0,0,0,0,0,354.402753805149,167.786065618448,816.921367471886,818.677273703655
"185",2005,2268,15.3333333333333,5568.36256237814,4470.79857700927,1370.28054717417,2623.79347409253,752.87326297317,1254.49299835684,48.1198898158113,115.882966415792,0,0,0,0,0,0,0,0,0,0,2.26287379191708,4.43851216453616,1.42306066203482,2.38077940042326,0.0917360377642231,0.221322980718401,0,0,0,0,0,0,0,0,3808.50853909131,2988.43444560664,738.954448197877,1492.8377200814,530.860890371276,989.006449715989,42.7647122567033,114.979800010563,146.328988521681,114.820430412716,28.4807474621966,57.5448845048287,20.4548619339434,38.1074036379169,1.64817599241155,4.43133162851167,22131.9312425191,17251.7371130702,4705.94533100582,9210.31078334882,3621.65714548672,6406.82048504974,243.025485205826,620.238203591838,850.333188130997,662.839710222524,183.292297946189,359.726989146589,142.608280797737,252.892713456674,9.57765454897234,24.4978630627072,0,0,8.6576680360771,17.4104910479302,7.07439160222654,12.6010908802312,0.490471165688208,1.25950490573034,0,0,0,0,0,0,0,0,184.223708595359,153.342538177716,141.914936625871,301.474870312139,189.160453528589,373.529937180257,7.62294538519306,21.7139337508272,7.07815914710542,5.89166592138289,5.43950597797275,11.5492212665818,7.2274193413112,14.2686144768087,0.291324663514529,0.829670098857969,328.654869900363,272.333006112118,399.508251064646,903.667942412064,623.385894022761,1259.58701636279,38.9145482452609,112.843987490369,12.627416868921,10.4634706722405,15.3082988244566,34.6059314463257,23.8121470514547,48.0970379147805,1.48628385655131,4.30848917800701,0,0,56.3583537187329,133.647404212652,73.9081927040359,142.837184182246,5.20924449408868,14.3616279083139,0,0,0,0,0,0,0,0,356.975981630511,168.99823263252,826.865920421327,830.051625327114
"186",2005,2268,15.4166666666667,5551.19375261434,4453.83634173299,1368.21553400007,2619.47411944793,748.13056619679,1243.56126615615,52.3141741889062,125.870691802792,0,0,0,0,0,0,0,0,0,0,2.26024968971368,4.43261916963017,1.41452942453156,2.36074452298628,0.0997898381264894,0.240523405384826,0,0,0,0,0,0,0,0,3823.4732207829,2996.49288156121,743.145996543587,1501.20612496106,532.511757543515,990.226849813488,47.3223850886182,127.183443314798,146.903955523331,115.130048408894,28.6423470147165,57.8675722457661,20.5184930789552,38.1544708602226,1.8238654902907,4.90175535601367,22103.2387552855,17207.1213810116,4706.13370772393,9209.65928273513,3612.11992563411,6378.38457864557,265.99594067711,678.672755849311,849.230901876236,661.125497489588,183.300839539341,359.706740960731,142.235011172347,251.776010030032,10.4835172502289,26.8072850379991,0,0,8.66570885897656,17.4249942395358,7.06094317081218,12.5546111018357,0.537867386011304,1.38085779746256,0,0,0,0,0,0,0,0,184.832682408633,153.646959195918,142.655492577904,303.027106599116,189.653948238986,373.801800943536,8.2547617329284,23.4923263313015,7.10155700906821,5.90336225881655,5.46801911596646,11.6089761028555,7.24653734623679,14.2795185801832,0.315489233055974,0.897675523392049,327.845258963398,271.273415767972,400.087110422989,904.714621585357,622.376902142126,1254.9935377451,42.3825320769936,122.802171685738,12.5963108719187,10.4227594945418,15.3308445458358,34.6468851921241,23.7744308905664,47.9233535618508,1.61879062624622,4.68886155966964,0,0,56.4108093422917,133.805956192113,73.7743831868417,142.340210533359,5.71961334755104,15.7578438165219,0,0,0,0,0,0,0,0,359.557749834343,170.212811930838,836.844713836767,841.450839184581
"187",2005,2268,15.5,5533.97680634284,4436.9128562956,1366.07948377129,2615.02203065188,743.44722589682,1232.8064575942,56.4188951874505,135.621118007872,0,0,0,0,0,0,0,0,0,0,2.25748703895672,4.42648341161742,1.40609765055619,2.34101954492732,0.107682701423315,0.259291074092467,0,0,0,0,0,0,0,0,3838.32342578748,3004.45223785461,747.30522335331,1509.50060650497,534.147147621497,991.421631982759,51.9643003895176,139.59710085907,147.474524147598,115.435859606044,28.8027030400818,58.1874160659352,20.5815302229664,38.2005554103138,2.00281082209855,5.3802980032307,22074.7990318607,17162.8778758842,4706.26509386249,9208.86995866531,3602.75833860301,6350.43641275011,288.873269588001,736.811473877139,848.138326119547,659.42558636365,183.307112043016,359.680971401763,141.868451845758,250.678100746168,11.3858259726339,29.1052704275391,0,0,8.67355884574963,17.4391501758526,7.04778279382183,12.5089531239378,0.585287728782736,1.50215700933046,0,0,0,0,0,0,0,0,185.438696341465,153.950309277483,143.390059795487,304.567845246824,190.142197973768,374.067691819681,8.86259868456415,25.1970453804365,7.12484114686315,5.91501744920263,5.49630303952779,11.6682915046062,7.26545546946964,14.2901936365051,0.338740823331583,0.962876064863796,327.054368996774,270.233632149695,400.664687800638,905.75835782928,621.379827601767,1250.45003050836,45.7773024203281,132.523992925534,12.5659241532784,10.3828093234119,15.3533416325246,34.6877285864246,23.73717009496,47.7515707790401,1.74850957359279,5.06023517201388,0,0,56.4615934537416,133.959607730979,73.6401501550119,141.845293870471,6.23171254023702,17.1556925184332,0,0,0,0,0,0,0,0,362.148017690676,171.42979597387,846.85741461333,852.874646376959
"188",2005,2268,15.5833333333333,5516.72024511589,4420.0339938853,1363.87584856257,2610.44364925192,738.822232200102,1222.22541663009,60.4352552057787,145.138062162857,0,0,0,0,0,0,0,0,0,0,2.25459002356196,4.4201091059244,1.39776360571619,2.32159930178424,0.115415745821864,0.27763094866539,0,0,0,0,0,0,0,0,3853.04390943345,3012.30133028266,751.428111311649,1517.71341803744,535.764051173948,992.58567417465,56.6835979456586,152.2014255427,148.040108669821,115.737434289157,28.9616609304661,58.5041177254244,20.6438574529871,38.2454599621868,2.18474817767461,5.86621552601746,22046.6187141788,17119.0100981166,4706.34279886531,9207.94932499964,3593.56973963958,6322.96811371402,311.661604129828,794.666703573057,847.05571605344,657.740111336593,183.311245041843,359.649936305495,141.508505597114,249.598690924964,12.284737531472,31.3922900365662,0,0,8.68122609001205,17.4529588177779,7.03490139420803,12.4640957503014,0.632727244751139,1.62339326586206,0,0,0,0,0,0,0,0,186.04158633597,154.252316395748,144.118630663892,306.096577542517,190.625363015856,374.327555430627,9.45162687127746,26.8428507470055,7.14800525711031,5.92662104084164,5.524357372862,11.727147763492,7.28417952529362,14.3006370063249,0.361276932156658,1.02583534486678,326.28269780056,269.214094180464,401.241502498082,906.800693091316,620.396050189921,1245.95956105013,49.0975829705516,142.006359355965,12.5362758394118,10.3436370229742,15.3758098444017,34.7285203226157,23.7004170749169,47.5818061417847,1.87539200951577,5.42249197171723,0,0,56.5107452707591,134.108468543507,73.5055835405832,141.352586800933,6.74549856647985,18.5550936784761,0,0,0,0,0,0,0,0,364.74674274787,172.649175246358,856.903707049662,864.322781039169
"189",2005,2268,15.6666666666667,5499.43162919346,4403.20484400104,1361.60782309091,2605.74493471207,734.254506554066,1211.81488151745,64.3644508338939,154.425306007829,0,0,0,0,0,0,0,0,0,0,2.25156303087447,4.41350146284927,1.38952559607271,2.3024786356843,0.122990235839551,0.29554822363833,0,0,0,0,0,0,0,0,3867.62315553803,3020.03194494913,755.511789311106,1525.83912392859,537.360573507053,993.71597015928,61.473718731861,164.97793755094,148.600266619841,116.034456867204,29.1191101045149,58.8174677613176,20.7054016912044,38.2890684978538,2.36942525567564,6.35879702739174,22018.7019720559,17075.5196217254,4706.36956041324,9206.90278937953,3584.55115537938,6295.9712685671,334.364761634726,852.249876176705,845.98323188888,656.069132884428,183.313345927454,359.613848493279,141.155062174511,248.537464332084,13.1803967356924,33.6687797740041,0,0,8.68871720936588,17.4664199980985,7.02229013229129,12.4200181829603,0.680180955413467,1.74455662994419,0,0,0,0,0,0,0,0,186.641153477292,154.552697037813,144.841101139758,307.612693618747,191.103441187084,374.58112132202,10.0260467190116,28.4418200257958,7.17104169717048,5.9381621407143,5.55217803900694,11.7855212876606,7.30270912712768,14.3108378063354,0.383257972597113,1.08701447959883,325.530496320388,268.215017642567,401.817811913125,907.842488130153,619.426509309406,1241.52419983543,52.3429759229667,151.248687495062,12.507375572209,10.3052508839217,15.3982589031303,34.7692929969837,23.664207393,47.4141381531973,1.99942278828771,5.77560967240535,0,0,56.5582998876598,134.252635846246,73.3707637213614,140.862222911843,7.26092823704109,19.9559681388237,0,0,0,0,0,0,0,0,367.353879956958,173.870938012033,866.983275783472,875.794965800899
"190",2005,2268,15.75,5482.1177490958,4386.42986897423,1359.2783908043,2600.93145243996,729.742927575286,1201.57153015957,68.2076717504939,163.486593367298,0,0,0,0,0,0,0,0,0,0,2.24841055336581,4.40666640555361,1.38138194751889,2.28365237747448,0.130407558162293,0.313048280262365,0,0,0,0,0,0,0,0,3882.05254405539,3027.63816621385,759.554254921542,1533.87403343931,538.935633487062,994.811044311566,66.3284282471266,177.909090213629,149.154666801713,116.32670005183,29.2749733560057,59.1273237582142,20.7661211329075,38.33132384027,2.55660216742801,6.85736730838225,21991.0510663173,17032.4065434041,4706.34767477716,9205.73491064896,3575.69939336547,6269.4371277006,356.986256982725,909.571545059784,844.920960491302,654.412654722022,183.313504949653,359.572887763541,140.808002570054,247.494091102701,14.0729368545034,35.9351420368587,0,0,8.69603773646438,17.4795337386512,7.0099405455452,12.3767003417033,0.727643859846851,1.8656366097843,0,0,0,0,0,0,0,0,187.237179975196,154.851167309346,145.557318939615,309.115561910375,191.576353712208,374.828047026809,10.5892546614559,30.0037935082147,7.19394209918357,5.94962984114618,5.57975911079788,11.8433876545502,7.32104098022875,14.3207824371801,0.40481362629723,1.14678908455903,324.797821368751,267.236442094747,402.393662628474,908.884058250314,618.471784734258,1237.14521128358,55.5137757479348,160.252381427211,12.4792255346699,10.2676524261564,15.4206904486338,34.8100583051034,23.6285628501751,47.2486144965088,2.12061319101785,6.11964184658438,0,0,56.6042891532996,134.392196947266,73.2357631155728,140.374319907623,7.77795859838445,21.3582375923825,0,0,0,0,0,0,0,0,369.969381291787,175.095070263366,877.095799358505,887.290907516077
"191",2005,2268,15.8333333333333,5464.78476327651,4369.71301672333,1356.89035706602,2596.00843701752,725.286349106483,1191.49201195024,71.9660998452979,172.325628205108,0,0,0,0,0,0,0,0,0,0,2.24513712906867,4.39961037698721,1.37333099884009,2.26511534900735,0.137669200861556,0.33013664690948,0,0,0,0,0,0,0,0,3896.32575773387,3035.11589739575,763.55417879543,1541.81580205745,540.488754948674,995.870547288808,71.2418285860781,190.978304654733,149.703066496525,116.614006441997,29.4291993456305,59.433595044076,20.8259972361701,38.3722121256614,2.74605190803713,7.36128821989235,21963.6667505159,16989.6698028373,4706.27908831296,9204.44957901875,3567.01111614487,6243.35674105931,379.529316893094,966.641427689386,843.868930815091,652.770636110082,183.311798762962,359.527207887229,140.467201916451,246.468233075513,14.9624801572609,38.191747295978,0,0,8.70319236745126,17.4923003646285,6.99784457648702,12.3341229440836,0.775110957335239,1.98662229693464,0,0,0,0,0,0,0,0,187.829439358675,155.147449616624,146.267106998067,310.604564107333,192.043981600453,375.067974653073,11.1439811187061,31.5367472783951,7.21669776176162,5.96101347654231,5.60709371229965,11.9007229548167,7.33917027554339,14.330456753545,0.426048118002333,1.20546353436351,324.084574583104,266.278265830267,402.968936388447,909.925289783135,617.532173763035,1232.8232268719,58.6108178652525,169.020405547197,12.4518219477325,10.2308377419341,15.4430998010309,34.8508115038335,23.593494438711,47.0852586557265,2.23899514291412,6.45470160209101,0,0,56.648742314526,134.527231175047,73.1006473939351,139.888982008786,8.29654685992099,22.7618242932662,0,0,0,0,0,0,0,0,372.593195646166,176.321555784558,887.24095034113,898.810299388637
"192",2005,2268,15.9166666666667,5447.43832474736,4353.0578241506,1354.44637990545,2590.98085076267,720.883616568439,1181.57297633555,75.6409088154918,180.946073841972,0,0,0,0,0,0,0,0,0,0,2.24174728299437,4.39234015938893,1.36537109247332,2.24686235944172,0.144776735411941,0.346818964994115,0,0,0,0,0,0,0,0,3910.43823275418,3042.46241885794,767.510723796162,1549.66306296648,542.019876529513,996.894889279944,76.2083633946285,204.169984223304,150.245290355041,116.896271544905,29.581755658078,59.7362285430544,20.8850274197562,38.4117487201069,2.93756055349168,7.86995923604818,21936.5486428145,16947.3074778154,4706.16548251282,9203.05018344051,3558.48290961696,6217.72108307902,401.996895211994,1023.46845012597,842.827128191733,651.143003193943,183.308293723515,359.476943107047,140.132532158957,245.459548686055,15.8491384935568,40.4389357846327,0,0,8.71018520416465,17.5047206544508,6.98599462955611,12.2922676428785,0.822577261634605,2.10750247197558,0,0,0,0,0,0,0,0,188.417705950144,155.441278876786,146.970290252881,312.079136714519,192.506212379404,375.30060600489,11.6924092874224,33.0471147482839,7.23930001400251,5.97230286199501,5.63417504764716,11.9575053892614,7.35709248075855,14.3398489448746,0.447044756391486,1.26328325145628,323.390538310746,265.340277893071,403.543387254161,910.965737644432,616.607749001415,1228.55837886975,61.6353504681436,177.556922684653,12.4251564490235,10.1947987259768,15.4654773843702,34.8915351480702,23.5590045523313,46.9240750275099,2.35461631570523,6.78094775793327,0,0,56.691686606787,134.657811638331,72.9654765737701,139.406302103619,8.81665036193827,24.166650891434,0,0,0,0,0,0,0,0,375.225268726955,177.550376202678,897.418392528797,910.352819872507
"193",2006,2268,16,5430.07970062229,4336.45190448497,1351.94268874247,2585.85611202704,716.376888699601,1171.42654624023,79.3918247283895,189.736936650346,0,0,0,0,0,0,0,0,0,0,2.23824828002527,4.38486427143857,1.35720372331572,2.22815676428961,0.1520322286331,0.363834046616417,0,0,0,0,0,0,0,0,3924.39930693849,3049.68641846668,771.412674798037,1557.40536716636,543.410437365592,997.557631614724,81.3433106358055,217.79827559718,150.781697151323,117.173829162271,29.7322112698876,60.0348223284548,20.9386430739204,38.4373550013214,3.13557008356947,8.39548511696407,21909.7493937559,16905.3523979868,4705.95393105333,9201.49589781003,3549.33485833637,6190.48858612887,425.177500309358,1082.09790516829,841.797575508167,649.531017342193,183.300961139182,359.420530574341,139.773286195848,244.387455117801,16.7639594232171,42.7574404803049,0,0,8.71703037655862,17.5168013312105,6.97285820024313,12.2470959375887,0.871581950554726,2.23229675826642,0,0,0,0,0,0,0,0,189.002888641613,155.732585770156,147.667405317064,313.539182487772,192.922707103877,375.403471168915,12.2788790246372,34.6631484009747,7.26178377690543,5.98349533413309,5.66102357167126,12.0137310099448,7.37326568637779,14.344279038922,0.469498024268067,1.32514839573347,322.716473387985,264.423169412997,404.11616147703,912.00397707338,615.563695398331,1223.94841549097,64.725233097149,186.269808331564,12.3992582712046,10.1595619325926,15.4877902291111,34.9321741452243,23.5199416858937,46.7496986205301,2.47274410732828,7.11395919411652,0,0,56.7332197242222,134.784051422753,72.8143738794999,138.880757926548,9.3543520855676,25.6183521883955,0,0,0,0,0,0,0,0,377.864553823624,178.781291782478,907.623909945151,921.915996402636
"194",2006,2268,16.0833333333333,5412.60045279812,4319.62807407307,1349.27765813456,2580.65002516974,709.545670574408,1155.61926077498,85.4703403243051,204.149825804348,0,0,0,0,0,0,0,0,0,0,2.23466385156806,4.37721345627233,1.34462145474247,2.19865799487124,0.163709356961987,0.391567291760529,0,0,0,0,0,0,0,0,3938.45802192258,3056.98916761368,775.13036077848,1564.94924116849,542.97655309199,993.209960597669,88.4249178500202,236.698933986547,151.321855463277,117.454412462831,29.8755844885688,60.3257847404218,20.9219586659904,38.2699012289209,3.40859969574254,9.12419423194322,21883.9653192195,16864.2476888849,4704.84995185714,9199.1277078772,3528.48043505648,6132.70709799477,460.324504220279,1171.60477846818,840.807025877703,647.951704163894,183.259311600744,359.332663865354,138.95283994467,242.108891891693,18.1501448050734,46.2951760583527,0,0,8.72370867195364,17.5284857613617,6.93665413708293,12.141303261477,0.94433720435753,2.41878582994148,0,0,0,0,0,0,0,0,189.600105115568,156.023524699971,148.364245111723,314.986800776822,192.711642570099,373.621008981199,13.4733288143467,38.0282076648683,7.284729894927,5.99467366859865,5.68786054054218,12.0694794557996,7.36545270407826,14.2766644434948,0.515190700690711,1.45385349868325,322.072668196831,263.536319037703,404.674141248697,913.0149966816,612.461644290751,1213.22875855031,69.8393566119748,200.923270537109,12.3745227097614,10.1254877044472,15.5095340342773,34.9717684019504,23.4022406133909,46.3419387617231,2.66822742084034,7.67391135436996,0,0,56.7742721421367,134.906359192369,72.4191578050581,137.66099190591,10.1417800034401,27.7721784550121,0,0,0,0,0,0,0,0,380.496789646554,180.011116222989,917.788496240262,933.446813679987
"195",2006,2268,16.1666666666667,5395.02911749603,4302.80012812763,1346.54244685217,2575.30660234658,702.849894533479,1140.20040583928,91.3920302338768,218.129517593355,0,0,0,0,0,0,0,0,0,0,2.23093679814518,4.3693630544234,1.33228188756112,2.1698653440681,0.175105847586387,0.418509989673678,0,0,0,0,0,0,0,0,3952.43929905831,3064.22420226665,778.838981326524,1572.46174982455,542.569848598638,988.958285876071,95.6190740607929,255.852551653343,151.85903848926,117.732394064243,30.0186043015032,60.6155332035824,20.9063206588844,38.1061445617651,3.68597827549501,9.86268326707314,21858.3181584206,16823.4074836286,4703.693184588,9196.612611992,3508.03881797235,6076.15484473574,495.208682147221,1260.20387860662,839.821735656591,646.382553695568,183.215550362466,359.238933864977,138.148423643684,239.87833354998,19.526134487332,49.7973907507757,0,0,8.72995041697196,17.5396043377563,6.90118173871088,12.0377273822256,1.01689078168685,2.60426886833743,0,0,0,0,0,0,0,0,190.191255548737,156.311142463018,149.047981621575,316.414814164988,192.497086150171,371.855659251294,14.5877120114703,41.1509296734115,7.30744294515104,6.00572439857337,5.71419460821837,12.1244759666395,7.35750431150156,14.2096966946029,0.557827036215792,1.57330958812782,321.440583335593,262.662385690187,405.222799181216,914.004382240322,609.395534919072,1202.66129316661,74.8535275395622,215.219636953956,12.3502374528175,10.0919097695645,15.5309198281439,35.0105332129922,23.2859059226848,45.9399661813444,2.85990516215996,8.22026511893884,0,0,56.8136624237164,135.023949798683,72.0279284874742,136.458648329626,10.9289468296774,29.9170849633094,0,0,0,0,0,0,0,0,383.137287160546,181.243222901923,927.960349848012,944.958976147743
"196",2006,2268,16.25,5377.38539964797,4285.98300748871,1343.74309758243,2569.8373568457,696.287508621706,1125.16163195491,97.1600488197896,231.686596261427,0,0,0,0,0,0,0,0,0,0,2.22707261404413,4.36130973471224,1.32017938188424,2.14176197180343,0.186224833487545,0.444676444958,0,0,0,0,0,0,0,0,3966.29234505274,3071.35253409833,782.522494112408,1579.9110368655,542.175768367727,984.774929411169,102.914410131038,275.226872181521,152.391294669731,118.006275972625,30.1606545413815,60.9028438674025,20.8911697079601,37.9450213405006,3.96726874464205,10.6097120313059,21832.8391256796,16782.8545349196,4702.49226798295,9193.96780065677,3488.00614921649,6020.81267612,529.83981742921,1347.92790992274,838.842904138524,644.824440132548,183.170014361028,359.140012334017,137.359894973878,237.695048931365,20.8923037118265,53.2653468024569,0,0,8.73581226474939,17.5502008640776,6.86642475211431,11.9363231243879,1.08923962358558,2.78875358045107,0,0,0,0,0,0,0,0,190.776551643017,156.595444454685,149.720398353395,317.824991448979,192.281173947151,370.110280891778,15.636992242083,44.0741141031534,7.32993106149279,6.01664773135644,5.74009421604807,12.1787883854203,7.34950222584877,14.1434853307384,0.597978974570595,1.68515214792673,320.822975425581,261.803708763251,405.765002394494,914.980071119598,606.370642932458,1192.25675977736,79.7598408549908,229.138574221832,12.3265084141158,10.0589180111576,15.5520572924276,35.0487721544522,23.1711389716773,45.5441910381871,3.04747503024491,8.75224264666775,0,0,56.8514513933974,135.137036259426,71.6408061960213,135.273795563716,11.7158323824676,32.0531671770039,0,0,0,0,0,0,0,0,385.785963783664,182.477585752421,938.139125223499,956.452639443102
"197",2006,2268,16.3333333333333,5359.68595315734,4269.18918369679,1340.88488183467,2564.25233637054,689.856161575919,1110.4941960457,102.777507053915,244.831439639129,0,0,0,0,0,0,0,0,0,0,2.22307740824516,4.35305362914975,1.30830869680547,2.11433154570703,0.197069772534361,0.470081405013636,0,0,0,0,0,0,0,0,3979.97880126582,3078.34504151662,786.169026401385,1587.27370418998,541.784156133829,980.64074124347,110.299797478031,294.790416350767,152.917150204398,118.274939289839,30.3012790806167,61.1868175594474,20.8761153800283,37.7857953522466,4.2520431554219,11.3640698837853,21807.5510763156,16742.6050589924,4701.25385515446,9191.20657104803,3468.37715522104,5966.65911765282,564.227120166856,1434.80775957312,837.871409454446,643.277986528525,183.122963533682,359.036419789206,136.587056027364,235.558215184698,22.2490058725742,56.7002370500696,0,0,8.74133951994615,17.5603085106941,6.8323657340114,11.8370418476182,1.1613805062733,2.97224578633353,0,0,0,0,0,0,0,0,191.356015989385,156.87630663977,150.382551260093,319.217991338967,192.064967998254,368.385911155023,16.6334588411257,46.8331522250717,7.35219511192367,6.02743890131679,5.76559985894869,12.2324419040018,7.3414869481615,14.0780699456648,0.636116204365136,1.79073345083259,320.221814339317,260.961951971609,406.302904144053,915.948000152732,603.390882821381,1182.0228050901,84.5530782191815,242.667380314912,12.3034112793208,10.0265763518044,15.5730287811134,35.0867122293613,23.0580891499224,45.15490541066,3.23073741120758,9.26935771840862,0,0,56.8876911719542,135.24579667988,71.257883462074,134.106449219115,12.5024175849228,34.1805229371964,0,0,0,0,0,0,0,0,388.442738441075,183.714178190443,948.324562065329,967.928010846866
"198",2006,2268,16.4166666666667,5341.94500077347,4252.42916141469,1337.97245083742,2558.56041159441,683.553292707537,1096.18911740905,108.247467711393,257.574209204279,0,0,0,0,0,0,0,0,0,0,2.21895762159059,4.34459743262991,1.29666486365821,2.08755809925642,0.207644388362468,0.494739940146267,0,0,0,0,0,0,0,0,3993.47002085956,3085.18028997369,789.769930569245,1594.5328841389,541.388160258693,976.5429342716,117.764484626789,314.512866402552,153.435504435933,118.537560466279,30.4401455946328,61.4668058208515,20.860894147041,37.6279747382009,4.53988794621929,12.1245905244904,21782.4703511841,16702.6701949607,4699.9830593013,9188.33920869083,3449.14554997826,5913.67112973256,598.379225874249,1520.87250412668,836.907879441902,641.743620865997,183.07459808092,358.928559707419,135.82966902698,233.466947403565,23.5965724361573,60.103185092284,0,0,8.74656854047297,17.5699526156045,6.79898684818667,11.7398334184068,1.23330999223589,3.15474946145223,0,0,0,0,0,0,0,0,191.929540700482,157.153519670258,151.035002061988,320.593762368747,191.848855294263,366.682481669975,17.5871659824707,49.4572050696574,7.37423095122943,6.03808986496876,5.79073304684752,12.2854344247866,7.33347308344996,14.0134476893124,0.672622948116145,1.891167593369,319.638447497675,260.138244497631,406.838053973559,916.912444721724,600.459026234776,1171.96451621782,89.2301786441896,255.799497510909,12.2809978185603,9.99492817649329,15.5938935298424,35.1245168305756,22.946862191292,44.7723036376379,3.40957514090681,9.77135889774976,0,0,56.9224271005905,135.350381386834,70.8792303444128,132.956582487662,13.2886840748127,36.2992511116502,0,0,0,0,0,0,0,0,391.107529423016,184.952972298955,958.516442989291,979.385310558479
"199",2006,2268,16.5,5324.17482772364,4235.71187825939,1335.00995615193,2552.76950664508,677.376201469936,1082.23729680737,113.572942898346,269.924846286351,0,0,0,0,0,0,0,0,0,0,2.21471982008577,4.33594570111163,1.28524309542736,2.0614259379509,0.21795261827995,0.518667339169474,0,0,0,0,0,0,0,0,4006.74490574812,3091.84280353332,793.319034000035,1601.67670890436,540.983379601666,972.473404173598,125.298188515077,334.365322225759,153.94554674214,118.793544891727,30.5770167812917,61.7423521757328,20.8453366057735,37.4712475129703,4.83040745979614,12.8901618666081,21757.608242836,16663.0571623196,4698.6838070341,9185.37368575239,3430.30434670681,5861.82468835207,632.30420690602,1606.14945163428,835.952747976631,640.221620529372,183.025072152677,358.816745619635,135.087468482054,231.420321310676,24.9353133588409,63.4752468409847,0,0,8.75152865445847,17.5791528304855,6.76627040801161,11.6446475815755,1.30502442092637,3.33626687122663,0,0,0,0,0,0,0,0,192.49693240123,157.426822455772,151.677991351466,321.951835391084,191.632833065348,364.999325662857,18.506306615239,51.9702131312322,7.39603114962152,6.04859059080232,5.81550295373294,12.3377477973152,7.3254602940386,13.9495927494792,0.707812259554459,1.9873690937091,319.073732113085,259.333294498629,407.371497163372,917.876313670706,597.576896988251,1162.08488417916,93.7897990389744,268.533273049688,12.2593009674078,9.96400069375557,15.6146914587757,35.1622970199668,22.8375276075591,44.3964999852581,3.58393670384737,10.2581821591664,0,0,56.9556992647297,135.450918685824,70.5048986841213,131.824134466931,14.0746139353645,38.4094506321478,0,0,0,0,0,0,0,0,393.780252896041,186.193938290396,968.71456534925,990.824747078236
"200",2006,2268,16.5833333333333,5306.38620751515,4219.04504975416,1332.00115390644,2546.88679814033,671.322106277656,1068.62961630661,118.756892451871,281.893070661352,0,0,0,0,0,0,0,0,0,0,2.21037053641341,4.32710426258783,1.2740387199274,2.03591957974932,0.22799856310646,0.541879009578476,0,0,0,0,0,0,0,0,4019.78804695997,3098.32158022276,796.811995423811,1608.69699755826,540.567142013735,968.427315882685,132.891161687835,354.320488970137,154.446685085689,119.042469852796,30.7117256625838,62.0131417471653,20.8293397839598,37.3154273070664,5.123226536792,13.6597332788908,21732.9722566689,16623.7702554552,4697.35914082281,9182.31625812328,3411.84611844689,5811.09526650689,666.009592176527,1690.66420748546,835.006303427506,638.712150515644,182.974505565307,358.701224281456,134.360171358923,229.41739207999,26.2655178236308,66.817412990607,0,0,8.75624381486932,17.5879248752768,6.73419924353389,11.5514349290054,1.37651993254941,3.5167987948154,0,0,0,0,0,0,0,0,193.057949263402,157.695929517261,152.311573621856,323.29154690698,191.416718592518,363.335545934284,19.3975609779409,54.3918437043911,7.41758641566491,6.05893011025561,5.83991160472882,12.3893563990888,7.31744135521113,13.886470486674,0.74193934975571,2.08008910784507,318.52815075291,258.547488348244,407.90387324669,918.841430436949,594.745564721978,1152.38525208202,98.2319128742328,280.870821688302,12.2383392670013,9.93380874867799,15.6354469421073,35.2001222851389,22.730126078837,44.0275457460827,3.75382088942128,10.7299074108925,0,0,56.9875437920717,135.547519889433,70.1349258551508,130.709017506905,14.8601894625084,40.5112196484762,0,0,0,0,0,0,0,0,396.460821850166,187.43704416225,978.918723258796,1002.24650304864
"201",2006,2268,16.6666666666667,5288.58863421429,4202.43535765769,1328.94946188007,2540.91882399272,665.388175083572,1055.35699006866,123.802223631178,293.488381983124,0,0,0,0,0,0,0,0,0,0,2.2059162086286,4.31807991754047,1.26304715721759,2.01102374802424,0.237786453768181,0.564390412309629,0,0,0,0,0,0,0,0,4032.58871954619,3104.60929094422,800.245959581275,1615.58855231131,540.138131254358,964.402378795181,140.534213760266,374.352735270105,154.938507396894,119.284053753828,30.8441623313158,62.2789742468226,20.8128528156266,37.1604255369704,5.41799135064987,14.432317852231,21708.5667930601,16584.8113803552,4696.01138047105,9179.17178327661,3393.76312939728,5761.45807154472,699.502390566895,1774.44074856094,834.068714864916,637.215284055666,182.922990059292,358.58218801296,133.647482215941,227.457203639501,27.587455125793,70.1306118266251,0,0,8.7607335004821,17.5962813719253,6.70275677816249,11.4601471653777,1.44779251885313,3.69634477634193,0,0,0,0,0,0,0,0,193.612318812632,157.960543756581,152.935673105757,324.612124608787,191.200219672724,361.690131310581,20.266317850637,56.7380999297782,7.43888628045168,6.06909700834264,5.86395602177839,12.4402304240986,7.3094048606571,13.8240419088383,0.775210048058334,2.16993871570551,318.00187618324,257.780946420295,408.435484748017,919.808717963102,591.965480086641,1142.86561607353,102.557565267807,292.817324698035,12.2181193554394,9.90435696620827,15.6561714406321,35.2380276197194,22.624674621117,43.6654407379628,3.9192674285656,11.1867317005893,0,0,57.0179935383117,135.640282128144,69.7693369112244,129.611121432054,15.6453930310524,42.6046550322955,0,0,0,0,0,0,0,0,399.149145829996,188.682255666212,989.128705332054,1013.65073598237
"202",2006,2268,16.75,5270.79060872794,4185.88868166366,1325.85802998619,2534.87161782664,659.571563037703,1042.41042666128,128.71179131492,304.720062729958,0,0,0,0,0,0,0,0,0,0,2.20136308969617,4.3088800568977,1.25226388337601,1.98672334634379,0.247320613819478,0.586216988717317,0,0,0,0,0,0,0,0,4045.13963522078,3110.70128687622,803.619127801422,1622.34828326542,539.69592198962,960.397944742492,148.218735068614,394.438157686182,155.420733648151,119.518117979668,30.9742574717176,62.5397303842061,20.7958590898902,37.0062167756227,5.71437032733462,15.2069949072354,21684.3939939207,16546.180719554,4694.64232460801,9175.94411721276,3376.0475007566,5712.88834557452,732.789118089629,1857.50150850383,833.140064586392,635.731028162436,182.870597107131,358.459790107399,132.949099683222,225.538800434629,28.9013757030114,73.4157124616763,0,0,8.76501382986168,17.6042329502278,6.67192720605046,11.3707376102107,1.51883806120815,3.874903352735,0,0,0,0,0,0,0,0,194.159760955818,158.220373135485,153.550164455672,325.912816036645,190.983053009444,360.06215938637,21.1169272237139,59.0220137224842,7.45991998235073,6.07908006448677,5.88763132318177,12.4903408268345,7.30133976741209,13.762271458733,0.807790463828238,2.25741541283595,317.494850719454,257.033591119342,408.96637152371,920.778405673807,589.236615205723,1133.524943645,106.768593198927,304.380232026933,12.1986390165502,9.87564236499796,15.6768663479228,35.2760214464562,22.5211719509382,43.3101454564901,4.0803462977309,11.628938721096,0,0,57.0470789548981,135.729291797889,69.4081471546994,128.530318552806,16.4302069968152,44.6898519645775,0,0,0,0,0,0,0,0,401.845130469108,189.92953620157,999.344286027929,1025.03757267233
"203",2006,2268,16.8333333333333,5252.99981472327,4169.41024199223,1322.72978376317,2528.75079173073,653.869434261658,1029.7810640116,133.488398533703,315.597181861083,0,0,0,0,0,0,0,0,0,0,2.19671721385528,4.29951244739551,1.24168442001232,1.96300346384159,0.25660543155738,0.607374107543714,0,0,0,0,0,0,0,0,4057.43618545084,3116.59499819233,806.930500819014,1628.97468506903,539.240713906277,956.414497328429,155.936696042131,414.554575989667,155.893186772254,119.744563793475,31.1019724877686,62.7953517767626,20.7783660397542,36.8528191396314,6.01205413144582,15.9829098423913,21660.4542564979,16507.8771347014,4693.25337087019,9172.63635028248,3358.69130259383,5665.36152678355,765.875826501181,1939.86746634213,832.220367857509,634.25933909842,182.81738257249,358.33415399025,132.264720061321,223.661233768149,30.2075122237504,76.673528208463,0,0,8.76909824201921,17.6117888204202,6.64169549927212,11.2831612887301,1.58965238413231,4.05247229786877,0,0,0,0,0,0,0,0,194.699999822965,158.475138856859,154.154907290027,327.19293683688,190.76498114691,358.45085232978,21.9528807199063,61.254146897011,7.48067692199047,6.08886856685681,5.91093205129552,12.5396611782593,7.29323681329333,13.7011291580923,0.839813886258113,2.34292227107553,317.006836522656,256.305190109519,409.49636803711,921.750181120809,586.558572061958,1124.36141146571,110.86743396113,315.568710349511,12.1798891123559,9.84765601832372,15.6975251848862,35.3140914260272,22.419602630889,42.9615901670893,4.23715039657444,12.0568777154257,0,0,57.0748286009135,135.814626725913,69.0513638013553,127.466466934808,17.2146136297621,46.7669036515342,0,0,0,0,0,0,0,0,404.548677489802,191.178846896328,1009.56522626031,1036.40711240081
"204",2006,2268,16.9166666666667,5235.22325160825,4153.00470739016,1319.5674573311,2522.56159884033,648.278977491775,1017.46019385449,138.134797000796,326.128598475414,0,0,0,0,0,0,0,0,0,0,2.19198438512892,4.28998508254055,1.23130433316656,1.93984939081089,0.265645336535711,0.627877021360093,0,0,0,0,0,0,0,0,4069.47587651559,3122.28948545091,810.179689635274,1635.46745272546,538.773142613896,952.453290336832,163.680638103652,434.681504029307,156.355770956466,119.963355100399,31.2272922418874,63.0458261986295,20.7603978773092,36.7002803964981,6.3107553263954,16.7592730427433,21636.7466167539,16469.8984666609,4691.84560404255,9169.25097946572,3341.68661714738,5618.85335756568,798.768131945802,2021.55823515479,831.309587641785,632.80013390582,182.763390128623,358.205379913566,131.59403980715,221.823566066271,31.5060806774622,79.9048199564347,0,0,8.77299800686549,17.6189571372486,6.61204735167161,11.1973748701751,1.6602313114832,4.2290488633779,0,0,0,0,0,0,0,0,195.232771190119,158.724580199652,154.749762741588,328.451887716233,190.545818522806,356.855577901496,22.7769630817936,63.443015350943,7.50114694745963,6.09845249813278,5.93385280899816,12.5881683193571,7.28508874864675,13.6405906476669,0.87138657794613,2.42678415822908,316.537454492264,255.595389847476,410.025153487457,922.723318871347,583.930677971426,1115.37261136605,114.856968466468,326.393188351667,12.1618550773857,9.82038434247652,15.7181355213207,35.3522093960338,22.3199407239679,42.6196827851048,4.38978955826601,12.470946098981,0,0,57.1012695140277,135.896357828811,68.6989872956091,126.41941300158,17.998595052076,48.8359010713527,0,0,0,0,0,0,0,0,407.259684889602,192.430146763977,1019.79127750347,1047.75943341112
"205",2007,2268,17,5217.29061577234,4136.5090299803,1316.31185814565,2516.24185831527,642.643788522946,1005.03095295834,142.826004208359,336.763588198743,0,0,0,0,0,0,0,0,0,0,2.18719997758533,4.28037064323122,1.22082751785147,1.91646814367002,0.274772208530398,0.648581212345214,0,0,0,0,0,0,0,0,4081.29137782133,3127.81688850775,813.34560477232,1641.81910869024,538.165877164591,948.131491123817,171.588632538078,455.217699636158,156.809741411619,120.175726765095,31.3494076599427,63.2908691145141,20.7370478635149,36.5338484542964,6.61579406219327,17.5514491514983,21613.2878263496,16432.2582750855,4690.28428775872,9165.70878171431,3324.23082702794,5571.07599182118,832.363326012054,2105.03662880569,830.408367477446,631.353933571689,182.703480111285,358.070519055137,130.905460251246,219.935496103124,32.832411421507,83.2068039878009,0,0,8.77684371626404,17.6260141958165,6.58139611223274,11.1088228281473,1.73233786993734,4.40950692945453,0,0,0,0,0,0,0,0,195.765961483322,158.975602895256,155.345417431426,329.716672778134,190.301350798601,355.175072206082,23.6435517994186,65.75464529945,7.52163306732579,6.10809718757922,5.95680313571363,12.6368967728213,7.27596964114014,13.5767849229587,0.904587434372855,2.51534700311244,316.089464816503,254.907032200583,410.555642555978,923.708417666872,581.213075979323,1106.10611908409,118.896299373146,337.350082219673,12.1446429624652,9.79393652654643,15.7388087520053,35.390780791227,22.2168399902947,42.2671349841256,4.54434515434549,12.8901120409928,0,0,57.1272362322283,135.976648740047,68.3346713554919,125.338047840359,18.8004855573461,50.9519625714695,0,0,0,0,0,0,0,0,409.966679270415,193.673330058048,1029.97938666327,1059.00359635836
"206",2007,2268,17.0833333333333,5197.79759937461,4118.60166095305,1312.4797276957,2509.2534929517,635.797939912162,989.41950705936,148.86507274626,350.814811785079,0,0,0,0,0,0,0,0,0,0,2.18247799191884,4.27101391383987,1.20805283526911,1.88701272807884,0.286468743430001,0.675819172040316,0,0,0,0,0,0,0,0,4093.26749098194,3133.51749646598,816.310578999227,1648.0563774688,536.477470341536,940.594802645709,180.808754411097,479.450192851194,157.269882831082,120.394753239088,31.4638067924775,63.531530560567,20.672035162258,36.2435326157887,6.97140795342432,18.4860928663169,21590.1154618591,16394.9991478402,4687.51029834275,9161.34444159135,3300.26346292498,5504.87107231448,873.471083718468,2208.85624139251,829.518150465452,629.922374417345,182.597210377809,357.90467716908,129.960316330621,217.319608738868,34.4546892624315,87.311996911491,0,0,8.7812330311695,17.634668909967,6.53778291599142,10.9833314679753,1.81952946343308,4.63103990941638,0,0,0,0,0,0,0,0,196.358775135503,159.280319204115,156.011386277362,331.173681651123,189.826777147567,352.601569970936,24.9223674724703,69.312685543475,7.54441000675525,6.11980487173179,5.98244699470513,12.6929878223724,7.25804910493492,13.4788340988831,0.953552791946738,2.6515645052269,315.680062442042,254.259121893964,411.108039446683,924.784446927506,577.343310881,1093.14679431598,124.180306896617,352.133117506497,12.1289134240209,9.76904276251063,15.7603176793392,35.4328289239479,22.0696868027893,41.773441211901,4.74649257050143,13.4555263124271,0,0,57.1587372798998,136.071176988369,67.8336390734676,123.835598781729,19.7610720233813,53.534429852421,0,0,0,0,0,0,0,0,412.582031464239,194.830714555516,1039.79459805855,1069.42777270975
"207",2007,2268,17.1666666666667,5178.2713756604,4100.7317794315,1308.60951340367,2502.17442916714,629.101438108261,974.257431540584,154.72442969183,364.362476039017,0,0,0,0,0,0,0,0,0,0,2.17748741697748,4.26125245522631,1.19556644478868,1.85840973941682,0.297835923466284,0.70212237915377,0,0,0,0,0,0,0,0,4105.16221898849,3139.15027446467,819.279221893706,1654.28700928509,534.85249517554,933.268297568287,190.091019423723,503.762319012038,157.726897302777,120.611173577563,31.5783381533333,63.7719220183449,20.6094627002735,35.9613081869785,7.32943147004622,19.4238447821399,21567.0128669638,16357.9344425923,4684.70745706366,9156.85427872164,3276.79839842033,5440.29196693732,914.232477527094,2311.40200934129,828.630613152751,628.498285311017,182.489743321718,357.733791717243,129.034805007514,214.767557485611,36.0634456473398,91.3670941854522,0,0,8.78492069092508,17.6423684918744,6.49510766274549,10.8609007013315,1.90628507187667,4.85064607699716,0,0,0,0,0,0,0,0,196.938103480454,159.574486850594,156.646621328041,332.569994692755,189.325379728108,350.007534082299,26.1381921260281,72.6632245111768,7.56666881868927,6.1311072594336,6.00691116744767,12.7467504768826,7.23909976985092,13.3800889639855,1.0001131124473,2.77985963815103,315.277341404912,253.620057339813,411.64976031249,925.844652746211,573.546371847842,1080.47192705508,129.333813556858,366.445876290546,12.1134405860246,9.74448886673499,15.7814148211654,35.4742657129843,21.9253051457734,41.2905802834073,4.94366656720969,14.0030146030265,0,0,57.1885258500131,136.161288927073,67.3399888027478,122.362886857314,20.719158828946,56.0977940912095,0,0,0,0,0,0,0,0,415.205200184706,195.990276462823,1049.60639800745,1079.81930043244
"208",2007,2268,17.25,5158.73300590905,4082.91524273738,1304.70725393802,2495.01660216119,622.551791635505,959.532752683194,160.40846908981,377.421857493958,0,0,0,0,0,0,0,0,0,0,2.17226354101569,4.25112930906036,1.18335706137257,1.83062918474838,0.308879402817854,0.727513959417761,0,0,0,0,0,0,0,0,4116.91752420277,3144.67123946212,822.231937654359,1660.47226101773,533.27320449971,926.118245093599,199.423081784218,528.119734357471,158.178554927832,120.823297881722,31.6922494646196,64.0105557491425,20.5486487248943,35.6858792337621,7.68938960971919,20.363383427888,21544.0172421034,16321.0913229794,4681.88555306405,9152.25834944961,3253.83041258676,5377.30711526377,954.659022693941,2412.71760643237,827.747184829591,627.082709923262,182.381461080875,357.558646202795,128.128728142654,212.278118023245,37.659125678148,95.3737961742652,0,0,8.78801818205526,17.6492336943803,6.45334691590582,10.741457875426,1.99260589304008,5.06835372855153,0,0,0,0,0,0,0,0,197.504830404995,159.858759854374,157.256388124372,333.91498909784,188.805692158393,347.409290392936,27.3020111720871,75.8399405873896,7.58844346343279,6.1420294791679,6.03039771152304,12.7985443756128,7.2194481959769,13.2811743229234,1.04468837326037,2.90151960702036,314.884155335235,252.992081915173,412.182105065129,926.892596809255,569.822571247062,1068.07842718119,134.354580696421,380.285089563133,12.0983340894645,9.72036103335324,15.8021498267155,35.5152271910061,21.7837069470439,40.8184346584342,5.13578106702058,14.5324500444833,0,0,57.2166425840316,136.247176194538,66.8537692891908,120.919633914138,21.6747795228559,58.642452388262,0,0,0,0,0,0,0,0,417.836011952838,197.151941642816,1059.41343784228,1090.17732783367
"209",2007,2268,17.3333333333333,5139.20008335688,4065.16513063342,1300.77811003839,2487.79026879615,616.146198436269,945.233242695524,165.921472469918,390.007762399486,0,0,0,0,0,0,0,0,0,0,2.16683730706669,4.2406835091178,1.17141490288707,1.80364324381672,0.319605026718976,0.752017086593786,0,0,0,0,0,0,0,0,4128.48973000482,3150.04763619955,825.154050361365,1666.58327553733,531.726748677196,919.120058569328,208.793338588297,552.49029461007,158.623177580663,121.029867642143,31.8049772498944,64.2463234348939,20.4890994891536,35.416300854283,8.05083581944603,21.3034715830131,21521.1561034453,16284.4894944738,4679.05201117244,9147.57207395412,3231.3526786981,5315.88270823203,994.761475954639,2512.84414333999,826.868922704535,625.676405369871,182.27265411255,357.379844042366,127.241824641262,209.849977378403,39.2421453262608,99.333704526145,0,0,8.79061585867331,17.6553609998051,6.41247669523181,10.6249277180626,2.07849242621137,5.2841879356764,0,0,0,0,0,0,0,0,198.059566140673,160.133589356638,157.844522915791,335.215484035854,188.273836776211,344.818608903916,28.4228824993403,78.8708386895759,7.6097573870206,6.15258886450148,6.05305381117624,12.8486309743015,7.19932855190723,13.1825404377759,1.08762481825312,3.01761463990721,314.502517377922,252.376745987092,412.706083509639,927.930811148162,566.171858620629,1055.96254983146,139.242036512192,393.652428304262,12.0836712826024,9.69671882994459,15.8225612717776,35.55581003583,21.6448903315121,40.3568619104642,5.32281373720791,15.0438946695373,0,0,57.2431248275566,136.328999728028,66.3749990595472,119.505511046606,22.6279659531767,61.1687921128928,0,0,0,0,0,0,0,0,420.474302948597,198.315639851583,1069.21470687785,1100.50134982348
"210",2007,2268,17.4166666666667,5119.68740600856,4047.49228565352,1296.82653085968,2480.50432506223,609.881638917617,931.346572789526,171.267610936887,402.134536408854,0,0,0,0,0,0,0,0,0,0,2.16123579348866,4.22995031587801,1.15973134978372,1.77742585434757,0.330018788427864,0.775654883776941,0,0,0,0,0,0,0,0,4139.84651383502,3155.2555638085,828.034754205441,1672.59895697283,530.204033091029,912.256107846698,218.190967610008,576.844174637525,159.059523376839,121.229964549236,31.9161065614133,64.4784146607765,20.4304654127078,35.1518952348858,8.4133534593372,22.2429609093566,21498.4493235584,16248.1427938605,4676.21239562382,9142.80722716439,3209.35720008022,5255.98348065929,1034.54986735273,2611.82026968812,825.996590309661,624.279903282194,182.163540701667,357.197847009654,126.373787444421,207.481764874301,40.8128926447861,103.248326057792,0,0,8.79278687710059,17.660827569777,6.37247311337632,10.5112341512026,2.16394458418076,5.49817094653014,0,0,0,0,0,0,0,0,198.602716557128,160.399276089858,158.413790013626,336.476385290439,187.734160260384,342.243877657084,29.5082298529039,81.7790846737136,7.63062618357941,6.16279697005783,6.07498549793156,12.8971982927016,7.17890698775441,13.0845080385848,1.12920617998371,3.12902989841003,314.133774589644,251.775052782285,413.222436589245,928.960951284646,562.59384186261,1044.1199817785,143.99693818274,406.553500499621,12.0695039215694,9.67360080208021,15.842677457666,35.5960774049153,21.5088403954922,39.9056979539235,5.50479306554213,15.5375610541961,0,0,57.2680075891929,136.406896069381,65.903672379889,118.120149907075,23.5787481749173,63.6771904624914,0,0,0,0,0,0,0,0,423.119916107535,199.481303570603,1079.00944376743,1110.79111753725
"211",2007,2268,17.5,5100.20755053916,4029.90577361107,1292.85639623099,2473.1665776179,603.754952514661,917.860435233273,176.450949163781,413.816080334926,0,0,0,0,0,0,0,0,0,0,2.15548268526651,4.21896150092945,1.14829866287763,1.75195237048398,0.340126788392731,0.798450334719256,0,0,0,0,0,0,0,0,4150.96434817226,3160.27796012097,830.866219981676,1678.50416358322,528.698764854879,905.513910017917,227.605934524007,601.15389731838,159.486688351374,121.422933047223,32.025336700688,64.7062475795744,20.3725045006308,34.8921822202794,8.77655609260214,23.1807930964847,21475.9108690427,16212.0605395,4673.37083822324,9137.97278058825,3187.83517051594,5197.57335464932,1074.03354294209,2709.68230960249,825.130724262471,622.89356168641,182.054283544891,357.01300789946,125.524277585629,205.172077273608,42.3717294028105,107.119077941494,0,0,8.79459061638926,17.6656954677926,6.33331282726187,10.4003016388008,2.24896181114603,5.71032261193289,0,0,0,0,0,0,0,0,199.134540851213,160.656013926363,158.966175847715,337.701215245402,187.18974808116,339.691055378946,30.5641122367598,84.5837764588862,7.65105981183614,6.17266124472279,6.09626894105168,12.9443812605947,7.1583013597299,12.9873048459972,1.16966398533334,3.23649496986428,313.778757567572,251.187583174584,413.731664497167,929.983944854015,559.087819920578,1032.54593157466,148.621075099205,418.996967227057,12.0558639193296,9.6510292678568,15.8625174768975,35.6360646044765,21.3755304320322,39.4647604369526,5.68178700843626,16.0137785135941,0,0,57.2913243003363,136.480982750249,65.4397643661024,116.763152306882,24.5271544702446,66.1680144015318,0,0,0,0,0,0,0,0,425.772698797375,200.648867078311,1088.79706521599,1121.04656531752
"212",2007,2268,17.5833333333333,5080.77134691562,4012.41326432505,1288.87113446448,2465.78396863919,597.762899525744,904.762639778794,181.475449763467,425.065866979651,0,0,0,0,0,0,0,0,0,0,2.14959871656867,4.20774565416665,1.13710975756385,1.72719929378762,0.349935196221901,0.820426203747143,0,0,0,0,0,0,0,0,4161.82638762844,3165.10293979659,833.642857600783,1684.28821739518,527.206679711294,898.884673378047,237.02898255456,625.394309137854,159.904025277521,121.60831648232,32.1324529233629,64.9294117267542,20.3150526741117,34.6368234336754,9.14008710053123,24.115998960839,21453.550235968,16176.248644882,4670.53039119029,9133.07559554916,3166.77726459864,5140.61595065391,1113.22121088174,2806.46440742375,824.271689417232,621.517607788062,181.945003418799,356.825597429423,124.692935520488,202.919498763517,43.9189928516903,110.947293288421,0,0,8.79607556194393,17.6700151489771,6.294973330827,10.2920561303231,2.33354320160305,5.92066081490198,0,0,0,0,0,0,0,0,199.655198087675,160.903924895412,159.503122514804,338.892533411485,186.642824835233,337.16441523823,31.5954637459912,87.3006343030609,7.67106438328482,6.18218637705635,6.11695941490481,12.9902778617723,7.13759657750961,12.8910940814394,1.20918673051727,3.34061026904861,313.437905126712,250.614599451466,414.234058968281,931.000130932784,555.652825033622,1021.23522505523,153.117012865477,430.993777066946,12.0427681359722,9.62901430477319,15.8820924421717,35.6757844093219,21.2449235297617,39.0338523573122,5.85389319868336,16.4729638231914,0,0,57.3131073871762,136.55136274218,64.9832352567393,115.434098213876,25.4732114130523,68.641620748302,0,0,0,0,0,0,0,0,428.432501036623,201.818265745273,1098.57711102993,1131.26775406614
"213",2007,2268,17.6666666666667,5061.3882037706,3995.02129282349,1284.87380319621,2458.36273001911,591.902202007408,892.041175032436,186.344976858471,435.89695584506,0,0,0,0,0,0,0,0,0,0,2.1436020495851,4.19632849847937,1.12615805992214,1.70314410694252,0.359450219618652,0.841604974006372,0,0,0,0,0,0,0,0,4172.42103284511,3169.7226658572,836.360816380225,1689.94389657834,525.725029932302,892.362340445947,246.451611402336,649.542520058113,160.311088489376,121.785813745292,32.2373072650803,65.1476293538919,20.2580041136909,34.3855855420417,9.50361888448356,25.04769616931,21431.3734255419,16140.7103746047,4667.69326547586,9128.12089051395,3146.17382677988,5085.07491228089,1152.12098399647,2902.19866402026,823.419716351348,620.152167018006,181.835788413488,356.635822379448,123.879388511563,200.722613679043,45.4549973546917,114.734226369897,0,0,8.79728134917819,17.6738278314514,6.25743303697203,10.18642545647,2.41768760845758,6.129201864869,0,0,0,0,0,0,0,0,200.164777219101,161.143081631118,160.025672321664,340.052196192539,186.094989849512,334.666987912497,32.606281837909,89.9425475749956,7.69064331560114,6.19137515777805,6.13709684913256,13.0349591065908,7.11685363359539,12.7959914450513,1.2479270842623,3.44186795315266,313.111350438348,250.056116903992,414.72973832891,932.00937823872,552.287677949145,1010.18241314407,157.487899444195,442.556582611537,12.0302216882825,9.6075565003303,15.9014068251522,35.7152315821967,21.1169746794193,38.6127661721207,6.02123153046503,16.915598904314,0,0,57.3333885722143,136.618127466517,64.5340334325504,114.132551410372,26.416943905952,71.0983562238257,0,0,0,0,0,0,0,0,431.099174482235,202.989435644168,1108.34921284128,1141.45483841399
"214",2007,2268,17.75,5042.06636018771,3977.73546130125,1280.86715211644,2450.90850302049,586.169574074975,879.684251806096,191.063299906342,446.322008165042,0,0,0,0,0,0,0,0,0,0,2.13750859455762,4.18473317074436,1.11543739971267,1.6797651504487,0.368678078704643,0.862008798630176,0,0,0,0,0,0,0,0,4182.74082043944,3174.13247971074,839.0175997067,1695.46665915324,524.252200113571,885.942877918413,255.866045741267,673.577812464935,160.707591231837,121.955245845584,32.3398037549717,65.3607256372735,20.2012965102884,34.1383129977191,9.866851665884,25.975085770964,21409.3836987635,16105.4469273189,4664.8610144291,9123.1126009463,3126.01501207383,5030.91414188624,1190.7404215682,2996.91526968454,822.574930360117,618.797285430054,181.726701049962,356.443839562156,123.083256128625,198.580015742061,46.9800359898434,118.481057715965,0,0,8.79824037247687,17.6771673319493,6.22067130810873,10.0833395636422,2.50139373345923,6.3359608308602,0,0,0,0,0,0,0,0,200.663319516025,161.373524061548,160.534575348739,341.18154963932,185.547390235317,332.200888498896,33.5997803089216,92.5200216162913,7.70979819444263,6.20022912098869,6.15670995884329,13.0784764316982,7.09611623422384,12.7020776399147,1.28600774075117,3.54066901533169,312.798988273762,249.511959505854,415.218678107475,933.011183011713,548.991032715263,999.381853907517,161.737314388693,453.699284470442,12.0182205333475,9.58664909130938,15.9204596268079,35.7543866182923,20.9916324847149,38.2012869294391,6.18393839284705,17.3422133866992,0,0,57.3521990846104,136.681359130224,64.0920977603539,112.858063845081,27.3583752723318,73.5385576780852,0,0,0,0,0,0,0,0,433.772571738837,204.162313289126,1118.11307112881,1151.60804240873
"215",2007,2268,17.8333333333333,5022.81313450011,3960.56063858483,1276.85368503576,2443.42645666941,580.561751333638,867.680344355157,195.634097933575,456.353303255555,0,0,0,0,0,0,0,0,0,0,2.13133232490944,4.17298049871461,1.10494190511341,1.65704149973055,0.377624980958989,0.881659454160654,0,0,0,0,0,0,0,0,4192.7813255419,3178.33004207487,841.611684736504,1700.85387688272,522.787331601797,879.623584968642,265.265197554472,697.481532311194,161.093363494341,122.116522904227,32.4398838223095,65.5685992769226,20.1448966477061,33.8949014845466,10.2295120495694,26.8974480448523,21387.5823226099,16070.4580113102,4662.03471525066,9118.05373479453,3106.29092360682,4978.09802874408,1229.08657382264,3090.64264507889,821.737380126136,617.452951815777,181.617785312104,356.249769624653,122.304155626412,196.490317011744,48.4943822575026,122.188899526801,0,0,8.79897937403222,17.680061882284,6.18466849500545,9.98273076112117,2.58466021321553,6.54095186117733,0,0,0,0,0,0,0,0,201.150840555733,161.595275744255,161.03039659649,342.281621199657,185.000895457731,329.767645664869,34.5785389467332,95.0416157148683,7.72852961829359,6.20874917180766,6.17582035866062,13.1208690610088,7.07541748829914,12.6094109820153,1.32352714526971,3.63734003796234,312.500541550975,248.981814918091,415.700740003429,934.004763476701,545.761415323462,988.827781922304,165.869124414178,464.436593791071,12.0067540253842,9.56628007714147,15.9392454849528,35.7932193590658,20.8688406375477,37.7991949139315,6.34216114611022,17.7533678801114,0,0,57.369569874254,136.741133041665,63.6573598931635,111.610179882042,28.2975273837759,75.9625524230714,0,0,0,0,0,0,0,0,436.45254569294,205.336835385267,1127.86843166416,1161.72763465772
"216",2007,2268,17.9166666666667,5003.63507318599,3943.50107980468,1272.83569709879,2435.92135862249,575.075506899869,856.018209882089,200.060962536294,466.002751572787,0,0,0,0,0,0,0,0,0,0,2.12508553689545,4.16108926614994,1.09466595062315,1.63495290731843,0.386297102339262,0.900578309239377,0,0,0,0,0,0,0,0,4202.54052044891,3182.3148317295,844.142303015696,1706.10439581683,521.330116737659,873.402719680623,274.642628841208,721.236977444186,161.468327369273,122.269624895111,32.5375178761667,65.7712056270717,20.0887925000336,33.6552835691712,10.5913515999865,27.8141382355821,21365.969005638,16035.7421797786,4659.21507312886,9112.94657549325,3086.99168448563,4926.59155917299,1267.16601976014,3183.40756365078,820.907054455676,616.119110586498,181.509070684557,356.053704935024,121.541704764025,194.452152230878,49.9982915299505,125.858800366887,0,0,8.7995204511608,17.6825351890708,6.1494058533386,9.88453364146232,2.66748569032358,6.74418845398913,0,0,0,0,0,0,0,0,201.627341273872,161.808351916689,161.51356505516,343.353206703131,184.456166572478,327.368338809271,35.5446141303626,97.5142711018445,7.74683762308551,6.21693589568255,6.19444444698916,13.1621673448078,7.05478255689365,12.5180326479096,1.36056372618255,3.73214574039454,312.215601536861,248.465267635539,416.175700298854,934.989135374661,542.597268902498,978.51438541366,169.887382146142,474.783722428734,11.9958064603659,9.54643349344696,15.9577557628334,35.8316918859333,20.7485396500933,37.4062686027176,6.49605424977988,18.1496421280384,0,0,57.3855316534266,136.797518944671,63.2297457309878,110.388439013997,29.2344207232967,78.3706584150085,0,0,0,0,0,0,0,0,439.138949337466,206.512938777477,1137.61507706427,1171.81391872044
"217",2008,2268,18,4984.27147144023,3926.2624268079,1268.65649504852,2428.24389551179,569.638302608142,844.294308696535,204.457835592055,475.718379592382,0,0,0,0,0,0,0,0,0,0,2.11884228686434,4.14916715292726,1.08447321525815,1.61273080975948,0.39491115695985,0.919620888137275,0,0,0,0,0,0,0,0,4212.16424317629,3186.21811251764,846.5096264857,1711.13217333771,519.819596793859,866.879333961147,284.096045157922,745.285852352159,161.83808618642,122.419595184998,32.6288736949956,65.9652436817165,20.0306347059034,33.4040085829235,10.9561348575405,28.7421753890611,21344.9403809496,16001.6048670783,4655.8612462035,9107.30892143971,3067.73448765544,4874.09149828323,1305.5829892698,3277.76411812319,820.099192345318,614.807497029715,181.379865025337,355.837265912757,120.780838913404,192.374629549346,51.5155516062221,129.591564440341,0,0,8.80014508232662,17.6849980488763,6.11412617434365,9.78413455057506,2.75106440083544,6.95077022360971,0,0,0,0,0,0,0,0,202.118341461538,162.026111584285,162.009695894319,344.438235208379,183.941203394932,324.91442061863,36.5400796896115,100.118760518062,7.7657027187705,6.22530256700104,6.21356405115184,13.2039777508779,7.03528226139485,12.4245565897842,1.39872666415802,3.8319984578301,311.955220544585,247.972953141906,416.648192642946,935.975418007781,539.432172979247,967.985152529212,173.900910821171,485.25729798176,11.9858024853973,9.52751797253661,15.976167327198,35.8702291259294,20.6281896136103,37.0050566984102,6.64977864121111,18.5507844443113,0,0,57.4021146116469,136.853924925327,62.8015561747969,109.141543635053,30.1813698395445,80.819937246572,0,0,0,0,0,0,0,0,441.802660927585,207.674196581819,1147.24816143479,1181.72731530514
"218",2008,2268,18.0833333333333,4964.52308527519,3908.62805771312,1264.20786506756,2420.28339898424,564.197902580127,832.251842717471,208.8987628067,485.780679250514,0,0,0,0,0,0,0,0,0,0,2.11255475921915,4.13718494252473,1.0742752083383,1.58989425856349,0.403610612332119,0.939329965452884,0,0,0,0,0,0,0,0,4221.81897618036,3190.17705168726,848.673585672419,1715.93010411525,518.231622215548,859.82234203806,293.705891555699,769.969413912796,162.209036467989,122.571703958908,32.7124117161126,66.1504416788333,19.9694907749784,33.1321685748573,11.3269604896318,29.694706026822,21324.7221074483,15968.2188541273,4651.6001815155,9100.79522770563,3048.24869664521,4819.10058400029,1344.74310987008,3375.36876206853,819.322463807856,613.524749671088,181.215876731628,355.587252175059,120.010917251271,190.198661430458,53.062135643526,133.452582265925,0,0,8.80064380549493,17.6873319064194,6.07833034777092,9.67856728873507,2.83621782839589,7.16407871391103,0,0,0,0,0,0,0,0,202.638598460172,162.256786554357,162.522641722016,345.548646290133,183.459064623106,322.329366523643,37.5860816689688,102.940143411964,7.78569190533954,6.23416546498392,6.23332619241676,13.2467569963035,7.01703371985589,12.3260565791714,1.43882472023365,3.94015079799783,311.724305761754,247.508797676364,417.120609763904,936.965528414833,536.22606389301,956.942826888011,177.983984869646,496.195089431944,11.9769306423892,9.50968436680113,15.9945713315842,35.9089036867283,20.5062584427647,36.5841947387765,6.80617443055374,18.9697073326825,0,0,57.4205845897526,136.912413229532,62.3675549476474,107.836106365654,31.1467731854922,83.3479169243266,0,0,0,0,0,0,0,0,444.423622014753,208.809171686979,1156.69646046588,1191.36840602342
"219",2008,2268,18.1666666666667,4944.84647982364,3891.10837367352,1259.76391336317,2412.30489324187,558.870277715639,820.563490505427,213.195548810966,495.4403818594,0,0,0,0,0,0,0,0,0,0,2.10609668013709,4.12497012869154,1.06429171382767,1.56772735475238,0.412036780485025,0.958273477465872,0,0,0,0,0,0,0,0,4231.26426544913,3193.97488435767,850.809745397438,1720.65367867182,516.672854593455,852.92392211788,303.294760122022,794.506159920199,162.571939586311,122.717622763483,32.7948710203078,66.3327644830014,19.9094710137417,32.8664361498,11.6969918403515,30.6416149227098,21304.6249273421,15935.0501357134,4647.36055554953,9094.23449932949,3029.16467827699,4765.51462500612,1383.62424037093,3471.87525959909,818.550386955403,612.250351156202,181.052635278155,355.335265379278,119.256765020191,188.078024333741,54.5977967799988,137.270304789273,0,0,8.80048288297878,17.6887875944537,6.04327465336109,9.57565559263757,2.92090055178982,7.37537262405434,0,0,0,0,0,0,0,0,203.14371342446,162.477381501056,163.006844004228,346.611419147447,182.960203712251,319.765279293333,38.6123897242434,105.672063819079,7.80509931028632,6.24264107237726,6.25198442148761,13.2877070226876,6.99814204658432,12.228349215372,1.47817132918989,4.04488693384853,311.502476061861,247.052858191135,417.583125709119,937.935802595382,533.0900988026,946.161638957023,181.959844341036,506.740138793995,11.9684078570356,9.49216643240212,16.012592129117,35.9468100789288,20.3869968006126,36.1732806096492,6.95848185250125,19.3736491737297,0,0,57.4374472161256,136.967187378799,61.9407879846639,106.559614925739,32.1095965543636,85.857059258756,0,0,0,0,0,0,0,0,447.051221940852,209.945725983161,1166.13831095771,1200.97455680757
"220",2008,2268,18.25,4925.25171920209,3873.71034854709,1255.32753393525,2404.31467867147,553.653074820615,809.218174665026,217.351847115507,504.710488332693,0,0,0,0,0,0,0,0,0,0,2.09949825323786,4.11255674456117,1.05451493178324,1.54620643164053,0.42019554235241,0.976473490148958,0,0,0,0,0,0,0,0,4240.48058727237,3197.59771854323,852.910371463986,1725.28804159571,515.137529232524,846.171525934371,312.855825234773,818.877444533742,162.926045409219,122.856817846417,32.8759549865845,66.5116418827301,19.8503538769825,32.6063288835599,12.0659656987957,31.582183041123,21284.660763154,15902.1064721007,4643.14582194704,9087.63478905866,3010.47555549862,4713.29910887266,1422.23317673002,3567.31530604501,817.783419870634,610.984599646637,180.890277350595,355.081622478258,118.518115659279,186.01136963129,56.1227994715917,141.045974874354,0,0,8.79977284119155,17.6894780790523,6.00893608275517,9.47532659325812,3.00511304177238,7.58467688153499,0,0,0,0,0,0,0,0,203.63430481549,162.68820030149,163.466487885113,347.632103231236,182.449579521138,317.228383135673,39.6216157054528,108.326495402994,7.82394869584124,6.25074106462621,6.26969934290385,13.327040678126,6.97879694267916,12.1316727719024,1.51686623517078,4.14666425548771,311.290182831949,246.605653833708,418.03474414245,938.88618390736,530.021468301271,935.635590199459,185.831970053654,516.904392920216,11.9602514724403,9.47498411581218,16.0301913941816,35.9839458599856,20.270297327523,35.772085744627,7.10683344132102,19.7630646860147,0,0,57.4526970256052,137.01831751286,61.5211977654793,105.311561336361,33.0698760967564,88.3477880171756,0,0,0,0,0,0,0,0,449.685268737663,211.083790020544,1175.57270032099,1210.54571894352
"221",2008,2268,18.3333333333333,4905.74733543625,3856.43974317213,1250.90122800775,2396.31828983743,548.543866350169,798.204977674415,221.371204699223,513.603543827337,0,0,0,0,0,0,0,0,0,0,2.09278530555544,4.09997482247795,1.04493804197092,1.52530922079014,0.428092768508498,0.99395173575199,0,0,0,0,0,0,0,0,4249.45437384125,3201.03623548223,854.96979558561,1729.82252385121,513.621589134074,839.555836426501,322.383035368314,843.066868256237,163.270832639799,122.988931165984,32.9554462509761,66.6866643298139,19.7919833899852,32.3514884203341,12.4336485796855,32.5157776064938,21264.8375370143,15869.3926141597,4638.95841372502,9081.00215202529,2992.17396539608,4662.41937165121,1460.57619816082,3661.71865577157,817.021866936113,609.727677678219,180.728900022106,354.826562775107,117.794683472038,183.997342311982,57.6373882025609,144.780760142847,0,0,8.79860388589387,17.6894954142073,5.97529348445643,9.37750910329071,3.08885544198348,7.79201474699382,0,0,0,0,0,0,0,0,204.110865156266,162.889472181037,163.904783330599,348.614886871742,181.930916233036,314.723068769015,40.6158831268707,110.913282979516,7.84225898549558,6.25847424893706,6.28659412860577,13.3649185730525,6.95914084250768,12.036195305599,1.55499049791095,4.24585872556853,311.087571053253,246.167431277444,418.474732093599,939.816495145678,527.017638292191,925.358735057085,189.603950498995,526.700706628834,11.9524670591218,9.45814689461176,16.0473409318362,36.0203040216142,20.1560632088447,35.3803836245455,7.2513658569668,20.1384433567608,0,0,57.466337313806,137.065869908967,61.1087144127439,104.091424470972,34.0276448209853,90.8205113654377,0,0,0,0,0,0,0,0,452.325577755385,212.223296250327,1184.99884174017,1220.08199730622
"222",2008,2268,18.4166666666667,4886.34068642588,3839.30139058431,1246.48719380181,2388.32066750325,543.540191861072,787.513196074742,225.257071509689,522.13167001344,0,0,0,0,0,0,0,0,0,0,2.08598003110319,4.08725093787405,1.035554940105,1.50501458618945,0.435734300615209,1.01072956147064,0,0,0,0,0,0,0,0,4258.17640222213,3204.28443724235,856.983861726278,1734.2494961347,512.122168494293,833.069782149521,331.871014971765,867.060041302037,163.605946918192,123.113732272032,33.0331854689288,66.8575389478155,19.7342493271434,32.1016426504179,12.7998329632771,33.4418430403033,21245.1602691225,15836.9111432331,4634.80001897742,9074.3411887156,2974.25226052474,4612.84093168346,1498.65913293554,3755.1133246133,816.265921038615,608.479684430007,180.568571432167,354.570268992472,117.086171485968,182.034594042745,59.1417900312075,148.475760801559,0,0,8.79705029465512,17.6889155036012,5.94232731723759,9.28213400259724,3.17212773220061,7.99740825023078,0,0,0,0,0,0,0,0,204.57379894575,163.081377929323,164.324237939235,349.563004697242,181.407076106273,312.252480264651,41.5969203762604,113.440549114488,7.86004572071935,6.26584757153691,6.30276499116496,13.401464719924,6.93928319527926,11.9420371504088,1.59261006068752,4.34278043619834,310.894570016334,245.73824223652,418.902541194873,940.726455326222,524.07627547664,915.325163596961,193.279422977634,536.142498537294,11.9450519004274,9.44165675573726,16.0640196475481,36.0558736142259,20.04420531372,34.9979490866947,7.39221763197552,20.50029627398,0,0,57.4783784298978,137.109908440677,60.7032591510989,102.898675688698,34.9829330777488,93.2756232822803,0,0,0,0,0,0,0,0,454.971969976717,213.364178495849,1194.41611033664,1229.58360038582
"223",2008,2268,18.5,4867.038166699,3822.29936423568,1242.08737934206,2380.3262597965,538.639581716348,777.132369298067,229.012806006279,530.306585793331,0,0,0,0,0,0,0,0,0,0,2.07910151217425,4.07440862959227,1.02636008905232,1.48530237702435,0.443125938370791,1.02682789892349,0,0,0,0,0,0,0,0,4266.64086068839,3207.33892023887,858.949605222211,1738.56370744266,510.637299931019,826.707976128015,341.31500268514,890.844426297779,163.931164948567,123.231090393394,33.1090590062382,67.0240641536107,19.6770759737696,31.856584170563,13.1643349285973,34.3598949388111,21225.6317134896,15804.6629574011,4630.67174045995,9067.65535767313,2956.70262100023,4564.52966915206,1536.48740117667,3847.52572868579,815.515687995127,607.240654407397,180.40933696864,354.312879408996,116.39227583382,180.121790209491,60.6362162411956,152.13201499746,0,0,8.79517318956866,17.6878010203346,5.91001943309945,9.18913429821552,3.25492982356286,8.20087848395707,0,0,0,0,0,0,0,0,205.023443820896,163.264064078635,164.726810092861,350.478959262983,180.8802564345,309.81881636944,42.566126197374,115.914975143856,7.87732187404,6.27286666243105,6.31828706325271,13.436775040955,6.91930800891112,11.8492824633046,1.62977825704538,4.43768436195617,310.710946061114,245.317989077876,419.317766551026,941.615701804643,521.19521767448,905.529023346197,196.862030451014,545.243514172796,11.9379970188867,9.42550994796528,16.0802119646594,36.0906405851542,19.9346410567105,34.6245591510759,7.5295275202775,20.8491470636356,0,0,57.4888365609778,137.150495250368,60.3047463911025,101.732782273875,35.9357688093883,95.7135043049464,0,0,0,0,0,0,0,0,457.624271117015,214.506371704513,1203.82400890608,1239.05081472429
"224",2008,2268,18.5833333333333,4847.84536134373,3805.4371008781,1237.7035209864,2372.33909594621,533.839574650156,767.052301724513,232.641679109331,538.139621718583,0,0,0,0,0,0,0,0,0,0,2.07216612282243,4.0614687310689,1.01734841107686,1.46615332526767,0.450273428154027,1.04226723671479,0,0,0,0,0,0,0,0,4274.84465958109,3210.19833971321,860.86501577538,1742.76179681069,509.165702635192,820.466313043556,350.71080123418,914.409208514608,164.246368021288,123.340953862294,33.1829898471952,67.1861109228007,19.6204139936967,31.6161548210843,13.526992234301,35.2695151054874,21206.2528281074,15772.6476305002,4626.57421351196,9060.94720607868,2939.51713684578,4517.45195954587,1574.06604871808,3938.98079268368,814.771204617382,606.01057123621,180.251223835601,354.05449680852,115.712688972717,178.257615152626,62.1208636484365,155.750502993413,0,0,8.79302263275039,17.6862035957627,5.87835290406735,9.09844514649058,3.3372616302053,8.4024458303043,0,0,0,0,0,0,0,0,205.460085980519,163.437653134662,165.11402096828,351.364681481933,180.352131073741,307.423545071522,43.5246205431487,118.342018594425,7.89409844165231,6.27953622848441,6.33321869777882,13.4709235266389,6.89927927009781,11.7579874448041,1.66653775758665,4.53077867971415,310.536341875663,244.906458831823,419.720117567173,942.483810217515,518.372453311861,895.964537835767,200.355388465854,554.017643408337,11.931288686131,9.40969828865441,16.0959067020321,36.1245885365907,19.8272936118506,34.2599937249295,7.66343323176269,21.1855249061076,0,0,57.4977327772182,137.187691203985,59.9130852795273,100.593210045963,36.8861777647428,98.1345221073094,0,0,0,0,0,0,0,0,460.28231100512,215.649811790193,1213.22214314229,1248.48398656679
"225",2008,2268,18.6666666666667,4828.76721095427,3788.71753192051,1233.3371848968,2364.36286588914,529.137734855541,757.263079967522,236.146879868206,545.641741103988,0,0,0,0,0,0,0,0,0,0,2.06518796300463,4.04844973046984,1.00851517381451,1.44754893054089,0.457182452175623,1.05706759867326,0,0,0,0,0,0,0,0,4282.78669983223,3212.86284361895,862.728785405219,1746.84177488681,507.706563458296,814.341558604608,360.054712736981,937.745122956172,164.551513908403,123.443328363345,33.2549279256334,67.343602897211,19.5642320257183,31.3802299229777,13.8876618390576,36.1703449257895,21187.023273888,15740.863791272,4622.50773146127,9054.21861506474,2922.68789121994,4471.57479773519,1611.39978932699,4029.50208750315,814.032457881747,604.789382230194,180.094245912219,353.795198003079,115.047102939496,176.44077704067,63.5959162327261,159.332152484848,0,0,8.7906398659359,17.6841661634991,5.84731184491236,9.01000386912444,3.41912314133286,8.60213019402825,0,0,0,0,0,0,0,0,205.883976455505,163.602254210625,165.487074464609,352.221702648966,179.824004057605,305.067636239582,44.4732979996661,120.726143197289,7.91038506854533,6.28586046200178,6.34760607178851,13.5039688390059,6.87924682722282,11.6681892515438,1.70292261501585,4.62223356974785,310.370317833898,244.503358958287,420.109386128309,943.330313259252,515.606093017047,886.626010805473,203.763056581215,562.478748949763,11.9249100111518,9.39421053794192,16.1110958500262,36.1576994387506,19.7220908244263,33.9040357583602,7.79407033927205,21.509957975631,0,0,57.5050920322217,137.221556393676,59.52818130113,99.4794259233732,37.8341838016145,100.539032413292,0,0,0,0,0,0,0,0,462.945922901409,216.794435460644,1222.61019449294,1257.88350171284
"226",2008,2268,18.75,4809.80812045994,3772.14317030606,1228.98979439909,2356.40097277437,524.531662490051,747.755081036842,239.531519332606,552.823556023633,0,0,0,0,0,0,0,0,0,0,2.0581791994786,4.03536807423831,0.999855919966529,1.42947138911443,0.46385862014829,1.07124853095832,0,0,0,0,0,0,0,0,4290.46740073259,3215.3337073529,864.540145755124,1750.80269194495,506.259401772187,808.331095902709,369.343489811458,960.844316580349,164.846618719736,123.538262899332,33.3248438832785,67.4965036444745,19.5085114941206,31.1487085378696,14.2462180277014,37.0620800881968,21167.9417362304,15709.3093673283,4618.47232649716,9047.47095666071,2906.2070105481,4426.86586624951,1648.49303688773,4119.11193976109,813.29939728421,603.57700776455,179.93840688696,353.535039927485,114.395211315894,174.670010566115,65.0615463791879,162.877842824004,0,0,8.78805890806824,17.6817245820325,5.81688125712492,8.92374986675475,3.50051446418184,8.7999511682202,0,0,0,0,0,0,0,0,206.295340979853,163.757969090193,165.846931571697,353.051256340563,179.296898100964,302.751690173508,45.4128692695166,123.070995832622,7.92619042776357,6.29184327367477,6.3614860413362,13.5359582229597,6.85924977789926,11.5799109180979,1.73895985210321,4.71218798647636,310.212378661759,244.108340790313,420.485428693957,944.1547198235,512.894357436445,877.507843776278,207.088516329857,570.640538941619,11.9188419648562,9.37903329948048,16.1257738817655,36.1899543603482,19.6189647456979,33.5564719170466,7.92157143589628,21.822968568154,0,0,57.510942370492,137.252150348022,59.1499373586275,98.3908996783886,38.7798090857853,102.927379611221,0,0,0,0,0,0,0,0,465.614943119841,217.940180151785,1231.98790405543,1267.24977430808
"227",2008,2268,18.8333333333333,4790.97203354908,3755.7161699893,1224.6626487318,2348.4565689728,520.019000055848,738.51897470725,242.798633565968,559.695340625931,0,0,0,0,0,0,0,0,0,0,2.05115032883297,4.02223841164438,0.991366422463743,1.41190354684436,0.470307463275363,1.08482909593192,0,0,0,0,0,0,0,0,4297.88838392871,3217.61308998816,866.298759209871,1754.64441758285,504.82398412063,802.432766424332,378.574295743842,983.70023138002,165.131744761539,123.625840425298,33.3927248922206,67.6448082024666,19.4532433302245,30.9215073608322,14.6025508843483,37.9444661032008,21149.0061398978,15677.9817475016,4614.46782378436,9040.70519803966,2890.06669516222,4383.2935705614,1685.34993132344,4207.83152260119,812.571943096265,602.373347513711,179.783702355436,353.274063689139,113.75671043281,172.944078350493,66.5179158775682,166.388408521266,0,0,8.78530771146567,17.6789087857668,5.78704690554151,8.83962451041644,3.58143584864752,8.99592814818532,0,0,0,0,0,0,0,0,206.694386189525,163.904895750127,166.194358677527,353.854341938526,178.771609213486,300.476013916363,46.3438924775175,125.379539978677,7.94152245857656,6.29748842792748,6.37488799584414,13.5669299443856,6.83931855821708,11.4931642767297,1.77467065999541,4.80075476475289,310.061991169258,243.721015341877,420.84815550097,944.956530837792,510.235570321584,868.604551214583,210.335156404675,578.516479047886,11.9130640613597,9.36415162779975,16.1399373379077,36.2213340740377,19.517851369864,33.2170931646037,8.04606556887229,22.1250697396837,0,0,57.5153143185822,137.279532112491,58.7782545105851,97.3271051270571,39.7230742457949,105.299897250631,0,0,0,0,0,0,0,0,468.28921080972,219.086984011276,1241.35506230085,1276.58324006669
"228",2008,2268,18.9166666666667,4772.26251089342,3739.43838831807,1220.3569427956,2340.53259404275,515.597438990773,729.545725720278,245.951187088011,566.267045679584,0,0,0,0,0,0,0,0,0,0,2.04411043470895,4.00907382898607,0.983042636182375,1.39482884707373,0.476534428427084,1.09782786642424,0,0,0,0,0,0,0,0,4305.05213748429,3219.7037758733,868.004603078582,1758.36740574104,503.400233565289,796.644703538144,387.744660470937,1006.30747636446,165.406987629199,123.706167920365,33.4585702114739,67.7885340608552,19.3984244908175,30.6985543255006,14.9565646045896,38.8172933954391,21130.2138778213,15646.8779541873,4610.49389911931,9033.92201299497,2874.25925224747,4340.82707704488,1721.97436654291,4295.68095192465,811.849995155814,601.178287073006,179.630122055531,353.012298898367,113.131300664025,171.261772452683,67.9651770010485,169.864642960005,0,0,8.78240933507199,17.6757439717588,5.75779520806428,8.75757106731072,3.66188771321379,9.19008044181685,0,0,0,0,0,0,0,0,207.081306389223,164.043132303861,166.529980488185,354.631796411313,178.248770380331,298.240713025743,47.2668033999462,127.654185767567,7.95638862646898,6.30279969443514,6.38783588949552,13.5969160451456,6.8194773797697,11.4079534701838,1.81007155526961,4.88802559606699,309.918603040844,243.340969908786,421.197517660858,945.735252279096,507.628146016609,859.910764753476,213.506260693168,586.119713304447,11.9075550799411,9.34954966613947,16.1535843305287,36.2518195534525,19.418690156018,32.8856949247679,8.16767778253518,22.4167622804823,0,0,57.5182402978487,137.303760382324,58.4130327260129,96.2875213163487,40.66399856519,107.656908653114,0,0,0,0,0,0,0,0,470.968567703061,220.234785867496,1250.71149723759,1285.88434801503
"229",2009,2268,19,4753.22598748674,3722.79240332187,1215.82887216907,2332.37008383478,510.902090738001,719.975335725073,249.428232634842,573.456843560177,0,0,0,0,0,0,0,0,0,0,2.03718199387922,3.99600743810827,0.974191585277363,1.37660563796802,0.483377981311562,1.11200289214172,0,0,0,0,0,0,0,0,4312.20844750016,3221.8068615453,869.520976630501,1761.85378426952,501.637819873541,790.038922255021,397.292608218262,1029.68522912775,165.68194450416,123.786971835074,33.5171346103796,67.9231604507887,19.3305544473788,30.4440886420861,15.3251377101427,39.7198335538265,21112.1596698084,15616.3559744225,4605.78815744482,9026.39999402251,2856.74814601398,4294.35000385506,1760.82209116865,4388.12459127783,811.156403163673,600.005580890785,179.448542746451,352.722244603481,112.438827651882,169.421241790838,69.4999925047269,173.522139884262,0,0,8.77988776855621,17.6728117332051,5.72505635857475,8.66727846664982,3.74680015343646,9.39344843778623,0,0,0,0,0,0,0,0,207.507965495382,164.192139958695,166.907466177737,355.447148978604,177.695850358299,295.77912959833,48.3430839930694,130.279653243932,7.97278162405534,6.30852480394874,6.40238757786691,13.6283511863598,6.79848166644197,11.3140785643703,1.85134106658744,4.98871704752489,309.799645188844,242.983214010579,421.548188961812,946.508570133864,504.713719113007,850.412088342891,217.037092800248,594.53892219486,11.9029847434896,9.3358041042671,16.1672766092646,36.2820873404366,19.307772083109,32.5234831824845,8.30305840369153,22.7396800791447,0,0,57.5236886700858,137.329918506542,58.0129493234559,95.1588048544015,41.6526162294504,110.119757441739,0,0,0,0,0,0,0,0,473.594312812323,221.358455436848,1259.85273567113,1294.950031429
"230",2009,2268,19.0833333333333,4733.92003772656,3705.85605126835,1211.12287300867,2324.00693593483,506.011787919605,710.007978948362,253.130321890329,581.045662361403,0,0,0,0,0,0,0,0,0,0,2.03022724850274,3.98289475780064,0.964973042889723,1.35762434430496,0.490654182805422,1.12694664293889,0,0,0,0,0,0,0,0,4319.40306404312,3223.95016508417,870.912184002926,1765.19651384757,499.63416009458,782.860948313047,407.164917729977,1053.69619225686,165.95837317715,123.869320984542,33.5708849406555,68.0522554277914,19.2533851034674,30.1675682920927,15.7062175867554,40.646791054401,21094.6560305504,15586.2896561837,4600.49125313416,9018.25421283921,2837.95692350398,4245.00442460492,1801.37711471514,4483.93247340559,810.483963748359,598.850382000304,179.244314522548,352.408249846104,111.695964421851,167.467540144413,71.10206531496,177.312392132726,0,0,8.7771985117913,17.6695733285707,5.6897165933504,8.57108849292818,3.83519361023695,9.60366718806566,0,0,0,0,0,0,0,0,207.959831948236,164.34717431604,167.298273225987,356.269869364131,177.097968593083,293.131556179489,49.5156229612082,133.114973774578,7.99014312617893,6.31448146907433,6.41744804709791,13.6600646613871,6.77576234204975,11.2130809498995,1.8962941146213,5.09743681308059,309.698262879275,242.639660459822,421.897057829585,947.261883071835,501.573470678163,840.327869966655,220.839945165764,603.534913712393,11.8990896825934,9.32260421948945,16.1808949997784,36.3115778950944,19.188202271913,32.1388453203505,8.44885255766008,23.0846761483468,0,0,57.5307330890464,137.356643487413,57.586647359455,93.9661470402282,42.6788466056333,112.661883663605,0,0,0,0,0,0,0,0,476.177651636891,222.462639508299,1268.81563245488,1303.81298916853
"231",2009,2268,19.1666666666667,4714.7207440954,3689.05628613515,1206.44178202472,2315.65988587259,501.225900775268,700.346769475127,256.697340962358,588.283379906454,0,0,0,0,0,0,0,0,0,0,2.02314484292124,3.96962774111126,0.955954722161932,1.33922642998933,0.497675268435975,1.14122237451939,0,0,0,0,0,0,0,0,4326.43189419027,3225.96929839046,872.29082020372,1768.49179894376,497.677261819808,775.874515587546,417.002846984584,1077.50161206482,166.228432071693,123.946899315106,33.6241415813314,68.1795090355704,19.1780156229383,29.8984251580093,16.085980060848,41.565844297876,21077.2100998541,15556.3796149546,4595.23202807251,9010.08085910339,2819.55901275918,4196.99427708468,1841.61858413421,4578.60420753129,809.813740761735,597.701187557582,179.041458625273,352.09304424007,110.968578389538,165.566531158927,72.6918518937686,181.057840587939,0,0,8.77390400474412,17.6655504763788,5.65512258490531,8.47748241771225,3.92301337048697,9.81164097564381,0,0,0,0,0,0,0,0,208.394070817829,164.492432467587,167.658537913061,357.048980009258,176.482555395203,290.51995821186,50.6498274355973,135.840402184895,8.00682734799505,6.32006251676568,6.43133545237905,13.6901029459479,6.75236906624288,11.1134515946225,1.93978089846007,5.20195339372463,309.5998129866,242.297428201297,422.231320002687,947.979635999015,498.501734360853,830.492121334093,224.55780164809,612.217469987882,11.8953072856605,9.30945510103824,16.1939491688895,36.3396958571654,19.0712403521733,31.7636776184579,8.59140234378409,23.4177035518663,0,0,57.5360900222307,137.379772483746,57.1681621580359,92.8028647856441,43.7015283882933,115.183312217845,0,0,0,0,0,0,0,0,478.766498939318,223.567832550169,1277.76619784977,1312.63844357461
"232",2009,2268,19.25,4695.63791430459,3672.3998342486,1201.78813700324,2307.33477409014,496.542329434564,690.981654298642,260.133127636568,595.182647881575,0,0,0,0,0,0,0,0,0,0,2.01596331451726,3.95623693871097,0.947129205769753,1.32138981189178,0.504446922302196,1.15485076186444,0,0,0,0,0,0,0,0,4333.27000859158,3227.84630993461,873.646899678277,1771.72008092464,495.759303438866,769.063425325294,426.799507156531,1101.08565686194,166.491163362294,124.019017100291,33.6765215709964,68.3041706413864,19.1041454613019,29.636036502444,16.4641598454747,42.4763833613981,21059.8384778286,15526.6371459069,4590.01450991836,9001.88941908025,2801.5480975795,4150.28525134281,1881.55448425496,4672.17357156291,809.146372006839,596.558431541018,178.840134285386,351.777000599367,110.256423012795,163.716868549603,74.2696639224366,184.759813623075,0,0,8.77011378166915,17.6608526300466,5.6212522405204,8.3863857107966,4.01026420313178,10.0174090440736,0,0,0,0,0,0,0,0,208.811679634515,164.628314314489,167.993177028225,357.790074794854,175.855633838984,287.949403930887,51.7511947400221,138.470703364962,8.02287261618203,6.32528331186499,6.4442385146302,13.7186807038579,6.72853238728947,11.0153847314643,1.98201171254695,5.30283138685051,309.505117148289,241.957585847334,422.55052019458,948.664420372904,495.495634428938,820.900449129661,228.191127164917,620.594313960808,11.8916691213684,9.29639780670606,16.2064216025235,36.3665404580011,18.9567765471146,31.3978130190155,8.73072494884029,23.7390556954672,0,0,57.5397730961016,137.399408556491,56.7574062359026,91.6683439710269,44.7207315461032,117.684583900876,0,0,0,0,0,0,0,0,481.360641842198,224.673970240392,1286.70342408631,1321.42664273698
"233",2009,2268,19.3333333333333,4676.67961269727,3655.89205367857,1197.16403244798,2299.03656897835,491.958879844265,681.902731096969,263.441377535884,601.75558043384,0,0,0,0,0,0,0,0,0,0,2.00870697672495,3.94274931398245,0.938490055609389,1.30409383564006,0.510974890575324,1.16785223690414,0,0,0,0,0,0,0,0,4339.89966775675,3229.56872600689,874.973020307019,1774.86712246426,493.874555554211,762.415320979861,436.548874392111,1124.43498699708,166.745885469366,124.085195080223,33.7277410524207,68.4256938104309,19.0315543952975,29.3799271042705,16.8405248499418,43.3778939948071,21042.5528650847,15497.0698935379,4584.84147269222,8993.68690456234,2783.91723627012,4104.84280171758,1921.19215237779,4764.67211860037,808.482307041554,595.422407664223,178.640452086334,351.460395578899,109.559227257211,161.917196638388,75.8357879550658,188.419552962612,0,0,8.76591668370792,17.6555679785371,5.58808479717056,8.29772508337242,4.0969501433464,10.221007829577,0,0,0,0,0,0,0,0,209.213474002344,164.755121806672,168.30593355189,358.49724505536,175.221672059839,285.423137666866,52.8242547202723,141.018072059874,8.03831026752184,6.33015545577181,6.4563008928944,13.7459549149067,6.70442329551345,10.9190046842504,2.02315981428786,5.40053703151774,309.414635525,241.620858682607,422.854441537825,949.318322656574,492.552665730149,811.548193339187,231.740984549502,628.674425698102,11.8881928698934,9.28346020308731,16.2183039615579,36.3921916252559,18.8447152702795,31.0410742746739,8.86686046901086,24.0490741813175,0,0,57.5418022171208,137.41564506657,56.3542799643125,90.5619619515415,45.7365201112717,120.166214054881,0,0,0,0,0,0,0,0,483.959879033725,225.780990686562,1295.62656431149,1330.17796242209
"234",2009,2268,19.4166666666667,4657.85261169508,3639.53729094352,1192.57123395989,2290.76958702539,487.473311257236,673.100300021398,266.62566372093,608.013815770061,0,0,0,0,0,0,0,0,0,0,2.00139669526988,3.92918873985065,0.930031522755786,1.28731897019915,0.517264940046029,1.18024690648597,0,0,0,0,0,0,0,0,4346.30824851153,3231.12795651519,876.263628517237,1777.92246607902,492.018733605167,755.920483069428,446.245644938214,1147.53834290603,166.99211339037,124.145103209826,33.7775870847483,68.5436771700517,18.9600776819518,29.1297230140873,17.2148706263052,44.2699418265872,21025.3614879412,15467.6829269067,4579.71480048131,8985.47857442316,2766.65911205971,4060.63252540195,1960.53838621734,4856.12950318954,807.82186193694,594.293310688324,178.442488052271,351.14343767165,108.876705361884,160.166165139765,77.3904896154157,192.038226376619,0,0,8.76138581099385,17.6497688941619,5.55560073078504,8.21142910474601,4.18307473009571,10.4224716469876,0,0,0,0,0,0,0,0,209.600140521708,164.873093415623,168.599731930875,359.173583999129,174.584084013621,282.943244949903,53.8727701744276,143.49267072795,8.05316668227282,6.33468811094231,6.46763482374335,13.7720442411962,6.68017241499845,10.8243913758422,2.06336909816658,5.49545879584317,309.328580479702,241.287728250721,423.143014253681,949.943009601993,489.670568648087,802.430459885928,235.208876758562,636.467636030649,11.8848866906385,9.27066079185443,16.2295935676166,36.4167132294958,18.7349703260243,30.693275164181,8.99986586566959,24.3481332446287,0,0,57.5422022447624,137.428568587341,55.9586754771999,89.4830932904852,46.7489533685493,122.628696270605,0,0,0,0,0,0,0,0,486.56401813523,226.888833691468,1304.53505097257,1338.89285413707
"235",2009,2268,19.5,4639.16258467943,3623.33903413598,1188.01122699594,2282.53758611063,483.083358285843,664.564891756034,269.689442913373,613.968536106966,0,0,0,0,0,0,0,0,0,0,1.99405028714961,3.91557628650849,0.921748429226484,1.271046695359,0.523322834918335,1.19205450376499,0,0,0,0,0,0,0,0,4352.48735803275,3232.51861075965,877.51470441614,1780.87877468195,490.188720323628,749.571308687477,455.885183030901,1170.38638609571,167.229524659618,124.198534369789,33.8259055657927,68.6578391095899,18.8895954064014,28.8851315766125,17.5870183744747,45.1521662744674,21008.2697072271,15438.4792009701,4574.63564315195,8977.26824160826,2749.76614268484,4017.6203383529,1999.59948629382,4946.57361039122,807.165242668198,593.171254147229,178.246289678033,350.826279119099,108.208561116075,158.462436042793,78.9340152397781,195.616932681272,0,0,8.75658079251375,17.6435143360421,5.52378165264721,8.12742834215632,4.26864111811185,10.6218330234242,0,0,0,0,0,0,0,0,209.972258944454,164.982418216997,168.87682351938,359.821383474582,173.945422794843,280.510892122521,54.8998389413042,145.902902268683,8.06746413540398,6.33888854196589,6.47832670518209,13.7970365824337,6.65587741092906,10.7315895162444,2.10275800489142,5.58791781757541,309.246965424786,240.958475864289,423.416282991258,950.539784632841,486.847295703957,793.542185368757,238.596656727153,643.984391377582,11.8817510990145,9.25801038148456,16.240292145762,36.4401552369173,18.6274636284507,30.354222961285,9.12981151296573,24.6366307485605,0,0,57.5410022242892,137.438260004719,55.5704784867069,88.4311127433701,47.7580862370527,125.072503477751,0,0,0,0,0,0,0,0,489.172874681704,227.997440508135,1313.4284643249,1347.57182699356
"236",2009,2268,19.5833333333333,4620.61431337951,3607.30007700739,1183.48526937123,2274.34386643939,478.786752578133,656.287290387522,272.63606429319,619.630496267088,0,0,0,0,0,0,0,0,0,0,1.98668295237315,3.90193053577699,0.913636040712287,1.2552593727088,0.529154313806691,1.20329434517546,0,0,0,0,0,0,0,0,4358.43188239793,3233.73776610543,878.723423081487,1783.73112278504,488.382275491625,743.36177528744,465.463448602229,1192.97148615239,167.457922792028,124.24537626781,33.872588239732,68.7679905863582,18.8200213425969,28.6459208502062,17.9568121721897,46.0242723823883,20991.2806729347,15409.4600499334,4569.60458362189,8969.05860329925,2733.23059284164,3975.77264242503,2038.38131056199,5036.03072262448,806.512570267311,592.056289302957,178.051882408392,350.509028723269,107.554492247939,156.804690149914,80.4665939973559,199.156708216999,0,0,8.75155023445508,17.6368524488494,5.49261020638526,8.04565550866708,4.35365219488296,10.8191230501248,0,0,0,0,0,0,0,0,210.330326082946,165.083250849378,169.138944258378,360.442347816249,173.307592960841,278.126591830842,55.9080027040824,148.255700537117,8.08122171521958,6.34276269030445,6.48844315028593,13.8209972866975,6.63161112509064,10.6406187826286,2.14142368751816,5.6781790249528,309.169657019875,240.633229176647,423.674371042604,951.109646276251,484.080966875084,784.878183736515,241.906439290374,651.235528707754,11.8787809719604,9.24551387661954,16.2504044472745,36.4625559405081,18.5221234882877,30.0237202120555,9.25677782453745,24.9149795668594,0,0,57.5382345930703,137.444795739935,55.1895701453207,87.4053980943847,48.7639698255541,127.498089625341,0,0,0,0,0,0,0,0,491.786270974642,229.10675356664,1322.30649762458,1356.21542740277
"237",2009,2268,19.6666666666667,4602.21188077528,3591.42267144192,1178.99444011878,2266.19136463172,474.581242091453,648.258551300067,275.468778470499,625.010053358043,0,0,0,0,0,0,0,0,0,0,1.97930769200367,3.88826789372622,0.905689950450678,1.23994012553696,0.53476506805829,1.21398529292184,0,0,0,0,0,0,0,0,4364.13910279742,3234.78429024302,879.887839568569,1786.47633831513,486.597772465852,737.28695936395,474.976920577782,1215.28749573803,167.677203326588,124.285585398745,33.9175606143446,68.8740098727168,18.7512928408381,28.4119011324959,18.3241160354861,46.8860221953827,20974.3959327345,15380.6256444592,4564.62179329467,8960.85154738127,2717.04467558134,3935.05646889858,2076.88933077531,5124.52569229634,805.863904203004,590.948422712352,177.859275659505,350.191763740739,106.91419438297,155.191632696197,81.988440077967,202.658533552243,0,0,8.74633403354789,17.6298230038073,5.46206996486412,7.96604557080215,4.43811069070141,11.0143717156483,0,0,0,0,0,0,0,0,210.674777952538,165.175725080218,169.387460742295,361.037790076508,172.672046403352,275.790444691705,56.8993509986507,150.556807735778,8.09445617410786,6.34631569551765,6.49803659494078,13.84397668478,6.60742908041249,10.551483084881,2.17944599394008,5.7664617551472,309.096423524016,240.312005580728,423.917447828887,951.653344764363,481.369825799599,776.433184282272,245.140520702269,658.23207286702,11.8759674057099,9.23317194552014,16.2599369984705,36.4839441223187,18.4188829345162,29.7015661820545,9.38085217134528,25.1835998232018,0,0,57.5339344194281,137.448248878121,54.815828752172,86.4053326846664,49.7666520118436,129.905891454395,0,0,0,0,0,0,0,0,494.404035010901,230.216716233811,1331.16892478032,1364.82422044944
"238",2009,2268,19.75,4583.95878272609,3575.70861589172,1174.53966774379,2258.08270819558,470.46460132101,640.470007332704,278.190742926135,630.117186850784,0,0,0,0,0,0,0,0,0,0,1.97193561360659,3.87460284846243,0.897906018251631,1.22507277394793,0.5401607281025,1.22414573736335,0,0,0,0,0,0,0,0,4369.60819830377,3235.65845973675,881.00671048882,1789.11263282059,484.834054201996,731.342774104541,484.422548407702,1237.32960209588,167.887334721952,124.319172388639,33.960775116392,68.9758283657561,18.6833652997503,28.182914886452,18.6888120617003,47.7372290679373,20957.6157737492,15351.9752481746,4559.68711957249,8952.6483234224,2701.20060564422,3895.43954451941,2115.12866931773,5212.08205976975,805.219255512141,589.847626082481,177.668466210095,349.874536520943,106.287363130114,153.621995947016,83.4997541180849,206.123338055461,0,0,8.7409648395633,17.6224588652139,5.43214532003933,7.88853568103888,4.52201924236555,11.2076081164038,0,0,0,0,0,0,0,0,211.006001903187,165.259960539719,169.623447684829,361.60872679295,172.039878476426,273.502243280119,57.8755943136838,152.810968256137,8.10718239465704,6.34955215398933,6.50714827196247,13.8660137291138,6.58337316213496,10.4641745502585,2.21689026592,5.85294717464312,309.026961465757,239.994737152814,424.145715759208,952.171429133193,478.712225706911,768.201879698765,248.301321105243,664.985095724588,11.8732987404972,9.22098197844486,16.268897594728,36.5043408560097,18.3176791771489,29.3875586965905,9.50212667869725,25.442913498006,0,0,57.5281388254295,137.448689712993,54.4491307594707,85.4303068964073,50.7661777624444,132.296329539943,0,0,0,0,0,0,0,0,497.025999898608,231.32727272698,1340.01558428033,1373.39878245373
"239",2009,2268,19.8333333333333,4565.85802129925,3560.15932925839,1170.12175386248,2250.02026118331,466.434639294453,632.91327172014,280.805026995944,634.961517283459,0,0,0,0,0,0,0,0,0,0,1.96457619617391,3.86094819774939,0.890280321070316,1.21064178003953,0.545346852136057,1.23379358472603,0,0,0,0,0,0,0,0,4374.8398317961,3236.36164319287,882.079345284362,1791.63929421984,483.090316742482,725.525759856179,493.797705931711,1259.094186492,168.088342446995,124.346189821533,34.0022053860644,69.0734187963716,18.6162076923973,27.9588286938589,19.0507986614881,48.5777522752958,20940.9395073254,15323.5074306417,4554.8001587358,8944.44968472948,2685.69064213398,3856.89033948132,2153.10413322841,5298.72216252064,804.578597741022,588.753844453319,177.479441026071,349.55738002255,105.673695751924,152.094541089668,85.0007245183359,209.552004126556,0,0,8.73546929684599,17.6147872278164,5.40282138910534,7.81306510796874,4.6053804452711,11.3988606305374,0,0,0,0,0,0,0,0,211.324346665433,165.336068090842,169.847752115388,362.155955305442,171.411907747897,271.261557201282,58.8381265340468,155.022094049294,8.11941377563747,6.3524763252518,6.51581067571916,13.8871389625331,6.55947467151775,10.378676782616,2.25380973002989,5.93778460957312,308.96091769141,239.681291493287,424.35939969937,952.664287527504,476.106616003505,760.178962177516,251.391337728393,671.505603937515,11.870761407685,9.2089388883851,16.2772948950937,36.5237610498514,18.2184530951552,29.0814955238444,9.62069643425872,25.6933401312962,0,0,57.5208864919459,137.446186194688,54.0893515974932,84.4797193289982,51.7625894346554,134.669809283073,0,0,0,0,0,0,0,0,499.652003369503,232.438368053045,1348.84636573763,1381.93969482908
"240",2009,2268,19.9166666666667,4547.912198175,3544.77592473338,1165.74139688154,2242.00616997685,462.489207358008,625.58024033472,283.314617156388,639.552325790844,0,0,0,0,0,0,0,0,0,0,1.95723754419842,3.84731526390325,0.882809102867396,1.19663219095968,0.550328915223598,1.24294624575237,0,0,0,0,0,0,0,0,4379.83573295495,3236.89598299492,883.105456698479,1794.05637776745,481.365993285277,719.83287765187,503.100141549112,1280.57867504233,168.280292958809,124.366720011227,34.0418405406467,69.1667833701722,18.549798115096,27.7395253271288,19.4099886487474,49.407491293253,20924.3657561139,15295.2202814522,4549.96032932991,8936.25603162166,2670.50713116598,3819.37811421992,2190.82024983942,5384.46724814484,803.941877975418,587.667004423602,177.292180104921,349.240313377206,105.072892833247,150.60806007735,86.4915288245302,212.94537158077,0,0,8.72986926543432,17.6068308487792,5.37408393359544,7.73957519267156,4.68819690453677,11.588157084757,0,0,0,0,0,0,0,0,211.630132521727,165.404155311757,170.061059280756,362.680135247954,170.788760302376,269.067827065993,59.7880847188302,157.193423024243,8.13116262280049,6.35509234263057,6.52405009215424,13.9073776471356,6.53575755421799,10.2949684632071,2.29024778649312,6.02109760895383,308.8979115813,239.371492587539,424.558735054044,953.132183828779,473.551524253489,752.359148741392,254.413102452979,677.804438367017,11.8683407833479,9.19703591257452,16.2851379637003,36.5422148486747,18.121148547586,28.7831753449295,9.7366578633565,25.9352929718489,0,0,57.5122171940999,137.440804403422,53.736366480853,83.5529779139829,52.7559271143385,137.0267220058,0,0,0,0,0,0,0,0,502.281887279698,233.549947940495,1357.66119563361,1390.44753702003
"241",2010,2268,20,4529.35629980916,3528.74122768959,1161.02284805474,2233.55277881868,457.750266758733,614.782634669121,286.718505718188,647.654847554981,0,0,0,0,0,0,0,0,0,0,1.95011606044356,3.8338668814457,0.873821564815119,1.17598966203822,0.557018376868014,1.25881853419916,0,0,0,0,0,0,0,0,4385.00479040002,3237.58451479303,883.921461285193,1796.20579994117,478.759998359337,710.023285916197,513.407683668372,1306.24246017752,168.478896412046,124.39317450399,34.0734084491178,69.2498607094389,18.4494109645303,27.3615770304363,19.8079161045908,50.3982902276937,20908.6995782218,15267.585684579,4544.15819114696,8926.91569080334,2650.56356933836,3760.29015050154,2234.08869109607,5492.43130879156,803.34002734138,586.605236547708,177.068199209483,348.879404515502,104.284822336043,148.27087015889,88.2008461086254,217.214906364108,0,0,8.72508020271231,17.5994038926414,5.33571571227535,7.6222515913238,4.78220929936404,11.8224818689955,0,0,0,0,0,0,0,0,212.018344344914,165.493724493615,170.363909176954,363.275737812736,170.003567033106,265.435808508447,61.1134022586976,160.924229680656,8.14607840384832,6.35853373138795,6.53572235674874,13.9303506706506,6.50583607539189,10.1562212251217,2.34105128523374,6.16407929182587,308.86292654598,239.086040867561,424.775416063059,953.597476011215,470.145848993057,740.274551934926,258.396057243731,688.436904584629,11.866996769279,9.18606839474276,16.2936412713346,36.5605576754567,17.9912831864368,28.3216664364905,9.8894044002612,26.3430476227698,0,0,57.5092311759554,137.440075104301,53.2877920269925,82.1551807520654,53.8636239187464,139.873723948313,0,0,0,0,0,0,0,0,504.807446893853,234.623686455019,1366.09668466849,1398.62213876987
"242",2010,2268,20.0833333333333,4510.60874223589,3512.52315976538,1156.19327461993,2224.94082504749,452.805575347,603.078343067372,290.342858536385,656.655216856503,0,0,0,0,0,0,0,0,0,0,1.94293475467668,3.82032017517596,0.864448580430793,1.15360547201327,0.564137930495993,1.27643631530823,0,0,0,0,0,0,0,0,4390.25324312064,3238.34033955874,884.693710598206,1798.30715686994,475.907060967018,699.035780502497,524.092728396304,1333.35905889444,168.680550358737,124.42221450018,34.1032896520981,69.3310779478653,18.339503436578,26.9382301198443,20.220393206515,51.4450751947996,20893.2824994936,15240.1914748694,4538.01636828182,8917.11050143449,2629.21682371129,3695.01990340547,2279.0813952802,5606.92439403732,802.747746578958,585.5527047681,176.831198220895,348.500597593423,103.441553295092,145.689923293968,89.9780740936088,221.741964422848,0,0,8.71999103734657,17.5914431105761,5.29451128007853,7.49230794922462,4.87980485555391,12.0703777743208,0,0,0,0,0,0,0,0,212.420898702693,165.584494195301,170.667002977076,363.860263987129,169.135774110983,261.343993389127,62.5127174529326,164.933889010317,8.16154524664688,6.36202124608136,6.54740216038895,13.9528953186777,6.47275088358153,9.99987382778126,2.39468692483849,6.31773079212477,308.833288469165,238.80249764974,424.986270785372,954.019764976871,466.487184876457,726.923892595357,262.664642921661,700.307415704769,11.8658581905749,9.17517420474495,16.301916794878,36.5772417221816,17.8517244123923,27.8116878728963,10.0530852705057,26.7981786730055,0,0,57.5070881048628,137.438432374573,52.8109671813341,80.6218847500614,55.0092023277073,142.869809099215,0,0,0,0,0,0,0,0,507.297707196838,235.683847671491,1374.37804301546,1406.62694604844
"243",2010,2268,20.1666666666667,4491.96130996063,3496.43034862316,1151.39483276835,2216.35659395649,447.982864575899,591.848227259445,293.81680250143,665.147458643777,0,0,0,0,0,0,0,0,0,0,1.93562943428606,3.80662237128182,0.855310136934354,1.13211782912777,0.5709761456805,1.29310054547046,0,0,0,0,0,0,0,0,4395.39453729673,3239.01743213814,885.470587691099,1800.39324315781,473.13349138579,688.441613124067,534.75028746287,1360.25360354062,168.878087102782,124.448229479866,34.1333388355627,69.411691502976,18.2326521519214,26.5300377706613,20.6318145839807,52.4833075424962,20877.8358753731,15212.8756979726,4531.9158007201,8907.28043482469,2608.36502012153,3632.03550856133,2323.63816589134,5719.30995332062,802.154329905935,584.503186532814,176.595704617243,348.12068614042,102.617768899871,143.199143084826,91.7382126251888,226.185971900178,0,0,8.7143083417104,17.5826981724406,5.25427637528352,7.36689719422459,4.97661954904768,12.3142972310399,0,0,0,0,0,0,0,0,212.803066344183,165.665953684406,170.936243797697,364.403007729692,168.252321386801,257.354929773352,63.8449649791372,168.639878188485,8.17622879896271,6.3651510475417,6.55778200952357,13.9738350529306,6.43906393827938,9.84745116543129,2.44575601570754,6.45976355081844,308.801753623517,238.514875380722,425.180821012012,954.396803646018,462.911894495582,713.983000226173,266.832683969728,711.691635561812,11.8646467319651,9.164123291194,16.309563053963,36.5921814528786,17.7153440318999,27.3173539409196,10.2129223266685,27.2347155696395,0,0,57.5031747383175,137.433204506806,52.3440984646704,79.1384320067234,56.1490197910008,145.825647840014,0,0,0,0,0,0,0,0,509.792569950214,236.744560060808,1382.6379330418,1414.57020105983
"244",2010,2268,20.25,4473.43035115257,3480.47470782336,1146.63155278255,2207.8088314527,443.279637718189,581.072421987316,297.145565730736,673.155275745602,0,0,0,0,0,0,0,0,0,0,1.9282299076699,3.79280709951049,0.846397150391071,1.11148720236784,0.577539840884305,1.30884764779603,0,0,0,0,0,0,0,0,4400.37750951804,3239.57836525108,886.233765067532,1802.42727545297,470.42497676321,678.207339338732,545.367090510167,1386.88962838814,169.069540864141,124.469781427092,34.1628525753611,69.4902890353291,18.1283070371756,26.1357134597274,21.0416700534578,53.5115858884649,20862.3958367857,15185.6640300254,4525.86442228921,8897.44274931004,2588.00039822084,3571.26050018118,2367.77371881403,5829.67577819847,801.561165526629,583.457668360074,176.362029776243,347.740346269834,101.813165568365,140.795524380772,93.4818369366721,230.550376961508,0,0,8.70814431916562,17.5732862782775,5.21498178808058,7.24585649682265,5.07266460968316,12.5543584917851,0,0,0,0,0,0,0,0,213.166271777668,165.738597249213,171.177479862307,364.909913120521,167.360600236518,253.472537114644,65.1203960175715,172.089489213115,8.19018379264495,6.36794212711559,6.56708638702361,13.9933980260873,6.40505820357054,9.69910365755033,2.49465093175707,6.59198729384534,308.770861400554,238.225839470418,425.360651314308,954.737463256878,459.41843234013,701.445491395123,270.899562548118,722.589368408841,11.8634599609081,9.15301806340219,16.3166408342986,36.6057170201593,17.5820832842426,26.8384219509782,10.3688914686363,27.6526490742622,0,0,57.4975539881118,137.424603317153,51.887069092642,77.7033715386738,57.2832549126515,148.742716887243,0,0,0,0,0,0,0,0,512.291804741579,237.805765717113,1390.87543647867,1422.45326485628
"245",2010,2268,20.3333333333333,4455.0290816732,3464.6656967433,1141.90666527041,2199.30472764668,438.693208949238,570.731586176218,300.334113090811,680.701118644832,0,0,0,0,0,0,0,0,0,0,1.92076201861963,3.77890466473579,0.837701669383886,1.09167620552865,0.583836034190889,1.32371363941532,0,0,0,0,0,0,0,0,4405.16453274532,3239.99593883642,886.969756891936,1804.38249997065,467.771072745302,668.306711067004,555.931736303518,1413.23568491437,169.253465951793,124.485825272012,34.1913132452616,69.565843154389,18.0260665503895,25.7542470543672,21.449521126602,54.5287012192684,20846.9891392311,15158.5752129018,4519.86785963638,8887.61012944488,2568.11403207357,3512.61906319941,2411.50141186747,5938.10373373318,800.969281428798,582.416870342562,176.130395539863,347.360076304808,101.027394135644,138.476087460158,95.2094694411439,234.838396734949,0,0,8.70158975838932,17.5633007292034,5.17659904369908,7.12902639154192,5.16794951525584,12.7906706608252,0,0,0,0,0,0,0,0,213.511639429248,165.802753547424,171.395069366477,365.3850089928,166.465954265729,249.698299682547,66.3474859378123,175.322025417437,8.20345342990854,6.37040711235789,6.57548256394148,14.0117388351475,6.37093817131695,9.55488831597611,2.54169603808484,6.71590591761471,308.742376853823,237.937359981721,425.527054601013,955.048615579289,456.005138295889,689.303747224701,274.865704767334,733.005990440515,11.8623656935891,9.14193421433634,16.3231997601847,36.6181119635892,17.4518790199926,26.3746019053014,10.5210085923985,28.0521833265235,0,0,57.4902842475194,137.41280674522,51.4397421776203,76.3152598504933,58.412070596104,151.622418089254,0,0,0,0,0,0,0,0,514.79519584662,238.867409284572,1399.08991505808,1430.2775879397
"246",2010,2268,20.4166666666667,4436.76817697495,3449.01078676294,1137.22275274358,2190.85020707183,434.220767395406,560.806971061623,303.387172669603,687.806270165622,0,0,0,0,0,0,0,0,0,0,1.91324808203069,3.76494220626092,0.829216623116144,1.07264936198324,0.589871865731659,1.33773393125905,0,0,0,0,0,0,0,0,4409.72872124057,3240.25104900905,887.668895053282,1806.24005166617,465.164305151102,658.718986036519,566.434467439363,1439.26492663752,169.428829372691,124.495627012809,34.2183497351876,69.6376292817193,17.9256432079229,25.3848399285446,21.854992377361,55.5336210087802,20831.6351030175,15131.6225057742,4513.92992539435,8877.79166785507,2548.69617265105,3456.0365465123,2454.83340831787,6044.67025067559,800.379419930069,581.381301918754,175.900953316806,346.980234875538,100.260073204359,136.237898071661,96.9215860973244,239.053036456892,0,0,8.69471795824578,17.5528158006907,5.13910068571117,7.01625180038473,5.26248238340512,13.0233349196577,0,0,0,0,0,0,0,0,213.840061553795,165.85863110808,171.592238531993,365.830944158669,165.572197540233,246.031997699737,67.5332079286708,178.370015455094,8.21607199258178,6.37255401528816,6.58309434823072,14.0289590768405,6.33684973401779,9.41479680407959,2.58715817194932,6.83276396761106,308.717454481328,237.650850400201,425.681055131396,955.335448903201,452.670237762139,677.549168630846,278.73236641043,742.9512476648,11.8614082876952,9.13092605237158,16.329279166925,36.6295653024401,17.3246636903454,25.9255662322135,10.6693213788924,28.433689809563,0,0,57.4814203705278,137.39796539184,51.0019655763262,74.9726684201725,59.5356160837354,154.466084073819,0,0,0,0,0,0,0,0,517.302539432932,239.929437144353,1407.28094108539,1438.04466596287
"247",2010,2268,20.5,4418.65631907236,3433.51589166185,1132.58188965067,2182.45019718728,429.85943383144,551.280469326488,306.309262626055,694.490936797468,0,0,0,0,0,0,0,0,0,0,1.90570733042947,3.75094390467667,0.820935594587803,1.05437288445844,0.59565452600577,1.35094315512393,0,0,0,0,0,0,0,0,4414.05135142242,3240.3307253468,888.324386391073,1807.98698314082,462.599361115268,649.427427341054,576.866936544004,1464.9546339563,169.594911736895,124.498688305121,34.2437012817752,69.7051500227929,17.8268325427466,25.0268473715971,22.2577624818566,56.5254710322238,20816.3474051609,15104.8150225544,4508.05307163268,8867.99376761487,2529.7365534052,3401.43988430058,2497.78084356969,6149.44685200999,799.792106525152,580.351313259531,175.673801649461,346.601075938606,99.5108010591983,134.078083891742,98.6186228982671,243.197109955403,0,0,8.68758840207425,17.5418912318188,5.10246048190827,6.90738281399551,5.35627033867005,13.2524457405749,0,0,0,0,0,0,0,0,214.152260177472,165.906359123063,171.771404785576,366.249462092613,164.682077882571,242.472348122722,68.6832975842318,181.260388612235,8.22806722203686,6.37438779966531,6.59001449435697,14.0451255782534,6.30289794958606,9.27878002649817,2.63125677734293,6.94359163688105,308.696789970971,237.367296825227,425.823436510166,955.601777966078,449.411844279023,666.172407384118,282.501434508438,752.438139019276,11.8606144727111,9.12003146502117,16.334909165979,36.6402234000511,17.2003654364993,25.4909586039104,10.8139016907697,28.7976645807253,0,0,57.4710145492242,137.380208597464,50.5735763040362,73.6741900091606,60.6540290384031,157.274984341288,0,0,0,0,0,0,0,0,519.81364102349,240.991796719891,1415.44823521597,1445.75600165749
"248",2010,2268,20.5833333333333,4400.70059632879,3418.18568225629,1127.98574471262,2174.10882470336,425.606300613166,542.134640926441,309.104711750275,700.77432413596,0,0,0,0,0,0,0,0,0,0,1.89815630671414,3.73693122315619,0.812852664671157,1.03681452192858,0.601191202200632,1.36337504403074,0,0,0,0,0,0,0,0,4418.11999104617,3240.22670819185,888.93163041989,1809.61483888155,460.072516651846,640.418252700215,587.222022490579,1490.28580892222,169.751235377683,124.494691799687,34.2671912909954,69.7680804576955,17.7294911323944,24.6797382497363,22.657557175931,57.5035198570302,20801.1353794776,15078.1587010842,4502.23871688943,8858.22079191087,2511.22460353248,3348.75786115176,2540.35395653994,6252.50059265071,799.20769983715,579.327132506048,175.448998885835,346.222773995038,98.779163987989,131.993844896495,100.300980980474,247.273256738813,0,0,8.68024949717308,17.5305754521851,5.06665347463937,6.80227500889651,5.44931978955928,13.47809189357,0,0,0,0,0,0,0,0,214.448830952069,165.946015470887,171.934397207297,366.641710889804,163.797582126747,239.017402678358,69.802465989539,184.015421051267,8.23946200414314,6.37591145770669,6.59631316858605,14.0602823022637,6.26915874411892,9.14676340209338,2.67417206707392,7.04924099585257,308.680730845189,237.087353204123,425.95477536455,955.850302593542,446.227982166196,655.163576512925,286.175268144628,761.482039588828,11.8599976010585,9.10927557798513,16.3401119313668,36.6501898695394,17.0789089525829,25.0704019803777,10.9548394728369,29.1446946968514,0,0,57.4591168833058,137.35964888371,50.1544037866462,72.418443072177,61.7674371074973,160.050330040419,0,0,0,0,0,0,0,0,522.328313754656,242.0544360598,1423.59162588691,1453.41308309627
"249",2010,2268,20.6666666666667,4382.9067767778,3403.02380158264,1123.43565087239,2165.82954988626,421.458457411557,533.352720080122,311.777674461595,706.674697613832,0,0,0,0,0,0,0,0,0,0,1.89060919559122,3.72292315867241,0.80496231503589,1.01994345948097,0.606489041071365,1.37506236075245,0,0,0,0,0,0,0,0,4421.92723641162,3239.93448910594,889.487760949616,1811.11869862423,457.581263936532,631.679958630765,597.49369262842,1515.24284104162,169.897515833053,124.483464275098,34.2887097491926,69.8262314281498,17.6335222892969,24.3430690527021,23.0541439764262,58.4671660517384,20786.0048942247,15051.656956386,4496.48746487806,8848.47549723821,2493.14958365293,3297.92124950338,2582.56218839556,6353.89441490561,798.626425337699,578.308890868693,175.226571656837,345.845440912077,98.0647415816372,129.982458756084,101.969030459352,251.283955797358,0,0,8.67274049483648,17.5189077309761,5.03165592369515,6.70078942804608,5.54163662240989,13.700357239348,0,0,0,0,0,0,0,0,214.730271657331,165.97764403521,172.08259202201,367.008419504471,162.920114138461,235.664756748266,70.894563144989,186.653462286059,8.25027546437221,6.3771266754928,6.60204315222483,14.0744571179916,6.23568573463125,9.01865487711384,2.71605128267404,7.15041380871366,308.669351579386,236.811407066909,426.075476323296,956.082813328735,443.116620099081,644.512429876675,289.756577448562,770.100050517557,11.859560534263,9.0986732807844,16.3449030386761,36.6595334531144,16.960216772546,24.6635054851391,11.0922381162414,29.4754333209366,0,0,57.4457757023508,137.336384982988,49.7442720998244,71.2040745234566,62.8759590288131,162.793277575998,0,0,0,0,0,0,0,0,524.846377296385,243.117303643675,1431.71102607162,1461.01737441962
"250",2010,2268,20.75,4365.27958831608,3388.03308516697,1118.93267699786,2157.61530438651,417.413017043367,524.918620487282,314.332147121806,712.209447272794,0,0,0,0,0,0,0,0,0,0,1.88307814186299,3.70893647038142,0.797259325589313,1.00373020757436,0.611555111670397,1.38603682779282,0,0,0,0,0,0,0,0,4425.46940641108,3239.45232090498,889.991173177462,1812.49619029998,455.123931403064,623.202640633571,607.67684947023,1539.81313122161,170.033611668962,124.464938601749,34.3081950771173,69.8795116582796,17.5388614766819,24.0164577909036,23.4473263053292,59.4159237859946,20770.9592608362,15025.3113552852,4490.79933079161,8838.75948203617,2475.50072524345,3248.86294759773,2624.4142891285,6453.68752579989,798.048410261857,577.296648547139,175.006523648029,345.469143344335,97.3671121786459,128.041286243177,103.623114572624,255.231540265856,0,0,8.66509345211928,17.5069204176441,4.99744529422554,6.60279266291053,5.63322639440778,13.9193214934797,0,0,0,0,0,0,0,0,214.997011900159,166.00127287061,172.21705924085,367.350094691863,162.050695095495,232.411799612923,71.9627376154821,189.189646937157,8.26052410888853,6.37803453092546,6.60724547267434,14.0876693655471,6.20251790563755,8.89435452497467,2.75701480956743,7.24768878527921,308.662531330383,236.539647156075,426.185801242014,956.300387651003,440.075687475135,634.208502373707,293.248312684727,778.310383683744,11.8592986294025,9.08823182520488,16.3492925832494,36.6682955401292,16.8442098965185,24.2698697704507,11.226210209603,29.7905761613353,0,0,57.4310379330892,137.310504974485,49.3430021975924,70.0297623299276,63.9797058993608,165.504932725132,0,0,0,0,0,0,0,0,527.36765670681,244.180348161806,1439.8064064334,1468.57030293848
"251",2010,2268,20.8333333333333,4347.82291366095,3373.21571442703,1114.47767776507,2149.46858720855,413.467131989485,516.816928552617,316.771980146807,717.395141623021,0,0,0,0,0,0,0,0,0,0,1.87557352758161,3.69498591602656,0.789738712050271,0.988146526667325,0.616396379701698,1.39632909147942,0,0,0,0,0,0,0,0,4428.74565270855,3238.78054358517,890.441204153568,1813.74682491431,452.699436979919,614.977556578243,617.767214019611,1563.98677887749,170.159490290983,124.439127842836,34.3256218671801,69.9279022251705,17.4454668323378,23.6995672232878,23.8369390187275,60.3494108493184,20755.9998527235,14999.122075027,4485.17389341343,8829.07348687499,2458.26731804989,3201.51803331904,2665.91839918897,6551.93571040844,797.473707383258,576.290412351156,174.788841498342,345.093914396875,96.6858562844734,126.167773363733,105.263552849554,259.118209587033,0,0,8.65733463241859,17.4946404428971,4.96400016956882,6.5081566996885,5.72409446835027,14.1350608421216,0,0,0,0,0,0,0,0,215.249432255555,166.016924998873,172.338650716359,367.667125658353,161.190075811535,229.25583365668,73.0095624747966,191.636457250468,8.27022255997473,6.37863590853873,6.61195278498779,14.0999338766978,6.16968391223525,8.77375911687699,2.79716100123082,7.34154311957758,308.660007126593,236.272110776902,426.285899374312,956.503549636765,437.103100886149,624.24123775851,296.653577255525,786.131894884387,11.8592017827567,9.07795264457258,16.3532863363875,36.6764962874406,16.7308088074905,23.8890919160768,11.3568742067516,30.0908435980543,0,0,57.414949294555,137.282088446757,48.9504134723348,68.8942170572529,65.0787820730467,168.186353806142,0,0,0,0,0,0,0,0,529.891981741149,245.243518448427,1447.8777805255,1476.07325501523
"252",2010,2268,20.9166666666667,4330.5399328805,3358.57332890262,1110.07133012278,2141.39153495042,409.618005228426,509.032889718765,319.100887578219,722.24757447193,0,0,0,0,0,0,0,0,0,0,1.86810421357885,3.68108447939269,0.782395686520606,0.973165370476648,0.621019689585447,1.40596870801054,0,0,0,0,0,0,0,0,4431.75732362619,3237.92110297194,890.837906811043,1814.87152788479,450.30712104967,606.996834300943,627.76123189013,1587.7563104986,170.27520350381,124.406106760085,34.3409922099813,69.9714385664769,17.3533127515011,23.3920936196601,24.2228448092282,61.2673382562248,20741.1265473609,14973.0882301889,4479.61040218954,8819.41760465317,2441.43876668189,3155.8237701802,2707.08211519766,6648.69160167064,796.902311999636,575.290148261102,174.573498954516,344.719761797207,96.0205587902822,124.359451620595,106.89064365946,262.946039979647,0,0,8.6494855532505,17.482090374906,4.9313001364831,6.41675866448139,5.81424610801706,14.3476484415785,0,0,0,0,0,0,0,0,215.487877102277,166.024624896086,172.448054843751,367.959838094569,160.338801260624,226.19412665282,74.0371370821891,194.004179021823,8.27938404919806,6.37893174874298,6.61619147267839,14.1112630515614,6.13720455012804,8.65676412423824,2.83657007758208,7.43236994720232,308.661411992457,236.008718559204,426.375835684572,956.69240123232,434.196792141327,614.600098527324,299.975558819191,793.583722938634,11.8592558946077,9.06783268935549,16.3568868312163,36.6841396534156,16.6199345486928,23.5207696448185,11.4843517887235,30.3769668653202,0,0,57.3975544001813,137.251208063397,48.5663248900463,67.7961827461059,66.1732858420521,170.838554296068,0,0,0,0,0,0,0,0,532.419186423384,246.306763497432,1455.92519645286,1483.52757621182
"253",2011,2268,21,4312.44738333509,3343.0850640326,1102.66592229186,2123.5902627597,409.145052364786,507.600081238504,320.62661168832,729.95054798457,0,0,0,0,0,0,0,0,0,0,1.85673524308555,3.65175704840553,0.78150861984997,0.970343535393,0.623572176336325,1.41938381801696,0,0,0,0,0,0,0,0,4434.98301560096,3237.21693731365,888.89361935966,1807.87660605776,451.580507558551,606.511362871198,636.117599759016,1611.71666221577,170.399139747908,124.379051589413,34.2661725929213,69.7019746231565,17.4024231042682,23.3734672725758,24.5456744199982,62.1927724626481,20727.6236996212,14947.8669441909,4462.54726598754,8770.79331908097,2444.70540355989,3149.45496539249,2739.00769704526,6744.76031886457,796.383570454955,574.321104029439,173.9111696264,342.823690321308,96.1456741577209,124.100995119053,108.150883657526,266.734776736072,0,0,8.62333623779091,17.3956890220859,4.9391563950481,6.4052529925236,5.88483955248172,14.5569334601392,0,0,0,0,0,0,0,0,215.83734833716,166.079633064464,172.284624927044,366.824146255992,160.988757295887,226.111784951726,74.2790034520392,195.366422731944,8.29281134593343,6.38104524848283,6.60995969592556,14.0678075719071,6.16218421083031,8.65378746924444,2.84593979912542,7.48483795632506,308.709855520615,235.782138463685,425.548359135643,952.836084065156,434.887327158481,612.662864388843,300.800887261257,797.567191960019,11.8611173032424,9.05912711488497,16.3252875293974,36.5366597898208,16.6467297985473,23.4472560321687,11.5163452763233,30.530663386181,0,0,57.2597166029324,136.64180259385,48.583451132801,67.5462565369606,67.0158174848582,173.25706895901,0,0,0,0,0,0,0,0,534.809193656435,247.302281408863,1463.51702883817,1490.47322180022
"254",2011,2268,21.0833333333333,4294.20722413405,3327.424362358,1094.1792104715,2102.19381371381,409.957131294618,508.55926429593,321.808445140246,738.710820354856,0,0,0,0,0,0,0,0,0,0,1.84359629148081,3.61604496001907,0.783116335438141,0.972162027033026,0.625342813789093,1.43447490440128,0,0,0,0,0,0,0,0,4438.09590061515,3236.42727781267,885.982484607727,1797.53163038208,454.285764593718,608.928807813726,643.639036078028,1635.50004795254,170.518741768183,124.348711608586,34.1540929923955,69.3033552920614,17.506713234017,23.4667093026346,24.8363496553321,63.111471362635,20714.8183952343,14923.1346683498,4441.00234133184,8706.78059980238,2455.93907174884,3158.51417642213,2767.16914152482,6840.69427440685,795.891628692702,573.370848385837,173.074465948759,340.32618906679,96.5843518203864,124.450906047869,109.261677906847,270.513544652255,0,0,8.5887974900278,17.2782521025435,4.963155000599,6.42514316807565,5.94746924487554,14.7655165461528,0,0,0,0,0,0,0,0,216.215162519554,166.146386899301,171.965167974511,365.047242714108,162.208222770755,227.196813769921,74.3221811034732,196.54259971718,8.30732762249483,6.38361003556122,6.59773927268404,13.9997566413049,6.20895944101934,8.69548115428902,2.84771418828916,7.5302207880062,308.79053469727,235.577618313532,424.35664489538,947.342811499406,437.091116170797,613.887466544447,300.609844831655,800.183537580732,11.8642172537341,9.05126911891527,16.2797101416023,36.3263975574652,16.7314414703779,23.4947306520476,11.5094673537736,30.6321633725817,0,0,57.0712501909909,135.793520115289,48.7636826949094,67.6355902556245,67.7562099299454,175.589469685736,0,0,0,0,0,0,0,0,537.144619956393,248.269804456796,1470.95020528635,1497.21966974837
"255",2011,2268,21.1666666666667,4276.23795319381,3312.02418829176,1085.90495688225,2081.35885196505,410.653962716907,509.313921660058,322.946926356228,747.213082251856,0,0,0,0,0,0,0,0,0,0,1.83038461593564,3.58055967413281,0.784534751509378,0.973641914795955,0.627128502351588,1.4494226577673,0,0,0,0,0,0,0,0,4440.92410930685,3235.43006142691,883.079517941248,1787.22587870514,456.893661550928,611.16848812784,650.96791885157,1658.87795050616,170.627406068903,124.310396960328,34.0423148560882,68.9062285501931,17.6072503237436,23.5530962439659,25.1196116404743,64.0145656961572,20702.1599836323,14898.6062474563,4419.85247751649,8643.82623774947,2466.78702274109,3166.89361589401,2795.33259936356,6936.32450601018,795.405330113546,572.428425202215,172.252907376967,337.869507018185,97.0080842072076,124.774439694529,110.372649967714,274.280774521713,0,0,8.55361456445557,17.1608879565578,4.98640139283858,6.44365245505459,6.0100723199082,14.9737453820022,0,0,0,0,0,0,0,0,216.568450956651,166.201375694477,171.601767831863,363.22230142509,163.366710554288,228.217711399766,74.4870254860011,197.927466884653,8.32090158059399,6.38572279101796,6.58383118958759,13.9298595406726,6.25339683450675,8.73471290039164,2.85413997294982,7.58357340983174,308.883161677196,235.379884943986,423.174912447221,941.89541033175,439.312248450202,615.127271522187,300.444423179634,802.816991860624,11.8677762552819,9.04367188200982,16.2345114082724,36.117881566345,16.8168095420434,23.5427709466942,11.5035679921591,30.7343100562924,0,0,56.8819838976535,134.948078070081,48.9408808448777,67.7181713397372,68.4989492018345,177.92622940444,0,0,0,0,0,0,0,0,539.483997007879,249.237681916285,1478.41097417951,1503.96569343703
"256",2011,2268,21.25,4258.53105468752,3296.87664637724,1077.83616717893,2061.06772460868,411.240495470253,509.874480807181,324.042370733741,755.461103574804,0,0,0,0,0,0,0,0,0,0,1.81716962744991,3.54541422480804,0.785763857351481,0.974788140997559,0.628913720377741,1.46417596971043,0,0,0,0,0,0,0,0,4443.49940910649,3234.24995995953,880.192535323528,1776.97787997772,459.414759647975,613.248572452792,658.119136429479,1681.87639423171,170.726353205545,124.265055574769,33.9311397299595,68.5113081611277,17.7044403963186,23.6333271210773,25.3960311180189,64.9030520400445,20689.6257227751,14874.2638841392,4399.08611101957,8581.90254322309,2477.25704635723,3174.61177010146,2823.48746112152,7031.63047529396,794.923800941466,571.493150674714,171.446053454607,335.452585548322,97.4171671054837,125.072304549925,111.483387839643,278.035663825697,0,0,8.51800850955602,17.0438826171307,5.00889114033177,6.46079845464048,6.07259494368876,15.1814646625532,0,0,0,0,0,0,0,0,216.898444534904,166.244900635464,171.202885708928,361.359796150382,164.469335521453,229.175298307284,74.7501260020257,199.480364425095,8.33358051281229,6.38739508688122,6.56856020308557,13.8585181635743,6.29569191676414,8.7715137222314,2.86432124589861,7.64334087617697,308.984137470781,235.186874966745,421.994905410091,936.481403881177,441.538669464352,616.369220937033,300.320095731508,805.494555676584,11.8716560291057,9.03625612548542,16.1893745884687,35.9106335889094,16.9023723778619,23.5908768994286,11.4992385751711,30.8381341390715,0,0,56.691829869402,134.105385446767,49.1149655948074,67.7939705617862,69.2439367322101,180.267041166253,0,0,0,0,0,0,0,0,541.827066340748,250.205846103209,1485.897030959,1510.709940965
"257",2011,2268,21.3333333333333,4241.07946239758,3281.97499812139,1069.96638917469,2041.30394064555,411.721600289881,510.251062317566,325.095194388978,763.458845756989,0,0,0,0,0,0,0,0,0,0,1.80400725505913,3.51069811542843,0.786805591975096,0.975608347650968,0.630685638666856,1.47869333959535,0,0,0,0,0,0,0,0,4445.84655101434,3232.90636702924,877.326656954125,1766.80049493168,461.857084012627,615.183547021255,665.10650495075,1704.51908357719,170.816534151122,124.213432585755,33.8207655440207,68.1190901124384,17.7985921170723,23.7079595513717,25.6661378736867,65.7778383262379,20677.1977998063,14850.0934528421,4378.69295291803,8520.98459455622,2487.35742991669,3181.68761053999,2851.6242823017,7126.59405726517,794.446356786588,570.56448207648,170.653512944113,333.07447303612,97.8119160114717,125.345228617758,112.593524624545,281.777503786564,0,0,8.48216109027143,16.9274701664696,5.03062718605136,6.47660699822804,6.13499349203905,15.3885466456546,0,0,0,0,0,0,0,0,217.206365868589,166.277319084806,170.77565015817,359.468827628978,165.520873612575,230.071240048771,75.0922028423805,201.167589580353,8.34541139390563,6.38864065359206,6.55219993752835,13.7860817609255,6.33602739481285,8.80594724342941,2.87752020578777,7.70823434369615,309.090527401759,234.996949355652,420.810677083768,931.091864455673,443.760327973632,617.602003240873,300.24833573232,808.236507924758,11.8757438203834,9.02895887533175,16.1440715719944,35.704311515226,16.9877450034635,23.6386153220249,11.4969174462021,30.9444093759306,0,0,56.5007452209949,133.265419525603,49.2858663729434,67.8629741919461,69.9910771017838,182.61160498708,0,0,0,0,0,0,0,0,544.173582750716,251.174231271172,1493.40634009073,1517.45116853864
"258",2011,2268,21.4166666666667,4223.8772565059,3267.31342431707,1062.28962416995,2022.05199235595,412.10205121734,510.453464850088,326.105894627218,771.210423439346,0,0,0,0,0,0,0,0,0,0,1.79094221390198,3.47648131209722,0.787663403962262,0.976112214975825,0.632433725235694,1.49294142871549,0,0,0,0,0,0,0,0,4447.98474730023,3231.41450737733,874.484975796383,1756.70227680364,464.2266547457,616.984933943772,671.942819384859,1726.82760439536,170.898687071763,124.156112952192,33.7113122776916,67.7299048459778,17.8899371664561,23.7774373012752,25.9304226738871,66.6397515281509,20664.8622998781,14826.0837362428,4358.66371165705,8461.04965933539,2497.09679017702,3188.14036402342,2879.73465445552,7221.19925905404,793.972463026016,569.641988419718,169.874933087031,330.734302411952,98.1926595950896,125.593950461962,113.702733506023,285.505668382991,0,0,8.44622088779377,16.8118405481697,5.05161785333041,6.49110970552288,6.19723298255958,15.5948869097267,0,0,0,0,0,0,0,0,217.493407861852,166.299023109684,170.326020769809,357.557216492601,166.525694057411,230.907725861863,75.4974405131067,202.96130989173,8.35644005712374,6.38947455499908,6.53497916356611,13.7128504947419,6.37457051908335,8.83809732363618,2.89313164860327,7.77718950530808,309.199948391724,234.808814729525,419.61814195344,925.720727617064,445.968914791889,618.815914435819,300.237336116773,811.057567032745,11.8799480675461,9.02173043777175,16.0984456714621,35.4986830577138,17.0726091300603,23.6856145636369,11.4969174596771,31.0536969959426,0,0,56.3087231552829,132.428211467522,49.4535215430453,67.9251827350085,70.7402776260897,184.959627247584,0,0,0,0,0,0,0,0,546.523314101497,252.142773855156,1500.93710477884,1524.18823820329
"259",2011,2268,21.5,4206.91939284321,3252.88681285333,1054.80024718078,2003.29719470204,412.386510209395,510.491155042549,327.075032049838,778.720068196222,0,0,0,0,0,0,0,0,0,0,1.77801011303709,3.44281795236678,0.788341853289746,0.976310865671077,0.634149369794346,1.50689369224072,0,0,0,0,0,0,0,0,4449.92899589833,3229.78642960821,871.669145348187,1746.68866766703,466.527969083705,618.661948017023,678.639911279948,1748.82162881902,170.973388212085,124.093559600731,33.6028445277467,67.3439631828225,17.9786487385454,23.8421154869301,26.1893394601219,67.4895454825896,20652.6082809983,14802.2257409129,4338.98984923108,8402.07668464966,2506.48392432334,3193.98930981666,2907.81107867472,7315.43194456622,793.501699258138,568.725324162193,169.109990158007,328.431271381218,98.5597339009621,125.819211299047,114.810722827438,289.219603608082,0,0,8.41030905898207,16.6971469973677,5.07187510347643,6.50434186042049,6.25928558260854,15.8004003348433,0,0,0,0,0,0,0,0,217.760716597759,166.310421112468,169.858951880903,355.631615038232,167.487717586224,231.687198998819,75.9528632147882,204.838538878512,8.36671053677949,6.3899124825748,6.51708807748027,13.6390797167419,6.41147144569917,8.86805767466522,2.91065906074341,7.84932741138003,309.310464860795,234.621451585506,418.414662960243,920.364160637632,448.157605059572,620.002703093706,300.292679279002,813.967979000486,11.8841944026183,9.01453164187208,16.0523957860553,35.2936015324731,17.1567033079816,23.7315586103193,11.4994516141277,31.1663873114958,0,0,56.115784797996,131.593833168249,49.6178778456953,67.9806096063914,71.4914479912357,187.310820150354,0,0,0,0,0,0,0,0,548.876040921983,253.111412637445,1508.48773602663,1530.92011309942
"260",2011,2268,21.5833333333333,4190.2015047504,3238.69060340616,1047.49294786904,1985.02556635768,412.579517031126,510.373263214736,328.003217185421,785.992100619028,0,0,0,0,0,0,0,0,0,0,1.76523910886751,3.40974925214551,0.7888463104367,0.976216417588341,0.635825577620789,1.52052927169896,0,0,0,0,0,0,0,0,4451.69104806607,3228.03173087118,868.879798782135,1736.76285477814,468.764361989238,620.221995064833,685.208698723505,1770.51907599503,171.04108907419,124.026141269194,33.495387605635,66.9613892035184,18.0648553775339,23.90227969837,26.4433072465617,68.3279070212749,20640.4270981476,14778.5121973242,4319.66340864139,8344.04593396418,2515.52770268606,3199.25363302741,2935.84686269252,7409.27961403548,793.033733334279,567.814209996693,168.358382777986,326.164628333302,98.9134781691331,126.02174927648,115.917232095984,292.918818884532,0,0,8.37452399552905,16.5835121319916,5.09141331922154,6.51634093683291,6.32112938796178,16.0050178444779,0,0,0,0,0,0,0,0,218.009381525143,166.31192553328,169.378540149068,353.697635022099,168.410415726763,232.412187070844,76.4478368988364,206.780311840757,8.37626469121155,6.38997028292872,6.49868396198643,13.5649848642104,6.44686318327471,8.89592532268291,2.92969556022986,7.9239229445344,309.420508845389,234.434060301649,417.198727737794,915.020063534632,450.320833929591,621.155413125125,300.417868101992,816.974393186581,11.8884225820188,9.0073317648759,16.0058639782267,35.0889867229174,17.2398143504887,23.7761810841161,11.5046533750732,31.2827332099436,0,0,55.9219728529054,130.762387140666,49.7788898573309,68.0292799445811,72.2445000835575,189.66490157115,0,0,0,0,0,0,0,0,551.231555829813,254.080088804245,1516.05682379681,1537.64584970381
"261",2011,2268,21.6666666666667,4173.71977519906,3224.7206871505,1040.36269158962,1967.22375109775,412.685484079563,510.108584119901,328.891101580562,793.030910947796,0,0,0,0,0,0,0,0,0,0,1.75265107515438,3.37730556086208,0.789182754980927,0.975841687211913,0.637456742565668,1.53383218007589,0,0,0,0,0,0,0,0,4453.28003131084,3226.15802286806,866.116807475548,1726.92630294291,470.938244416333,621.671008543067,691.659228648134,1791.93623053498,171.102140351507,123.954150411338,33.388937470617,66.5822406955895,18.1486501225781,23.9581589205776,26.6927117270729,69.1554604855411,20628.3119683023,14754.9372379158,4300.67690828637,8286.93876216054,2524.23700204316,3203.95233319392,2963.8360435319,7502.73124180239,792.568304646275,566.908420481844,167.619827819419,323.933663609596,99.2542322318456,126.202295897042,117.022028985787,296.602880761616,0,0,8.33894474011968,16.4710324856853,5.11024858216509,6.5271457333209,6.38274751343516,16.2086840062914,0,0,0,0,0,0,0,0,218.240431872721,166.303946071595,168.88814486835,351.759971894489,169.296838562953,233.085219589131,76.9737102270782,208.771084809912,8.3851420650085,6.38966369737012,6.47989580179204,13.4907462219318,6.48086264017953,8.92179742520714,2.94991015413244,8.00038182904765,309.528824742928,234.246024809417,415.96972155082,909.687716022811,452.454118989376,622.268240688497,300.614704837256,820.080498636112,11.8925843635649,9.00010713644228,15.9588267603791,34.8848113380137,17.3217705393899,23.8192597713898,11.5125911745234,31.402874487123,0,0,55.7273471811997,129.933999554345,49.9365195025639,68.0712296176448,72.999347963233,192.021595180988,0,0,0,0,0,0,0,0,553.589662873701,255.0487459162,1523.64311277187,1544.3645888583
"262",2011,2268,21.75,4157.47079145828,3210.97329293878,1033.40467561422,1949.8789298271,412.708690033852,509.705576898404,329.739367476634,799.84093624575,0,0,0,0,0,0,0,0,0,0,1.74026288017197,3.3455086057853,0.789357553266269,0.975199861424403,0.639038404473974,1.54679042743145,0,0,0,0,0,0,0,0,4454.70316449266,3224.17146599293,863.379577827423,1717.17936194724,473.051371699568,623.013824802274,698.000729519396,1813.08789286045,171.156819404183,123.877823719355,33.2834721319791,66.206532480855,18.2301008080482,24.0099399373863,26.9379072799198,69.9727734637453,20616.2574702628,14731.4960277631,4282.02321928224,8230.73735647966,2532.62062854938,3208.10411988751,2991.77329974254,7595.77708894175,792.10520490917,566.00776985181,166.894055651125,321.737699450734,99.582333506192,126.361571936176,118.124905934558,300.271405628384,0,0,8.30363463648131,16.3597833124144,5.12839782115717,6.53679535115126,6.44412712493219,16.4113544618865,0,0,0,0,0,0,0,0,218.45483143833,166.286881447136,168.390507798881,349.822517871378,170.149628556061,233.708718350251,77.5234271205544,210.798088900933,8.3933796888028,6.38900804534865,6.46082888055138,13.4165132555356,6.51357113538012,8.9457670445914,2.97103290865011,8.07821593462678,309.634407268243,234.05687149057,414.727684740311,904.367404005006,454.553878030484,623.336394243539,300.883697987402,823.287699722789,11.8966411226613,8.99283955939867,15.9112857870787,34.6810866861932,17.4024346546645,23.8606112745384,11.5232839817267,31.5268636828205,0,0,55.5319799885541,129.108812645956,50.0907355271078,68.1065041484644,73.7559077202262,194.38063027715,0,0,0,0,0,0,0,0,555.95017689479,256.017329901538,1531.24547866474,1551.07554819894
"263",2011,2268,21.8333333333333,4141.4514577369,3197.44491877104,1026.61430165086,1932.97876496824,412.653277829557,509.172369601364,330.548721326545,806.426645380046,0,0,0,0,0,0,0,0,0,0,1.72808726491217,3.31437303327625,0.78937731831213,0.974304294190745,0.640567071152866,1.559395385743,0,0,0,0,0,0,0,0,4455.96618405707,3222.07708748973,860.667214999005,1707.52160758027,475.105008711682,624.254422611711,704.241656000721,1833.9874876372,171.20534663563,123.797354347996,33.1789579439951,65.8342495197809,18.3092564044076,24.0577765293402,27.1792186671871,70.7803609249265,20604.2592469577,14708.1845443078,4263.69549828264,8175.42459116159,2540.68727528049,3211.72735519685,3019.65388605814,7688.40856838394,791.644266723309,565.112103553194,166.18080753238,319.576084353564,99.8981153310044,126.500285181854,119.225677617346,303.924054484474,0,0,8.26864396510807,16.2498221253546,5.14587837515101,6.54532868320082,6.50525872716706,16.6129940621799,0,0,0,0,0,0,0,0,218.653478710668,166.261115839172,167.887852303509,347.88847539105,170.971060080955,234.284962207781,78.0912533800813,212.850867621903,8.40101208394782,6.38801808764637,6.44156858431856,13.3424089617257,6.54507590288502,8.96792178316491,2.99284448503512,8.15702557764668,309.73646006881,233.866242871159,413.473148740631,899.060163356001,456.617284346281,624.355964720961,301.224344309273,826.595596984503,11.9005622622318,8.98551529902216,15.8632615617452,34.477852846427,17.4816984345577,23.9000860409563,11.5367120943863,31.6546844662314,0,0,55.3359525959921,128.286979716434,50.2415130203298,68.1351578040317,74.5140974830875,196.741741938331,0,0,0,0,0,0,0,0,558.312922809842,256.985788974447,1538.86290792684,1557.77801327992
"264",2011,2268,21.9166666666667,4125.65892733662,3184.13227851394,1019.98715384129,1916.51135570879,412.52325412213,508.516765343377,331.319888576996,812.792526554184,0,0,0,0,0,0,0,0,0,0,1.7161335729254,3.2839076890651,0.789248799478045,0.973168348312707,0.642040065962306,1.57164124724809,0,0,0,0,0,0,0,0,4457.07367390039,3219.8790276138,857.978642435921,1697.95209409211,477.100058473082,625.396113852902,710.38973247214,1854.64716151871,171.247898166474,123.712901372493,33.0753542034086,65.4653566164787,18.3861519570991,24.1017967984273,27.4169426914805,71.578688944527,20592.3137752121,14684.9994067576,4245.68713821834,8120.98391896126,2548.44549166548,3214.84001269108,3047.47357567161,7780.61812763196,791.185354728542,564.221291690267,165.479833701517,317.44818885941,100.201905765244,126.619128814734,120.324178717732,307.560528399437,0,0,8.23401217576806,16.1411917171577,5.16270768982446,6.55278406774236,6.56613555563722,16.8135752840638,0,0,0,0,0,0,0,0,218.837208579305,166.227016801574,167.381971116957,345.960463310789,171.763083396096,234.816073256287,78.6725472995081,214.920885964965,8.40807132821914,6.38670794627102,6.4221837690474,13.2685339407692,6.57545176889103,8.98834324281748,3.01516735929254,8.23648456793204,309.834361532769,233.673876378888,412.20700289268,893.767570675089,458.642139963954,625.323804977285,301.635361947112,830.002389226893,11.9043238990104,8.97812426686322,15.8147883249428,34.2751706404508,17.5594777205629,23.9375637446199,11.5528260593438,31.7862670100552,0,0,55.1393528054523,127.468661091284,50.3888329595145,68.1572527496346,75.2738374539987,199.104671224631,0,0,0,0,0,0,0,0,560.677734889152,257.954073533248,1546.49447959888,1564.47132892586
"265",2012,2268,22,4110.17373961607,3170.85265723885,1012.63785922384,1899.86587456348,412.255098034607,507.18393340499,332.234791959639,819.507305405933,0,0,0,0,0,0,0,0,0,0,1.70433464877171,3.25424194038312,0.788858840490355,0.970733996414209,0.643794994455413,1.58462100987649,0,0,0,0,0,0,0,0,4458.86907291641,3218.18352089679,854.575476557074,1688.01515129471,478.968786607657,625.757650144702,716.664057236745,1875.83683411396,171.316880267816,123.647757293023,32.9442904877256,65.0823594508205,18.4581769614738,24.1157461625592,27.659522809826,72.3974257828365,20583.6629644539,14664.0380184902,4224.37000659323,8065.12234106621,2555.49585370082,3213.88927711882,3076.27245850622,7876.11969489369,790.853027483111,563.415919879312,164.651775648625,315.266257412357,100.47800715481,126.578161853471,121.461245751668,311.327179988899,0,0,8.19939950236669,16.0345625944824,5.17811558185254,6.55194551059359,6.62888140852296,17.0207352651542,0,0,0,0,0,0,0,0,219.096182382848,166.228590533012,166.886662503944,344.092877261592,172.597494692138,235.118060696453,79.3487686442632,217.302443971898,8.41802156247911,6.38676840979605,6.40320124842615,13.1969718406596,6.60744742754541,8.99998899615785,3.04112204833989,8.32786004405268,309.98530804869,233.523004887276,410.885880445451,888.504268623067,460.559870930436,625.54255162072,302.28158685619,834.238969091209,11.9101236083405,8.97232753910391,15.7641993185191,34.0735987794348,17.6331470475414,23.9463490833189,11.5779382894827,31.9495882754681,0,0,54.9435228281187,126.662303442012,50.5249500821136,68.0972364641688,76.0546486287576,201.549780126756,0,0,0,0,0,0,0,0,562.976514060096,258.892687561464,1553.91952887202,1570.94983801125
"266",2012,2268,22.0833333333333,4094.89249799768,3157.74400294577,1005.36385960198,1883.56735500041,411.902313878947,505.689231555938,333.126471097354,826.05310924646,0,0,0,0,0,0,0,0,0,0,1.69251963860703,3.22506767615882,0.788318028491632,0.967991084956148,0.645525405081903,1.59733295617289,0,0,0,0,0,0,0,0,4460.67270686849,3216.49769989918,851.156351761259,1678.17049956022,480.779619876186,625.972598567035,722.902449619861,1896.95254522648,171.386178768571,123.582985354382,32.812602775598,64.7029052638811,18.527968321484,24.1240412393955,27.9007068522032,73.2132924391234,20575.3898078954,14643.403212121,4202.99195934158,8009.8571249233,2562.16479196862,3212.08365873198,3105.10589544434,7971.54238957582,790.535209654904,562.623095892494,163.82134288181,313.107452650774,100.739266985074,126.503743300826,122.599804797969,315.09119651935,0,0,8.16397298791638,15.9284864912142,5.1928024551187,6.54937934750492,6.69162736349548,17.2276509057347,0,0,0,0,0,0,0,0,219.3476188548,166.226308282154,166.364513199991,342.216237426432,173.396291198506,235.346272637852,80.0318244636609,219.68634266724,8.4276821999255,6.38668072033765,6.38318703798515,13.1250596394865,6.63807698377681,9.00880605312691,3.06733447525097,8.41931566184389,310.136996702001,233.372337912008,409.546613279578,883.252227435507,462.434771387079,625.630425706648,303.012923722548,838.638265911373,11.9159518299763,8.96653866925972,15.7129101721473,33.8724487683265,17.7051679521905,23.9501078315614,11.6063004912066,32.1191134135908,0,0,54.7471225942254,125.860220756218,50.6566050557978,68.0229129638556,76.839162538722,204.004702660214,0,0,0,0,0,0,0,0,565.269801936978,259.827761817329,1561.33206265276,1577.39117740585
"267",2012,2268,22.1666666666667,4079.80612277761,3144.8278238465,998.268798191923,1867.67956435583,411.476948058962,504.10801186193,333.973868140969,832.366208252274,0,0,0,0,0,0,0,0,0,0,1.68073509110597,3.19639331399505,0.787642804830493,0.965079445331133,0.64718714791782,1.60964071957915,0,0,0,0,0,0,0,0,4462.36895102494,3214.73882435799,847.802552499574,1668.45909733651,482.537532255184,626.120101782756,729.081836250244,1917.90233021215,171.451351181643,123.51540654335,32.6834155115198,64.3285678670577,18.5957183906852,24.1297333054695,28.1396056328357,74.0227453322059,20567.1133917202,14622.8480520126,4181.98868055412,7955.45528261467,2568.50999727539,3209.87330578453,3133.8465468332,8066.43586911741,790.217266024668,561.833332064559,163.005274744599,310.982000437507,100.987944192418,126.413588658596,123.73485633424,318.834827649983,0,0,8.12796754122414,15.8230317641612,5.20686003937724,6.5459890241799,6.75411026673219,17.4333810107443,0,0,0,0,0,0,0,0,219.58177337934,166.215377211587,165.819874444398,340.330309411219,174.154517705607,235.52730704889,80.710248923406,222.036324948111,8.43667883705263,6.38626072941234,6.36230860965312,13.0527889953607,6.66715089633637,9.01581296756326,3.09336568111964,8.50946394460627,310.283088266604,233.217407846425,408.193645736141,878.012398516618,464.27297653928,625.670407515532,303.806502528261,843.105349826278,11.921565000904,8.96058600473204,15.6610917515233,33.6717576986477,17.7757754140976,23.9520168666481,11.6370365926213,32.2912081280312,0,0,54.5499411585446,125.061508025598,50.7847382405399,67.9435360380749,77.624988836283,206.459560577022,0,0,0,0,0,0,0,0,567.56562856584,260.762798656224,1568.75702626649,1583.81901206284
"268",2012,2268,22.25,4064.91619549813,3132.10429169437,991.348697220171,1852.19320324795,410.983380922653,502.447046473438,334.77816838504,838.45228282483,0,0,0,0,0,0,0,0,0,0,1.66902434190553,3.16824603907374,0.786836628967584,0.96200893247649,0.648778167606584,1.62154426348809,0,0,0,0,0,0,0,0,4463.9435360996,3212.89730257317,844.505335351001,1658.86673004253,484.239733895957,626.196799157363,735.203796219153,1938.6832686037,171.51184925824,123.444652331472,32.5563942631399,63.9588027621561,18.661320173569,24.1326938164553,28.3762801531544,74.8256724269868,20558.8434434718,14602.3786473242,4161.35588437162,7901.90646652905,2574.54232360946,3207.2761745016,3162.49380236105,8160.80217853796,789.899570343124,561.046863118996,162.203413167175,308.889512690206,101.224456343208,126.308391905462,124.866375360666,322.558148129356,0,0,8.0916018860341,15.7183603414054,5.22029090290483,6.54179989656654,6.81632447735758,17.637912951537,0,0,0,0,0,0,0,0,219.799778728764,166.196260296847,165.258799797646,338.441025933672,174.87589123351,235.665144211594,81.3836258681854,224.354484345434,8.44505499676252,6.38552622528085,6.3407984431788,12.9803877445091,6.69481158330314,9.02116244444854,3.11919993481797,8.59838551460562,310.424103816739,233.058978527694,406.827015254748,872.787896397345,466.072680434698,625.661919714576,304.659268732516,847.634349020249,11.9269831416503,8.95449889336569,15.6087455361147,33.4716453002891,17.8449004070676,23.9520545180261,11.6700294500706,32.4656472908904,0,0,54.3519660852645,124.266291924255,50.9093635281745,67.8592102431922,78.4120863394658,208.914214152627,0,0,0,0,0,0,0,0,569.863819187417,261.697750760143,1576.19305505987,1590.23262899044
"269",2012,2268,22.3333333333333,4050.22359230824,3119.57305103142,984.599537240744,1837.09891813998,410.425761318611,500.712718533031,335.540504019573,844.31686141243,0,0,0,0,0,0,0,0,0,0,1.65742210370161,3.14064573429807,0.785903967796426,0.958789704618957,0.650297208114802,1.6330454198051,0,0,0,0,0,0,0,0,4465.38580474373,3210.96618887599,841.257556216837,1649.38224978163,485.8842521227,626.200567839838,741.270086993682,1959.29340616127,171.567263525979,123.370455855049,32.4312658246448,63.5931829915034,18.7246980384831,24.1328416997447,28.6107982733911,75.6219987924631,20550.58717056,14581.9993165201,4141.08866298195,7849.19924943417,2580.27200476644,3204.30919974493,3191.04695929189,8254.64290251235,789.582399533891,560.263854977914,161.415575778808,306.829558969634,101.449197162943,126.188807667483,125.994333127404,326.261214581155,0,0,8.05505246727566,15.6145989891028,5.2331014328907,6.53683789407528,6.87826618204207,17.8412371572428,0,0,0,0,0,0,0,0,220.002611688055,166.169346031742,164.685984452051,336.552868106245,175.563362562283,235.762934335507,82.0516716046664,226.642610009632,8.4528482086773,6.38449213449675,6.31883685915731,12.9080279841987,6.72117210314059,9.02497534648349,3.14482655556243,8.68614927472522,310.560423027401,232.897650556566,405.447360866017,867.581830934224,467.832483894489,625.604642201376,305.568077054503,852.219562580443,11.9322208399605,8.94830041120102,15.5558961186223,33.2722311551275,17.9124894917608,23.9502089919154,11.7051584926546,32.6422124290334,0,0,54.1532130979085,123.474706649991,51.0304908559314,67.7700357931148,79.2004080191867,211.368511669023,0,0,0,0,0,0,0,0,572.164210323257,262.632573259188,1583.63896656417,1596.63141509139
"270",2012,2268,22.4166666666667,4035.72867720071,3107.23336840352,978.017297179331,1822.38737896231,409.808037114291,498.911069692718,336.261967161697,849.965348578252,0,0,0,0,0,0,0,0,0,0,1.64595638731036,3.11360659734997,0.784849916518873,0.955431983287543,0.651743610424652,1.64414741632164,0,0,0,0,0,0,0,0,4466.68771362132,3208.94044126492,838.053287687374,1639.9967563817,487.469703439876,626.13016798612,747.282517933351,1979.7314175798,171.617284947029,123.292623392318,32.3078035621395,63.2313677433235,18.7857989697887,24.1301297488523,28.8432298532367,76.4116736521979,20542.3499645992,14561.713097957,4121.18168269161,7797.32149825929,2585.70877090596,3200.98847410243,3219.50528348269,8347.95934139254,789.265960755153,559.484424379636,160.641563503732,304.801680998926,101.662541048499,126.055458149833,127.118699546567,329.944072430172,0,0,8.01846340433003,15.511847894146,5.24530057797457,6.53112916797532,6.93993292674901,18.0433464196564,0,0,0,0,0,0,0,0,220.191128721921,166.134968769828,164.105136813642,334.669295336526,176.219334280636,235.823255315904,82.7141991147538,228.902246742356,8.46009137952385,6.38317130345849,6.29656628613896,12.8358425784551,6.74632451086123,9.02735058120415,3.17023854731156,8.77281472107124,310.692331071392,232.733906589592,404.055697467537,862.397214754403,469.551295832785,625.498439670725,306.529771998716,856.855515206264,11.9372890526566,8.94200910267366,15.5025825336884,33.073631131721,17.9785010325503,23.9464755832688,11.7423027972793,32.8206937961986,0,0,53.9537183863321,122.686890532178,51.1481283940725,67.6761104476651,79.9899030331446,213.822294020096,0,0,0,0,0,0,0,0,574.466647703509,263.567223220704,1591.09371089283,1603.01482876968
"271",2012,2268,22.5,4021.43137118301,3095.08418658851,971.597972334624,1808.04931539375,409.13396228209,497.04781094591,336.943613848313,855.403031190774,0,0,0,0,0,0,0,0,0,0,1.63464926596597,3.08713780348169,0.783680051155605,0.951945954050417,0.653117233740921,1.65485468859965,0,0,0,0,0,0,0,0,4467.84348007945,3206.8166561941,834.887677473764,1630.70329359421,488.995215986857,625.98511620637,753.242907638279,1999.99650008348,171.661691342616,123.211024173605,32.1858219919858,62.8730907051633,18.8445895922929,24.124539769718,29.0736451117932,77.1946662982544,20534.1356517662,14541.5219328854,4101.62926187464,7746.26052172534,2590.861882259,3197.32929884777,3247.86802890799,8440.75256850008,788.950401018762,558.708645909895,159.881163571734,302.805398383331,101.864844377043,125.908935112125,128.239443967694,333.606758163825,0,0,7.98195034534088,15.4101839502371,5.2568993670007,6.5246999219735,7.00132341174484,18.2442355975069,0,0,0,0,0,0,0,0,220.366078662614,166.093415930017,163.519115291751,332.792896612558,176.845736912125,235.848198941759,83.3711030442876,231.134718292891,8.46681328061983,6.38157477526044,6.27409651267667,12.7639309668956,6.77034277522746,9.02836840788134,3.19543202556626,8.85843284022918,310.820034550688,232.568127308195,402.653330966323,857.236934513522,471.228298204001,625.343341546324,307.541220853856,861.536974882049,11.9421957177453,8.93563959417159,15.4488549977836,32.8759562767927,18.0429038537675,23.9408559017862,11.7813423490106,33.0008910402815,0,0,53.7535353882089,121.902984363391,51.2622833977947,67.577530189064,80.7805174970472,216.275396465313,0,0,0,0,0,0,0,0,576.770985575286,264.501659492329,1598.55635332445,1609.38239077206
"272",2012,2268,22.5833333333333,4007.33125518608,3083.12420419894,965.337595970269,1794.07555899822,408.407112904117,495.128347921069,337.586470753852,860.63509224698,0,0,0,0,0,0,0,0,0,0,1.62351798655651,3.06124445501792,0.782400224625218,0.94834163957276,0.654418341505047,1.66517261012974,0,0,0,0,0,0,0,0,4468.84904815638,3204.59267159528,831.756737198013,1621.49640624675,490.460307602015,625.765495171633,759.153021561704,2020.08819841807,171.700326876206,123.125575128791,32.0651686925186,62.5181430879917,18.9010514923342,24.1160752788082,29.3021122296353,77.9709593714423,20525.9468706982,14521.4269388758,4082.42547936542,7696.00327314561,2595.7401906003,3193.34627810141,3276.1344679445,8533.02352331678,788.635821709619,557.936562507323,159.134153714633,300.840216484851,102.056447885395,125.749803511052,129.356536379257,337.249303004091,0,0,7.9456061099123,15.3096655782864,5.26791023217802,6.51757621052906,7.06243721700679,18.4439012097779,0,0,0,0,0,0,0,0,220.528122420618,166.044938913327,162.930130457096,330.925618076044,177.444145280849,235.839504477558,84.0223392435121,233.34116265117,8.47303930518971,6.37971220913187,6.25151244935599,12.6923679025238,6.79328723800933,9.02809556155899,3.22040543651462,8.94304746859489,310.943685729921,232.400615653014,401.241738563108,852.10370830983,472.862892493314,625.139506070273,308.599355703089,866.258975911521,11.9469466855062,8.92920352515753,15.3947703100557,32.6793111738156,18.1056751885356,23.9333564894389,11.8221596448227,33.1826140721064,0,0,53.5527303425758,121.123129328023,51.372963355229,67.474390173865,81.5721956170999,218.727651222235,0,0,0,0,0,0,0,0,579.077085550841,265.435842435325,1606.02604783317,1615.73366960074
"273",2012,2268,22.6666666666667,3993.42764270593,3071.35193188098,959.232254153825,1780.45707224413,407.630899044785,493.157800088258,338.191539772089,865.666619994757,0,0,0,0,0,0,0,0,0,0,1.61257581085154,3.0359283078191,0.781016425172986,0.944628814995762,0.655647517397271,1.67510729135631,0,0,0,0,0,0,0,0,4469.70171149448,3202.26728678603,828.657187596677,1612.37182324426,491.864800058483,625.471819403644,765.014533419034,2040.00628768274,171.733087565208,123.036230125735,31.9457183767282,62.166361474823,18.9551779265992,24.1047563557183,29.5286958647554,78.7405443619746,20517.7853396005,14501.4286026678,4063.56425266526,7646.53649396849,2600.35218328382,3189.05338663437,3304.30391016896,8624.7730745244,788.322288848323,557.168192873015,158.400305193888,298.905631997081,102.237678373012,125.578604121003,130.469948158123,340.871735394688,0,0,7.90950488482904,15.2103362785679,5.27834653648396,6.50978379469221,7.12327459531238,18.6423411277959,0,0,0,0,0,0,0,0,220.67784744423,165.989760827612,162.339889385235,329.068921267609,178.015860433291,235.798649880824,84.6679096595017,235.522559389623,8.47879202392484,6.37759217723337,6.22887967104798,12.6212095278415,6.81520775319485,9.02658875211265,3.2451589804077,9.02669634527488,311.063398911629,232.231613915091,399.822486844859,847.00006243424,474.454660932665,624.887196280436,309.701200923192,871.016828865517,11.9515463476548,8.92271020483965,15.3403887054926,32.4837930458651,18.1667991922335,23.9239878956892,11.8646407427397,33.3656834360867,0,0,53.351378971441,120.347465438976,51.4801767517795,67.3667853478657,82.3648804964341,221.178889316697,0,0,0,0,0,0,0,0,581.384815745347,266.369733737041,1613.5020184616,1622.06827159305
"274",2012,2268,22.75,3979.7196316916,3059.76573240782,953.278095446393,1767.18496745171,406.808574460573,491.141017076725,338.759801090797,870.502613783159,0,0,0,0,0,0,0,0,0,0,1.60183269129899,3.01118836309746,0.77953467956911,0.940816955945424,0.656805600918018,1.68466542360374,0,0,0,0,0,0,0,0,4470.39984542654,3199.84006361555,825.58634028004,1603.32622437485,493.208759366167,625.104940561831,770.829006051279,2059.75070168216,171.759910987312,122.942972329985,31.8273683654587,61.8176188821619,19.0069715308511,24.0906160103319,29.7534564155058,79.5034188574118,20509.6520459673,14481.5269167501,4045.03939532521,7597.8468158383,2604.70601597584,3184.46402140093,3332.3757115892,8716.00205881708,788.009840380515,556.40353671815,157.679385022858,297.001136912327,102.408849965414,125.395855522392,131.579652443434,344.474082537136,0,0,7.87370550183115,15.1122273633826,5.28822224235702,6.50134803791625,7.18383630650724,18.8395543234372,0,0,0,0,0,0,0,0,220.815778741488,165.928082002778,161.749700622751,327.223892576311,178.561966781431,235.726911875907,85.3078506045854,237.679752150338,8.48409160846348,6.37522237656041,6.20624844730558,12.5504975776575,6.83614587649754,9.02389696876041,3.26969416374695,9.10941197783473,311.179261022928,232.061315830395,398.397177353418,841.928325054177,476.003337719636,624.586765144403,310.843889361996,875.806117803383,11.955998044099,8.91616707686255,15.285771763481,32.2894915098979,18.2262658395726,23.9127641052217,11.9086758779942,33.5499301952419,0,0,53.1495638958585,119.576130330113,51.5839335422073,67.2548108088365,83.1585147000661,223.628941865605,0,0,0,0,0,0,0,0,583.694050089242,267.303296275368,1620.98354616306,1628.38583436387
"275",2012,2268,22.8333333333333,3966.20614856129,3048.36385462055,947.471338603093,1754.25052174341,405.943245460522,489.082593737911,339.292215781245,875.147989061355,0,0,0,0,0,0,0,0,0,0,1.59129585274134,2.98702137715847,0.777960974001812,0.936915198326039,0.657893632469254,1.6938541453319,0,0,0,0,0,0,0,0,4470.94267861535,3197.3111574579,822.541995604858,1594.35704251239,494.49244427437,624.665966911159,776.597877098437,2079.32147213428,171.780767506509,122.845807711259,31.7100346776549,61.4718171784075,19.0564423433682,24.0736970938814,29.9764494685247,80.2595842075833,20501.5474083966,14461.7214954069,4026.84466552137,7549.92084583121,2608.80954161846,3179.59104712605,3360.34928182871,8806.71131406711,787.698492394041,555.642579222686,156.971157848838,295.12622183675,102.570265231097,125.202055859253,132.685624429225,348.056371703803,0,0,7.8382542461238,15.015360294163,5.29755163988104,6.49229382433651,7.24412347965627,19.0355406583489,0,0,0,0,0,0,0,0,220.942388488476,165.860084693984,161.160563045164,325.391335564976,179.083381048905,235.62541696325,85.9422230129377,239.813468415445,8.48895620055697,6.37260980964763,6.18365715430192,12.4802629243525,6.85613674076768,9.02006343683803,3.29401342741421,9.19122240340647,311.291340437008,231.889876889946,396.967402456571,836.890622740119,477.508784026423,624.238642069247,312.024674440165,880.622696044841,11.9603044018749,8.90958011543881,15.2309807121574,32.0964884408194,18.284069966945,23.8997020189652,11.954159923472,33.7351957618296,0,0,52.947372447358,118.809258255444,51.6842455190369,67.1385620803336,83.9530407346049,226.077641177129,0,0,0,0,0,0,0,0,586.004667721135,268.236494002335,1628.46995765878,1634.68602124607
"276",2012,2268,22.9166666666667,3952.88598225461,3037.14445962682,941.808277840761,1741.64518719715,405.037878668164,486.986883658093,339.78972769627,879.607580949622,0,0,0,0,0,0,0,0,0,0,1.58097027349262,2.96342228564247,0.776301196921357,0.932932313341965,0.658912809266148,1.70268093368244,0,0,0,0,0,0,0,0,4471.33011665587,3194.68118698433,819.522359668566,1585.46230810135,495.71626668135,624.15620157555,782.32245259987,2098.71868694919,171.795653495605,122.744760039896,31.593648852967,61.128881123143,19.1036062852252,24.0540499304364,30.1977255512379,81.0090439217415,20493.471401553,14442.0116639356,4008.9738040192,7502.74523122454,2612.67033407819,3174.44683401622,3388.22408752178,8896.90170226488,787.388243920193,554.885294463242,156.275387424947,293.280378512337,102.722216091861,124.997684291044,133.787841507608,351.618631148613,0,0,7.80318714115034,14.9197485659846,5.30634914611126,6.48264550030545,7.30413750252642,19.230300712064,0,0,0,0,0,0,0,0,221.058103872678,165.785936723412,160.573234851497,323.571840465765,179.580889783881,235.495178911893,86.5711047521623,241.924336289352,8.4934022134239,6.36976092449168,6.16113492413194,12.4105282466146,6.87521049323999,9.01512705609376,3.31811985325681,9.27215183466755,311.399693247888,231.717422281293,395.53471439029,831.888883111228,478.970967865871,623.843322658769,313.240936984961,885.462677780082,11.9644675762324,8.9029541304731,15.1760752387242,31.9048580711731,18.3402105009809,23.8848210602924,12.0009926487843,33.9213315696976,0,0,52.7448949108499,118.046979310134,51.7811265443424,67.0181352692602,84.7484014101732,228.524821580433,0,0,0,0,0,0,0,0,588.316552476764,269.169291852806,1635.96061692233,1640.96851719833
"277",2013,2268,23,3939.79686935021,3026.11973799127,936.209813241962,1729.28920102967,404.08792390615,484.793564994231,340.270554369496,883.974681262316,0,0,0,0,0,0,0,0,0,0,1.57085288271592,2.94034988364313,0.774547015791933,0.928753254277397,0.659896041997386,1.71131836080988,0,0,0,0,0,0,0,0,4471.62829743185,3192.00135920309,816.459445391508,1576.57132919172,496.871734923577,623.494227518672,788.02320240377,2118.04862222258,171.807110077859,122.641796771043,31.4755987286923,60.7860924965749,19.1481361410479,24.0285369006576,30.4180738398232,81.7558942168976,20485.7106283668,14422.5990176242,3991.10293967046,7455.98738638451,2616.24797569668,3168.62187803175,3416.09805884403,8987.10435056405,787.090106651909,554.139428054738,155.579626397834,291.450774657881,102.863108074029,124.766608916996,134.890143440686,355.181741694246,0,0,7.76850051299066,14.8252228838958,5.31453251114269,6.47156632084337,7.3640779641204,19.4249141796124,0,0,0,0,0,0,0,0,221.169347466821,165.708686443984,159.987183549911,321.761561751205,180.057234919367,235.308445315645,87.2018547907057,244.050470468681,8.49767641246787,6.36679284368908,6.13866117457923,12.3411458958347,6.89347214029396,9.00802549726132,3.34229543472073,9.35365989609182,311.508993179594,231.547798489976,394.094849661557,826.911475408893,480.381225772427,623.318441386866,314.505605255564,890.418169677303,11.9686671390522,8.89643691009329,15.1208916507601,31.7141543619287,18.3943558522377,23.8649681317945,12.049669385537,34.1118650361156,0,0,52.5420434368649,117.28805013391,51.873650000324,66.8847328013106,85.5463207696435,230.981013069708,0,0,0,0,0,0,0,0,590.626212534625,270.100702624808,1643.44395988482,1647.2265917089
"278",2013,2268,23.0833333333333,3927.37616828808,3015.43910330017,929.801148912449,1716.3459030556,403.004823026268,481.763364901814,340.933741873398,889.269549680162,0,0,0,0,0,0,0,0,0,0,1.56072603924045,2.91728452431987,0.772540424824308,0.922966729205117,0.661212996680742,1.72168038519358,0,0,0,0,0,0,0,0,4472.63726704954,3189.87929513786,812.597747519901,1566.90453874382,497.856575365786,621.727852155783,793.936931203689,2138.58950368859,171.845876304084,122.560263676117,31.3268473070073,60.4134662894836,19.1860903492029,23.9604615337583,30.646621383602,82.5493991884664,20481.6042418293,14405.8350966057,3969.53469806838,7405.91828909232,2618.96919895249,3157.23415266608,3445.11206774847,9083.45953525556,786.932375567312,553.495329949756,154.741701711192,289.493434782781,102.970417235398,124.316590200186,136.03728938227,358.987182855761,0,0,7.73310932226094,14.7291517685455,5.32098771894806,6.4491141148058,7.42627683340708,19.6319688265788,0,0,0,0,0,0,0,0,221.345411825196,165.662134356527,159.375140331046,319.899315110334,180.530272029707,234.729219905639,87.9137824611679,246.599086822757,8.50444112724954,6.3650042365624,6.1151869218245,12.2697664328387,6.91160531523704,8.98589641481831,3.36957840494087,9.45133992063306,311.673035273264,231.423526973163,392.579799486177,821.798461581004,481.639966344476,621.69756856588,315.99644048483,896.595928991198,11.9749699807657,8.89166219671943,15.0628177991672,31.5182404241862,18.4426926196848,23.8031419266437,12.1069995573076,34.3491791633076,0,0,52.3367109739854,116.516443673309,51.9507858078602,66.6351759399266,86.3676095541383,233.570499544998,0,0,0,0,0,0,0,0,592.894269675938,271.019625557667,1650.7907835123,1653.38145183701
"279",2013,2268,23.1666666666667,3915.11394721519,3004.91430573481,923.556676987216,1703.73278758627,401.88119791065,478.732825233475,341.555218848522,894.345112555767,0,0,0,0,0,0,0,0,0,0,1.5505796519177,2.89460272084869,0.77046278263563,0.917176509717267,0.662457145296268,1.73163847869477,0,0,0,0,0,0,0,0,4473.52825804249,3187.6787795823,808.802505686069,1557.36420264546,498.785182064416,619.925753252823,799.822666961527,2159.00270801917,171.880109602879,122.475716349476,31.1806402623537,60.0456986884478,19.2218774995208,23.8910093214917,30.8740804539064,83.33796556738,20477.478499776,14389.1249480625,3948.35269832474,7356.64195333462,2621.4292361237,3145.71022809202,3473.99901169578,9179.13106866476,786.773900324367,552.853297888065,153.918593090679,287.566776203624,103.067555087444,123.861296505878,137.179582660756,362.766141071864,0,0,7.69696349855382,14.6334499215442,5.32694029938387,6.42638046522798,7.4882056977588,19.8376227046533,0,0,0,0,0,0,0,0,221.508159882773,165.609275594852,158.742788576401,318.033735461326,180.969306639225,234.124576901235,88.610076680082,249.068098081342,8.51069420814286,6.36297331694354,6.09093222524915,12.198257281361,6.92843491206495,8.96279227218415,3.39626029022779,9.54596638883177,311.83312821774,231.296330595677,391.06115352895,816.719080747132,482.859944741474,620.044431652492,317.51429421153,902.757244743541,11.9811210886152,8.88677510556987,15.0046033612612,31.3236102937742,18.4895384144326,23.7400696640527,12.1653547770947,34.5858386255125,0,0,52.1310787362022,115.749687537899,52.0245400636598,66.3838850999417,87.1895327934957,236.155934433087,0,0,0,0,0,0,0,0,595.164062234585,271.938272743013,1658.13979233895,1659.5116885876
"280",2013,2268,23.25,3903.01297387325,2994.5466324536,917.472825913782,1691.4427923158,400.720472594976,475.705298409415,342.136380013103,899.208015802098,0,0,0,0,0,0,0,0,0,0,1.5404615373975,2.87232950153044,0.768315256784644,0.911386559122505,0.663628035070514,1.74119801391173,0,0,0,0,0,0,0,0,4474.28484026846,3185.3886717565,805.065231894047,1547.93682270482,499.654940775606,618.083824928447,805.676921523658,2179.27421781675,171.909178701903,122.387726744538,31.0366529415812,59.682272387889,19.2553971480758,23.8200226034827,31.1003173740386,84.1210550979385,20473.3448890602,14372.4760301642,3927.55254622648,7308.14942564921,2623.63788818118,3134.06161463168,3502.76101582963,9274.12976719897,786.615122268723,552.213618424312,153.110138231002,285.67046255011,103.154899754349,123.401174018918,138.317104410034,366.519033163069,0,0,7.66031562529383,14.5383019609062,5.33238537981379,6.40337350193726,7.54985881767489,20.041870225178,0,0,0,0,0,0,0,0,221.658307322006,165.550337785814,158.095850243025,316.169515948323,181.376757892191,233.496774744417,89.2925678889638,251.46759668686,8.5164631528019,6.36070883062028,6.06611683503738,12.1267986830005,6.94405355720893,8.93879963369357,3.42241130865776,9.63792600194276,311.990226452939,231.16720954014,389.538670596557,811.675751575522,484.04110263869,618.361380773569,319.056751179505,908.89551736287,11.9871571337122,8.88181406526017,14.946239083289,31.130356870295,18.534891157428,23.6758417776111,12.2246426721578,34.8215911079052,0,0,51.9250963108893,114.987826537608,52.0949556807926,66.1309671947367,88.0120783428343,238.737305210749,0,0,0,0,0,0,0,0,597.435457885662,272.856609803794,1665.48983807957,1665.61693943212
"281",2013,2268,23.3333333333333,3891.07511426295,2984.33668218047,911.545906590644,1679.46862168258,399.525860375088,472.683851949133,342.678551013238,903.864699136145,0,0,0,0,0,0,0,0,0,0,1.53041037884875,2.85048359198152,0.766100188255021,0.905601207939173,0.664725823683447,1.75036562289592,0,0,0,0,0,0,0,0,4474.89502836265,3183.00105548732,801.379132648254,1538.6120988611,500.464311154648,616.199604420852,811.496934390228,2199.3922410272,171.932623104276,122.295990709274,30.8946255879058,59.3227927158264,19.2865901052025,23.7474068146182,31.3252263773805,84.8982148797707,20469.211799636,14355.8935997914,3907.12907830202,7260.43037638226,2625.60435407272,3122.2988988377,3531.39979266646,9368.46522754007,786.456363758816,551.576493536101,152.316144827776,283.804103620579,103.232806132491,122.936633130849,139.449919613306,370.246228408294,0,0,7.62337098759959,14.4438544309211,5.33732336810262,6.38010330965315,7.6112317765622,20.2447073301385,0,0,0,0,0,0,0,0,221.796451657959,165.4854929368,157.43878215826,314.310158389775,181.754548738305,232.847519616985,89.9627669337874,253.805917667594,8.52177091870192,6.35821738639151,6.04091191886114,12.0555251278463,6.95853486576161,8.91398387095072,3.44808942129109,9.72753811239859,312.145030086166,231.036930077947,388.012611410042,806.670635105631,485.183372647632,616.65040905628,320.621556525339,915.005423686388,11.9931050153083,8.87680851716241,14.8877350009901,30.9385632028691,18.578748414529,23.6105350194374,12.2847770261371,35.0562331986783,0,0,51.7187460884619,114.230915284326,52.1620685431895,65.8765195336946,88.8352249649542,241.314579763031,0,0,0,0,0,0,0,0,599.708330636705,273.774603532734,1672.839911757,1671.69691190454
"282",2013,2268,23.4166666666667,3879.30155036085,2974.2845417796,905.772194917317,1667.80290894568,398.30037460105,469.671296246111,343.182991725721,908.321374015352,0,0,0,0,0,0,0,0,0,0,1.52045719772711,2.82907847978235,0.763820734226141,0.899824962728618,0.665751130869181,1.75914882396174,0,0,0,0,0,0,0,0,4475.35029282038,3180.51051146617,797.738786856132,1529.38223730116,501.212549907112,614.271858569207,817.280505108435,2219.34680663663,171.950115092787,122.20030002518,30.7543509967956,58.9669611023454,19.3154278068383,23.6731146152188,31.5487231739688,85.6690618554233,20465.0852047166,14339.3812179616,3887.07663234019,7213.47362626168,2627.33727344093,3110.43186373865,3559.91670972612,9462.14592170441,786.297854298415,550.942060043234,151.536401013589,281.967275790413,103.301607547768,122.468053116823,140.578079780241,373.948052328854,0,0,7.58629566649519,14.3502228065774,5.34175859236797,6.35658141847514,7.67232119360554,20.4461310325343,0,0,0,0,0,0,0,0,221.923095425948,165.414872389612,156.775045407805,312.458270514112,182.104234398733,232.178140061685,90.621916686588,256.089913029271,8.52663681404547,6.35550403061927,6.01545040634404,11.9845367686758,6.97193836776067,8.88839586670341,3.47334231177017,9.81506523927193,312.298041689416,230.906072344164,386.483584741673,801.705634566065,486.286680735377,614.913196653161,322.206619952454,921.08271672474,11.9989840430369,8.87178075099291,14.8291145269105,30.7483024697933,18.6211074866131,23.5442141360311,12.3456779334804,35.2896027062005,0,0,51.5120365466656,113.479016358543,52.2259092603258,65.6206317642256,89.6589446170281,243.887710499958,0,0,0,0,0,0,0,0,601.982560189618,274.692221566116,1680.18911466606,1677.75136189825
"283",2013,2268,23.5,3867.69295189822,2964.38991853123,900.147966433774,1656.43828312842,397.046854934478,466.670219918544,343.650909416238,912.584057279915,0,0,0,0,0,0,0,0,0,0,1.51062694428765,2.80812348916696,0.761480571339448,0.894062359784258,0.66670491306058,1.76755575918528,0,0,0,0,0,0,0,0,4475.64465885578,3177.91345542005,794.13981731905,1520.2412785564,501.899474712123,612.300218723498,823.025844679683,2239.12938661814,171.961425106608,122.100516978756,30.6156619296455,58.6145493126241,19.3419032501348,23.5971318773759,31.7707392504256,86.4332683145627,20460.969299993,14322.9412075755,3867.3892100325,7167.26744642504,2628.84483290523,3098.46964470569,3588.31287958442,9555.17944745053,786.139755096328,550.310407195095,150.77068166457,280.159533676361,103.361619878512,121.995788186942,141.701626471992,377.624796472483,0,0,7.54922511764619,14.2574985225377,5.34569814459558,6.33282036370676,7.73312448544802,20.6461392454528,0,0,0,0,0,0,0,0,222.038670822765,165.338580921016,156.107363860383,310.615828942066,182.427117210652,231.489729342442,91.2710497419388,258.32526457251,8.53107744451755,6.35257278899446,5.98983691653726,11.9139095205039,6.98431391088426,8.86207747981294,3.49820959917808,9.90072505687784,312.449619830649,230.775076813249,384.952416738712,796.782412360782,487.35095860744,613.151176192509,323.810001960997,927.124004407132,12.0048079936684,8.86674769048421,14.7704094289898,30.5596386206981,18.6619658844261,23.4769343716916,12.4072712691341,35.5215701784507,0,0,51.3049956102595,112.732197507698,52.2865053283843,65.3633880337727,90.4832044179654,246.456638945746,0,0,0,0,0,0,0,0,604.258030851258,275.609432153518,1687.53663102565,1683.7800801409
"284",2013,2268,23.5833333333333,3856.24955057136,2954.6521978352,894.669514219177,1645.36740375753,395.767976290648,463.68300268365,344.083463716491,916.658581688792,0,0,0,0,0,0,0,0,0,0,1.50093924648368,2.7876243026454,0.759083759793191,0.888317897505821,0.667588405209033,1.77559506809004,0,0,0,0,0,0,0,0,4475.77431682528,3175.20785043832,790.578745096925,1511.18480017646,502.525364348048,610.285021114854,828.731514910621,2258.73274743979,171.966406773142,121.996563308637,30.4784255338935,58.2653880438291,19.3660271578141,23.5194715564433,31.9912195434414,87.1905562028438,20456.8667808485,14306.5748529224,3848.06055350166,7121.79969770648,2630.13480578361,3086.42078957458,3616.58919727063,9647.57263214487,785.982169717361,549.681584335942,150.018751360575,278.380415542092,103.413143099727,121.520169822485,142.82059276639,381.276722473108,0,0,7.5122681173885,14.1657521709252,5.34915134178454,6.30883344657703,7.79363974794133,20.8447307060592,0,0,0,0,0,0,0,0,222.143550286606,165.256702771431,155.437836946721,308.784287135032,182.724289629832,230.783195446218,91.9110148212531,260.516630675871,8.53510711978324,6.34942689816866,5.96415208862823,11.8436992065581,6.99570330877662,8.83506346519277,3.52272385068045,9.98469602029871,312.600002290059,230.644264724108,383.420093460965,791.902405141608,488.376154036434,611.365572366095,325.429906396418,933.126636815484,12.0105860031165,8.86172167814801,14.7116576224017,30.3726269506901,18.7013217252085,23.4087429843739,12.4694884015767,35.7520345801034,0,0,51.0976674028139,111.990530121033,52.3438821176875,65.1048679247386,91.307967521002,249.021297750952,0,0,0,0,0,0,0,0,606.534631123297,276.526204086441,1694.88171724929,1689.7828876683
"285",2013,2268,23.6666666666667,3844.97124060175,2945.07052068609,889.333169119894,1634.58300006361,394.466264264445,460.711836411009,344.481774186218,920.550615038268,0,0,0,0,0,0,0,0,0,0,1.49140940513709,2.76758364439827,0.756634570644913,0.882595954723582,0.668403045157876,1.78327572684741,0,0,0,0,0,0,0,0,4475.73709166833,3172.39281805415,787.052794189751,1502.2095252725,503.090822006423,608.227095871795,834.396340821878,2278.15071943761,171.964976523082,121.888405262724,30.3425358603295,57.9193519130028,19.3878227290998,23.4401655913897,32.2101190797967,87.9406882798571,20452.7792193928,14290.2826688979,3829.08424209185,7077.05800583263,2631.21461327395,3074.29334815212,3644.74639411568,9739.33168681036,785.82515856855,549.05561124869,149.280368137077,276.629450109224,103.456463656498,121.041510250396,143.935005366497,384.904068068757,0,0,7.47551203757227,14.0750377883324,5.35212903901183,6.2846344548069,7.85386560844542,21.0419048736445,0,0,0,0,0,0,0,0,222.238060963661,165.169309642702,154.768092157402,306.964725044752,182.996697972289,230.059336485921,92.542512342404,262.667841327369,8.53873840931728,6.34606911304138,5.93845843791275,11.7739473055237,7.00614278426409,8.80738436832914,3.54691194571671,10.0671248399939,312.749337661862,230.513865852616,381.887685810171,787.066838738199,489.362239462066,609.557445226041,327.064670395968,939.088566523788,12.0163237806281,8.85671154234009,14.6529002847901,30.1873146679696,18.7391740630248,23.3396809032428,12.532265806021,35.9809179397838,0,0,50.8901081025244,111.254087401352,52.3980641196573,64.845147686703,92.1331943158587,251.581613520153,0,0,0,0,0,0,0,0,608.812253081849,277.442506585709,1702.22368633116,1695.7596285815
"286",2013,2268,23.75,3833.85764821779,2935.64383720776,884.135313202295,1624.07789721335,393.144106459051,457.758740831755,344.846925402607,924.265673035274,0,0,0,0,0,0,0,0,0,0,1.48204914231313,2.74800180347308,0.754137370670632,0.876900740918542,0.66915042008424,1.79060693320966,0,0,0,0,0,0,0,0,4475.53207801294,3169.46837100854,783.559753166017,1493.31305289565,503.596684809943,606.127625523113,840.019352108915,2297.37803553097,171.95709957059,121.776043330546,30.2079085626459,57.5763491170341,19.4073221640362,23.3592594714156,32.4274007309691,88.6834619366082,20448.707323662,14274.0645856891,3810.45375968011,7033.02988039829,2632.09136616844,3062.09493368356,3672.78507430205,9830.46231478017,785.668748857954,548.432485250825,148.555286094935,274.906161185552,103.49185608129,120.560104828563,145.044886031984,388.507051343027,0,0,7.43902672156658,13.9853959682056,5.35464315221593,6.26023745231263,7.91380111551794,21.2376618525686,0,0,0,0,0,0,0,0,222.322494613692,165.076465842067,154.099390244329,305.157946498998,183.245181743652,229.31888338354,93.166120615466,264.782043989752,8.54198252299201,6.34250190439947,5.91280439556273,11.7046846917619,7.01566447640347,8.77906816372724,3.57079608064668,10.1481320721374,312.897706988735,230.384037987167,380.356300946888,782.276745918009,490.309218911763,607.72772582904,328.712754528251,945.008240240435,12.0220244400126,8.8517233455421,14.5941799892317,30.0037415720434,18.7755231550412,23.2697840946044,12.5955446854713,36.2081611973646,0,0,50.6823828825232,110.522942993766,52.4490757597631,64.5843010549025,92.9588432605201,254.137508759071,0,0,0,0,0,0,0,0,611.090791957622,278.358309243691,1709.56189755705,1701.71016579213
"287",2013,2268,23.8333333333333,3822.90818328894,2926.370946388,879.072388914302,1613.8450343411,391.803761859871,454.825576686566,345.179970666167,927.809128894145,0,0,0,0,0,0,0,0,0,0,1.47286721215587,2.72887706775271,0.751596541828413,0.871236266411391,0.669832225847779,1.79759801864064,0,0,0,0,0,0,0,0,4475.15937126405,3166.43521661686,780.097869142926,1484.49365870447,504.043960577721,603.98804419824,845.599741700777,2316.41020938133,171.942779581277,121.659504688291,30.0744768368434,57.2363137881026,19.4245642335235,23.276808364093,32.643033623726,89.4187045256902,20444.6511283695,14257.9200842682,3792.16254449718,6989.70280035484,2632.77189588468,3049.83276901962,3700.70574124676,9920.96979419444,785.512941923609,547.812186400265,147.843257333425,273.21007099465,103.519584195718,120.076233836315,146.150252612398,392.085873942271,0,0,7.40286757292662,13.8968563087532,5.35670630406089,6.2356566104808,7.97344564963346,21.4320023262825,0,0,0,0,0,0,0,0,222.3971148717,164.97823171812,153.432703088925,303.364546120581,183.470498439843,228.562523111833,93.7823167433181,266.861821805744,8.54484959008223,6.33872759093234,5.88722729879285,11.6359342055583,7.0242973903414,8.75014114700041,3.59439457029202,10.2278166488655,313.045139571947,230.254881618626,378.827049707095,777.532986558717,491.217133811897,605.877247622491,330.372732570981,950.884507736871,12.0276891070925,8.84676094877294,14.535539451945,29.8219408257061,18.8103706854784,23.1990847656816,12.6592705782015,36.4337207140982,0,0,50.4745634810683,109.797169895326,52.4969419454246,64.3223998253461,93.7848714932344,256.688903296476,0,0,0,0,0,0,0,0,613.370145826829,279.273581998673,1716.89574928956,1707.63437849771
"288",2013,2268,23.9166666666667,3812.12208277631,2917.25052945326,874.14090625991,1603.87747872556,390.447369261741,451.914057549787,345.481935135227,931.186221692599,0,0,0,0,0,0,0,0,0,0,1.46386992368717,2.71020609606932,0.749016416806279,0.865606320641609,0.670450233118451,1.80425837483522,0,0,0,0,0,0,0,0,4474.61984116396,3163.29459166728,776.665757950062,1475.75012954918,504.433775481143,601.80995507517,851.136830581421,2335.24342726536,171.922049972031,121.538836855337,29.9421879806922,56.8991996499368,19.4395922676666,23.1928739441159,32.8569917909701,90.1462692169807,20440.6101554812,14241.8483100198,3774.20403045361,6947.0642838721,2633.2627812093,3037.51372609768,3728.50882014456,10010.8590502739,785.357719403052,547.194681861121,147.144033554752,271.540702899161,103.539902145403,119.590164004857,147.251119930006,395.640723893051,0,0,7.36707818416361,13.8094394922571,5.35833153589859,6.21090607135414,8.03279884971779,21.6249275027106,0,0,0,0,0,0,0,0,222.462163342739,164.874666411348,152.768778876555,301.58496480492,183.673344631177,227.790917766128,94.3914944893859,268.909294507886,8.54734889343763,6.33474844491196,5.8617558935938,11.5677127838762,7.03206820470149,8.72062866670647,3.61772253316858,10.3062597456928,313.191626257479,230.126452407566,377.301020690631,772.836265187231,492.086066552576,604.00677143799,332.043282379353,956.716545545451,12.0333174301766,8.84182649060002,14.4770205363677,29.6419396264829,18.8437199033242,23.1276123235058,12.7233930071979,36.6575653489977,0,0,50.2667261566371,109.076839549468,52.5416884937569,64.0595143133092,94.611235352378,259.235715502808,0,0,0,0,0,0,0,0,615.650215350341,280.188295119127,1724.22467284437,1713.53216002173
"289",2014,2268,24,3801.74270099541,2908.42873616563,869.080578852674,1593.84154698684,389.036434744642,448.696106079411,345.8287349034,934.920546898968,0,0,0,0,0,0,0,0,0,0,1.45499802723129,2.69164478833551,0.746324101876003,0.859383143342389,0.671142137002308,1.81154832217952,0,0,0,0,0,0,0,0,4474.12747362389,3160.22622229301,773.02482020409,1466.72235156107,504.715052154699,599.154649695725,856.714290703862,2354.49043999154,171.903132423763,121.420945197135,29.8018709115967,56.5511460365026,19.4504378166443,23.090548924711,33.0725003634677,90.889773564443,20437.5956612408,14226.6357681352,3755.44106646349,6903.46709497915,2633.29660837665,3022.92088292128,3756.6201496778,10103.166210331,785.241935234541,546.610190425688,146.413845546653,269.83419764465,103.542291989048,119.014609466844,148.36418238447,399.290894441019,0,0,7.33136916821316,13.721416058978,5.35897779546774,6.18145466266419,8.0927164704122,21.8225975798231,0,0,0,0,0,0,0,0,222.530500478435,164.772862094856,152.091374354023,299.768343010157,183.837029977099,226.832209401572,95.0194958884964,271.1208606026,8.54997455201278,6.33083695897496,5.83576634079615,11.4980690464933,7.03833793037882,8.68395140184826,3.64176990395141,10.3909826564028,313.3516859807,230.011676247127,375.750334343449,768.078171580345,492.865049341875,601.673959221652,333.790047101146,963.034924676136,12.0394672497386,8.83741660451748,14.4175528397272,29.4595791931145,18.8736191494831,23.0384296786897,12.7904269518281,36.9000172501799,0,0,50.0570519965433,108.348541115979,52.5779022367357,63.7488173285681,95.4454377193647,261.837324988117,0,0,0,0,0,0,0,0,617.929839004287,281.104543421944,1731.5445545877,1719.41659941887
"290",2014,2268,24.0833333333333,3792.22294805775,2900.17479065555,863.404880719578,1583.11488520725,387.489810538007,444.557174628266,346.36108022676,939.982081799368,0,0,0,0,0,0,0,0,0,0,1.44598177763291,2.67244812601846,0.743375212399081,0.85139128421659,0.672170377573855,1.82127258385174,0,0,0,0,0,0,0,0,4474.11433717925,3157.58705240779,768.735116840876,1456.74351388804,504.785625385817,595.190962529945,862.502612669441,2375.37841997625,171.902627700553,121.319544069666,29.6366092987337,56.1664808012623,19.4531639259876,22.937801610233,33.2961306933962,91.6965168025368,20437.5625600875,14213.8000437186,3733.70768182525,6855.78261956838,2632.32445489612,3001.83865092871,3785.85239350374,10203.6399574746,785.240700083171,546.117020150232,145.569289909747,267.969226261356,103.505188140291,118.183589459236,149.521313523632,403.262304060863,0,0,7.29434259790112,13.6288025036415,5.35758011703366,6.13870937050687,8.15486996894439,22.0368355322504,0,0,0,0,0,0,0,0,222.626375104292,164.686890651215,151.356081461686,297.808002683328,183.927375535307,225.359986529533,95.7091683338255,273.816677927627,8.55365824415888,6.32753379736133,5.80755290162959,11.4229093412459,7.04179799434235,8.62761335435276,3.6681780509949,10.4942465055003,313.553298949921,229.934650433075,374.116070560197,763.043139737364,493.453537343651,598.028200043117,335.741148195446,970.849464133665,12.047213609668,8.8344571471813,14.3548740612722,29.2665897600508,18.8962182499795,22.8989668686411,12.8652809339532,37.199754572992,0,0,49.841858117495,107.586300473816,52.5950315391174,63.3012171367885,96.3021691918334,264.607569868664,0,0,0,0,0,0,0,0,620.207152626934,282.026549623128,1738.84604440792,1725.30612009213
"291",2014,2268,24.1666666666667,3782.82972821474,2892.04374436945,857.882241552889,1572.67350818239,385.927409127819,440.490020425434,346.8545983794,944.814768993888,0,0,0,0,0,0,0,0,0,0,1.43695866440281,2.65359343809764,0.740399725173557,0.843531411760867,0.673129853548639,1.83058502937432,0,0,0,0,0,0,0,0,4473.94808778102,3154.84618058888,764.508189248592,1446.88856370092,504.797650913566,591.23514444383,868.252071629366,2396.08451318687,171.896240132812,121.214235391265,29.4737518422491,55.7865772126363,19.4536345677021,22.7853587911529,33.5182582344421,92.4962415424639,20437.5128775187,14201.0053758133,3712.3745507557,6808.88725705028,2631.15093823059,2980.92173626876,3814.93735079374,10303.2176640476,785.23882741947,545.625427347581,144.740104729005,266.134843647912,103.460231900903,117.359099628879,150.672796253632,407.198873392525,0,0,7.25668894600078,13.5365691298276,5.35577472666214,6.09627553530828,8.21671842067816,22.2492831744692,0,0,0,0,0,0,0,0,222.712278655917,164.596132084091,150.609241930814,295.85413600112,183.995466460666,223.890786153888,96.3823102743178,276.397213369697,8.55695883132872,6.32404670682404,5.778895314183,11.3479960740197,7.04440420036079,8.5713895103675,3.69395143924635,10.5930917745391,313.754024850616,229.857324580404,372.482075261941,758.053714073658,494.003440813076,594.391536514638,337.696730655508,978.566082090507,12.0549258860016,8.83148616192037,14.2922034986504,29.0753450155246,18.9173344595995,22.7598458441924,12.9402985738425,37.4957216743032,0,0,49.6266882458112,106.830197179536,52.6092276860501,62.8569509906913,97.1590998198517,267.369266034701,0,0,0,0,0,0,0,0,622.485395867686,282.948061216924,1746.13782101841,1731.1572102684
"292",2014,2268,24.25,3773.56589612736,2884.03713961059,852.509108077907,1562.51098438804,384.351783349814,436.494765060729,347.310782419412,949.426779781389,0,0,0,0,0,0,0,0,0,0,1.42797131884999,2.63510029820694,0.737398240464181,0.835802754838786,0.674020628857014,1.83949229047059,0,0,0,0,0,0,0,0,4473.61615894159,3151.99530652858,760.337340522157,1437.14713888544,504.749882730516,587.284221529744,873.958151338097,2416.59105007208,171.88348689599,121.104700250838,29.3130425765118,55.4110383023271,19.4518018137237,22.6331060334375,33.7387094922518,93.288268537075,20437.4556116931,14188.2575079548,3691.43608845402,6762.77026373802,2629.78454263236,2960.17331653166,3843.87769962312,10401.9173464682,785.236662969816,545.135632693412,143.926081407245,264.330642300665,103.407751154306,116.541262376303,151.818733588526,411.101301676561,0,0,7.21864187818212,13.44489691709,5.35355743744281,6.05414707966763,8.27825379968491,22.4599339130676,0,0,0,0,0,0,0,0,222.788496359008,164.500598057977,149.854948382493,293.909714830066,184.041652457155,222.424679680895,97.0407957464512,278.877834784475,8.55988727234829,6.3203761355314,5.74995078410248,11.2734434324396,7.04616990505402,8.51528261016708,3.7191618876554,10.6881070900585,313.954772602032,229.780535011986,370.848719694825,753.111832268756,494.516382510345,590.767140552725,339.655562106454,986.178615659353,12.0626390008713,8.82853578159683,14.2295553814748,28.8859193189284,18.9370299896712,22.6211883027525,13.0154328430571,37.7876830378018,0,0,49.4114946964376,106.080215862614,52.620540452358,62.4160423652934,98.0162297288533,270.122528331343,0,0,0,0,0,0,0,0,624.764468234746,283.869051461758,1753.41914772345,1736.96998429746
"293",2014,2268,24.3333333333333,3764.43351102786,2876.15591872113,847.281873504814,1552.62076519123,382.765294204801,432.571372353571,347.731040748315,953.8259434568,0,0,0,0,0,0,0,0,0,0,1.41905406220773,2.61698312515197,0.734372333012083,0.828204821114526,0.674843297860203,1.84800229374079,0,0,0,0,0,0,0,0,4473.10995718029,3149.02897394958,756.217331651338,1427.51152778222,504.642051685414,583.336638136442,879.617215552041,2436.88301961773,171.864037814819,120.990729009485,29.1542813673202,55.0395687354214,19.4476552794715,22.4809833993681,33.9573447401605,94.0720205258022,20437.3969656072,14175.5602373709,3670.88617887041,6717.4199854061,2628.23316261306,2939.59590577574,3872.67559716108,10499.7551903155,785.234445066355,544.647782083134,143.126990509856,262.556178942968,103.348050972508,115.730174308657,152.959208205304,414.970216925655,0,0,7.18039069669168,13.3539294765894,5.35092898691422,6.01232042543109,8.33946957285681,22.6687833466163,0,0,0,0,0,0,0,0,222.855245560489,164.400272472445,149.096360429657,291.976897862445,184.066218543584,220.961614846822,97.6861354745316,281.271172619942,8.56245191803303,6.31652146487909,5.72084068392841,11.1993343676672,7.04710598626063,8.45929063194628,3.74386728752458,10.7797761928572,314.156178334111,229.704888823689,369.216632483005,748.219062104189,494.993556804502,587.157446197924,341.616535930013,993.682961918874,12.0703773954122,8.82562933180437,14.166953841699,28.6983728702997,18.9553506373,22.4830876712496,13.0906415230373,38.0754820152421,0,0,49.1962604894037,105.336355329474,52.6290117955381,61.9785051602315,98.8735490467218,272.867445745281,0,0,0,0,0,0,0,0,627.04427183108,284.789493605357,1760.68935510222,1742.74457970263
"294",2014,2268,24.4166666666667,3755.43401732253,2868.40056336581,842.196917658273,1542.99626122987,381.170133911618,428.71967673297,348.116711421698,958.019784766504,0,0,0,0,0,0,0,0,0,0,1.4102344302136,2.59925210610767,0.731324232635643,0.820737258707176,0.675598849659546,1.85612391003725,0,0,0,0,0,0,0,0,4472.4238898986,3145.94386347096,752.144046505895,1417.97598879499,504.474568769645,579.391830460138,885.226315953402,2456.94764146049,171.837678012719,120.872194131283,28.9973110727582,54.6719487159612,19.4412107309587,22.3289690773214,34.1740506513896,94.8470058337574,20437.3410418606,14162.9159083239,3650.71834569346,6672.82417203247,2626.50421478881,2919.19150994915,3901.33279753948,10596.7458723274,785.232331340933,544.161965586892,142.342588387749,260.810986746808,103.281417963663,114.92591228678,154.094287053579,418.806188499937,0,0,7.14208902394487,13.2637806231431,5.34789374494176,5.97079391372968,8.40036043525846,22.8758289380419,0,0,0,0,0,0,0,0,222.912697831104,164.295125117982,148.335934219745,290.057268591909,184.069445043614,219.501516469884,98.3195528451834,283.587635379001,8.56465936040459,6.31248153416914,5.6916593687939,11.1257297351365,7.04722314702531,8.4034106658858,3.76811451554069,10.8684976900953,314.35867072246,229.630816338764,367.586598218645,743.37664484571,495.435836670047,583.564301879833,343.578655783231,1001.07663761416,12.0781575400361,8.82278334625009,14.1044290149122,28.5127533640662,18.9723298834104,22.3456149332793,13.165886611177,38.3590239587381,0,0,48.9809924102223,104.59862494365,52.6346784692545,61.544346320918,99.7310403818817,275.604087436398,0,0,0,0,0,0,0,0,629.324710703856,285.709360747086,1767.94782490941,1748.48114856182
"295",2014,2268,24.5,3746.56837619315,2860.77119573889,837.25063285186,1533.63089222441,379.568345374706,424.939405298465,348.469072978234,962.015555340588,0,0,0,0,0,0,0,0,0,0,1.40153441460477,2.58191396730215,0.728256605247477,0.81339977139209,0.676288568281496,1.86386669461104,0,0,0,0,0,0,0,0,4471.55466818858,3142.73828634834,748.114244570955,1408.53626337966,504.248325133411,575.449934890043,890.783053075629,2476.77403395921,171.804281124587,120.749030731971,28.8420080685998,54.3080153087611,19.4325024032107,22.1770681809487,34.3887349642842,95.6128056495854,20437.2903397121,14150.3257641147,3630.92587174667,6628.97019268856,2624.60471922633,2898.96173634277,3929.85073716014,10692.9028102889,785.23041782269,543.678230974128,141.572621808669,259.094583690122,103.208123432192,114.128537685142,155.224024690087,422.609736850751,0,0,7.10386164440815,13.1745402448014,5.34445876133689,5.92956733606754,8.46092208910505,23.0810697488008,0,0,0,0,0,0,0,0,222.960993694885,164.18512010991,147.575586120556,288.151991598755,184.051632040074,218.044330374296,98.9420424823588,285.835825723492,8.56651499862068,6.30825496465476,5.66248046281996,11.052674297945,7.04653285497123,8.34764060480212,3.79194167957832,10.954601000037,314.562518588069,229.558609956501,365.959492735588,738.585543964082,495.84385853696,579.989099222405,345.541019668071,1008.35842440611,12.0859897632873,8.82000905938176,14.0420145515378,28.3290978513275,18.9879921439721,22.2088235619834,13.2411337102952,38.6382626318425,0,0,48.7657156040011,103.86704179693,52.6375738188701,61.1135677032928,100.5886805987,278.3325070611,0,0,0,0,0,0,0,0,631.605690439287,286.628625792168,1775.1939800374,1754.17985330682
"296",2014,2268,24.5833333333333,3737.83714253523,2853.2676379819,832.439440666569,1524.51811915528,377.961832532056,421.230190730712,348.789350289492,965.820249026419,0,0,0,0,0,0,0,0,0,0,1.39297123305381,2.56497246170402,0.725172421423001,0.806192070662356,0.676913971415093,1.87124072302582,0,0,0,0,0,0,0,0,4470.50089611292,3139.41188573973,744.125414030086,1399.18928868161,503.964576397701,571.51161808799,896.285495493262,2496.35302403877,171.763793516281,120.621225101111,28.6882766187222,53.9476514176516,19.4215785556029,22.0253062221813,34.6013233828225,96.3690667401089,20437.2460485504,14137.7901551833,3611.50187257332,6585.84516641293,2622.5413432858,2878.90785516459,3958.23058484091,10788.2383094554,785.228750213635,543.196591709137,140.816830807335,257.406477641878,103.1284250841,113.338098789983,156.348465239026,426.381339228148,0,0,7.0658086824031,13.0862778646283,5.34063317932687,5.8886416287291,8.52115110523635,23.2845062865087,0,0,0,0,0,0,0,0,223.000251141528,164.070220705617,146.816788433037,286.261899476541,184.01310673695,216.590038948018,99.5544058283568,288.022797794901,8.56802336603406,6.30384034462582,5.63336053493754,10.9802000661562,7.04504762535326,8.29197974418678,3.81537948291507,11.0383562126624,314.767859352006,229.488447480576,364.336245719384,733.846479128836,496.218077254457,576.432857018337,347.50280960327,1015.5281431958,12.0938793451168,8.81731330270038,13.9797461790894,28.147434040149,19.0023548767301,22.0727527371896,13.3163516327767,38.9131915645801,0,0,48.5504701577384,103.141628848575,52.637728858933,60.6861671802347,101.446441885837,281.052745333626,0,0,0,0,0,0,0,0,633.8871179823,287.547261451152,1782.42727968804,1759.84086515428
"297",2014,2268,24.6666666666667,3729.24055469839,2845.88948112087,827.759808868211,1515.65147697414,376.352374087614,417.591586620696,349.078721982767,969.440624030626,0,0,0,0,0,0,0,0,0,0,1.3845582179793,2.54842892714987,0.722074810938576,0.799113823300137,0.677476741538352,1.87825640917082,0,0,0,0,0,0,0,0,4469.26259302248,3135.96529106334,740.175603276612,1389.93287283273,503.62481015251,567.577887291542,901.732081113067,2515.67689740843,171.71621593129,120.488801421956,28.5360424196616,53.5907733323963,19.4084963814102,21.8737218247592,34.811755790178,97.1154918765679,20437.2083887824,14125.3087794488,3592.43937705048,6543.43610475712,2620.32045635536,2859.03087174735,3986.47330249437,10882.7637466373,785.227336986085,542.717036185307,140.07495181309,255.746171908132,103.042569153097,112.554633609868,157.467644764066,430.121436855898,0,0,7.02801043546653,12.999046766013,5.336427586577,5.8480185445509,8.58104476652139,23.4861403213093,0,0,0,0,0,0,0,0,223.030575290331,163.950394585647,146.060680679833,284.387595659656,183.954236567919,215.138684804199,100.157292143453,290.154353610708,8.5691885014967,6.29923643231704,5.60434337291423,10.9083302467108,7.04278152441661,8.236429693211,3.83845279617729,11.1199854474532,314.97473210611,229.420419209549,362.717798296037,729.159961117623,496.558823959265,572.896309226796,349.463280852582,1022.58640765306,12.1018277875111,8.81469954562044,13.917660071301,27.9677816304782,19.0154307989014,21.9374307162754,13.391511987963,39.1838346131265,0,0,48.3353072659205,102.422412875482,52.6351734611496,60.262139869077,102.304293025105,283.764833153163,0,0,0,0,0,0,0,0,636.168901405851,288.465240236506,1789.64721279988,1765.46436155574
"298",2014,2268,24.75,3720.77859958002,2838.63613507854,823.208262999206,1507.02459724035,374.74163425078,414.023079347042,349.338325728401,972.883219226903,0,0,0,0,0,0,0,0,0,0,1.37630552502362,2.5322827409342,0.718966963207783,0.792164621315667,0.677978675022289,1.88492436802103,0,0,0,0,0,0,0,0,4467.84085115306,3132.39987048484,736.263296823274,1380.76546329114,503.230657698942,563.649961865041,907.121546198116,2534.73920820982,171.66159033506,120.351812261619,28.3852478468754,53.2373218437042,19.3933186155041,21.7223617881927,35.0199835261756,97.8518325397863,20437.1768557492,14112.8808539164,3573.73138526867,6501.73001143081,2617.94816782932,2839.33157655256,4014.57968887881,10976.4897100346,785.226158754253,542.239534318554,139.346719896855,254.113169113221,102.950791875501,111.778171823047,158.581592978077,433.830440374883,0,0,6.99053112649976,12.9128871560642,5.33185353760655,5.80770039260339,8.64060094120528,23.6859747409681,0,0,0,0,0,0,0,0,223.052064705259,163.825616936445,145.308148525828,282.529520749316,183.875429442241,213.690373903672,100.751229714372,292.235277299932,8.57001419199431,6.29444227435183,5.57546301425837,10.8370817913931,7.03975017879772,8.18099449638139,3.86118185385207,11.1996718292727,315.183101757823,229.354548026476,361.105076552018,724.526325261717,496.866350876683,569.379976603067,351.421752155204,1029.53442862932,12.109833742174,8.81216866734481,13.8557918296203,27.7901535944976,19.027229604722,21.8028775794104,13.4665888080927,39.4502384690614,0,0,48.1202862449097,101.709422861591,52.6299371597999,59.841478996058,103.162200308619,286.468793848861,0,0,0,0,0,0,0,0,638.450949804286,289.38253449709,1796.85329421485,1771.05052532168
"299",2014,2268,24.8333333333333,3712.45105275717,2831.50685946466,818.781392539078,1498.63122041158,373.131170309989,410.524096139158,349.569261493515,976.154365027783,0,0,0,0,0,0,0,0,0,0,1.36822062173639,2.5165316399962,0.715852072576144,0.78534397090692,0.678421650498004,1.89125532842121,0,0,0,0,0,0,0,0,4466.23762849562,3128.7175816414,732.387337532837,1371.6860088274,502.783846958109,559.729203234328,912.452881676315,2553.53464963296,171.599991956737,120.210332835651,28.2358489761574,52.8872569498044,19.3761117228679,21.5712783933418,35.2259677113265,98.577883962047,20437.1503667938,14100.5052176417,3555.3709029379,6460.71393906171,2615.43034957187,2819.81057413255,4042.55040654419,11069.4260926016,785.225173924824,541.764041503356,138.63187010893,252.506973415753,102.853320361816,111.008735905934,159.690334295683,437.508733471747,0,0,6.95342141578564,12.8278282539282,5.32692326086961,5.76768986521829,8.69981799461974,23.8840134492948,0,0,0,0,0,0,0,0,223.064814627365,163.695871636624,144.559870781791,280.687986711259,183.777126867889,212.245266775758,101.336646180129,294.269494789957,8.5705040968413,6.28945725132051,5.54674555134773,10.7664667106958,7.03597051131037,8.12568029737153,3.88358303352838,11.2775656075499,315.392874004799,229.290802129975,359.498979198446,719.945758196238,497.140859989157,565.884215496067,353.377598239825,1036.37388246725,12.1178935858754,8.80971944601294,13.7941760084557,27.6145572015342,19.0377590649464,21.6691071007094,13.541558261847,39.7124676165618,0,0,47.9054725488681,101.002688925532,52.6220495844956,59.4241763944588,104.020128102369,289.16464455889,0,0,0,0,0,0,0,0,640.733173278845,290.299116471813,1804.0450629446,1776.59954476399
"300",2014,2268,24.9166666666667,3704.25752122421,2824.500796316,814.475857397601,1490.465208752,371.522440610196,407.094013451457,349.772595095952,979.260195323336,0,0,0,0,0,0,0,0,0,0,1.36030877856257,2.50117203878941,0.712733279564213,0.778651278520171,0.678807596094298,1.89726004355262,0,0,0,0,0,0,0,0,4464.45552577123,3124.92081130945,728.546845326171,1362.69381417326,502.286149632882,555.817039202856,917.725284773445,2572.05891042711,171.531520720182,120.064454847819,28.0878124700592,52.5405522818993,19.3569438668866,21.4205264929074,35.429677391412,99.2934796272668,20437.1274198397,14088.1804424927,3537.35097755624,6420.37504950619,2612.77266092975,2800.46831470199,4070.38601154981,11161.5821933402,785.224324789768,541.290502868421,137.93013888545,250.927092862574,102.750373566912,110.246342362412,160.793888994439,441.156676818606,0,0,6.91672095887442,12.7438904340762,5.32164936041913,5.72798987201834,8.75869470306264,24.080261263732,0,0,0,0,0,0,0,0,223.068920625963,163.561152727937,143.816370121566,278.863217300526,183.65980229069,210.803577098282,101.913889400528,296.260234532686,8.57066188796482,6.28428113429758,5.51821107918902,10.696493626725,7.03146067684819,8.07049528523411,3.90566965595465,11.3537903152623,315.603911312287,229.229108475544,357.900362840648,715.418321139043,497.382529956362,562.409262655247,355.330243306692,1043.10678326019,12.1260020343274,8.80734907513752,13.732845548401,27.4409949095746,19.0470260590014,21.536128465902,13.6163984050131,39.9705994411767,0,0,47.6909357703561,100.302241247638,52.6115409230322,59.0102230223032,104.878039463783,291.85239777074,0,0,0,0,0,0,0,0,643.015482904108,291.214958336065,1811.22207966394,1782.11161318686
"301",2015,2268,25,3696.44056512197,2817.72651911392,809.740105625306,1481.29096444492,369.837563235646,402.813183552943,350.131989727519,984.051573203106,0,0,0,0,0,0,0,0,0,0,1.3524062770877,2.48468727782646,0.709463953617439,0.770328929061894,0.679467577275551,1.9062751463585,0,0,0,0,0,0,0,0,4462.87658805137,3121.33657279684,724.304710942242,1352.66666168286,501.634756089696,550.659459594268,923.148868152099,2592.45145718508,171.470855407997,119.926742672361,27.9243337144071,52.1539805945564,19.3318527566,21.2217776974455,35.6392111084629,100.081086514123,20438.7514424155,14077.2105049069,3517.51095351291,6375.40785328898,2609.42486306099,2774.96482713847,4099.13105584373,11263.3720503784,785.286754236612,540.869019281937,137.15830443007,249.167150660157,102.620312465983,109.241402924345,161.933203107872,445.183137158838,0,0,6.87962319210837,12.6533837488155,5.31492250453035,5.67564133324345,8.81933489326555,24.2958247454323,0,0,0,0,0,0,0,0,223.093764812504,163.445636758734,143.050069535072,276.893026854258,183.505242919377,208.915729366973,102.54908125884,298.873521466386,8.57161647270027,6.27984282494706,5.48880030455418,10.6209402904028,7.02552343200339,7.99822778023783,3.92997483967144,11.453857463479,315.841943933491,229.193005623295,356.247468541352,710.493635703806,497.486022488048,557.679770673083,357.44044259712,1051.47153748752,12.1351476846211,8.805961943855,13.6694294723272,27.2521902745986,19.0509967341297,21.3551053155796,13.697268526977,40.2912305238962,0,0,47.4719020307784,99.5483660584491,52.5873222801035,58.465975674867,105.754359797135,294.730486878815,0,0,0,0,0,0,0,0,645.284829825436,292.118474803361,1818.34286088582,1787.51599852412
"302",2015,2268,25.0833333333333,3689.04036392795,2811.19148743105,804.425307131569,1470.78315198095,368.046603519574,397.454766856551,350.693456190407,990.982839430135,0,0,0,0,0,0,0,0,0,0,1.34426227348483,2.46648814563464,0.706002406308643,0.759947068011868,0.680497482438225,1.91919340043446,0,0,0,0,0,0,0,0,4461.67334452098,3118.09986393051,719.563634937349,1341.33493784738,500.807050638392,543.946732484735,928.807464009473,2615.42946477706,171.424624867369,119.802383141671,27.7416652410108,51.7171463021638,19.299966029591,20.9630944775045,35.857798947191,100.96834587164,20442.4757228523,14067.9551666698,3495.23794635723,6324.34856451558,2605.19307268604,2741.64470557395,4129.07410857439,11377.5436983718,785.429878275413,540.513413368896,136.292722639709,247.170147843871,102.455534311937,107.928732538749,163.119604475011,449.696079203372,0,0,6.8409631585588,12.5533352547678,5.30641461997509,5.60729976894884,8.88238536611171,24.5366307132104,0,0,0,0,0,0,0,0,223.146660678313,163.355417376859,142.237106007382,274.714096054218,183.30241095594,206.45495297053,103.25038179879,302.175822931159,8.57364884699978,6.2763764509668,5.45759658867659,10.5373769014193,7.01773627763806,7.90402497401061,3.9568112392981,11.5803138331978,316.112008630702,229.187519317059,354.515881982,705.035269491842,497.417245309234,551.351268606709,359.753041087469,1061.93165821798,12.1455240571748,8.80575114928244,13.6029904482416,27.0429095274609,19.0483655387503,21.112847394282,13.7858868201477,40.6921177907745,0,0,47.2468196974567,98.7237376720782,52.5459861034892,57.7562172830379,106.654593500377,297.853614080977,0,0,0,0,0,0,0,0,647.537581102068,293.006279075809,1825.3927311652,1792.77900252202
"303",2015,2268,25.1666666666667,3681.73094211186,2804.74647835744,799.257577906777,1460.57320411636,366.253123811803,392.244609472426,351.21467478342,997.597645768909,0,0,0,0,0,0,0,0,0,0,1.33606359454506,2.44854731199294,0.702544051102638,0.749847880396955,0.681461599221138,1.93159593187461,0,0,0,0,0,0,0,0,4460.34280491394,3114.77978038069,714.900955847341,1330.1829081592,499.938067756617,537.346643803778,934.423525182129,2638.17303676221,171.373503407908,119.674820222311,27.5620021356224,51.2872219921546,19.2664882076714,20.7087520957784,36.0747437363568,101.846565242197,20446.1406219317,14058.698513034,3473.37734541438,6274.20402579713,2600.80391336146,2708.93808654056,4158.83697311408,11490.2969183235,785.570720421827,540.157756929454,135.442985112281,245.208635651156,102.284614648155,106.640195805891,164.299071848455,454.153706377912,0,0,6.80170082430138,12.4538120282518,5.29759419216793,5.54020036158844,8.9450752546057,24.7747606228616,0,0,0,0,0,0,0,0,223.188917657092,163.258492548585,141.412633571207,272.539374840035,183.075367605268,204.018735754968,103.929163019964,305.269397525787,8.57527245793672,6.27265244302521,5.42595028451931,10.4539733126773,7.00902048789454,7.81076160711692,3.98278357476253,11.6987725356905,316.380864803801,229.182134188732,352.786281709205,699.637115864395,497.316260784769,545.117567273096,362.054651986591,1072.17153964214,12.1558539955064,8.80554424215741,13.5366257868477,26.8359343435782,19.0444961444129,20.8742155539273,13.8740776485515,41.0845534428196,0,0,47.021958470688,97.9071431494723,52.502184909878,57.0585083839271,107.554517522209,300.95933678711,0,0,0,0,0,0,0,0,649.790812271404,293.893574799524,1832.42408070804,1797.98904546787
"304",2015,2268,25.25,3674.51854847329,2798.39577230691,794.233978511962,1450.65472755081,364.459458359615,387.179463889248,351.697536155387,1003.90913554424,0,0,0,0,0,0,0,0,0,0,1.32785940912046,2.43090158370654,0.699087721021817,0.740022853417464,0.682359255004604,1.94348604699887,0,0,0,0,0,0,0,0,4458.85934828359,3111.358849018,710.30653720338,1319.19309132404,499.023184319128,530.850092950281,939.988333812313,2660.64865370671,171.316506631872,119.543382568708,27.3849563336432,50.8635373483232,19.2312416976202,20.4584004734709,36.2897104386135,102.714456165286,20449.7648380489,14049.4530536392,3451.9248091917,6224.96290249155,2596.26663608166,2676.8358762889,4188.42492695797,11601.6729434839,785.709999099446,539.802530603877,134.608931656003,243.282184181879,102.107911894594,105.375434737354,165.471810469485,458.557626416892,0,0,6.76207284265918,12.3550175832944,5.28845728384502,5.47431071786558,9.0073954602237,25.0102146835503,0,0,0,0,0,0,0,0,223.220958466859,163.155100164398,140.581165124481,270.373887643155,182.8257586777,201.60941953411,104.588153331292,308.18396692688,8.57650354701239,6.26867994125521,5.39403473935064,10.3709224948717,6.99943910701651,7.71852739724795,4.00799639733741,11.8103721450444,316.650287695838,229.178144704613,351.059742627078,694.301194620199,497.185442619436,538.979503941537,364.345275188549,1082.18403686794,12.1662057072779,8.80539095794545,13.4703767206277,26.6313422395943,19.0394795220188,20.6392420373885,13.9618411413364,41.4682642563064,0,0,46.7972844361858,97.0985559104903,52.455994899315,56.3726720052546,108.454187659362,304.048144853285,0,0,0,0,0,0,0,0,652.044418163947,294.780326227678,1839.4361533817,1803.14654897943
"305",2015,2268,25.3333333333333,3667.4080117197,2792.14256945477,789.351383755935,1441.02101308228,362.667700225447,382.256004103965,352.14378240789,1009.92977483997,0,0,0,0,0,0,0,0,0,0,1.31968956146607,2.4135795746108,0.695633518397661,0.730464359714531,0.683190547781746,1.95487019053884,0,0,0,0,0,0,0,0,4457.2046930038,3107.82481519197,705.772689310486,1308.35249467101,498.059763914708,524.450586071093,945.49502380858,2682.82827845777,171.252932129949,119.407599337594,27.2102335583673,50.4455942274345,19.1941252086101,20.211789664273,36.5024350864841,103.570940505123,20453.3618377127,14040.2276678907,3430.87501513353,6176.61218739627,2591.58952186215,2645.3282729539,4217.84216552993,11711.7089470935,785.848231715026,539.448075553015,133.790363774041,241.390298092186,101.92574681831,104.134063779262,166.637983276105,462.909288883711,0,0,6.72227021185608,12.2571117065793,5.27900423026664,5.40960117487702,9.06933821777561,25.2429960752761,0,0,0,0,0,0,0,0,223.243080030464,163.045398140299,139.746108623097,268.221278795956,182.554759245538,199.228462902493,105.229527133402,310.944007894727,8.5773535224766,6.26446501304201,5.36198086252658,10.2883644166215,6.98903712105694,7.62737818262389,4.03253301524139,11.9160502380889,316.921538604107,229.17646144119,349.337383193193,689.029002930149,497.026541977189,532.937287811835,366.624873320923,1091.96558288785,12.176627653542,8.8053262824515,13.404286181057,26.4291907198389,19.033382798846,20.4079350273927,14.0491759901306,41.8431140265842,0,0,46.5727902938403,96.297958462961,52.4074788807951,55.6985198455246,109.353639214417,307.120466747878,0,0,0,0,0,0,0,0,654.298297328324,295.6664987168,1846.42829474465,1808.25200008054
"306",2015,2268,25.4166666666667,3660.4030875292,2785.98925608089,784.60655815063,1431.66517535802,360.87974309697,377.470868698103,352.555037339989,1015.67144116292,0,0,0,0,0,0,0,0,0,0,1.311586406169,2.3966032803316,0.692182391542288,0.721165381488383,0.683956134124952,1.96575711347781,0,0,0,0,0,0,0,0,4455.36597353343,3104.16926088884,701.293524582481,1297.65136007941,497.046548912636,518.143433557401,950.938140428428,2704.68836182432,171.182285587473,119.267147095418,27.0376086029534,50.0330185568832,19.1550904185304,19.9687390511382,36.7127078870233,104.41511233238,20456.941237579,14031.0285752212,3410.22197196798,6129.13777464054,2586.78011548958,2614.40505264629,4247.09206772926,11820.4387942908,785.985787758288,539.094630737289,132.987056770742,239.532438884906,101.738411621248,102.915680950937,167.797721287002,467.210014530338,0,0,6.68244817484339,12.1602203845071,5.26923856225402,5.34604440311874,9.13089693940411,25.4731105331178,0,0,0,0,0,0,0,0,223.255497025527,162.929494018559,138.910083466881,266.084246792304,182.263285510727,196.876786560196,105.855036399803,313.569817192703,8.57783063258632,6.26001179033157,5.32988927659259,10.206402721719,6.97784959073028,7.53734917691122,4.0564605403979,12.0165842086075,317.195496383057,229.177709754495,347.620303003696,683.821593524835,496.840827364066,526.990627640988,368.893384973132,1101.5153258351,12.1871536012918,8.8053742428541,13.3383963943589,26.2295202607868,19.0262546106594,20.1802835246267,14.1360799545291,42.209070511558,0,0,46.3484888634235,95.5053398595657,52.3566903024443,55.0358566915493,110.252892111659,310.17668312159,0,0,0,0,0,0,0,0,656.552350723707,296.552058283309,1853.39992081064,1813.30592597592
"307",2015,2268,25.5,3653.50664948728,2779.93755131824,779.996197698217,1422.58023041154,359.097304794822,372.820685257026,352.932822662613,1021.14547092425,0,0,0,0,0,0,0,0,0,0,1.30357594435936,2.37998907924445,0.688735908355265,0.712119375137654,0.6846571092386,1.97615738202872,0,0,0,0,0,0,0,0,4453.33469285606,3100.38685119017,696.864599854454,1287.08247574031,495.983338931709,511.925320016192,956.313402609536,2726.20929861818,171.104240535487,119.121820866081,26.8669116155402,49.6255339333714,19.1141296295018,19.7291208346354,36.9203641047993,105.246217077835,20460.5095565691,14021.8598637114,3389.95919145245,6082.52477203519,2581.84534839358,2584.05572082803,4276.17733942344,11927.8934625459,786.122917699397,538.742353227178,132.198766409329,237.70803704749,101.546174719715,101.71987374519,168.951129210339,471.461011691233,0,0,6.6427320493966,12.0644415268615,5.2591663378452,5.28361508492565,9.19206609052313,25.7005660963536,0,0,0,0,0,0,0,0,223.258364276583,162.807460012707,138.075083927185,263.964757057157,181.952078695168,194.554919863371,106.466086589253,316.078165228098,8.57794082594744,6.25532304768314,5.29783659411273,10.1251129010105,6.96590487194803,7.44846059436265,4.07983279995167,12.1126163193065,317.472730373081,229.182284701182,345.909561827232,678.679645322426,496.629183766274,521.138837873045,371.150727062848,1110.834579357,12.1978054255004,8.80555001786146,13.2727480722691,26.032357013382,19.0181288986425,19.9562614116433,14.2225499523123,42.5661843729877,0,0,46.1244091396037,94.7206940853861,52.3036754667707,54.384482929115,111.151953655443,313.217134011113,0,0,0,0,0,0,0,0,658.806481152947,297.436971425162,1860.35050510315,1818.30888350532
"308",2015,2268,25.5833333333333,3646.72084915678,2773.98863008027,775.516964292011,1413.75915938151,357.321947050468,368.302090242014,353.278571717834,1026.3627006691,0,0,0,0,0,0,0,0,0,0,1.29567879961589,2.36374859578096,0.685296068334806,0.703320160979662,0.685294905835252,1.98608295980776,0,0,0,0,0,0,0,0,4451.10584086337,3096.4747014017,692.482619032751,1276.6406087396,494.870723796625,505.793955010658,961.617498327361,2747.37494179134,171.018604477616,118.971509815018,26.6980166981616,49.2229398564808,19.0712655147111,19.4928466218603,37.1252762115759,106.063632911426,20464.0708493528,14012.7239343049,3370.07983085423,6036.75775843421,2576.79164085052,2554.26963541159,4305.10013692734,12034.1014107138,786.259777328318,538.391335270625,131.425234435564,235.916502054109,101.349284720271,100.546223926808,170.098290270814,475.663390672745,0,0,6.60322219242134,11.969849825156,5.24879557521755,5.2222896362599,9.25284108026408,25.9253728930227,0,0,0,0,0,0,0,0,223.251795249737,162.679345377741,137.242615268746,261.864217653872,181.621772087638,192.263119745755,107.063800850491,318.482855700272,8.57768846210911,6.25040067755243,5.26588064574355,10.0445490407893,6.95322718959055,7.36072221411471,4.10269279874915,12.2046751514507,317.753562222057,229.190397491624,344.206162664829,673.603521922938,496.392196985758,515.380925054912,373.396798207736,1119.92636130059,12.2085954844017,8.80586172251334,13.20737975811,25.8377150413066,19.0090281397498,19.7358307623979,14.3085821884285,42.9145715021487,0,0,45.9005929059062,93.9440186128631,52.2484753798201,53.7441965963001,112.050820919463,316.242125140308,0,0,0,0,0,0,0,0,661.060592823251,298.321204987774,1867.27956811859,1823.2614504552
"309",2015,2268,25.6666666666667,3640.04727849423,2768.14324758045,771.165518793546,1405.19496935914,355.55509632995,363.911747572166,353.593643820807,1031.33351355246,0,0,0,0,0,0,0,0,0,0,1.28791121830764,2.34788958519247,0.681865118198948,0.694761814202343,0.685871193143017,1.9955467893926,0,0,0,0,0,0,0,0,4448.67700120536,3092.43173768576,688.145136544714,1266.32194497392,493.709818627545,499.747734906553,966.84787114579,2768.17206675122,170.92528457383,118.816172683669,26.5308305368374,48.8250902439177,19.0265409467937,19.2598544412859,37.3273456975946,106.866850208031,20467.6273480861,14003.6219494069,3350.57683293289,5991.82103414581,2571.62500611148,2525.03612435976,4333.86219526535,12139.0889769943,786.39645241133,538.041621528964,130.666194007937,234.157232103226,101.147974469639,99.3943121162393,171.239271224221,479.818179268041,0,0,6.56399906205719,11.8765016968439,5.23813569460418,5.16204592858558,9.31321814802458,26.1475429145566,0,0,0,0,0,0,0,0,223.235880279349,162.545188513217,136.413831020479,259.783656142791,181.272959830997,190.00149155241,107.649084892902,320.795297271771,8.57707701186214,6.24524615531173,5.23406575236687,9.96475061516213,6.93983927763398,7.27413801716299,4.12507520731953,12.2931975151612,318.038128756405,229.202122598305,342.511034579305,668.59332633854,496.13023425431,509.715665390185,375.631484339988,1128.79494318829,12.2195290350965,8.80631221816128,13.1423271640685,25.6455984150822,18.9989664343888,19.5189448123194,14.3941723701739,43.2543957603023,0,0,45.6770913262157,93.175312936112,52.1911275772649,53.1147953338964,112.949483230586,319.251934614286,0,0,0,0,0,0,0,0,663.31459092237,299.204726037572,1874.18666613682,1828.1642164952
"310",2015,2268,25.75,3633.48707433985,2762.40181947953,766.938541388392,1396.88073065029,353.798058142552,359.646360168445,353.879333421591,1036.06787117931,0,0,0,0,0,0,0,0,0,0,1.28028580045632,2.33241659400759,0.67844544228447,0.686438607088507,0.686387811238058,2.00456250720075,0,0,0,0,0,0,0,0,4446.04778611076,3088.25829287956,683.850367539416,1256.12373877198,492.502106420447,493.785540853374,972.002583509937,2788.59000443152,170.824265925336,118.65582226017,26.3652851247502,48.431879989656,18.9800129508542,19.0301009813981,37.5264978268159,107.655457483851,20471.179867825,13994.5541158907,3331.44301326389,5947.69877381556,2566.35111377622,2496.34455378956,4362.46491004569,12242.8806516927,786.532974267636,537.693219950445,129.921373088134,232.429620070672,100.942463520429,98.2637204480378,172.374125557365,483.926333375556,0,0,6.52512673422172,11.7844386438549,5.22719712349199,5.1028630527987,9.37319426229488,26.3670898385422,0,0,0,0,0,0,0,0,223.21069679846,162.405023567343,135.589613835103,257.723815985358,180.906220367338,187.770040184328,108.222670500562,323.024915850344,8.57610945030825,6.23986079298971,5.20242583076818,9.88574618884674,6.92576327877549,7.18870814834834,4.14700803066363,12.3785442508789,318.326422715733,229.21742833977,340.825030560202,663.648951295968,495.843506745532,504.141671480521,377.854660326828,1137.44552398589,12.2306057986413,8.80690028755252,13.0776230870866,25.4560031391286,18.9879519024358,19.305550517095,14.4793157697295,43.5858564821108,0,0,45.4539625405315,92.4145775125289,52.1316672539741,52.496077610629,113.847923756096,322.24681720676,0,0,0,0,0,0,0,0,665.568381468097,300.08750183262,1881.07138643319,1833.01777925722
"311",2015,2268,25.8333333333333,3627.04099564494,2756.76448107623,762.83274573811,1388.80960246691,352.052028211271,355.502677886658,354.13687695844,1040.57533922489,0,0,0,0,0,0,0,0,0,0,1.27281207456158,2.31733148383231,0.675039487588925,0.678344972195518,0.686846722990351,2.01314422927655,0,0,0,0,0,0,0,0,4443.21942248887,3083.95581125502,679.597049757605,1246.04406321417,491.24932912044,487.906601033805,977.080213963225,2808.62034542134,170.71559567195,118.490514035759,26.2013324666565,48.0432353848508,18.9317485190249,18.8035562967009,37.7226776933931,108.429130055553,20474.7281031452,13985.5198915217,3312.67112235632,5904.37513303179,2560.97533523054,2468.18437330383,4390.90939873483,12345.4992933142,786.669331165898,537.346109701397,129.19049685511,230.733057665951,100.732959899041,97.1540343419759,173.502895882738,487.988745405694,0,0,6.48665560167635,11.693689803218,5.21599100051929,5.04472113000018,9.43276703466199,26.5840288804554,0,0,0,0,0,0,0,0,223.176316104877,162.258884683655,134.770632285518,255.685221283861,180.522126890354,185.568699318258,108.785148058719,325.17947588647,8.57478851682398,6.23424590243556,5.17098657509848,9.80755590378605,6.91102114513641,7.10443003658839,4.16851385560769,12.4610125436313,318.618323046538,229.236199603568,339.148929147466,658.770119847469,495.532116968675,498.657443026046,380.066191398833,1145.88398357257,12.2418211239807,8.80762150788209,13.0132974696984,25.2689187081642,18.9759885002773,19.0955904972954,14.5640072794969,43.9091790332973,0,0,45.2312698226531,91.6618129422471,52.0701280580785,51.887843570965,114.746120694645,325.227007626501,0,0,0,0,0,0,0,0,667.821871258236,300.969499826902,1887.93334437355,1837.8227419459
"312",2015,2268,25.9166666666667,3620.70950278589,2751.23114802217,758.844893242678,1380.97485872869,350.318103914361,351.477505337934,354.367460020469,1044.86511452304,0,0,0,0,0,0,0,0,0,0,1.26549706270925,2.30263394248922,0.671649686606489,0.670475462027507,0.687249965617539,2.02130633841202,0,0,0,0,0,0,0,0,4440.19432393082,3079.52654382251,675.384303536509,1236.08155717101,489.95337417693,482.110350909651,982.079748914777,2828.2566241321,170.599366547705,118.320334497853,26.0389392119404,47.6591044134554,18.8818202521806,18.5801984377546,37.9158460688925,109.187617932236,20478.2709350918,13976.5181981052,3294.25390877147,5861.83435674159,2555.50279138625,2440.54516253391,4419.19656510957,12446.96635475,786.805480117744,537.000249355707,128.473290158267,229.066939658691,100.519661962543,96.0648443201043,174.62561645802,492.006253084464,0,0,6.44862506761475,11.6042745130882,5.20452889186037,4.98760114101634,9.49193464007106,26.7983766468239,0,0,0,0,0,0,0,0,223.13281053357,162.106810529249,133.957401362244,253.668248681117,180.121265714537,183.397370952,109.336999163868,327.265396483851,8.57311699063543,6.22840296930087,5.13976778040723,9.73019424050911,6.89563534265821,7.02129991120931,4.189611101375,12.5408480384411,318.913626026579,229.258261114516,337.483433010278,653.956419708027,495.196101108652,493.261408381802,382.26593633004,1154.11665000269,12.2531671837954,8.8084691447965,12.949377343925,25.0843294227104,18.9630776436419,18.8890046318218,14.6482415345775,44.2246058971128,0,0,45.0090797665593,90.9170191629398,52.0065428952486,51.2898958661072,115.644048530853,328.192724003127,0,0,0,0,0,0,0,0,670.074967798377,301.850687665768,1894.77217937872,1842.57971006078
"313",2016,2268,26,3614.60195994428,2745.75362763344,754.570988461996,1373.72358970795,349.761122667226,351.523436503959,353.145286749235,1044.04138667771,0,0,0,0,0,0,0,0,0,0,1.2588961683213,2.28999807232585,0.67051515206278,0.67037928737339,0.684937794029462,2.01992546434203,0,0,0,0,0,0,0,0,4437.50809841587,3075.40967015221,671.020241062465,1226.69867598302,490.248609313482,481.83263476416,985.137373994803,2841.13731045929,170.496157467692,118.162157627863,25.8707751235278,47.2973796364502,18.8932138532798,18.5695211868551,38.0341721264351,109.685739075439,20484.1196630744,13969.2784238668,3275.14891762896,5822.18329214715,2558.48146893661,2440.98747079855,4437.83186532173,12515.8284348211,787.030224636288,536.722084785008,127.730626951524,227.515104601946,100.638823383657,96.0810254205556,175.369279183655,494.74195775304,0,0,6.41393887763112,11.5247029013485,5.21023588137802,4.98783926240878,9.53143100258413,26.9459692040461,0,0,0,0,0,0,0,0,223.160876707259,161.988013367983,133.224466849462,251.877651827455,180.404694696261,183.385259848401,109.303604431067,327.185383569042,8.57419536409784,6.2238385914913,5.1116277667467,9.66151307360422,6.90644442643926,7.02083302628702,4.18829812040301,12.5377456650608,319.255629560207,229.320001402949,335.960803002795,649.670888321638,496.504551998138,493.545974846277,382.729942670362,1156.1489069205,12.2663075522438,8.81084130384268,12.8909357603986,24.9199943304985,19.0131352583674,18.8999486165943,14.6659912594875,44.3025498878571,0,0,44.8095125551763,90.2487074362751,52.1153490328678,51.2822302062941,116.35756121639,330.50522856239,0,0,0,0,0,0,0,0,672.262617570088,302.705383098452,1901.39613648244,1847.16126852706
"314",2016,2268,26.0833333333333,3608.73410401586,2740.397094658,750.186063327812,1366.92763624408,349.90717556476,354.002796593108,351.03914130948,1040.12227629309,0,0,0,0,0,0,0,0,0,0,1.25253984280423,2.27854364701793,0.670746107854028,0.67496586608138,0.680951348110788,2.01268719029288,0,0,0,0,0,0,0,0,4434.91521056877,3071.40467824456,666.578530607296,1217.69932820377,491.492732051138,484.884043236353,986.854075318478,2849.41674684815,170.39653457014,118.008279434111,25.6996475302491,46.9504722895602,18.9411773062725,18.6871457606864,38.1008180640709,110.006525696677,20491.4945179704,13963.2141918682,3255.76454279114,5784.57636405169,2566.61807613471,2458.54211147723,4450.40907849978,12564.4878104757,787.313604867713,536.489086445336,126.97781401392,226.043914891144,100.960986761886,96.7709656579302,175.875001383558,496.68341329595,0,0,6.38043714405429,11.450745386328,5.22645516331549,5.02306142488075,9.55836394615853,27.051488243709,0,0,0,0,0,0,0,0,223.225019715169,161.886625962394,132.518441388831,250.209951982067,181.086346096009,184.691270382012,108.984010993958,326.067824379595,8.57665986641777,6.2199431243595,5.08451803784237,9.59754306016688,6.93249584626953,7.07082599435755,4.17602494542631,12.4949099708993,319.637104279867,229.411845750661,334.537983431053,645.74462905382,498.862000074619,497.370734108506,382.113665717898,1154.34936819018,12.2809644655959,8.81437010902919,12.8363211024916,24.7694355840565,19.1033568052035,19.046454141072,14.6423620040673,44.2337296225963,0,0,44.6241932501425,89.6303402549612,52.3313120831057,51.6376155551809,116.954272053404,332.410830983535,0,0,0,0,0,0,0,0,674.409657247712,303.543292105418,1907.90024280685,1851.65630705031
"315",2016,2268,26.1666666666667,3603.03892731993,2735.19403618594,745.944568491192,1360.35527951026,350.011142944961,356.375672041336,348.960098200617,1036.25482150968,0,0,0,0,0,0,0,0,0,0,1.24607556697569,2.26719442578933,0.670910452647673,0.679385436066867,0.676990379005168,2.00545514749306,0,0,0,0,0,0,0,0,4432.11790869131,3067.26240760083,662.191300867057,1208.80480320029,492.658655758202,487.801284085782,988.407259937739,2857.12932224335,170.289057758648,117.849126771787,25.5306057587627,46.6075941901663,18.9861269857796,18.7995973953857,38.1611578576244,110.305458882539,20498.9153297908,13957.2189303629,3236.75088378128,5747.63810032574,2574.47925008018,2475.59540380449,4462.94112293892,12612.993441264,787.598750518429,536.258738073608,126.239235611927,224.598671102199,101.272434060023,97.4413662646694,176.378994750969,498.619009483104,0,0,6.34627473694746,11.3769547400985,5.24211055799208,5.05726304796476,9.58491044175264,27.1557369914435,0,0,0,0,0,0,0,0,223.273404637841,161.777614055494,131.791786805573,248.534078813435,181.719982093132,185.954534436691,108.745911627163,325.265034102374,8.57851891770506,6.21575471170407,5.05661579211084,9.53325785671147,6.95670594349568,7.11917790094623,4.16686983929956,12.4641194759837,320.027976554831,229.508596111115,333.125433301484,641.873206299533,501.207191513607,501.172481173522,381.519834727926,1152.58593645328,12.2959824472851,8.81808741109744,12.7820987451483,24.6209769789759,19.1931023987361,19.1920708382652,14.6195882936813,44.1662811600223,0,0,44.4389385324519,89.0180334598004,52.5438829311624,51.9861147110941,117.550299189629,334.315381431269,0,0,0,0,0,0,0,0,676.557237620059,304.380656724361,1914.41001927286,1856.15512361763
"316",2016,2268,26.25,3597.50537466554,2730.13543442902,741.840431245755,1353.99671387514,350.074724158673,358.645733938546,346.907200398596,1032.43662473146,0,0,0,0,0,0,0,0,0,0,1.23955983476186,2.25599233442574,0.671006858683158,0.683637464328566,0.673057836597736,1.99824196603452,0,0,0,0,0,0,0,0,4429.16300545006,3063.0164296119,657.86691005194,1200.03162417425,493.759350507823,490.600402152519,989.817075272257,2864.33691520951,170.175525650729,117.685989507415,25.3639722649794,46.2693813195796,19.028561377141,18.9074931718631,38.2159652466237,110.58491438133,20506.3493558816,13951.2696949313,3218.09638903469,5711.34799188585,2582.0680898486,2492.15494294132,4475.41728764802,12661.3116728002,787.884403570259,536.030158108289,125.514449582842,223.17858111228,101.573280540048,98.0925177119656,176.880840251115,500.547432226479,0,0,6.31168121275286,11.3035126639086,5.25719794284796,5.09045015865327,9.61107217917124,27.2587160991991,0,0,0,0,0,0,0,0,223.306763683365,161.66118582005,131.050171582249,246.855336910368,182.309568214689,187.174588208416,108.573415031561,324.718189376201,8.57980065055796,6.21128135185574,5.02813869189571,9.46886112566992,6.97922653708009,7.165870843408,4.16022409111719,12.4431209176305,320.423842554255,229.607446421477,331.716609670004,638.045994615324,503.529670732993,504.942475230341,380.955716360845,1150.89273709751,12.3111922951563,8.82188539662397,12.7280176078524,24.4742109232665,19.2819716047056,19.3364637845036,14.5979480570669,44.1015101496981,0,0,44.2536006027468,88.4115416283611,52.7529824958752,52.3277128847278,118.145446954005,336.218312477789,0,0,0,0,0,0,0,0,678.70521050526,305.217437972549,1920.92405128057,1860.65709498366
"317",2016,2268,26.3333333333333,3592.12421746675,2725.21368356984,737.8681193012,1347.84306224235,350.099675734822,360.81663358425,344.879667036688,1028.66578748686,0,0,0,0,0,0,0,0,0,0,1.2330381915054,2.24496982805889,0.671035170069131,0.687722764466378,0.669156125765338,1.99105800651448,0,0,0,0,0,0,0,0,4426.08725245663,3058.69314192817,653.610782951798,1191.39084338161,494.804498637636,493.29405593857,991.100802303362,2871.09355688605,170.057350302072,117.519881880937,25.1999567535488,45.9362594968027,19.0688527588745,19.0113201546123,38.2659040662232,110.84696717537,20513.7711030273,13945.3486049865,3199.79092480753,5675.68812795062,2589.38860274224,2508.22916196604,4487.82881906274,12709.4145626187,788.169584539273,535.802659548422,124.803068632363,221.782953618386,101.863677068307,98.7247433210367,177.380195198844,502.467590048196,0,0,6.27684588552238,11.2305682940042,5.27171980841734,5.12263490217046,9.63685357442009,27.3604345408396,0,0,0,0,0,0,0,0,223.325917597672,161.53764258338,130.298451582305,245.178492586541,182.859033303916,188.351868821175,108.453512701477,324.378669042549,8.58053659934148,6.20653462229194,4.9992732154379,9.40453589737505,7.00020815189996,7.21092158282545,4.15558944971838,12.4300519322387,320.821168407579,229.706178117574,330.306868253269,634.255127231059,505.821038170037,508.673269827138,380.426557384281,1149.29555276414,12.3264582323067,8.82567882482367,12.6738994893292,24.3288356735016,19.3696427258429,19.4793476219665,14.5776418862426,44.0404027787565,0,0,44.0680813458092,87.8106775274421,52.9585447680448,52.6624075067856,118.73955007849,338.119141992317,0,0,0,0,0,0,0,0,680.85343527875,306.053598235096,1927.44110168866,1865.16163981073
"318",2016,2268,26.4166666666667,3586.88771832968,2720.42233244759,734.022558609161,1341.88623125577,350.087785019379,362.891982259418,342.876858787113,1024.94081236994,0,0,0,0,0,0,0,0,0,0,1.22654701334524,2.23415153168585,0.670996153049972,0.691643232479112,0.665287197309552,1.983911740429,0,0,0,0,0,0,0,0,4422.91925085496,3054.31313253141,649.426083353879,1182.88926505834,495.801174373752,495.89214603778,992.273288990806,2877.4465336977,169.935630614365,117.351594915537,25.0386819918502,45.6084913161526,19.1072732757862,19.1114594987707,38.3115448618188,111.09343373893,20521.1609478112,13939.4418790378,3181.82548641093,5640.64266826694,2596.44547667178,2523.82711669793,4500.16860661378,12757.2790135908,788.453539467974,535.575712886895,124.104749143051,220.41117765496,102.14380126817,99.3383909023948,177.87678097718,504.378580226856,0,0,6.24192378552373,11.1582427016491,5.28568342516521,5.15383384624464,9.66226109550086,27.4609077919013,0,0,0,0,0,0,0,0,223.331737663966,161.407349489075,129.540737715545,243.507739382829,183.37213052936,189.487423407488,108.375614027101,324.20648393991,8.58076024014445,6.20152855241338,4.97017725099421,9.34044323751706,7.01979466149313,7.25437035950658,4.15256030855287,12.4233808894921,321.217144993921,229.803058231929,328.893107289234,630.494993734164,508.074670838006,512.358610108494,379.935943434739,1147.81321776631,12.3416723278647,8.82940111231349,12.6196253999313,24.1846360666574,19.4558621144444,19.6204826448626,14.5588067801151,43.9836791902392,0,0,43.882323307518,87.2153013400492,53.1605154603845,52.9902069222177,119.332468716568,340.017459231954,0,0,0,0,0,0,0,0,683.001779465003,306.889101623481,1933.96009634837,1869.66822274731
"319",2016,2268,26.5,3581.78932794743,2715.7558520572,730.299058508778,1336.11877952369,350.04084732149,364.875334026664,340.898246989673,1021.26051524402,0,0,0,0,0,0,0,0,0,0,1.22011515625029,2.22355574656833,0.670891271557281,0.695401606175776,0.661452631323894,1.97681009960649,0,0,0,0,0,0,0,0,4419.68117906231,3049.89241163045,645.314304731964,1174.53052197802,496.754455411072,498.402392299567,993.347353346358,2883.43742285452,169.811218717867,117.181743749041,24.8802064895922,45.2862174712251,19.1440184037145,19.208208593384,38.353380340203,111.325911718816,20528.5038884396,13933.538963004,3164.19194320274,5606.19737655163,2603.24387822422,2538.95829251946,4512.43089116239,12804.885963368,788.7356919685,535.348912618853,123.419181290408,219.06270448554,102.413849665526,99.9338252447544,178.370371651266,506.279657143595,0,0,6.2070412740162,11.0866331967671,5.29909926260627,5.18406651284081,9.68730266449336,27.5601561856831,0,0,0,0,0,0,0,0,223.325113538674,161.270710172595,128.780469615643,241.846686787838,183.852332476295,190.582662351287,108.331114782859,324.168807958666,8.5805057549853,6.19627865053984,4.94098292214234,9.27672180683847,7.03811924102484,7.29627140520986,4.15080717007499,12.4218506067739,321.609554024535,229.896746000392,327.473442982827,626.761781508302,510.285450971411,515.993316985794,379.486129781772,1146.45891489809,12.3567493516659,8.83300074478961,12.5651231056316,24.0414659291824,19.5404337911354,19.7596703800536,14.5415288147976,43.9318431598695,0,0,43.6963014233741,86.6253108658988,53.3588506468991,53.3111290592644,119.924083826585,341.912911940961,0,0,0,0,0,0,0,0,685.150119059155,307.723914235454,1940.48010816771,1874.17635636862
"320",2016,2268,26.5833333333333,3576.82341636558,2711.2094294168,726.693245085234,1330.53380036288,349.960646096193,366.770170963405,338.943386464244,1017.62394779063,0,0,0,0,0,0,0,0,0,0,1.21376546536943,2.21319581486487,0.670722486512951,0.69900124671087,0.657653711776543,1.96975879093597,0,0,0,0,0,0,0,0,4416.39032379289,3045.44350256569,641.275782178826,1166.31601104273,497.667963879467,500.830853666605,994.334147037662,2889.10302849512,169.684778795781,117.010809548214,24.7245441577312,44.969492672275,19.1792277070264,19.3018010075965,38.3918393067622,111.545815803503,20535.7884385766,13927.6317580739,3146.88281804012,5572.33921600862,2609.78927636187,2553.6324330411,4524.61100150616,12852.2196478424,789.015600722121,535.12194757484,122.746080492243,217.737031899733,102.674030827735,100.511421450661,178.860783681734,508.170203531207,0,0,6.17230129220469,11.0158174293011,5.31197966561852,5.21335413565938,9.71198713245972,27.6582034384092,0,0,0,0,0,0,0,0,223.306926556556,161.128145297054,128.020497255845,240.198375759832,184.302763387759,191.639158241622,108.313001267162,324.238619272068,8.57980700615145,6.19080107922093,4.91179971796614,9.21348845025878,7.055301747962,7.33668521118422,4.15006147644966,12.4244262853857,321.996646928195,229.986208849726,326.04691200148,623.053053069189,512.449501012979,519.573160103927,379.078345766744,1145.24137946619,12.3716221208377,8.83643804913599,12.5103557096331,23.8992318618915,19.6232093027022,19.8967487336967,14.525854805001,43.8852282175511,0,0,43.5100154702343,86.040632639874,53.553515450604,53.6252001400998,120.514293035415,343.805194808829,0,0,0,0,0,0,0,0,687.298338634355,308.558004332587,1947.00033913811,1878.68560072723
"321",2016,2268,26.6666666666667,3571.98511441429,2706.77884582547,723.201020887684,1325.12485117122,349.848942205806,368.579895797724,337.01189963849,1014.0303522951,0,0,0,0,0,0,0,0,0,0,1.20751574044216,2.20308097012125,0.670492134627183,0.702446001313406,0.65389147157402,1.96276248967829,0,0,0,0,0,0,0,0,4413.05997784682,3040.97608132057,637.309978301414,1158.24542053273,498.544180933351,503.182242558635,995.243378036724,2894.47595617986,169.556821578746,116.839164079814,24.5716752924003,44.6583058945635,19.2129969129579,19.3924185569989,38.4272951983351,111.754399729068,20543.005979029,13921.7141680071,3129.89116460916,5539.05612265999,2616.08734411654,2567.85944136065,4536.7051925046,12899.2671433162,789.292934569997,534.894583527395,122.085182649478,216.433695407221,102.924561532235,101.071561091682,179.347869610719,510.049712623135,0,0,6.13778689141496,10.9458562669789,5.32433820073516,5.24171902506915,9.73632397937384,27.7550757591401,0,0,0,0,0,0,0,0,223.278037003201,160.980081534318,127.263155734702,238.565329464908,184.72620104648,192.658556874002,108.315595807878,324.393809755175,8.57869704718831,6.18511223187198,4.88271736184916,9.15084014011578,7.07144878250763,7.37567510226196,4.15010585763506,12.4302613867014,322.377070018763,230.07067113475,324.613278716947,619.367467570242,514.563988152643,523.094745590584,378.712992375547,1144.16569662687,12.3862386246189,8.83968322382375,12.4553142534969,23.7578825540678,19.7040802365673,20.0315876945451,14.5117998711786,43.8440281881058,0,0,43.3234852700198,85.4612163601372,53.7444831146389,53.9324537728353,121.103008169,345.694042615533,0,0,0,0,0,0,0,0,689.446331117449,309.391342359015,1953.52010335656,1883.19555952214
"322",2016,2268,26.75,3567.27016376075,2702.46036182064,719.818526975234,1319.88588682845,349.707463877651,370.307824910021,335.103461698677,1010.47911913244,0,0,0,0,0,0,0,0,0,0,1.20137964686904,2.19321714007555,0.670202815800578,0.705740075061277,0.650166735667229,1.95582502313005,0,0,0,0,0,0,0,0,4409.70029223604,3036.49758262595,633.415748227141,1150.31721920496,499.384742523276,505.460223536807,996.083526014183,2899.58517449999,169.427737084874,116.667092998089,24.4215567567746,44.3525991620812,19.2453892639709,19.4802027672552,38.4600743382663,111.952777792435,20550.1501421184,13915.7816699381,3113.21045301367,5506.33679400378,2622.14386602119,2581.64928646061,4548.71048931783,12946.017923524,789.567448859815,534.666646700642,121.43623970731,215.152260027304,103.165663157227,101.614628561971,179.83151198613,511.917770882153,0,0,6.10356455338767,10.8767964947338,5.3361890425728,5.26918397585902,9.76032303419849,27.8508010134386,0,0,0,0,0,0,0,0,223.239272436036,160.82694134043,126.510333664243,236.949598030216,185.12507629222,193.642493243855,108.334316898408,324.616344376475,8.57720767417337,6.17922833992968,4.85380843503922,9.08885569028813,7.08665365828278,7.4133040034711,4.15076494005895,12.4386654229229,322.749792985753,230.1495652791,323.172858440717,615.704526363882,516.626942942364,526.555409159092,378.389826091968,1143.23404557386,12.4005592768538,8.8427144616606,12.4000109319562,23.6173990203202,19.782971274331,20.1640852416496,14.4993544809845,43.8083256954535,0,0,43.1367461991081,84.8870296936915,53.9317340938213,54.232930049276,121.690152859258,347.579223572031,0,0,0,0,0,0,0,0,691.593997539835,310.223900947916,1960.03881166351,1887.70587672134
"323",2016,2268,26.8333333333333,3562.67478146873,2698.25061325811,716.542108367046,1314.81119913217,349.537897967448,371.957182441714,333.217787262233,1006.96974854817,0,0,0,0,0,0,0,0,0,0,1.19536754930467,2.18360767746563,0.669857292553368,0.708887914922247,0.646480160448371,1.94894953816221,0,0,0,0,0,0,0,0,4406.31904532084,3032.01374672842,629.591572733929,1142.52908796738,500.190703183366,507.667683299215,996.86204139905,2904.45653810931,169.297824171206,116.494816852494,24.274130939555,44.0522841276816,19.2764456432303,19.5652652383336,38.4904635653602,112.141944886362,20557.216256116,13909.8309272408,3096.83446858431,5474.17050180086,2627.96465632696,2595.01191977873,4560.62454417673,12992.4634498407,789.83896410016,534.43800889592,120.799015728729,213.892313014655,103.39755849068,102.141007826137,180.311617775858,513.774042027776,0,0,6.0696872495188,10.8086733157204,5.34754644631333,5.29577175655825,9.78399422780461,27.9454079724532,0,0,0,0,0,0,0,0,223.191418007944,160.669134205021,125.763538029265,235.352804161395,185.501478497362,194.592521211387,108.365459766376,324.891488550589,8.57536905393446,6.17316513664048,4.825130865023,9.02759750405406,7.10099660287635,7.44963173241282,4.15189693827873,12.4490743518472,323.11404331695,230.222487151208,321.726358610908,612.06434397079,518.637091636955,529.953113338154,378.108125590687,1142.44637857951,12.4145543964052,8.84551623526494,12.3444729965608,23.4777858119629,19.8598337702621,20.2941634087836,14.4884908331798,43.7781181705644,0,0,42.949845108219,84.3180535748852,54.1152551911621,54.526674682681,122.275660352563,349.460533220424,0,0,0,0,0,0,0,0,693.741246730792,311.055654902613,1966.55595714425,1892.21623305841
"324",2016,2268,26.9166666666667,3558.19557698174,2694.14654747309,713.368291711248,1309.89537794783,349.34188567796,373.531098279675,331.35462233371,1003.50182764722,0,0,0,0,0,0,0,0,0,0,1.18948708463189,2.17425384449334,0.669458427586794,0.711894132611907,0.642832259111973,1.9421386107186,0,0,0,0,0,0,0,0,4402.92210765572,3027.52894994543,625.835685015325,1134.8781599714,500.96268953438,509.806898716872,997.585476611622,2909.11313606454,169.167308393834,116.322503788142,24.1293306313557,43.7572513018559,19.3061904698108,19.6476940981195,38.5187152623477,112.322789838039,20564.2010100798,13903.859555634,3080.75725654365,5442.54698805913,2633.55551532793,2607.95722797372,4572.4455424307,13038.5968971302,790.107353083055,534.208578505193,120.173284744548,212.653459812026,103.620470019643,102.651080572957,180.788114708881,515.618256369688,0,0,6.03619667531409,10.7415122639643,5.35842454153357,5.32150489110445,9.80734745470807,28.0389258461222,0,0,0,0,0,0,0,0,223.135213559735,160.507052944962,125.023955673566,233.776205379293,185.857194656157,195.510097302237,108.406044813543,325.207260368058,8.57320961233739,6.16693771465666,4.79673028479177,8.9671139609867,7.11454625183195,7.48471437214154,4.15338784759872,12.4610295884765,323.469263007438,230.289167166216,320.274769699479,608.447486800326,520.593722663677,533.286353239966,377.866806906862,1141.80090410535,12.4282025438467,8.84807818675491,12.2887385673121,23.3390648268547,19.9346406334896,20.4217646713678,14.4791672675329,43.7533363530675,0,0,42.762837558369,83.754279069801,54.2950388868799,54.8137383440369,122.859472140251,351.337790652594,0,0,0,0,0,0,0,0,695.887994846939,311.886581099942,1973.07110110741,1896.72634091429
"325",2017,2268,27,3553.9889531414,2690.24289544349,710.424405991849,1306.44612808809,349.295729290501,375.460747033698,328.98488476905,998.190985506583,0,0,0,0,0,0,0,0,0,0,1.18432729761924,2.16760379247872,0.669344510390222,0.715579722998113,0.638296248925194,1.9321557137706,0,0,0,0,0,0,0,0,4399.63519528836,3023.17984269777,622.332667447521,1128.5058640469,501.952092119149,512.463875344701,997.694916799072,2911.72937767455,169.04101996435,116.155404132728,23.9942898633671,43.5115293313447,19.344312205015,19.7500741130109,38.5232844732841,112.424933098548,20571.717726106,13898.467564281,3065.83563246831,5416.94380945199,2640.24425483879,2623.48721496515,4581.32016771388,13075.404616092,790.39618057011,534.001408842545,119.592869195628,211.650145693638,103.886639161931,103.263002238192,181.149249388079,517.097383674096,0,0,6.00609907055729,10.687404619168,5.37152864728862,5.35251152634902,9.82469767043127,28.1133883810438,0,0,0,0,0,0,0,0,223.079042934585,160.352741884391,124.346125892074,232.484963522078,186.287841585995,196.633448040719,108.301047811582,325.091218269832,8.57105146998197,6.16100883617711,4.77069875585144,8.9175756337269,7.13096295499587,7.52767219852734,4.1492981781414,12.4564260134915,323.823965001361,230.359864962304,318.970148419062,605.531005998149,522.758667780922,537.167339579545,377.243650475451,1140.012471346,12.4418308000144,8.85079450784093,12.2386415999648,23.2272062091591,20.0174180697974,20.5703332130172,14.4552037331532,43.6847222606195,0,0,42.5971111812079,83.2900524247978,54.4983942655189,55.1571034926473,123.392960424154,353.055780526635,0,0,0,0,0,0,0,0,698.033686806866,312.711275177192,1979.58282495861,1901.20737871578
